ObjID,FORMAT,q,e,inc,node,argPeri,t_p_MJD_TDB,epochMJD_TDB
A_M_1.9999999999999998_1.0_0,COM,0.110881,1.000591,0.817,4.168,2.49,63440.193392877234,60980.00158187724
A_M_1.9999999999999998_1.0_1,COM,0.17658,1.00108,1.81,5.253,3.55,60944.445050877235,60980.00158187724
A_M_1.9999999999999998_1.0_2,COM,0.963339,1.016539,2.394,0.075,3.671,61776.40125587724,60980.00158187724
A_M_1.9999999999999998_1.0_3,COM,1.092644,1.01895,2.71,4.832,2.964,63808.25798687724,60980.00158187724
A_M_1.9999999999999998_1.0_4,COM,0.00421,1.000084,0.846,2.707,3.272,63071.04096487724,60980.00158187724
A_M_1.9999999999999998_1.0_5,COM,1.45611,1.044129,2.361,1.667,2.17,61281.762640877234,60980.00158187724
A_M_1.9999999999999998_1.0_6,COM,1.28176,1.043184,0.381,1.184,4.424,64107.54573887724,60980.00158187724
A_M_1.9999999999999998_1.0_7,COM,0.51747,1.026579,1.224,4.886,4.201,62171.03285787724,60980.00158187724
A_M_1.9999999999999998_1.0_8,COM,1.252903,1.063375,1.992,0.055,4.738,62164.36816287724,60980.00158187724
A_M_1.9999999999999998_1.0_9,COM,0.223806,1.009406,2.317,3.81,4.266,60923.23924687724,60980.00158187724
A_M_1.9999999999999998_1.0_10,COM,1.305953,1.070155,1.668,1.744,5.561,62890.50029987724,60980.00158187724
A_M_1.9999999999999998_1.0_11,COM,0.476296,1.022814,2.509,5.865,2.235,62406.403007877234,60980.00158187724
A_M_1.9999999999999998_1.0_12,COM,1.416536,1.081474,2.412,4.74,4.619,61643.16779187724,60980.00158187724
A_M_1.9999999999999998_1.0_13,COM,0.563498,1.03281,2.478,3.07,5.863,63829.99339987724,60980.00158187724
A_M_1.9999999999999998_1.0_14,COM,1.285482,1.074072,1.968,2.667,6.067,61464.175789877234,60980.00158187724
A_M_1.9999999999999998_1.0_15,COM,0.682093,1.047044,0.593,2.548,5.113,64591.17358487724,60980.00158187724
A_M_1.9999999999999998_1.0_16,COM,1.646564,1.113693,1.301,1.311,1.39,63031.64610087724,60980.00158187724
A_M_1.9999999999999998_1.0_17,COM,0.949515,1.06247,2.867,3.466,6.12,63763.63628187724,60980.00158187724
A_M_1.9999999999999998_1.0_18,COM,1.81616,1.134015,1.75,0.69,4.391,62180.640053877236,60980.00158187724
A_M_1.9999999999999998_1.0_19,COM,0.402392,1.036381,1.625,4.841,4.076,61369.60601487724,60980.00158187724
A_M_1.9999999999999998_1.0_20,COM,0.812133,1.062573,0.726,5.968,0.127,62231.599969877236,60980.00158187724
A_M_1.9999999999999998_1.0_21,COM,0.32107,1.02846,0.946,3.19,4.551,62615.78849587724,60980.00158187724
A_M_1.9999999999999998_1.0_22,COM,0.914036,1.079555,1.454,4.967,3.708,63393.62586087724,60980.00158187724
A_M_1.9999999999999998_1.0_23,COM,1.295207,1.099523,2.478,2.925,2.346,63002.72845787724,60980.00158187724
A_M_1.9999999999999998_1.0_24,COM,0.086399,1.009787,0.651,1.127,0.451,61434.95902787724,60980.00158187724
A_M_1.9999999999999998_1.0_25,COM,0.350471,1.033858,0.641,0.373,1.109,61723.03674587724,60980.00158187724
A_M_1.9999999999999998_1.0_26,COM,1.529155,1.143382,1.089,5.41,2.403,61671.62942687724,60980.00158187724
A_M_1.9999999999999998_1.0_27,COM,1.287028,1.140448,1.9,1.255,3.333,63316.87499287724,60980.00158187724
A_M_1.9999999999999998_1.0_28,COM,0.537369,1.057984,2.253,3.879,4.741,62444.55222387724,60980.00158187724
A_M_1.9999999999999998_1.0_29,COM,0.958922,1.091709,1.634,2.214,1.147,62059.043290877235,60980.00158187724
A_M_1.9999999999999998_1.0_30,COM,1.339923,1.153344,0.986,4.434,3.727,63293.123071877235,60980.00158187724
A_M_1.9999999999999998_1.0_31,COM,0.154534,1.014936,1.013,4.363,3.524,61503.278314877236,60980.00158187724
A_M_1.9999999999999998_1.0_32,COM,1.432158,1.194479,0.143,4.599,3.056,62797.308141877234,60980.00158187724
A_M_1.9999999999999998_1.0_33,COM,1.335889,1.161581,1.355,4.898,3.378,62924.18803087724,60980.00158187724
A_M_1.9999999999999998_1.0_34,COM,0.756138,1.097801,1.382,2.605,4.234,61680.23171187724,60980.00158187724
A_M_1.9999999999999998_1.0_35,COM,0.054901,1.007263,2.177,0.788,2.965,63496.271243877236,60980.00158187724
A_M_1.9999999999999998_1.0_36,COM,0.821231,1.110411,0.683,3.737,2.626,63446.242355877235,60980.00158187724
A_M_1.9999999999999998_1.0_37,COM,0.214308,1.028693,0.946,2.181,2.883,64537.71254987724,60980.00158187724
A_M_1.9999999999999998_1.0_38,COM,0.100547,1.01221,1.054,0.103,3.887,62897.880528877235,60980.00158187724
A_M_1.9999999999999998_1.0_39,COM,1.557604,1.255607,0.861,4.981,3.307,61845.078711877235,60980.00158187724
A_M_1.9999999999999998_1.0_40,COM,1.452794,1.213624,0.884,2.065,3.966,61646.378465877235,60980.00158187724
A_M_1.9999999999999998_1.0_41,COM,1.452794,1.213624,0.884,2.065,3.966,61646.378465877235,60980.00158187724
A_M_1.9999999999999998_1.0_42,COM,0.203139,1.030962,1.871,4.113,3.755,61547.40858887724,60980.00158187724
A_M_1.9999999999999998_1.0_43,COM,1.302345,1.242402,2.531,3.911,3.048,61740.687482877234,60980.00158187724
A_M_1.9999999999999998_1.0_44,COM,0.692281,1.120906,1.561,0.786,4.98,64527.36164687724,60980.00158187724
A_M_1.9999999999999998_1.0_45,COM,1.409997,1.241384,0.483,0.529,5.66,64722.91934987724,60980.00158187724
A_M_1.9999999999999998_1.0_46,COM,1.364747,1.22902,2.673,2.437,3.477,64023.27601987724,60980.00158187724
A_M_1.9999999999999998_1.0_47,COM,0.025365,1.004444,1.057,5.02,0.99,64165.811730877234,60980.00158187724
A_M_1.9999999999999998_1.0_48,COM,1.08028,1.197995,0.801,3.998,2.106,63076.196642877236,60980.00158187724
A_M_1.9999999999999998_1.0_49,COM,0.203322,1.037078,2.986,1.613,1.958,62538.049912877235,60980.00158187724
A_M_1.9999999999999998_1.0_50,COM,0.974119,1.166379,1.162,0.899,1.407,64581.25543287724,60980.00158187724
A_M_1.9999999999999998_1.0_51,COM,2.29732,1.511963,1.074,1.225,3.396,61536.773215877234,60980.00158187724
A_M_1.9999999999999998_1.0_52,COM,1.152848,1.228838,1.298,4.088,0.529,63597.598292877236,60980.00158187724
A_M_1.9999999999999998_1.0_53,COM,1.268067,1.268245,2.065,5.964,0.128,61718.089138877236,60980.00158187724
A_M_1.9999999999999998_1.0_54,COM,0.154843,1.032614,1.062,1.082,3.805,63592.35734887724,60980.00158187724
A_M_1.9999999999999998_1.0_55,COM,1.522705,1.323108,1.319,2.291,0.959,64327.94344987724,60980.00158187724
A_M_1.9999999999999998_1.0_56,COM,0.775398,1.16533,1.293,3.44,0.785,63510.93585987724,60980.00158187724
A_M_1.9999999999999998_1.0_57,COM,0.803401,1.165486,2.686,0.749,4.554,64356.53909087724,60980.00158187724
A_M_1.9999999999999998_1.0_58,COM,0.997918,1.205626,2.182,3.193,3.403,61293.42744387724,60980.00158187724
A_M_1.9999999999999998_1.0_59,COM,1.318971,1.264201,1.15,1.715,5.2,63937.45952287724,60980.00158187724
A_M_1.9999999999999998_1.0_60,COM,0.243724,1.062243,1.9,1.521,4.551,61463.17527187724,60980.00158187724
A_M_1.9999999999999998_1.0_61,COM,1.412836,1.325927,1.094,6.012,2.95,63705.95460087724,60980.00158187724
A_M_1.9999999999999998_1.0_62,COM,1.372395,1.332647,2.366,0.921,5.915,63898.74767387724,60980.00158187724
A_M_1.9999999999999998_1.0_63,COM,0.62613,1.155389,0.506,1.836,3.008,64058.40899387724,60980.00158187724
A_M_1.9999999999999998_1.0_64,COM,1.392856,1.311965,0.045,4.639,2.25,64552.461381877234,60980.00158187724
A_M_1.9999999999999998_1.0_65,COM,1.145965,1.258648,2.03,2.054,4.812,61710.76901487724,60980.00158187724
A_M_1.9999999999999998_1.0_66,COM,0.311791,1.069887,0.515,3.957,3.547,61996.56378387724,60980.00158187724
A_M_1.9999999999999998_1.0_67,COM,1.633832,1.440165,0.407,1.985,2.71,64007.94381587724,60980.00158187724
A_M_1.9999999999999998_1.0_68,COM,1.162821,1.31939,0.973,1.711,6.083,64610.61841987724,60980.00158187724
A_M_1.9999999999999998_1.0_69,COM,0.30216,1.079406,1.576,5.199,4.078,64394.20595187724,60980.00158187724
A_M_1.9999999999999998_1.0_70,COM,0.256313,1.070488,0.379,0.139,0.317,63562.891036877234,60980.00158187724
A_M_1.9999999999999998_1.0_71,COM,0.505597,1.132553,2.347,5.096,3.029,63287.21358287724,60980.00158187724
A_M_1.9999999999999998_1.0_72,COM,0.958407,1.261063,1.61,4.291,2.873,62943.050944877235,60980.00158187724
A_M_1.9999999999999998_1.0_73,COM,0.286973,1.077089,2.372,4.381,4.732,61120.63945887724,60980.00158187724
A_M_1.9999999999999998_1.0_74,COM,0.547504,1.164903,0.781,4.952,2.366,63741.418699877235,60980.00158187724
A_M_1.9999999999999998_1.0_75,COM,1.06378,1.331469,1.525,5.015,4.699,63956.53604187724,60980.00158187724
A_M_1.9999999999999998_1.0_76,COM,1.221799,1.371396,1.174,0.751,6.21,62798.682239877235,60980.00158187724
A_M_1.9999999999999998_1.0_77,COM,1.111546,1.365199,2.389,2.116,1.929,61480.44507887724,60980.00158187724
A_M_1.9999999999999998_1.0_78,COM,0.675476,1.207036,1.83,3.147,2.498,64212.909392877234,60980.00158187724
A_M_1.9999999999999998_1.0_79,COM,1.136296,1.346599,1.558,0.408,0.119,61678.67040287724,60980.00158187724
A_M_1.9999999999999998_1.0_80,COM,0.653765,1.210804,1.001,5.108,4.769,61830.65396387724,60980.00158187724
A_M_1.9999999999999998_1.0_81,COM,0.172403,1.050825,0.836,2.095,5.224,62945.20510487724,60980.00158187724
A_M_1.9999999999999998_1.0_82,COM,0.693972,1.249962,2.006,2.303,3.861,63166.33370487724,60980.00158187724
A_M_1.9999999999999998_1.0_83,COM,1.49048,1.522524,2.095,5.987,4.868,61278.53287987724,60980.00158187724
A_M_1.9999999999999998_1.0_84,COM,0.224525,1.076632,1.576,5.245,4.469,61580.902965877234,60980.00158187724
A_M_1.9999999999999998_1.0_85,COM,0.585111,1.20804,0.943,2.122,2.815,64165.78369687724,60980.00158187724
A_M_1.9999999999999998_1.0_86,COM,1.189793,1.416212,2.328,5.935,4.58,62904.66400887724,60980.00158187724
A_M_1.9999999999999998_1.0_87,COM,0.818706,1.276781,1.508,0.424,0.279,64320.24408887724,60980.00158187724
A_M_1.9999999999999998_1.0_88,COM,1.331937,1.445966,1.395,1.256,5.388,61080.94233187724,60980.00158187724
A_M_1.9999999999999998_1.0_89,COM,1.012127,1.349949,1.347,1.921,3.595,60994.495513877235,60980.00158187724
A_M_1.9999999999999998_1.0_90,COM,1.455199,1.490905,2.013,1.948,3.726,63971.25404187724,60980.00158187724
A_M_1.9999999999999998_1.0_91,COM,1.455011,1.484186,1.556,1.388,5.457,61117.47134187724,60980.00158187724
A_M_1.9999999999999998_1.0_92,COM,1.060831,1.373096,1.214,5.762,3.455,61881.271047877235,60980.00158187724
A_M_1.9999999999999998_1.0_93,COM,0.637052,1.234428,0.409,3.472,1.923,61449.70513587724,60980.00158187724
A_M_1.9999999999999998_1.0_94,COM,0.957749,1.328451,2.962,2.146,5.005,62637.95657587724,60980.00158187724
A_M_1.9999999999999998_1.0_95,COM,1.33278,1.523487,2.065,2.53,2.446,62927.23791587724,60980.00158187724
A_M_1.9999999999999998_1.0_96,COM,1.214119,1.481584,1.591,0.039,4.666,61230.84203287724,60980.00158187724
A_M_1.9999999999999998_1.0_97,COM,1.661326,1.659912,2.384,3.779,4.851,63944.88920187724,60980.00158187724
A_M_1.9999999999999998_1.0_98,COM,0.415972,1.165861,1.825,3.357,4.406,62776.708718877235,60980.00158187724
A_M_1.9999999999999998_1.0_99,COM,0.9875,1.374879,1.463,5.62,2.296,60972.589262877234,60980.00158187724
A_M_1.9999999999999998_1.0_100,COM,0.052956,1.020028,0.824,4.562,2.644,63095.78660387724,60980.00158187724
A_M_1.9999999999999998_1.0_101,COM,0.763046,1.298901,2.778,1.986,4.044,63212.845221877236,60980.00158187724
A_M_1.9999999999999998_1.0_102,COM,1.658602,1.656613,1.736,5.327,3.98,64476.10398087724,60980.00158187724
A_M_1.9999999999999998_1.0_103,COM,1.226011,1.515025,1.374,3.231,2.028,64363.09419287724,60980.00158187724
A_M_1.9999999999999998_1.0_104,COM,1.370422,1.620745,2.297,1.753,2.193,63455.61563187724,60980.00158187724
A_M_1.9999999999999998_1.0_105,COM,1.093667,1.49182,0.77,3.631,3.078,61275.50777087724,60980.00158187724
A_M_1.9999999999999998_1.0_106,COM,1.38288,1.628383,0.944,1.389,4.993,62301.64704487724,60980.00158187724
A_M_1.9999999999999998_1.0_107,COM,1.425318,1.59337,1.313,2.188,2.802,61955.17288787724,60980.00158187724
A_M_1.9999999999999998_1.0_108,COM,1.126392,1.557689,2.072,0.383,5.797,61673.74924287724,60980.00158187724
A_M_1.9999999999999998_1.0_109,COM,0.975467,1.47452,2.287,1.849,5.458,62683.831052877234,60980.00158187724
A_M_1.9999999999999998_1.0_110,COM,1.854345,1.866332,1.627,2.31,4.079,63279.00304487724,60980.00158187724
A_M_1.9999999999999998_1.0_111,COM,2.567395,2.249168,2.876,3.582,2.48,64698.78766887724,60980.00158187724
A_M_1.9999999999999998_1.0_112,COM,0.530686,1.262426,1.596,0.635,4.535,63104.58807087724,60980.00158187724
A_M_1.9999999999999998_1.0_113,COM,1.451476,1.706601,0.224,0.458,4.934,61943.19899287724,60980.00158187724
A_M_1.9999999999999998_1.0_114,COM,1.030496,1.482643,1.542,4.387,2.396,62596.568934877236,60980.00158187724
A_M_1.9999999999999998_1.0_115,COM,0.55168,1.25291,1.452,5.509,4.721,63149.844702877235,60980.00158187724
A_M_1.9999999999999998_1.0_116,COM,0.084577,1.042207,1.167,1.991,5.494,63424.91243887724,60980.00158187724
A_M_1.9999999999999998_1.0_117,COM,1.007875,1.479988,1.346,2.736,1.858,62997.51884987724,60980.00158187724
A_M_1.9999999999999998_1.0_118,COM,1.73783,1.947345,2.032,4.146,3.947,61696.43510587724,60980.00158187724
A_M_1.9999999999999998_1.0_119,COM,1.326713,1.718882,1.556,3.911,3.283,62275.35161887724,60980.00158187724
A_M_1.9999999999999998_1.0_120,COM,0.324032,1.172918,2.445,4.041,1.985,61328.02937987724,60980.00158187724
A_M_1.9999999999999998_1.0_121,COM,1.02831,1.540714,2.405,3.93,3.206,64361.483588877236,60980.00158187724
A_M_1.9999999999999998_1.0_122,COM,1.366408,1.707929,0.375,1.22,1.969,61039.35838087724,60980.00158187724
A_M_1.9999999999999998_1.0_123,COM,0.403488,1.216541,1.827,6.02,3.253,64424.90031287724,60980.00158187724
A_M_1.9999999999999998_1.0_124,COM,1.476424,1.746603,0.716,4.325,2.773,64205.700033877234,60980.00158187724
A_M_1.9999999999999998_1.0_125,COM,0.148239,1.080815,2.781,2.129,0.492,64186.20591587724,60980.00158187724
A_M_1.9999999999999998_1.0_126,COM,1.487367,1.786563,2.218,0.149,3.344,62500.73178987724,60980.00158187724
A_M_1.9999999999999998_1.0_127,COM,1.544229,1.811394,1.641,0.977,3.731,62664.338144877234,60980.00158187724
A_M_1.9999999999999998_1.0_128,COM,0.900863,1.493851,2.588,2.25,5.838,64429.477630877234,60980.00158187724
A_M_1.9999999999999998_1.0_129,COM,0.969317,1.576425,1.28,0.067,1.431,64639.76790287724,60980.00158187724
A_M_1.9999999999999998_1.0_130,COM,0.380674,1.213042,0.77,2.323,5.563,60947.61013987724,60980.00158187724
A_M_1.9999999999999998_1.0_131,COM,1.231357,1.692147,1.006,1.667,4.966,61648.515609877235,60980.00158187724
A_M_1.9999999999999998_1.0_132,COM,0.657172,1.36726,2.574,0.067,2.202,63514.30228987724,60980.00158187724
A_M_1.9999999999999998_1.0_133,COM,1.486747,1.88998,1.558,0.236,4.925,64265.733607877235,60980.00158187724
A_M_1.9999999999999998_1.0_134,COM,0.887825,1.500745,1.831,5.531,0.344,62350.75986187724,60980.00158187724
A_M_1.9999999999999998_1.0_135,COM,1.023414,1.575961,1.65,1.317,3.617,64670.30359587724,60980.00158187724
A_M_1.9999999999999998_1.0_136,COM,0.316569,1.18918,1.198,1.001,5.309,62990.526804877234,60980.00158187724
A_M_1.9999999999999998_1.0_137,COM,0.390155,1.229931,2.464,1.494,2.392,64449.723165877236,60980.00158187724
A_M_1.9999999999999998_1.0_138,COM,1.324008,1.771241,1.988,0.128,6.281,63628.90132087724,60980.00158187724
A_M_1.9999999999999998_1.0_139,COM,1.257741,1.748002,0.871,1.311,4.033,62481.811412877236,60980.00158187724
A_M_1.9999999999999998_1.0_140,COM,1.666356,1.916045,1.772,4.168,3.114,61588.77692187724,60980.00158187724
A_M_1.9999999999999998_1.0_141,COM,1.294728,1.798897,0.339,2.491,4.53,63637.270768877235,60980.00158187724
A_M_1.9999999999999998_1.0_142,COM,1.508586,1.976822,0.847,4.566,3.322,61793.56064087724,60980.00158187724
A_M_1.9999999999999998_1.0_143,COM,0.655668,1.414739,2.13,0.01,0.395,64104.756090877236,60980.00158187724
A_M_1.9999999999999998_1.0_144,COM,0.44825,1.271608,2.45,3.57,3.677,63664.46378487724,60980.00158187724
A_M_1.9999999999999998_1.0_145,COM,0.237764,1.146509,2.053,2.537,3.53,62693.380226877234,60980.00158187724
A_M_1.9999999999999998_1.0_146,COM,0.622261,1.383856,1.875,4.22,6.086,61841.40231787724,60980.00158187724
A_M_1.9999999999999998_1.0_147,COM,0.904161,1.559677,1.226,1.398,5.86,62108.336213877235,60980.00158187724
A_M_1.9999999999999998_1.0_148,COM,1.074712,1.659724,1.616,3.344,4.125,63884.63253387724,60980.00158187724
A_M_1.9999999999999998_1.0_149,COM,1.394096,1.943309,2.05,4.414,4.312,63700.115270877235,60980.00158187724
A_M_1.9999999999999998_1.0_150,COM,2.062609,2.412875,2.113,3.575,3.482,61221.07412487724,60980.00158187724
A_M_1.9999999999999998_1.0_151,COM,1.609857,2.072741,1.895,0.077,0.266,61663.869054877236,60980.00158187724
A_M_1.9999999999999998_1.0_152,COM,0.665795,1.465477,2.013,2.833,5.114,62033.65648887724,60980.00158187724
A_M_1.9999999999999998_1.0_153,COM,0.766374,1.541874,1.725,2.959,2.841,61643.36812187724,60980.00158187724
A_M_1.9999999999999998_1.0_154,COM,1.715139,2.134186,1.178,1.561,3.948,62923.36703687724,60980.00158187724
A_M_1.9999999999999998_1.0_155,COM,0.080537,1.054424,1.724,4.643,3.143,64379.43767387724,60980.00158187724
A_M_1.9999999999999998_1.0_156,COM,1.139006,1.775473,2.208,0.99,4.088,64202.64414787724,60980.00158187724
A_M_1.9999999999999998_1.0_157,COM,1.454783,1.953225,1.658,3.391,2.732,62313.85541987724,60980.00158187724
A_M_1.9999999999999998_1.0_158,COM,0.869448,1.591162,0.976,6.059,6.005,62513.27208787724,60980.00158187724
A_M_1.9999999999999998_1.0_159,COM,2.332171,2.527843,1.461,1.891,0.928,64518.628958877234,60980.00158187724
A_M_1.9999999999999998_1.0_160,COM,0.600829,1.422409,0.878,5.73,2.979,62904.746287877235,60980.00158187724
A_M_1.9999999999999998_1.0_161,COM,1.047011,1.740608,1.964,0.417,5.385,64538.55086487724,60980.00158187724
A_M_1.9999999999999998_1.0_162,COM,0.616571,1.46883,1.315,2.115,0.704,62624.003164877235,60980.00158187724
A_M_1.9999999999999998_1.0_163,COM,0.054797,1.041539,1.95,3.353,5.336,62579.90829487724,60980.00158187724
A_M_1.9999999999999998_1.0_164,COM,0.485504,1.36321,1.81,5.606,3.93,62248.600396877235,60980.00158187724
A_M_1.9999999999999998_1.0_165,COM,0.396837,1.299941,1.147,1.12,5.575,62671.37198187724,60980.00158187724
A_M_1.9999999999999998_1.0_166,COM,2.703195,3.002054,2.158,0.965,5.2,64531.81969187724,60980.00158187724
A_M_1.9999999999999998_1.0_167,COM,1.685926,2.202907,1.155,3.414,1.164,62322.336621877235,60980.00158187724
A_M_1.9999999999999998_1.0_168,COM,1.408127,2.050227,2.167,0.473,3.073,61932.690363877235,60980.00158187724
A_M_1.9999999999999998_1.0_169,COM,1.813811,2.382575,0.703,1.424,0.581,61085.37747087724,60980.00158187724
A_M_1.9999999999999998_1.0_170,COM,0.650992,1.483581,1.87,0.541,5.082,62223.86050887724,60980.00158187724
A_M_1.9999999999999998_1.0_171,COM,0.122372,1.089235,1.198,0.469,3.762,62702.88655587724,60980.00158187724
A_M_1.9999999999999998_1.0_172,COM,0.399863,1.300526,0.57,5.91,3.281,63158.26249987724,60980.00158187724
A_M_1.9999999999999998_1.0_173,COM,1.175548,1.898481,0.847,5.176,4.619,62160.16067287724,60980.00158187724
A_M_1.9999999999999998_1.0_174,COM,1.739951,2.315074,1.257,2.583,3.951,63118.83939787724,60980.00158187724
A_M_1.9999999999999998_1.0_175,COM,0.891148,1.64407,2.884,3.975,2.745,63673.72035787724,60980.00158187724
A_M_1.9999999999999998_1.0_176,COM,1.472484,2.112225,0.783,3.912,1.472,63861.31545587724,60980.00158187724
A_M_1.9999999999999998_1.0_177,COM,1.394723,2.020033,0.684,2.684,4.972,61983.55807387724,60980.00158187724
A_M_1.9999999999999998_1.0_178,COM,1.377029,2.011985,1.165,0.497,1.476,62995.76336487724,60980.00158187724
A_M_1.9999999999999998_1.0_179,COM,0.026287,1.019493,1.898,4.58,5.954,64555.576365877234,60980.00158187724
A_M_1.9999999999999998_1.0_180,COM,0.682748,1.562266,1.738,5.074,3.524,64336.55962187724,60980.00158187724
A_M_1.9999999999999998_1.0_181,COM,0.168682,1.129888,1.682,1.606,0.205,64331.800364877236,60980.00158187724
A_M_1.9999999999999998_1.0_182,COM,1.064764,1.875768,1.476,0.817,3.319,61468.61609187724,60980.00158187724
A_M_1.9999999999999998_1.0_183,COM,1.056929,1.860295,1.291,2.524,4.97,61856.106439877236,60980.00158187724
A_M_1.9999999999999998_1.0_184,COM,0.938249,1.733209,1.53,3.718,3.472,63914.41367687724,60980.00158187724
A_M_1.9999999999999998_1.0_185,COM,0.44333,1.360189,0.539,1.383,5.216,64103.75029887724,60980.00158187724
A_M_1.9999999999999998_1.0_186,COM,1.357818,2.09708,0.64,3.466,3.322,61650.94544887724,60980.00158187724
A_M_1.9999999999999998_1.0_187,COM,0.78775,1.631573,2.754,2.876,2.522,61026.75556487724,60980.00158187724
A_M_1.9999999999999998_1.0_188,COM,1.412,2.122674,1.004,4.052,2.741,64597.75812287724,60980.00158187724
A_M_1.9999999999999998_1.0_189,COM,0.628566,1.513447,1.136,2.767,3.032,63018.01263687724,60980.00158187724
A_M_1.9999999999999998_1.0_190,COM,0.897708,1.741056,1.962,5.124,3.679,63005.65536087724,60980.00158187724
A_M_1.9999999999999998_1.0_191,COM,0.405023,1.324728,1.935,4.072,3.786,64249.946534877236,60980.00158187724
A_M_1.9999999999999998_1.0_192,COM,1.410278,2.085531,0.837,5.141,4.16,61025.392372877235,60980.00158187724
A_M_1.9999999999999998_1.0_193,COM,1.177692,1.930169,2.536,4.629,4.119,64256.05706487724,60980.00158187724
A_M_1.9999999999999998_1.0_194,COM,0.273455,1.221605,0.779,0.708,3.087,61804.70572487724,60980.00158187724
A_M_1.9999999999999998_1.0_195,COM,0.696421,1.548832,1.906,4.416,2.437,63224.71100187724,60980.00158187724
A_M_1.9999999999999998_1.0_196,COM,1.906125,2.677386,0.195,4.672,2.317,62570.84438787724,60980.00158187724
A_M_1.9999999999999998_1.0_197,COM,0.084606,1.07248,1.793,4.521,4.484,61262.842162877234,60980.00158187724
A_M_1.9999999999999998_1.0_198,COM,1.37549,2.178182,2.86,1.994,4.802,61139.11042987724,60980.00158187724
A_M_1.9999999999999998_1.0_199,COM,1.456496,2.228571,1.672,2.432,5.554,64070.81888387724,60980.00158187724
A_M_1.9999999999999998_1.0_200,COM,1.232813,2.081461,1.413,5.566,1.406,64588.48019987724,60980.00158187724
A_M_1.9999999999999998_1.0_201,COM,0.628498,1.525709,1.795,2.542,1.866,63681.212505877236,60980.00158187724
A_M_1.9999999999999998_1.0_202,COM,0.820585,1.701671,1.64,2.218,3.755,61124.70849387724,60980.00158187724
A_M_1.9999999999999998_1.0_203,COM,1.128572,1.996449,2.008,3.629,5.082,62844.52890787724,60980.00158187724
A_M_1.9999999999999998_1.0_204,COM,0.503986,1.445277,0.724,4.035,4.149,63355.67233987724,60980.00158187724
A_M_1.9999999999999998_1.0_205,COM,1.029599,1.871645,1.926,6.151,3.544,64422.00869487724,60980.00158187724
A_M_1.9999999999999998_1.0_206,COM,1.486816,2.299598,1.096,1.46,4.266,62728.89978287724,60980.00158187724
A_M_1.9999999999999998_1.0_207,COM,3.264071,3.83449,1.967,4.414,1.355,61160.79703787724,60980.00158187724
A_M_1.9999999999999998_1.0_208,COM,1.148468,2.018471,2.834,2.498,1.448,64119.49384887724,60980.00158187724
A_M_1.9999999999999998_1.0_209,COM,1.332044,2.175201,1.264,2.409,4.579,61250.040000877234,60980.00158187724
A_M_1.9999999999999998_1.0_210,COM,0.286416,1.268902,1.61,4.561,2.865,61923.95992787724,60980.00158187724
A_M_1.9999999999999998_1.0_211,COM,1.022754,1.968354,1.38,1.107,1.878,61967.17183087724,60980.00158187724
A_M_1.9999999999999998_1.0_212,COM,1.633544,2.546656,3.024,4.94,2.733,63927.75960987724,60980.00158187724
A_M_1.9999999999999998_1.0_213,COM,0.524214,1.498081,0.929,1.141,5.408,64369.13515587724,60980.00158187724
A_M_1.9999999999999998_1.0_214,COM,1.443816,2.335861,0.693,2.645,0.994,61250.59335787724,60980.00158187724
A_M_1.9999999999999998_1.0_215,COM,0.46268,1.414166,2.811,1.295,6.136,62230.66903287724,60980.00158187724
A_M_1.9999999999999998_1.0_216,COM,0.016033,1.014892,1.633,1.588,0.298,64197.20030887724,60980.00158187724
A_M_1.9999999999999998_1.0_217,COM,12.544971,12.944505,1.717,4.839,5.807,62367.64794987724,60980.00158187724
A_M_1.9999999999999998_1.0_218,COM,1.480584,2.396651,0.174,1.766,1.553,61782.920204877235,60980.00158187724
A_M_1.9999999999999998_1.0_219,COM,0.315157,1.283914,1.645,0.254,3.676,62369.299936877236,60980.00158187724
A_M_1.9999999999999998_1.0_220,COM,1.359318,2.292321,1.296,4.223,3.493,64094.01499087724,60980.00158187724
A_M_1.9999999999999998_1.0_221,COM,0.408562,1.365423,1.302,3.95,2.52,63375.47106887724,60980.00158187724
A_M_1.9999999999999998_1.0_222,COM,0.408562,1.365423,1.302,3.95,2.52,63375.47106887724,60980.00158187724
A_M_1.9999999999999998_1.0_223,COM,1.155007,2.040945,1.419,0.788,3.651,62398.09676187724,60980.00158187724
A_M_1.9999999999999998_1.0_224,COM,1.233596,2.146485,1.499,3.822,4.361,64623.39115987724,60980.00158187724
A_M_1.9999999999999998_1.0_225,COM,0.408851,1.369352,1.099,3.362,0.885,61803.98323387724,60980.00158187724
A_M_1.9999999999999998_1.0_226,COM,1.280042,2.150854,2.208,4.896,3.624,61312.75307087724,60980.00158187724
A_M_1.9999999999999998_1.0_227,COM,0.226307,1.226846,1.42,2.419,3.079,62814.648006877236,60980.00158187724
A_M_1.9999999999999998_1.0_228,COM,0.644154,1.650274,0.379,2.532,3.957,64627.30871487724,60980.00158187724
A_M_1.9999999999999998_1.0_229,COM,1.268641,2.230834,1.192,5.209,4.356,62795.91903587724,60980.00158187724
A_M_1.9999999999999998_1.0_230,COM,0.084584,1.083199,1.505,1.92,5.144,63592.983778877235,60980.00158187724
A_M_1.9999999999999998_1.0_231,COM,0.947768,1.911757,0.269,0.249,0.177,62199.931532877235,60980.00158187724
A_M_1.9999999999999998_1.0_232,COM,1.009685,1.992308,1.85,4.667,4.871,62866.42241187724,60980.00158187724
A_M_1.9999999999999998_1.0_233,COM,1.576178,2.525253,2.781,1.75,2.479,61475.26385587724,60980.00158187724
A_M_1.9999999999999998_1.0_234,COM,0.983418,1.993748,2.432,2.361,4.37,63949.929490877235,60980.00158187724
A_M_1.9999999999999998_1.0_235,COM,1.135053,2.102239,2.093,5.214,3.017,62902.65160387724,60980.00158187724
A_M_1.9999999999999998_1.0_236,COM,1.894207,2.906376,1.089,5.569,5.421,61250.82818987724,60980.00158187724
A_M_1.9999999999999998_1.0_237,COM,0.480283,1.482436,1.921,5.185,2.509,64449.12883887724,60980.00158187724
A_M_1.9999999999999998_1.0_238,COM,1.572719,2.530383,2.658,1.322,3.604,61995.824027877235,60980.00158187724
A_M_1.9999999999999998_1.0_239,COM,1.444202,2.405211,0.645,1.713,1.703,62797.69892787724,60980.00158187724
A_M_1.9999999999999998_1.0_240,COM,0.585605,1.562435,1.278,3.156,4.098,61935.54351487724,60980.00158187724
A_M_1.9999999999999998_1.0_241,COM,1.274117,2.261185,1.763,5.696,2.576,61630.871591877236,60980.00158187724
A_M_1.9999999999999998_1.0_242,COM,1.015246,2.000678,1.759,2.669,5.909,62089.32862187724,60980.00158187724
A_M_1.9999999999999998_1.0_243,COM,0.448133,1.442859,0.361,0.559,5.517,63952.486893877234,60980.00158187724
A_M_1.9999999999999998_1.0_244,COM,1.198754,2.1908,1.655,1.165,5.546,61688.434108877234,60980.00158187724
A_M_1.9999999999999998_1.0_245,COM,0.790589,1.757064,2.786,6.023,5.996,63909.642158877235,60980.00158187724
A_M_1.9999999999999998_1.0_246,COM,2.586569,3.626687,1.933,1.406,2.664,63557.743711877236,60980.00158187724
A_M_1.9999999999999998_1.0_247,COM,1.238129,2.3212,0.718,4.898,2.09,63962.918462877235,60980.00158187724
A_M_1.9999999999999998_1.0_248,COM,0.840781,1.894606,1.722,5.063,2.984,62216.501788877235,60980.00158187724
A_M_1.9999999999999998_1.0_249,COM,1.052594,2.128896,0.811,2.141,4.298,62223.322927877234,60980.00158187724
A_M_1.9999999999999998_1.0_250,COM,1.432083,2.502371,0.899,3.194,3.688,63076.84260887724,60980.00158187724
A_M_1.9999999999999998_1.0_251,COM,1.136398,2.203954,2.25,5.587,4.441,62734.687787877236,60980.00158187724
A_M_1.9999999999999998_1.0_252,COM,2.858365,4.109433,2.198,1.274,5.025,62390.23586087724,60980.00158187724
A_M_1.9999999999999998_1.0_253,COM,2.453526,3.591588,1.246,5.327,3.408,62258.191913877235,60980.00158187724
A_M_1.9999999999999998_1.0_254,COM,0.991131,2.045702,1.26,3.939,4.96,62095.86528087724,60980.00158187724
A_M_1.9999999999999998_1.0_255,COM,1.580105,2.619696,0.831,3.964,2.562,63530.324626877235,60980.00158187724
A_M_1.9999999999999998_1.0_256,COM,2.429023,3.516129,2.005,1.097,5.346,64311.383755877236,60980.00158187724
A_M_1.9999999999999998_1.0_257,COM,1.453843,2.50831,1.565,1.788,5.319,63482.540881877234,60980.00158187724
A_M_1.9999999999999998_1.0_258,COM,0.418013,1.437077,0.581,3.924,3.527,61763.22848787724,60980.00158187724
A_M_1.9999999999999998_1.0_259,COM,1.07283,2.138248,1.96,2.27,1.548,63088.270746877235,60980.00158187724
A_M_1.9999999999999998_1.0_260,COM,1.371753,2.415817,1.783,3.173,4.872,64556.05385087724,60980.00158187724
A_M_1.9999999999999998_1.0_261,COM,1.734929,2.984975,1.811,0.875,5.131,63167.430889877236,60980.00158187724
A_M_1.9999999999999998_1.0_262,COM,1.688981,2.847695,0.729,4.219,4.094,61295.151567877234,60980.00158187724
A_M_1.9999999999999998_1.0_263,COM,0.130914,1.144482,0.927,2.819,5.036,62090.28401387724,60980.00158187724
A_M_1.9999999999999998_1.0_264,COM,0.051955,1.05876,0.821,4.867,0.309,63740.98291387724,60980.00158187724
A_M_1.9999999999999998_1.0_265,COM,0.125874,1.144965,1.894,5.352,4.862,61761.841604877234,60980.00158187724
A_M_1.9999999999999998_1.0_266,COM,0.733617,1.832231,1.506,3.28,1.821,64553.91047487724,60980.00158187724
A_M_1.9999999999999998_1.0_267,COM,1.207793,2.374013,1.15,3.225,2.823,63353.301654877236,60980.00158187724
A_M_1.9999999999999998_1.0_268,COM,0.774807,1.85987,1.083,1.24,3.928,62829.148326877235,60980.00158187724
A_M_1.9999999999999998_1.0_269,COM,1.69754,2.938954,1.082,4.124,3.576,62777.50377387724,60980.00158187724
A_M_1.9999999999999998_1.0_270,COM,1.502028,2.78203,2.025,4.943,3.061,63830.20879787724,60980.00158187724
A_M_1.9999999999999998_1.0_271,COM,1.874993,3.299933,1.796,4.697,4.825,64452.950123877235,60980.00158187724
A_M_1.9999999999999998_1.0_272,COM,0.934401,2.141598,2.013,0.564,3.146,63371.07108787724,60980.00158187724
A_M_1.9999999999999998_1.0_273,COM,0.61122,1.720574,0.731,0.134,1.64,63533.146302877234,60980.00158187724
A_M_1.9999999999999998_1.0_274,COM,0.210684,1.251237,1.172,2.491,4.591,63906.640977877236,60980.00158187724
A_M_1.9999999999999998_1.0_275,COM,0.332772,1.386545,1.226,4.676,0.183,64665.47132587724,60980.00158187724
A_M_1.9999999999999998_1.0_276,COM,1.137399,2.385139,1.806,0.596,3.568,63138.05914487724,60980.00158187724
A_M_1.9999999999999998_1.0_277,COM,1.196498,2.443154,2.086,1.538,4.374,62411.08553887724,60980.00158187724
A_M_1.9999999999999998_1.0_278,COM,0.249152,1.303998,2.669,3.087,2.167,63566.66952587724,60980.00158187724
A_M_1.9999999999999998_1.0_279,COM,0.032895,1.038512,2.21,1.974,3.394,63885.18373687724,60980.00158187724
A_M_1.9999999999999998_1.0_280,COM,1.433789,2.766282,0.197,5.03,1.605,63245.121975877235,60980.00158187724
A_M_1.9999999999999998_1.0_281,COM,0.770465,1.907305,2.042,1.83,0.901,61329.55068087724,60980.00158187724
A_M_1.9999999999999998_1.0_282,COM,0.227282,1.287066,0.524,1.645,4.029,63748.377691877235,60980.00158187724
A_M_1.9999999999999998_1.0_283,COM,0.581382,1.743886,2.513,4.593,5.343,62198.422763877235,60980.00158187724
A_M_1.9999999999999998_1.0_284,COM,0.720501,1.936354,2.321,0.843,4.475,64406.880400877235,60980.00158187724
A_M_1.9999999999999998_1.0_285,COM,1.271377,2.570202,1.634,1.551,0.716,63621.892010877236,60980.00158187724
A_M_1.9999999999999998_1.0_286,COM,1.302038,2.641069,0.344,4.89,4.98,61028.069105877235,60980.00158187724
A_M_1.9999999999999998_1.0_287,COM,1.325754,2.701825,1.987,4.5,4.731,61558.20120987724,60980.00158187724
A_M_1.9999999999999998_1.0_288,COM,1.523442,2.978065,1.236,1.761,2.8,62191.47259587724,60980.00158187724
A_M_1.9999999999999998_1.0_289,COM,2.556258,4.297793,0.975,5.016,2.93,62040.98349287724,60980.00158187724
A_M_1.9999999999999998_1.0_290,COM,0.764577,1.975122,0.341,5.391,2.826,63432.29360287724,60980.00158187724
A_M_1.9999999999999998_1.0_291,COM,0.321555,1.399166,2.266,2.262,5.366,61830.19327787724,60980.00158187724
A_M_1.9999999999999998_1.0_292,COM,1.338459,2.698679,1.173,4.823,3.392,61099.550876877234,60980.00158187724
A_M_1.9999999999999998_1.0_293,COM,1.409439,2.843494,2.496,4.557,4.135,63101.823812877235,60980.00158187724
A_M_1.9999999999999998_1.0_294,COM,0.340194,1.440533,1.647,5.896,0.098,61220.692105877235,60980.00158187724
A_M_1.9999999999999998_1.0_295,COM,1.389197,2.781077,1.763,5.136,2.887,61763.62980687724,60980.00158187724
A_M_1.9999999999999998_1.0_296,COM,0.76755,1.962918,2.853,5.358,2.404,63837.02448187724,60980.00158187724
A_M_1.9999999999999998_1.0_297,COM,0.527792,1.729974,1.807,0.02,5.409,62948.79255087724,60980.00158187724
A_M_1.9999999999999998_1.0_298,COM,1.050743,2.417066,0.721,0.779,0.001,63667.73475187724,60980.00158187724
A_M_1.9999999999999998_1.0_299,COM,1.270078,2.729795,2.704,5.556,2.926,62260.53563387724,60980.00158187724
A_M_1.9999999999999998_1.0_300,COM,0.724725,1.967014,1.671,4.356,3.097,61338.92255587724,60980.00158187724
A_M_1.9999999999999998_1.0_301,COM,2.397067,4.197102,1.239,0.483,3.185,62356.31326287724,60980.00158187724
A_M_1.9999999999999998_1.0_302,COM,0.933976,2.259993,1.743,1.901,3.98,64359.31167887724,60980.00158187724
A_M_1.9999999999999998_1.0_303,COM,0.77323,2.109631,2.163,0.524,0.851,64557.628593877234,60980.00158187724
A_M_1.9999999999999998_1.0_304,COM,0.627872,1.8972,1.383,5.604,1.898,61411.97454487724,60980.00158187724
A_M_1.9999999999999998_1.0_305,COM,1.264424,2.77624,1.622,5.685,5.315,63381.803934877236,60980.00158187724
A_M_1.9999999999999998_1.0_306,COM,0.591304,1.858837,2.576,0.599,0.526,61965.311170877234,60980.00158187724
A_M_1.9999999999999998_1.0_307,COM,0.719506,2.038912,1.176,0.83,3.145,63649.70902887724,60980.00158187724
A_M_1.9999999999999998_1.0_308,COM,0.237577,1.336289,0.814,5.65,0.168,61151.13120387724,60980.00158187724
A_M_1.9999999999999998_1.0_309,COM,1.625263,3.254088,0.828,5.517,3.287,63349.45646887724,60980.00158187724
A_M_1.9999999999999998_1.0_310,COM,1.432512,2.989985,1.037,3.137,0.973,64171.715318877235,60980.00158187724
A_M_1.9999999999999998_1.0_311,COM,0.872366,2.275199,0.528,0.637,3.47,63913.21300987724,60980.00158187724
A_M_1.9999999999999998_1.0_312,COM,2.052973,3.905578,0.471,3.064,0.411,64030.52709287724,60980.00158187724
A_M_1.9999999999999998_1.0_313,COM,0.645579,1.897776,2.281,2.47,3.193,63335.64285187724,60980.00158187724
A_M_1.9999999999999998_1.0_314,COM,1.423767,3.06075,2.21,1.158,3.367,63718.18506787724,60980.00158187724
A_M_1.9999999999999998_1.0_315,COM,0.968384,2.397392,1.263,3.391,2.424,62649.45810887724,60980.00158187724
A_M_1.9999999999999998_1.0_316,COM,1.321589,2.855475,0.851,3.514,3.769,63423.677343877236,60980.00158187724
A_M_1.9999999999999998_1.0_317,COM,1.027613,2.491651,3.016,5.901,3.092,61374.72776787724,60980.00158187724
A_M_1.9999999999999998_1.0_318,COM,0.67801,1.980984,2.619,0.62,3.475,61875.87059187724,60980.00158187724
A_M_1.9999999999999998_1.0_319,COM,0.129209,1.188638,1.406,2.691,4.053,61789.38333587724,60980.00158187724
A_M_1.9999999999999998_1.0_320,COM,0.796591,2.131866,1.202,4.845,2.389,62339.18100987724,60980.00158187724
A_M_1.9999999999999998_1.0_321,COM,1.274243,2.856633,1.4,4.583,2.503,62925.46068687724,60980.00158187724
A_M_1.9999999999999998_1.0_322,COM,0.542502,1.770121,1.667,3.874,3.147,62069.33022387724,60980.00158187724
A_M_1.9999999999999998_1.0_323,COM,1.514452,3.157035,2.056,1.816,4.706,64292.762926877236,60980.00158187724
A_M_1.9999999999999998_1.0_324,COM,0.911796,2.2777,2.048,0.474,2.523,64187.00390187724,60980.00158187724
A_M_1.9999999999999998_1.0_325,COM,0.800084,2.177146,1.656,6.281,0.165,61890.94058887724,60980.00158187724
A_M_1.9999999999999998_1.0_326,COM,1.525527,3.291183,2.202,5.085,0.001,61954.590342877236,60980.00158187724
A_M_1.9999999999999998_1.0_327,COM,1.178847,2.790994,0.463,0.547,5.875,63207.47183487724,60980.00158187724
A_M_1.9999999999999998_1.0_328,COM,1.482632,3.27968,0.711,6.087,4.266,63662.04277187724,60980.00158187724
A_M_1.9999999999999998_1.0_329,COM,1.154278,2.737134,1.906,1.139,3.82,63913.47453387724,60980.00158187724
A_M_1.9999999999999998_1.0_330,COM,3.689038,6.441785,0.262,3.061,4.687,62638.49026687724,60980.00158187724
A_M_1.9999999999999998_1.0_331,COM,1.093538,2.660126,1.684,0.823,3.954,64181.863616877235,60980.00158187724
A_M_1.9999999999999998_1.0_332,COM,0.475049,1.700498,0.747,2.668,4.104,64305.93330387724,60980.00158187724
A_M_1.9999999999999998_1.0_333,COM,0.239193,1.359026,1.322,3.845,3.116,62646.11592787724,60980.00158187724
A_M_1.9999999999999998_1.0_334,COM,2.187902,4.318696,0.536,0.736,5.581,64178.56614687724,60980.00158187724
A_M_1.9999999999999998_1.0_335,COM,1.858374,3.756053,1.704,2.727,4.173,64117.220648877235,60980.00158187724
A_M_1.9999999999999998_1.0_336,COM,1.787885,3.697306,2.247,1.272,4.769,61811.84587887724,60980.00158187724
A_M_1.9999999999999998_1.0_337,COM,1.191659,2.805327,1.879,2.133,3.119,62822.66523387724,60980.00158187724
A_M_1.9999999999999998_1.0_338,COM,1.262852,2.87718,2.592,2.623,4.404,61206.51958087724,60980.00158187724
A_M_1.9999999999999998_1.0_339,COM,0.771163,2.155462,1.487,4.459,2.396,61346.70885887724,60980.00158187724
A_M_1.9999999999999998_1.0_340,COM,0.386733,1.598496,1.061,4.275,2.88,64005.31886187724,60980.00158187724
A_M_1.9999999999999998_1.0_341,COM,1.164153,2.802274,1.992,1.075,3.546,61997.003876877236,60980.00158187724
A_M_1.9999999999999998_1.0_342,COM,0.940075,2.468472,1.931,4.126,2.235,61528.22211587724,60980.00158187724
A_M_1.9999999999999998_1.0_343,COM,0.998937,2.629635,1.768,6.095,2.535,61872.37252587724,60980.00158187724
A_M_1.9999999999999998_1.0_344,COM,1.962003,4.067471,0.848,2.685,3.927,61659.89571687724,60980.00158187724
A_M_1.9999999999999998_1.0_345,COM,0.719369,2.15333,2.067,5.426,3.283,62150.016252877234,60980.00158187724
A_M_1.9999999999999998_1.0_346,COM,0.71227,2.107019,2.912,0.124,4.011,61969.323743877234,60980.00158187724
A_M_1.9999999999999998_1.0_347,COM,0.978464,2.57653,0.224,3.388,4.317,61079.715228877234,60980.00158187724
A_M_1.9999999999999998_1.0_348,COM,1.357096,3.205947,1.494,2.339,4.057,62729.211559877236,60980.00158187724
A_M_1.9999999999999998_1.0_349,COM,0.763437,2.199137,0.911,3.571,2.364,63235.98422687724,60980.00158187724
A_M_1.9999999999999998_1.0_350,COM,0.565152,1.910607,1.537,6.07,0.708,63546.34649087724,60980.00158187724
A_M_1.9999999999999998_1.0_351,COM,2.275547,4.623398,1.228,5.97,2.897,61435.29959987724,60980.00158187724
A_M_1.9999999999999998_1.0_352,COM,1.411167,3.187517,2.137,4.872,3.069,63990.80828887724,60980.00158187724
A_M_1.9999999999999998_1.0_353,COM,1.568525,3.432987,0.951,6.013,4.056,61164.01957787724,60980.00158187724
A_M_1.9999999999999998_1.0_354,COM,1.066086,2.73173,0.778,4.169,4.173,62010.355337877234,60980.00158187724
A_M_1.9999999999999998_1.0_355,COM,1.101778,2.735578,2.14,4.023,1.563,61003.48736087724,60980.00158187724
A_M_1.9999999999999998_1.0_356,COM,1.287561,3.087771,2.544,1.634,2.63,62307.71997487724,60980.00158187724
A_M_1.9999999999999998_1.0_357,COM,1.194055,2.902166,1.521,2.009,3.453,62817.779148877235,60980.00158187724
A_M_1.9999999999999998_1.0_358,COM,0.718858,2.188137,1.283,1.301,5.692,63386.383843877236,60980.00158187724
A_M_1.9999999999999998_1.0_359,COM,0.96868,2.58361,1.076,4.818,2.106,61973.26794387724,60980.00158187724
A_M_1.9999999999999998_1.0_360,COM,1.467022,3.49159,1.946,1.154,4.008,62155.91696387724,60980.00158187724
A_M_1.9999999999999998_1.0_361,COM,1.345791,3.24878,0.704,4.608,0.846,63521.64919587724,60980.00158187724
A_M_1.9999999999999998_1.0_362,COM,3.853705,7.296105,0.844,2.606,3.82,64628.53507587724,60980.00158187724
A_M_1.9999999999999998_1.0_363,COM,1.298901,3.182774,1.793,4.446,3.379,62332.44535887724,60980.00158187724
A_M_1.9999999999999998_1.0_364,COM,0.026049,1.043913,1.327,5.157,4.051,62931.351150877235,60980.00158187724
A_M_1.9999999999999998_1.0_365,COM,1.18035,2.945425,1.675,2.271,2.414,63688.80745087724,60980.00158187724
A_M_1.9999999999999998_1.0_366,COM,0.639828,2.090175,1.464,1.445,4.061,63001.03363387724,60980.00158187724
A_M_1.9999999999999998_1.0_367,COM,1.236189,3.033365,2.734,6.118,4.022,62565.781151877236,60980.00158187724
A_M_1.9999999999999998_1.0_368,COM,0.81272,2.350944,2.756,1.842,2.2,61065.689829877236,60980.00158187724
A_M_1.9999999999999998_1.0_369,COM,0.708054,2.214437,0.23,1.774,2.36,63936.11927887724,60980.00158187724
A_M_1.9999999999999998_1.0_370,COM,1.350083,3.287862,2.358,2.19,0.619,62992.60148387724,60980.00158187724
A_M_1.9999999999999998_1.0_371,COM,1.145738,2.871309,0.978,0.235,2.842,61552.581913877235,60980.00158187724
A_M_1.9999999999999998_1.0_372,COM,0.155284,1.25429,1.171,3.202,3.965,60983.67129187724,60980.00158187724
A_M_1.9999999999999998_1.0_373,COM,1.815001,4.106079,1.497,3.723,2.614,62350.06125087724,60980.00158187724
A_M_1.9999999999999998_1.0_374,COM,12.685758,22.233131,0.992,2.833,2.139,63770.95281687724,60980.00158187724
A_M_1.9999999999999998_1.0_375,COM,1.006962,2.702681,0.966,4.74,1.56,62078.70971387724,60980.00158187724
A_M_1.9999999999999998_1.0_376,COM,1.331024,3.341787,1.806,5.954,3.639,64461.81453587724,60980.00158187724
A_M_1.9999999999999998_1.0_377,COM,1.329993,3.380115,0.775,2.13,2.898,64513.19043687724,60980.00158187724
A_M_1.9999999999999998_1.0_378,COM,0.934778,2.636293,1.073,2.298,3.112,63941.56748387724,60980.00158187724
A_M_1.9999999999999998_1.0_379,COM,1.231049,3.137654,0.699,4.196,2.382,63869.23651887724,60980.00158187724
A_M_1.9999999999999998_1.0_380,COM,0.462917,1.814228,1.313,5.413,3.542,62499.25532287724,60980.00158187724
A_M_1.9999999999999998_1.0_381,COM,0.694594,2.201229,1.682,1.62,4.454,61197.11825087724,60980.00158187724
A_M_1.9999999999999998_1.0_382,COM,0.049241,1.085379,1.354,2.323,5.293,61604.74330787724,60980.00158187724
A_M_1.9999999999999998_1.0_383,COM,1.033062,2.809637,2.104,2.015,3.073,61238.96662387724,60980.00158187724
A_M_1.9999999999999998_1.0_384,COM,0.992601,2.779954,2.598,0.405,4.539,62887.29889187724,60980.00158187724
A_M_1.9999999999999998_1.0_385,COM,1.708862,3.982476,2.336,1.295,4.86,61744.72779687724,60980.00158187724
A_M_1.9999999999999998_1.0_386,COM,0.177825,1.315558,1.946,1.364,4.919,63423.49769187724,60980.00158187724
A_M_1.9999999999999998_1.0_387,COM,1.405654,3.621808,2.068,4.971,3.378,61790.57786887724,60980.00158187724
A_M_1.9999999999999998_1.0_388,COM,0.380004,1.702017,1.387,3.376,3.241,63803.54456487724,60980.00158187724
A_M_1.9999999999999998_1.0_389,COM,1.083367,2.969889,1.506,1.307,5.006,62357.824867877236,60980.00158187724
A_M_1.9999999999999998_1.0_390,COM,1.255001,3.367879,2.422,4.94,3.217,62487.970412877236,60980.00158187724
A_M_1.9999999999999998_1.0_391,COM,1.260978,3.364817,0.578,3.015,3.02,62321.791549877235,60980.00158187724
A_M_1.9999999999999998_1.0_392,COM,0.71234,2.293581,0.426,5.872,3.162,63581.55137887724,60980.00158187724
A_M_1.9999999999999998_1.0_393,COM,1.153194,3.183854,2.077,4.819,4.959,62848.39127187724,60980.00158187724
A_M_1.9999999999999998_1.0_394,COM,0.304256,1.575833,1.17,5.034,3.2,62713.20189987724,60980.00158187724
A_M_1.9999999999999998_1.0_395,COM,1.459333,3.682386,1.294,5.115,3.025,60998.31950487724,60980.00158187724
A_M_1.9999999999999998_1.0_396,COM,0.316802,1.600264,0.363,2.23,4.859,62026.50480687724,60980.00158187724
A_M_1.9999999999999998_1.0_397,COM,0.786482,2.462814,2.456,3.136,2.506,63827.442837877235,60980.00158187724
A_M_1.9999999999999998_1.0_398,COM,0.095934,1.175595,2.099,1.185,4.828,62487.50329087724,60980.00158187724
A_M_1.9999999999999998_1.0_399,COM,5.136429,10.575799,1.304,4.92,5.127,63690.14975087724,60980.00158187724
A_M_1.9999999999999998_1.0_400,COM,1.524659,3.837825,1.506,5.075,3.044,63125.06348987724,60980.00158187724
A_M_1.9999999999999998_1.0_401,COM,0.451535,1.829777,2.486,4.099,2.301,61220.488554877236,60980.00158187724
A_M_1.9999999999999998_1.0_402,COM,1.463128,3.737544,1.339,3.814,3.727,63203.20652187724,60980.00158187724
A_M_1.9999999999999998_1.0_403,COM,0.833482,2.508443,2.116,6.264,3.41,63845.934350877236,60980.00158187724
A_M_1.9999999999999998_1.0_404,COM,0.931098,2.823009,1.62,0.831,5.648,62417.47249187724,60980.00158187724
A_M_1.9999999999999998_1.0_405,COM,1.302999,3.5393,2.189,4.401,2.176,63567.26468987724,60980.00158187724
A_M_1.9999999999999998_1.0_406,COM,1.986196,4.904504,1.194,3.896,2.368,63345.992119877235,60980.00158187724
A_M_1.9999999999999998_1.0_407,COM,1.163182,3.281962,1.472,2.418,3.151,62973.77252687724,60980.00158187724
A_M_1.9999999999999998_1.0_408,COM,1.354548,3.618736,1.464,3.93,4.828,62755.174050877235,60980.00158187724
A_M_1.9999999999999998_1.0_409,COM,0.69482,2.373097,2.171,4.653,2.637,62742.671064877235,60980.00158187724
A_M_1.9999999999999998_1.0_410,COM,1.018491,3.014386,1.647,4.161,1.442,63001.45314287724,60980.00158187724
A_M_1.9999999999999998_1.0_411,COM,0.771082,2.513731,2.766,6.102,3.911,62010.74759387724,60980.00158187724
A_M_1.9999999999999998_1.0_412,COM,1.174867,3.279122,1.744,1.113,3.489,61878.38576987724,60980.00158187724
A_M_1.9999999999999998_1.0_413,COM,0.689358,2.317454,1.48,0.095,0.045,60957.807930877236,60980.00158187724
A_M_1.9999999999999998_1.0_414,COM,0.975892,2.874474,1.589,5.33,2.579,62766.03822987724,60980.00158187724
A_M_1.9999999999999998_1.0_415,COM,1.274946,3.53629,2.372,2.2,2.676,62876.87419787724,60980.00158187724
A_M_1.9999999999999998_1.0_416,COM,0.870158,2.668525,2.069,2.313,3.65,61501.28204287724,60980.00158187724
A_M_1.9999999999999998_1.0_417,COM,1.515469,3.899802,1.842,5.135,2.105,62393.26976887724,60980.00158187724
A_M_1.9999999999999998_1.0_418,COM,0.970035,2.901548,2.199,4.69,2.721,62232.39854987724,60980.00158187724
A_M_1.9999999999999998_1.0_419,COM,1.358861,3.833817,1.147,5.733,4.486,64385.60819587724,60980.00158187724
A_M_1.9999999999999998_1.0_420,COM,1.669361,4.454269,2.493,5.088,2.497,61288.44525287724,60980.00158187724
A_M_1.9999999999999998_1.0_421,COM,1.256163,3.554431,1.414,1.868,3.541,61153.10066287724,60980.00158187724
A_M_1.9999999999999998_1.0_422,COM,0.96011,2.970393,1.723,1.606,2.011,63339.68717587724,60980.00158187724
A_M_1.9999999999999998_1.0_423,COM,1.489233,4.047183,0.71,2.359,3.29,61126.31358987724,60980.00158187724
A_M_1.9999999999999998_1.0_424,COM,1.587694,4.292187,1.901,1.353,4.253,63405.812224877234,60980.00158187724
A_M_1.9999999999999998_1.0_425,COM,1.052723,3.132444,2.887,0.349,2.743,62607.74342487724,60980.00158187724
A_M_1.9999999999999998_1.0_426,COM,1.169071,3.385407,1.86,5.068,2.924,63154.59104387724,60980.00158187724
A_M_1.9999999999999998_1.0_427,COM,0.739094,2.480066,2.211,4.952,1.916,63591.223831877236,60980.00158187724
A_M_1.9999999999999998_1.0_428,COM,0.924965,2.870681,1.534,5.071,5.657,61042.25543087724,60980.00158187724
A_M_1.9999999999999998_1.0_429,COM,1.409782,3.907922,1.923,0.892,2.344,63019.32210887724,60980.00158187724
A_M_1.9999999999999998_1.0_430,COM,0.935148,2.869889,0.196,1.85,0.861,61197.13410487724,60980.00158187724
A_M_1.9999999999999998_1.0_431,COM,0.735244,2.53849,1.358,3.339,1.666,62421.42812487724,60980.00158187724
A_M_1.9999999999999998_1.0_432,COM,0.860907,2.801923,0.09,3.605,1.034,64365.88765687724,60980.00158187724
A_M_1.9999999999999998_1.0_433,COM,0.964131,3.044995,1.472,5.924,5.718,64247.12551187724,60980.00158187724
A_M_1.9999999999999998_1.0_434,COM,0.693872,2.451671,1.4,0.78,5.431,61870.647464877235,60980.00158187724
A_M_1.9999999999999998_1.0_435,COM,1.49155,4.222831,2.068,1.162,3.786,62684.28076987724,60980.00158187724
A_M_1.9999999999999998_1.0_436,COM,1.02776,3.223244,0.94,3.603,5.763,64604.06903587724,60980.00158187724
A_M_1.9999999999999998_1.0_437,COM,1.344861,3.889795,1.765,3.467,1.678,61521.894435877235,60980.00158187724
A_M_1.9999999999999998_1.0_438,COM,0.971468,3.041917,0.415,2.94,3.573,64443.11429687724,60980.00158187724
A_M_1.9999999999999998_1.0_439,COM,0.747207,2.693383,1.833,0.76,4.144,63372.919561877236,60980.00158187724
A_M_1.9999999999999998_1.0_440,COM,1.307391,3.903887,1.407,4.933,2.195,61080.54190287724,60980.00158187724
A_M_1.9999999999999998_1.0_441,COM,1.277721,3.880863,1.163,3.775,1.81,61838.82674787724,60980.00158187724
A_M_1.9999999999999998_1.0_442,COM,1.431037,4.271024,2.092,4.393,1.638,63113.840638877235,60980.00158187724
A_M_1.9999999999999998_1.0_443,COM,5.575769,13.553157,2.155,4.656,2.671,62743.304830877234,60980.00158187724
A_M_1.9999999999999998_1.0_444,COM,0.856098,2.940484,2.221,1.741,2.015,64410.55162087724,60980.00158187724
A_M_1.9999999999999998_1.0_445,COM,1.510262,4.331721,2.175,5.982,2.861,61399.222386877234,60980.00158187724
A_M_1.9999999999999998_1.0_446,COM,1.427706,4.374626,1.402,5.933,3.42,63027.079355877235,60980.00158187724
A_M_1.9999999999999998_1.0_447,COM,1.669434,4.95627,1.841,5.19,3.467,63172.024833877236,60980.00158187724
A_M_1.9999999999999998_1.0_448,COM,0.442657,2.018956,0.678,5.006,1.567,64658.171921877234,60980.00158187724
A_M_1.9999999999999998_1.0_449,COM,0.217422,1.500961,2.259,5.127,5.945,61715.195739877236,60980.00158187724
A_M_1.9999999999999998_1.0_450,COM,1.323321,4.124912,1.626,4.097,4.752,64181.43489487724,60980.00158187724
A_M_1.9999999999999998_1.0_451,COM,0.491082,2.165486,2.796,5.624,5.272,64488.07481487724,60980.00158187724
A_M_1.9999999999999998_1.0_452,COM,1.14715,3.627913,1.265,1.63,1.729,63018.47435387724,60980.00158187724
A_M_1.9999999999999998_1.0_453,COM,1.072198,3.516722,2.103,2.668,2.647,64161.95587787724,60980.00158187724
A_M_1.9999999999999998_1.0_454,COM,1.208535,3.837735,1.394,0.645,3.909,61757.95147087724,60980.00158187724
A_M_1.9999999999999998_1.0_455,COM,1.420816,4.361967,0.974,2.164,4.471,62694.911329877235,60980.00158187724
A_M_1.9999999999999998_1.0_456,COM,1.396844,4.288784,1.008,3.771,2.29,64529.84920987724,60980.00158187724
A_M_1.9999999999999998_1.0_457,COM,1.060287,3.465065,2.679,1.212,4.81,63370.48485987724,60980.00158187724
A_M_1.9999999999999998_1.0_458,COM,1.061224,3.482018,1.255,1.109,3.636,64194.62592687724,60980.00158187724
A_M_1.9999999999999998_1.0_459,COM,1.508159,4.485169,1.399,1.361,4.538,63930.65456987724,60980.00158187724
A_M_1.9999999999999998_1.0_460,COM,1.388788,4.280344,1.386,2.898,4.16,62945.74907287724,60980.00158187724
A_M_1.9999999999999998_1.0_461,COM,1.622092,4.731449,0.945,4.084,1.289,61533.82637687724,60980.00158187724
A_M_1.9999999999999998_1.0_462,COM,1.262173,4.096293,1.558,5.117,3.391,64028.23294687724,60980.00158187724
A_M_1.9999999999999998_1.0_463,COM,2.143486,6.180625,1.179,2.36,3.72,63582.091391877235,60980.00158187724
A_M_1.9999999999999998_1.0_464,COM,0.122006,1.300044,2.347,0.911,5.283,61958.26191987724,60980.00158187724
A_M_1.9999999999999998_1.0_465,COM,0.65292,2.620343,0.237,5.389,1.504,62915.72158887724,60980.00158187724
A_M_1.9999999999999998_1.0_466,COM,1.642481,5.09414,2.068,2.181,3.098,63224.256844877236,60980.00158187724
A_M_1.9999999999999998_1.0_467,COM,0.980387,3.353621,0.713,0.838,5.766,64458.22387787724,60980.00158187724
A_M_1.9999999999999998_1.0_468,COM,0.582094,2.411477,0.79,2.261,4.587,61337.60799087724,60980.00158187724
A_M_1.9999999999999998_1.0_469,COM,0.367411,1.879652,2.399,5.31,2.589,64087.86206187724,60980.00158187724
A_M_1.9999999999999998_1.0_470,COM,0.549473,2.319109,1.091,0.395,3.636,63209.97577787724,60980.00158187724
A_M_1.9999999999999998_1.0_471,COM,1.700341,5.415792,2.648,4.286,1.497,63610.92454287724,60980.00158187724
A_M_1.9999999999999998_1.0_472,COM,1.008584,3.55909,0.566,0.337,2.837,64279.71552087724,60980.00158187724
A_M_1.9999999999999998_1.0_473,COM,1.163714,3.958172,1.963,0.502,2.669,62815.97895387724,60980.00158187724
A_M_1.9999999999999998_1.0_474,COM,0.326009,1.814344,2.722,4.639,4.004,61631.457408877235,60980.00158187724
A_M_1.9999999999999998_1.0_475,COM,0.471718,2.201557,1.993,2.017,4.999,63113.83875887724,60980.00158187724
A_M_1.9999999999999998_1.0_476,COM,0.683388,2.761841,1.994,1.781,2.336,62290.96520287724,60980.00158187724
A_M_1.9999999999999998_1.0_477,COM,1.022529,3.557908,0.211,3.406,3.201,64532.13626487724,60980.00158187724
A_M_1.9999999999999998_1.0_478,COM,2.421568,7.234544,1.291,4.425,2.36,63910.37038087724,60980.00158187724
A_M_1.9999999999999998_1.0_479,COM,0.851164,3.163847,2.047,2.284,2.343,64295.95274987724,60980.00158187724
A_M_1.9999999999999998_1.0_480,COM,0.848529,3.147234,0.863,0.603,2.081,62290.53063887724,60980.00158187724
A_M_1.9999999999999998_1.0_481,COM,0.669894,2.718535,1.729,5.966,2.464,63468.68620987724,60980.00158187724
A_M_1.9999999999999998_1.0_482,COM,0.560091,2.435893,2.155,1.245,0.601,62087.02508187724,60980.00158187724
A_M_1.9999999999999998_1.0_483,COM,1.297701,4.35258,2.57,2.838,0.589,62348.46019487724,60980.00158187724
A_M_1.9999999999999998_1.0_484,COM,1.273909,4.218264,1.911,4.66,1.189,61620.658295877234,60980.00158187724
A_M_1.9999999999999998_1.0_485,COM,1.818032,5.62333,2.178,1.147,4.098,64291.740289877234,60980.00158187724
A_M_1.9999999999999998_1.0_486,COM,1.500741,4.855577,2.522,3.424,2.429,61628.31485687724,60980.00158187724
A_M_1.9999999999999998_1.0_487,COM,1.193418,4.205302,1.335,5.028,4.917,63212.82847187724,60980.00158187724
A_M_1.9999999999999998_1.0_488,COM,0.721627,2.927277,3.048,1.358,4.837,64638.43132587724,60980.00158187724
A_M_1.9999999999999998_1.0_489,COM,1.008802,3.682017,1.298,3.526,3.051,63460.57450587724,60980.00158187724
A_M_1.9999999999999998_1.0_490,COM,1.602245,5.277993,2.249,2.582,2.761,63994.024832877236,60980.00158187724
A_M_1.9999999999999998_1.0_491,COM,1.521568,5.04116,0.446,5.402,0.64,63224.859276877236,60980.00158187724
A_M_1.9999999999999998_1.0_492,COM,1.631751,5.387816,0.138,0.853,2.19,61237.49722887724,60980.00158187724
A_M_1.9999999999999998_1.0_493,COM,0.173347,1.453005,0.4,1.038,5.659,60968.066287877235,60980.00158187724
A_M_1.9999999999999998_1.0_494,COM,1.336409,4.618728,2.517,2.31,5.748,63341.509482877234,60980.00158187724
A_M_1.9999999999999998_1.0_495,COM,1.687335,5.552476,0.465,4.616,5.117,63265.67001587724,60980.00158187724
A_M_1.9999999999999998_1.0_496,COM,1.291942,4.484562,1.15,4.698,2.331,61981.99785287724,60980.00158187724
A_M_1.9999999999999998_1.0_497,COM,0.778557,3.039116,1.448,2.045,4.775,63330.205863877236,60980.00158187724
A_M_1.9999999999999998_1.0_498,COM,1.679434,5.520769,2.254,4.959,1.618,64003.42116787724,60980.00158187724
A_M_1.9999999999999998_1.0_499,COM,1.291994,4.500066,0.939,4.944,2.846,63230.757444877236,60980.00158187724
A_M_1.9999999999999998_1.0_500,COM,0.578839,2.553894,1.522,2.703,4.036,63003.35898387724,60980.00158187724
A_M_1.9999999999999998_1.0_501,COM,0.778623,3.184788,2.519,4.761,5.104,62226.39713387724,60980.00158187724
A_M_1.9999999999999998_1.0_502,COM,1.225531,4.377899,0.251,4.747,4.805,61041.65542587724,60980.00158187724
A_M_1.9999999999999998_1.0_503,COM,1.818406,5.999835,1.526,1.645,4.476,61487.75481387724,60980.00158187724
A_M_1.9999999999999998_1.0_504,COM,1.149665,4.163686,0.761,3.024,2.816,62516.312311877235,60980.00158187724
A_M_1.9999999999999998_1.0_505,COM,1.857792,6.229166,1.302,6.082,2.098,61927.80908587724,60980.00158187724
A_M_1.9999999999999998_1.0_506,COM,0.41529,2.15547,1.318,1.334,4.695,63144.70572287724,60980.00158187724
A_M_1.9999999999999998_1.0_507,COM,1.548084,5.369244,2.7,0.846,3.673,62684.58714687724,60980.00158187724
A_M_1.9999999999999998_1.0_508,COM,0.942139,3.631776,1.01,3.611,3.816,62400.67147787724,60980.00158187724
A_M_1.9999999999999998_1.0_509,COM,1.442143,5.027746,0.493,2.79,4.996,64071.17341187724,60980.00158187724
A_M_1.9999999999999998_1.0_510,COM,0.008944,1.025161,1.722,1.186,3.345,64198.609080877235,60980.00158187724
A_M_1.9999999999999998_1.0_511,COM,1.009213,3.766371,1.532,1.705,4.651,63964.58295987724,60980.00158187724
A_M_1.9999999999999998_1.0_512,COM,1.707128,5.782437,1.888,2.027,3.743,63274.541661877236,60980.00158187724
A_M_1.9999999999999998_1.0_513,COM,0.881928,3.505045,2.181,5.609,2.787,61011.963898877235,60980.00158187724
A_M_1.9999999999999998_1.0_514,COM,1.993314,6.81952,2.494,6.173,3.177,61400.54468287724,60980.00158187724
A_M_1.9999999999999998_1.0_515,COM,0.701887,3.054874,2.106,3.979,1.852,62132.81202787724,60980.00158187724
A_M_1.9999999999999998_1.0_516,COM,0.604588,2.730063,1.882,2.06,2.713,63695.357444877234,60980.00158187724
A_M_1.9999999999999998_1.0_517,COM,1.611837,5.641438,2.709,0.743,3.641,62873.465894877234,60980.00158187724
A_M_1.9999999999999998_1.0_518,COM,0.375799,2.067431,1.846,5.276,3.069,63607.508153877236,60980.00158187724
A_M_1.9999999999999998_1.0_519,COM,0.291532,1.835779,2.497,0.826,4.009,62101.13970387724,60980.00158187724
A_M_1.9999999999999998_1.0_520,COM,3.262211,10.291076,0.93,3.142,3.867,63426.24305787724,60980.00158187724
A_M_1.9999999999999998_1.0_521,COM,0.703417,3.045505,1.58,2.321,1.511,64584.498241877234,60980.00158187724
A_M_1.9999999999999998_1.0_522,COM,0.978899,3.772552,2.159,4.821,2.075,61681.07367287724,60980.00158187724
A_M_1.9999999999999998_1.0_523,COM,0.999678,3.873586,1.997,3.587,1.285,62304.200813877236,60980.00158187724
A_M_1.9999999999999998_1.0_524,COM,0.103439,1.29985,1.839,4.305,1.787,61257.26386187724,60980.00158187724
A_M_1.9999999999999998_1.0_525,COM,1.130943,4.284256,2.575,6.167,3.319,63212.52465387724,60980.00158187724
A_M_1.9999999999999998_1.0_526,COM,1.983444,6.887528,2.77,3.6,0.947,62107.461789877234,60980.00158187724
A_M_1.9999999999999998_1.0_527,COM,1.231552,4.639399,0.646,5.619,0.391,61371.005509877235,60980.00158187724
A_M_1.9999999999999998_1.0_528,COM,0.319038,1.94319,1.369,5.966,2.857,63858.427063877236,60980.00158187724
A_M_1.9999999999999998_1.0_529,COM,0.887021,3.665183,0.795,5.36,0.543,63985.71070987724,60980.00158187724
A_M_1.9999999999999998_1.0_530,COM,0.947991,3.793757,2.804,4.977,1.872,64411.63119287724,60980.00158187724
A_M_1.9999999999999998_1.0_531,COM,1.342915,5.090367,2.857,4.833,1.98,64606.42608687724,60980.00158187724
A_M_1.9999999999999998_1.0_532,COM,0.079085,1.233053,1.528,4.488,3.874,61450.84072087724,60980.00158187724
A_M_1.9999999999999998_1.0_533,COM,1.849163,6.551899,2.324,5.211,5.492,62643.51084887724,60980.00158187724
A_M_1.9999999999999998_1.0_534,COM,1.555469,5.569403,1.799,5.084,2.679,64312.93457387724,60980.00158187724
A_M_1.9999999999999998_1.0_535,COM,1.068004,4.219639,1.529,5.317,3.238,61083.481650877235,60980.00158187724
A_M_1.9999999999999998_1.0_536,COM,1.897306,6.790917,2.639,1.519,5.413,61270.11887187724,60980.00158187724
A_M_1.9999999999999998_1.0_537,COM,0.674378,2.996387,0.486,5.033,1.008,63371.10580187724,60980.00158187724
A_M_1.9999999999999998_1.0_538,COM,1.116769,4.511323,2.829,3.65,1.003,62459.94684587724,60980.00158187724
A_M_1.9999999999999998_1.0_539,COM,1.636206,6.177472,1.257,5.41,2.059,62402.421001877236,60980.00158187724
A_M_1.9999999999999998_1.0_540,COM,0.982202,4.034957,0.841,3.638,2.077,62323.189246877235,60980.00158187724
A_M_1.9999999999999998_1.0_541,COM,1.413738,5.384461,2.472,3.467,3.445,63978.774725877236,60980.00158187724
A_M_1.9999999999999998_1.0_542,COM,0.616638,2.932024,0.389,3.548,0.148,62628.73920287724,60980.00158187724
A_M_1.9999999999999998_1.0_543,COM,1.404246,5.351834,1.373,4.035,1.541,64077.255592877234,60980.00158187724
A_M_1.9999999999999998_1.0_544,COM,1.381812,5.272607,1.631,3.706,4.057,62625.01255087724,60980.00158187724
A_M_1.9999999999999998_1.0_545,COM,1.278268,4.994952,1.751,1.061,5.431,61370.10849587724,60980.00158187724
A_M_1.9999999999999998_1.0_546,COM,0.823752,3.55072,2.011,1.657,5.07,64034.867311877235,60980.00158187724
A_M_1.9999999999999998_1.0_547,COM,1.475882,5.671244,0.83,4.717,1.974,61250.103147877235,60980.00158187724
A_M_1.9999999999999998_1.0_548,COM,1.500145,5.60705,0.729,2.205,4.158,63659.017865877235,60980.00158187724
A_M_1.9999999999999998_1.0_549,COM,1.471523,5.631062,2.047,3.797,4.426,62810.04949187724,60980.00158187724
A_M_1.9999999999999998_1.0_550,COM,1.577427,6.191067,1.277,5.044,1.919,61114.273603877235,60980.00158187724
A_M_1.9999999999999998_1.0_551,COM,0.948268,4.081733,0.641,3.26,3.317,61982.312872877235,60980.00158187724
A_M_1.9999999999999998_1.0_552,COM,1.429332,5.616742,2.894,3.139,6.132,61642.84965687724,60980.00158187724
A_M_1.9999999999999998_1.0_553,COM,1.474834,5.724213,1.989,0.155,3.483,64243.697776877234,60980.00158187724
A_M_1.9999999999999998_1.0_554,COM,0.712098,3.267827,2.007,5.046,2.852,63824.926117877236,60980.00158187724
A_M_1.9999999999999998_1.0_555,COM,4.494237,15.492081,2.055,5.796,3.276,64631.19011387724,60980.00158187724
A_M_1.9999999999999998_1.0_556,COM,0.696262,3.278567,2.761,4.681,2.317,61603.98044387724,60980.00158187724
A_M_1.9999999999999998_1.0_557,COM,0.344948,2.096647,1.25,4.168,3.915,61727.28713687724,60980.00158187724
A_M_1.9999999999999998_1.0_558,COM,1.18655,4.77195,2.169,1.313,3.974,62915.400110877235,60980.00158187724
A_M_1.9999999999999998_1.0_559,COM,0.564096,2.888157,1.477,1.847,4.82,63439.00076687724,60980.00158187724
A_M_1.9999999999999998_1.0_560,COM,2.817848,10.6198,1.728,1.554,2.703,61506.91450587724,60980.00158187724
A_M_1.9999999999999998_1.0_561,COM,1.643444,6.504218,2.151,5.017,1.834,62084.99303687724,60980.00158187724
A_M_1.9999999999999998_1.0_562,COM,1.387503,5.735112,2.579,4.616,3.619,63109.75540687724,60980.00158187724
A_M_1.9999999999999998_1.0_563,COM,1.326496,5.422349,0.298,5.113,1.162,64135.430631877236,60980.00158187724
A_M_1.9999999999999998_1.0_564,COM,0.180816,1.598299,2.285,1.166,4.116,63274.51453087724,60980.00158187724
A_M_1.9999999999999998_1.0_565,COM,1.000408,4.412632,1.169,4.06,2.411,64372.68455687724,60980.00158187724
A_M_1.9999999999999998_1.0_566,COM,0.91261,4.067606,1.9,1.684,4.913,63452.298045877236,60980.00158187724
A_M_1.9999999999999998_1.0_567,COM,0.370685,2.241764,1.672,5.168,2.809,61794.269050877236,60980.00158187724
A_M_1.9999999999999998_1.0_568,COM,0.574075,2.94673,2.243,4.547,4.89,63972.141147877235,60980.00158187724
A_M_1.9999999999999998_1.0_569,COM,1.121277,4.79244,1.258,2.257,4.125,63006.11188987724,60980.00158187724
A_M_1.9999999999999998_1.0_570,COM,0.913929,4.057807,2.734,0.724,4.135,63339.32052787724,60980.00158187724
A_M_1.9999999999999998_1.0_571,COM,1.250331,5.409471,1.024,5.471,1.854,63920.903459877234,60980.00158187724
A_M_1.9999999999999998_1.0_572,COM,0.207633,1.729235,2.336,4.034,5.548,63586.61590187724,60980.00158187724
A_M_1.9999999999999998_1.0_573,COM,0.865532,4.053648,1.671,4.532,2.566,63588.50899587724,60980.00158187724
A_M_1.9999999999999998_1.0_574,COM,1.860636,7.378981,1.452,3.914,4.625,61286.92976487724,60980.00158187724
A_M_1.9999999999999998_1.0_575,COM,2.348401,9.032632,1.509,4.059,3.416,61940.33123687724,60980.00158187724
A_M_1.9999999999999998_1.0_576,COM,1.080236,4.820178,1.875,0.386,2.902,60956.89178687724,60980.00158187724
A_M_1.9999999999999998_1.0_577,COM,1.212703,5.41164,2.318,5.707,2.188,63783.05551387724,60980.00158187724
A_M_1.9999999999999998_1.0_578,COM,0.239369,1.876955,2.386,6.17,3.88,62561.14265787724,60980.00158187724
A_M_1.9999999999999998_1.0_579,COM,1.294969,5.742656,2.016,1.438,4.795,61854.48241587724,60980.00158187724
A_M_1.9999999999999998_1.0_580,COM,1.005825,4.666971,2.172,5.277,5.344,60983.57670787724,60980.00158187724
A_M_1.9999999999999998_1.0_581,COM,0.924147,4.336794,2.097,1.113,3.809,62001.749897877235,60980.00158187724
A_M_1.9999999999999998_1.0_582,COM,0.699789,3.496249,1.526,1.153,2.378,63205.61580087724,60980.00158187724
A_M_1.9999999999999998_1.0_583,COM,0.632776,3.284485,0.819,4.607,2.264,62485.46350087724,60980.00158187724
A_M_1.9999999999999998_1.0_584,COM,0.263401,1.937878,1.426,0.448,3.303,64568.26851787724,60980.00158187724
A_M_1.9999999999999998_1.0_585,COM,0.54978,2.973094,1.551,4.96,3.354,64338.97304087724,60980.00158187724
A_M_1.9999999999999998_1.0_586,COM,0.931378,4.471936,0.208,0.241,6.211,63382.358887877235,60980.00158187724
A_M_1.9999999999999998_1.0_587,COM,0.450035,2.667011,1.408,2.357,3.15,62188.29253487724,60980.00158187724
A_M_1.9999999999999998_1.0_588,COM,1.432752,6.2771,1.11,1.677,4.789,63084.98932887724,60980.00158187724
A_M_1.9999999999999998_1.0_589,COM,0.983548,4.663393,0.523,6.05,6.254,63179.51628487724,60980.00158187724
A_M_1.9999999999999998_1.0_590,COM,0.915122,4.365357,2.518,5.768,2.878,63676.11882487724,60980.00158187724
A_M_1.9999999999999998_1.0_591,COM,0.842393,4.091327,1.957,1.72,4.954,63814.60219487724,60980.00158187724
A_M_1.9999999999999998_1.0_592,COM,0.920817,4.470392,1.924,4.358,3.975,62549.732880877236,60980.00158187724
A_M_1.9999999999999998_1.0_593,COM,1.200979,5.455782,1.619,1.826,4.874,61384.94441187724,60980.00158187724
A_M_1.9999999999999998_1.0_594,COM,0.425791,2.616442,2.379,5.83,3.744,63198.08486987724,60980.00158187724
A_M_1.9999999999999998_1.0_595,COM,2.993444,12.202283,1.98,1.303,5.376,61422.04527787724,60980.00158187724
A_M_1.9999999999999998_1.0_596,COM,1.507023,6.641759,2.091,1.318,3.998,64349.836555877235,60980.00158187724
A_M_1.9999999999999998_1.0_597,COM,1.02441,4.773542,1.578,0.262,3.494,63228.66802287724,60980.00158187724
A_M_1.9999999999999998_1.0_598,COM,1.284254,5.993241,1.756,1.274,2.847,63825.11335187724,60980.00158187724
A_M_1.9999999999999998_1.0_599,COM,2.212431,9.682175,1.686,4.253,4.856,63646.39206387724,60980.00158187724
A_M_1.9999999999999998_1.0_600,COM,1.004652,4.818394,2.843,5.606,5.539,61146.433038877236,60980.00158187724
A_M_1.9999999999999998_1.0_601,COM,0.482756,2.86385,0.487,3.472,3.416,64390.70123287724,60980.00158187724
A_M_1.9999999999999998_1.0_602,COM,0.117928,1.453693,0.997,1.083,2.698,64404.420095877234,60980.00158187724
A_M_1.9999999999999998_1.0_603,COM,1.091163,5.251041,1.888,1.3,3.13,62901.76171287724,60980.00158187724
A_M_1.9999999999999998_1.0_604,COM,1.4696,6.739785,0.521,5.988,6.112,63814.14591487724,60980.00158187724
A_M_1.9999999999999998_1.0_605,COM,1.165065,5.501889,0.773,5.2,4.382,61479.45250287724,60980.00158187724
A_M_1.9999999999999998_1.0_606,COM,1.828715,7.999669,2.714,5.285,2.713,61412.03681087724,60980.00158187724
A_M_1.9999999999999998_1.0_607,COM,1.648057,7.634353,1.89,2.032,4.141,64226.75796587724,60980.00158187724
A_M_1.9999999999999998_1.0_608,COM,1.323209,6.278099,1.946,4.102,1.652,63857.45045487724,60980.00158187724
A_M_1.9999999999999998_1.0_609,COM,0.440862,2.752264,0.906,5.308,3.847,64125.748307877235,60980.00158187724
A_M_1.9999999999999998_1.0_610,COM,0.944461,4.744,0.664,1.828,3.319,63575.222258877235,60980.00158187724
A_M_1.9999999999999998_1.0_611,COM,0.535325,3.157678,2.116,5.432,3.062,62185.275815877234,60980.00158187724
A_M_1.9999999999999998_1.0_612,COM,2.14113,9.65186,1.913,1.158,2.386,62230.32218387724,60980.00158187724
A_M_1.9999999999999998_1.0_613,COM,0.997288,5.136219,0.412,4.181,5.603,61323.66843287724,60980.00158187724
A_M_1.9999999999999998_1.0_614,COM,4.134125,18.296699,0.985,4.805,1.308,62727.62226387724,60980.00158187724
A_M_1.9999999999999998_1.0_615,COM,0.603753,3.484108,2.615,4.273,1.391,63950.85789487724,60980.00158187724
A_M_1.9999999999999998_1.0_616,COM,0.980232,5.096832,1.942,2.197,3.885,61969.18854487724,60980.00158187724
A_M_1.9999999999999998_1.0_617,COM,1.104062,5.514044,1.372,1.456,1.548,61497.361292877235,60980.00158187724
A_M_1.9999999999999998_1.0_618,COM,0.906356,4.707797,0.458,2.324,4.474,64169.070803877235,60980.00158187724
A_M_1.9999999999999998_1.0_619,COM,0.83538,4.411109,2.013,2.032,3.863,61639.38859987724,60980.00158187724
A_M_1.9999999999999998_1.0_620,COM,1.248591,6.404103,1.743,5.496,2.499,63452.83559387724,60980.00158187724
A_M_1.9999999999999998_1.0_621,COM,0.031588,1.13302,1.711,2.248,4.001,62653.05849687724,60980.00158187724
A_M_1.9999999999999998_1.0_622,COM,0.276053,2.192166,2.834,6.174,0.125,61283.51108587724,60980.00158187724
A_M_1.9999999999999998_1.0_623,COM,0.606329,3.601155,1.334,4.379,4.903,61402.58208087724,60980.00158187724
A_M_1.9999999999999998_1.0_624,COM,0.706565,4.008148,2.693,5.27,2.562,62380.71272487724,60980.00158187724
A_M_1.9999999999999998_1.0_625,COM,0.394924,2.663411,1.504,3.979,0.642,64443.425124877234,60980.00158187724
A_M_1.9999999999999998_1.0_626,COM,0.31341,2.343073,1.243,2.241,3.844,61351.33528087724,60980.00158187724
A_M_1.9999999999999998_1.0_627,COM,1.381893,6.841837,0.424,1.029,5.22,63154.59393687724,60980.00158187724
A_M_1.9999999999999998_1.0_628,COM,0.251191,2.110532,0.94,2.631,4.213,63616.630916877235,60980.00158187724
A_M_1.9999999999999998_1.0_629,COM,3.003402,14.404924,1.088,1.378,5.254,64657.86605787724,60980.00158187724
A_M_1.9999999999999998_1.0_630,COM,0.806599,4.543382,1.592,1.856,4.111,63763.762967877235,60980.00158187724
A_M_1.9999999999999998_1.0_631,COM,0.937285,5.072098,0.956,5.933,2.624,61694.83476287724,60980.00158187724
A_M_1.9999999999999998_1.0_632,COM,0.985981,5.36242,1.038,4.927,2.487,60972.591202877236,60980.00158187724
A_M_1.9999999999999998_1.0_633,COM,0.50582,3.236612,1.114,1.69,2.588,60958.517628877235,60980.00158187724
A_M_1.9999999999999998_1.0_634,COM,1.531109,7.849669,1.551,1.16,3.563,62979.39975787724,60980.00158187724
A_M_1.9999999999999998_1.0_635,COM,0.963674,5.196642,1.401,1.554,5.05,62724.61885087724,60980.00158187724
A_M_1.9999999999999998_1.0_636,COM,1.205284,6.564365,2.845,3.95,1.281,63620.61948787724,60980.00158187724
A_M_1.9999999999999998_1.0_637,COM,1.1309,6.075484,1.033,5.912,1.713,61182.92986987724,60980.00158187724
A_M_1.9999999999999998_1.0_638,COM,1.224878,6.604177,2.917,0.503,3.48,63411.28651387724,60980.00158187724
A_M_1.9999999999999998_1.0_639,COM,1.571511,8.173907,2.29,2.027,2.345,61617.32104787724,60980.00158187724
A_M_1.9999999999999998_1.0_640,COM,0.425184,2.947058,2.537,0.74,4.704,63053.57672687724,60980.00158187724
A_M_1.9999999999999998_1.0_641,COM,1.997291,10.188601,0.33,0.504,2.614,63627.07143687724,60980.00158187724
A_M_1.9999999999999998_1.0_642,COM,1.078326,5.885433,1.967,4.648,1.849,62955.79446287724,60980.00158187724
A_M_1.9999999999999998_1.0_643,COM,0.021291,1.09865,1.871,0.444,5.856,61116.05664487724,60980.00158187724
A_M_1.9999999999999998_1.0_644,COM,0.614428,3.901138,1.759,4.744,1.937,64245.85031687724,60980.00158187724
A_M_1.9999999999999998_1.0_645,COM,2.088028,10.701288,1.893,5.19,4.483,60927.792969877235,60980.00158187724
A_M_1.9999999999999998_1.0_646,COM,1.090679,6.098479,2.221,1.646,5.003,62586.07946887724,60980.00158187724
A_M_1.9999999999999998_1.0_647,COM,0.744782,4.481747,0.531,1.4,4.809,62763.493040877234,60980.00158187724
A_M_1.9999999999999998_1.0_648,COM,1.232237,6.789566,1.847,4.973,4.561,62637.86653287724,60980.00158187724
A_M_1.9999999999999998_1.0_649,COM,0.217916,2.019321,0.518,3.056,4.006,61201.84247587724,60980.00158187724
A_M_1.9999999999999998_1.0_650,COM,0.750306,4.63698,2.236,1.743,2.917,63092.65143687724,60980.00158187724
A_M_1.9999999999999998_1.0_651,COM,1.022299,5.998387,1.528,1.878,4.563,62483.631606877236,60980.00158187724
A_M_1.9999999999999998_1.0_652,COM,1.172781,6.702674,2.538,0.112,3.621,63581.077015877236,60980.00158187724
A_M_1.9999999999999998_1.0_653,COM,1.612023,8.752338,0.669,4.521,1.856,63594.46238087724,60980.00158187724
A_M_1.9999999999999998_1.0_654,COM,0.797316,4.817612,1.788,4.322,1.675,63297.26847787724,60980.00158187724
A_M_1.9999999999999998_1.0_655,COM,1.397107,8.006403,1.217,5.065,2.073,64446.21314187724,60980.00158187724
A_M_1.9999999999999998_1.0_656,COM,1.133803,6.637473,0.226,0.004,4.806,63203.69639487724,60980.00158187724
A_M_1.9999999999999998_1.0_657,COM,1.008186,6.041999,1.997,1.269,4.475,63682.01478187724,60980.00158187724
A_M_1.9999999999999998_1.0_658,COM,0.110307,1.553401,0.564,4.484,2.668,63144.593867877236,60980.00158187724
A_M_1.9999999999999998_1.0_659,COM,0.586463,3.941322,1.166,2.544,4.444,62752.49039087724,60980.00158187724
A_M_1.9999999999999998_1.0_660,COM,2.007197,10.916059,1.96,4.555,4.445,64309.521861877234,60980.00158187724
A_M_1.9999999999999998_1.0_661,COM,0.284928,2.409751,1.017,2.498,4.448,62504.02100987724,60980.00158187724
A_M_1.9999999999999998_1.0_662,COM,1.590204,8.919576,2.336,4.946,2.031,64512.44441887724,60980.00158187724
A_M_1.9999999999999998_1.0_663,COM,1.254448,7.427937,2.122,1.198,4.025,64333.017288877236,60980.00158187724
A_M_1.9999999999999998_1.0_664,COM,1.54865,8.890062,1.981,5.077,2.494,63940.61611387724,60980.00158187724
A_M_1.9999999999999998_1.0_665,COM,2.099747,11.670727,1.055,1.248,2.158,64424.74539587724,60980.00158187724
A_M_1.9999999999999998_1.0_666,COM,1.492805,8.58317,1.338,0.764,4.257,61614.04295687724,60980.00158187724
A_M_1.9999999999999998_1.0_667,COM,0.381921,2.956268,2.507,0.571,3.743,62594.84633087724,60980.00158187724
A_M_1.9999999999999998_1.0_668,COM,1.283291,7.540623,2.454,4.51,1.827,61951.26772787724,60980.00158187724
A_M_1.9999999999999998_1.0_669,COM,1.070478,6.563547,2.604,2.647,2.753,64283.808724877235,60980.00158187724
A_M_1.9999999999999998_1.0_670,COM,1.670203,9.69038,1.23,4.407,3.654,61207.85956687724,60980.00158187724
A_M_1.9999999999999998_1.0_671,COM,1.438322,8.375661,1.882,1.836,3.645,61663.555992877235,60980.00158187724
A_M_1.9999999999999998_1.0_672,COM,1.450155,8.706978,0.826,5.235,3.91,62569.999320877236,60980.00158187724
A_M_1.9999999999999998_1.0_673,COM,1.146042,7.101863,2.208,1.395,1.866,63935.05639587724,60980.00158187724
A_M_1.9999999999999998_1.0_674,COM,0.878795,5.846458,2.469,4.481,4.552,61530.94834687724,60980.00158187724
A_M_1.9999999999999998_1.0_675,COM,0.770757,5.195014,2.223,2.068,2.856,64151.95284187724,60980.00158187724
A_M_1.9999999999999998_1.0_676,COM,0.693408,4.785263,2.327,5.128,4.894,62426.88417487724,60980.00158187724
A_M_1.9999999999999998_1.0_677,COM,2.208467,13.00306,2.338,1.701,2.511,64502.62959387724,60980.00158187724
A_M_1.9999999999999998_1.0_678,COM,1.307724,8.185915,2.042,5.39,2.884,62360.09683487724,60980.00158187724
A_M_1.9999999999999998_1.0_679,COM,1.204219,7.587842,1.996,1.648,4.723,63646.628789877235,60980.00158187724
A_M_1.9999999999999998_1.0_680,COM,0.015594,1.087973,0.56,2.813,4.8,64449.40790487724,60980.00158187724
A_M_1.9999999999999998_1.0_681,COM,1.803502,11.178266,1.469,0.538,2.827,61252.15570687724,60980.00158187724
A_M_1.9999999999999998_1.0_682,COM,1.230628,7.861903,1.715,1.72,4.544,60984.05222387724,60980.00158187724
A_M_1.9999999999999998_1.0_683,COM,1.633341,10.097265,1.197,1.721,5.538,64561.41009987724,60980.00158187724
A_M_1.9999999999999998_1.0_684,COM,1.59133,10.30015,1.482,5.514,2.677,62695.58899387724,60980.00158187724
A_M_1.9999999999999998_1.0_685,COM,0.709236,5.089302,1.898,5.52,2.672,64662.00382587724,60980.00158187724
A_M_1.9999999999999998_1.0_686,COM,1.806183,11.831542,0.813,2.424,3.398,61273.25522187724,60980.00158187724
A_M_1.9999999999999998_1.0_687,COM,2.147259,13.722339,1.247,4.741,2.483,62776.37299987724,60980.00158187724
A_M_1.9999999999999998_1.0_688,COM,0.787489,5.716069,1.079,2.752,4.093,61717.34376987724,60980.00158187724
A_M_1.9999999999999998_1.0_689,COM,0.328102,3.002217,1.587,1.294,2.398,64288.53648587724,60980.00158187724
A_M_1.9999999999999998_1.0_690,COM,1.279102,8.772834,1.235,4.688,2.273,63965.60281787724,60980.00158187724
A_M_1.9999999999999998_1.0_691,COM,0.832425,6.004945,2.048,5.09,2.159,64045.530657877236,60980.00158187724
A_M_1.9999999999999998_1.0_692,COM,0.850488,6.177312,1.98,1.279,2.061,61227.43072387724,60980.00158187724
A_M_1.9999999999999998_1.0_693,COM,0.870927,6.257708,1.145,4.548,2.524,63829.49275887724,60980.00158187724
A_M_1.9999999999999998_1.0_694,COM,0.733015,5.432279,1.925,4.085,1.114,61424.29181587724,60980.00158187724
A_M_1.9999999999999998_1.0_695,COM,3.092787,19.790756,2.544,3.626,0.439,64124.63116087724,60980.00158187724
A_M_1.9999999999999998_1.0_696,COM,2.136498,14.00024,1.194,0.951,4.351,61710.15968687724,60980.00158187724
A_M_1.9999999999999998_1.0_697,COM,1.741274,11.78176,1.729,2.176,2.139,62232.822737877235,60980.00158187724
A_M_1.9999999999999998_1.0_698,COM,0.71462,5.486115,1.427,2.19,4.059,62653.894352877236,60980.00158187724
A_M_1.9999999999999998_1.0_699,COM,0.308232,2.919352,1.3,4.425,4.852,61521.706958877236,60980.00158187724
A_M_1.9999999999999998_1.0_700,COM,0.558214,4.523578,1.072,4.655,2.424,61011.09393287724,60980.00158187724
A_M_1.9999999999999998_1.0_701,COM,1.248817,8.954938,0.46,2.518,3.623,63197.532720877236,60980.00158187724
A_M_1.9999999999999998_1.0_702,COM,1.021374,7.516406,1.389,1.175,5.312,63676.90589787724,60980.00158187724
A_M_1.9999999999999998_1.0_703,COM,1.359192,9.77972,2.174,1.514,4.916,62645.96436487724,60980.00158187724
A_M_1.9999999999999998_1.0_704,COM,1.709885,12.132169,1.618,1.497,4.405,63051.39704887724,60980.00158187724
A_M_1.9999999999999998_1.0_705,COM,1.252308,8.994899,1.947,0.261,2.462,64359.57921987724,60980.00158187724
A_M_1.9999999999999998_1.0_706,COM,9.79837,63.748602,1.741,2.039,1.39,63925.31518187724,60980.00158187724
A_M_1.9999999999999998_1.0_707,COM,1.501779,10.982255,0.956,1.811,4.434,62101.87873287724,60980.00158187724
A_M_1.9999999999999998_1.0_708,COM,0.866452,6.761147,0.864,1.103,2.106,64207.74518187724,60980.00158187724
A_M_1.9999999999999998_1.0_709,COM,1.50055,10.992302,2.216,6.045,2.7,62673.96958687724,60980.00158187724
A_M_1.9999999999999998_1.0_710,COM,1.48718,10.908049,1.522,1.804,4.255,61804.91753187724,60980.00158187724
A_M_1.9999999999999998_1.0_711,COM,1.743797,12.649917,2.766,2.338,2.558,62351.98057387724,60980.00158187724
A_M_1.9999999999999998_1.0_712,COM,1.087196,8.408057,2.652,3.223,3.165,62141.04848187724,60980.00158187724
A_M_1.9999999999999998_1.0_713,COM,1.741765,12.828016,0.963,4.458,1.706,62755.44338187724,60980.00158187724
A_M_1.9999999999999998_1.0_714,COM,1.471497,10.997714,0.529,0.774,5.068,63465.11129887724,60980.00158187724
A_M_1.9999999999999998_1.0_715,COM,0.638649,5.392497,2.05,1.711,5.471,64417.443672877234,60980.00158187724
A_M_1.9999999999999998_1.0_716,COM,0.792328,6.550989,0.943,4.652,1.388,61365.735820877235,60980.00158187724
A_M_1.9999999999999998_1.0_717,COM,2.900857,21.034108,1.196,4.849,4.171,62056.98579387724,60980.00158187724
A_M_1.9999999999999998_1.0_718,COM,1.460115,11.165922,1.505,1.617,4.95,62159.65812187724,60980.00158187724
A_M_1.9999999999999998_1.0_719,COM,1.420673,10.890788,1.063,2.25,4.259,64578.833892877235,60980.00158187724
A_M_1.9999999999999998_1.0_720,COM,3.880417,27.728891,1.978,5.936,2.944,63873.326002877235,60980.00158187724
A_M_1.9999999999999998_1.0_721,COM,1.467186,11.299506,1.086,1.612,4.071,62571.46457987724,60980.00158187724
A_M_1.9999999999999998_1.0_722,COM,0.793819,6.560713,1.714,1.484,2.061,62539.26271387724,60980.00158187724
A_M_1.9999999999999998_1.0_723,COM,0.91754,7.468853,1.233,4.861,2.647,63323.52892487724,60980.00158187724
A_M_1.9999999999999998_1.0_724,COM,2.083322,15.856256,0.228,3.7,2.507,61997.16570387724,60980.00158187724
A_M_1.9999999999999998_1.0_725,COM,1.334866,10.773892,0.405,3.097,3.381,62958.30650487724,60980.00158187724
A_M_1.9999999999999998_1.0_726,COM,1.143299,9.33127,0.956,2.243,4.223,64318.163088877234,60980.00158187724
A_M_1.9999999999999998_1.0_727,COM,1.432671,11.665337,2.365,0.711,3.355,61471.899676877234,60980.00158187724
A_M_1.9999999999999998_1.0_728,COM,0.79201,6.928173,0.783,5.233,0.877,62083.26878387724,60980.00158187724
A_M_1.9999999999999998_1.0_729,COM,1.183468,10.349907,3.012,1.927,4.958,62824.15968787724,60980.00158187724
A_M_1.9999999999999998_1.0_730,COM,0.038986,1.306746,2.525,0.948,5.189,62571.444964877235,60980.00158187724
A_M_1.9999999999999998_1.0_731,COM,0.542955,5.35014,0.804,1.934,4.157,61425.331333877235,60980.00158187724
A_M_1.9999999999999998_1.0_732,COM,1.306844,11.626988,1.459,4.504,1.688,61712.78740987724,60980.00158187724
A_M_1.9999999999999998_1.0_733,COM,0.377825,4.030073,0.302,2.997,3.661,63331.54492187724,60980.00158187724
A_M_1.9999999999999998_1.0_734,COM,1.203083,10.680571,1.372,1.605,4.402,64658.81468187724,60980.00158187724
A_M_1.9999999999999998_1.0_735,COM,0.747881,7.052246,1.523,1.495,4.483,63000.511078877236,60980.00158187724
A_M_1.9999999999999998_1.0_736,COM,0.272239,3.190038,0.438,1.965,4.59,62160.82586987724,60980.00158187724
A_M_1.9999999999999998_1.0_737,COM,0.783593,7.412872,1.584,5.017,4.886,64195.01564587724,60980.00158187724
A_M_1.9999999999999998_1.0_738,COM,1.426562,13.563629,0.541,3.697,2.699,61948.27594287724,60980.00158187724
A_M_1.9999999999999998_1.0_739,COM,0.87398,8.87164,1.749,1.375,4.597,64264.727331877235,60980.00158187724
A_M_1.9999999999999998_1.0_740,COM,1.733726,16.790932,1.974,1.54,4.42,62443.48820087724,60980.00158187724
A_M_1.9999999999999998_1.0_741,COM,1.366947,13.218128,1.706,3.391,2.52,62996.34288487724,60980.00158187724
A_M_1.9999999999999998_1.0_742,COM,1.57918,16.8609,2.521,4.802,1.485,63127.45273387724,60980.00158187724
A_M_1.9999999999999998_1.0_743,COM,0.672176,7.822759,1.148,1.787,4.357,61478.34340487724,60980.00158187724
A_M_1.9999999999999998_1.0_744,COM,0.924572,10.554841,0.577,2.641,3.66,62469.93160587724,60980.00158187724
A_M_1.9999999999999998_1.0_745,COM,1.051937,12.315769,1.21,4.122,1.964,61910.69133987724,60980.00158187724
