ObjID,FORMAT,q,e,inc,node,argPeri,t_p_MJD_TDB,epochMJD_TDB
A_M_1.5999999999999999_1.0_0,COM,1.125799,1.018797,1.645,3.516,5.77,63660.740247877235,60980.00158187724
A_M_1.5999999999999999_1.0_1,COM,1.022767,1.025826,2.205,6.132,4.443,61429.525472877234,60980.00158187724
A_M_1.5999999999999999_1.0_2,COM,1.608293,1.031643,1.556,0.023,3.441,61649.96386587724,60980.00158187724
A_M_1.5999999999999999_1.0_3,COM,0.130384,1.004821,0.981,3.156,3.083,61164.86276487724,60980.00158187724
A_M_1.5999999999999999_1.0_4,COM,0.072179,1.002919,2.333,1.525,4.829,61784.79796987724,60980.00158187724
A_M_1.5999999999999999_1.0_5,COM,1.813326,1.072625,0.94,2.534,4.07,63419.081760877234,60980.00158187724
A_M_1.5999999999999999_1.0_6,COM,0.660728,1.044736,0.421,1.216,0.155,61713.32502487724,60980.00158187724
A_M_1.5999999999999999_1.0_7,COM,1.476599,1.101017,1.401,4.661,6.062,62625.00066387724,60980.00158187724
A_M_1.5999999999999999_1.0_8,COM,1.193476,1.080908,1.517,4.931,1.777,64380.97061887724,60980.00158187724
A_M_1.5999999999999999_1.0_9,COM,2.733517,1.248752,2.189,6.132,1.78,64097.00278387724,60980.00158187724
A_M_1.5999999999999999_1.0_10,COM,1.458671,1.130219,1.642,1.687,1.22,61069.41692187724,60980.00158187724
A_M_1.5999999999999999_1.0_11,COM,1.484231,1.112641,1.538,0.992,3.66,63579.189186877236,60980.00158187724
A_M_1.5999999999999999_1.0_12,COM,1.337006,1.125275,2.231,0.896,2.392,61965.33368387724,60980.00158187724
A_M_1.5999999999999999_1.0_13,COM,0.217383,1.029088,1.449,3.935,1.776,62927.85131687724,60980.00158187724
A_M_1.5999999999999999_1.0_14,COM,0.899207,1.120826,1.525,5.053,2.399,62790.83505887724,60980.00158187724
A_M_1.5999999999999999_1.0_15,COM,1.473543,1.197125,1.434,2.235,2.92,63273.561217877235,60980.00158187724
A_M_1.5999999999999999_1.0_16,COM,0.487497,1.076609,1.276,5.144,0.855,61332.037897877235,60980.00158187724
A_M_1.5999999999999999_1.0_17,COM,0.28078,1.040203,1.423,3.921,6.184,64450.47976487724,60980.00158187724
A_M_1.5999999999999999_1.0_18,COM,1.184165,1.189404,1.317,1.679,0.817,64268.22117187724,60980.00158187724
A_M_1.5999999999999999_1.0_19,COM,0.560698,1.090875,2.281,0.167,4.763,63013.31425187724,60980.00158187724
A_M_1.5999999999999999_1.0_20,COM,0.692281,1.120906,1.561,0.786,4.98,64527.36164687724,60980.00158187724
A_M_1.5999999999999999_1.0_21,COM,0.234316,1.042912,1.88,2.88,4.018,61559.47134687724,60980.00158187724
A_M_1.5999999999999999_1.0_22,COM,0.580877,1.106509,2.281,3.252,1.66,64548.75717687724,60980.00158187724
A_M_1.5999999999999999_1.0_23,COM,1.359078,1.270623,1.608,2.494,2.433,63032.15626787724,60980.00158187724
A_M_1.5999999999999999_1.0_24,COM,1.646125,1.341913,1.958,2.866,0.74,63171.841006877235,60980.00158187724
A_M_1.5999999999999999_1.0_25,COM,1.201975,1.240412,0.899,1.471,3.659,63278.54134287724,60980.00158187724
A_M_1.5999999999999999_1.0_26,COM,1.012539,1.228931,1.876,2.04,4.538,62211.67558687724,60980.00158187724
A_M_1.5999999999999999_1.0_27,COM,0.13165,1.033639,0.649,5.758,2.578,63664.66612787724,60980.00158187724
A_M_1.5999999999999999_1.0_28,COM,1.393446,1.356711,2.26,5.997,0.614,61042.279469877234,60980.00158187724
A_M_1.5999999999999999_1.0_29,COM,1.460062,1.338694,2.317,1.346,5.202,61781.477829877236,60980.00158187724
A_M_1.5999999999999999_1.0_30,COM,0.62484,1.160294,2.331,2.254,0.267,61152.045545877234,60980.00158187724
A_M_1.5999999999999999_1.0_31,COM,0.724959,1.187716,0.558,3.31,3.553,64032.42673187724,60980.00158187724
A_M_1.5999999999999999_1.0_32,COM,1.165695,1.337134,0.491,4.834,3.307,62553.53810087724,60980.00158187724
A_M_1.5999999999999999_1.0_33,COM,0.065298,1.018558,1.444,1.278,0.371,62609.08097387724,60980.00158187724
A_M_1.5999999999999999_1.0_34,COM,1.576269,1.417284,1.89,4.904,0.879,62568.42964787724,60980.00158187724
A_M_1.5999999999999999_1.0_35,COM,6.120748,2.595816,1.384,0.354,3.129,63021.154965877235,60980.00158187724
A_M_1.5999999999999999_1.0_36,COM,0.331538,1.107727,0.472,5.675,1.298,63365.51710287724,60980.00158187724
A_M_1.5999999999999999_1.0_37,COM,1.238943,1.387366,0.879,2.546,3.531,62793.59950187724,60980.00158187724
A_M_1.5999999999999999_1.0_38,COM,2.542681,1.786052,0.58,2.967,0.258,62166.99658087724,60980.00158187724
A_M_1.5999999999999999_1.0_39,COM,0.573317,1.169788,0.821,2.158,1.957,63330.97069887724,60980.00158187724
A_M_1.5999999999999999_1.0_40,COM,0.787426,1.271593,2.074,2.014,3.829,63107.56705887724,60980.00158187724
A_M_1.5999999999999999_1.0_41,COM,0.615733,1.219271,1.299,2.745,5.47,64076.63997787724,60980.00158187724
A_M_1.5999999999999999_1.0_42,COM,1.207001,1.42595,0.601,0.245,0.006,64047.98639387724,60980.00158187724
A_M_1.5999999999999999_1.0_43,COM,0.526724,1.183041,1.585,2.631,1.8,63170.41309887724,60980.00158187724
A_M_1.5999999999999999_1.0_44,COM,1.32333,1.54017,1.775,1.546,4.746,64022.502006877236,60980.00158187724
A_M_1.5999999999999999_1.0_45,COM,0.373104,1.13767,1.57,0.087,2.997,61265.024918877236,60980.00158187724
A_M_1.5999999999999999_1.0_46,COM,1.028495,1.384653,1.19,2.81,3.942,64683.37263087724,60980.00158187724
A_M_1.5999999999999999_1.0_47,COM,0.939042,1.353366,2.057,0.09,1.892,61353.608866877235,60980.00158187724
A_M_1.5999999999999999_1.0_48,COM,0.842821,1.362685,2.506,3.392,1.282,64064.024081877236,60980.00158187724
A_M_1.5999999999999999_1.0_49,COM,1.843249,1.810269,1.032,1.156,1.172,60965.751040877236,60980.00158187724
A_M_1.5999999999999999_1.0_50,COM,2.357495,2.057303,1.958,1.391,3.513,64007.84669587724,60980.00158187724
A_M_1.5999999999999999_1.0_51,COM,1.384125,1.676598,1.768,0.512,5.309,61513.74135987724,60980.00158187724
A_M_1.5999999999999999_1.0_52,COM,1.800311,1.81863,2.776,5.678,4.505,62439.834582877236,60980.00158187724
A_M_1.5999999999999999_1.0_53,COM,1.678833,1.772069,1.872,0.843,4.452,64350.68991887724,60980.00158187724
A_M_1.5999999999999999_1.0_54,COM,0.600786,1.278833,1.62,1.447,5.612,64622.504349877236,60980.00158187724
A_M_1.5999999999999999_1.0_55,COM,1.046842,1.527161,1.497,0.418,5.353,62657.06194187724,60980.00158187724
A_M_1.5999999999999999_1.0_56,COM,1.259633,1.642947,1.621,5.022,2.271,63172.56647787724,60980.00158187724
A_M_1.5999999999999999_1.0_57,COM,0.791007,1.435265,1.94,1.638,4.533,62567.00154187724,60980.00158187724
A_M_1.5999999999999999_1.0_58,COM,0.048711,1.02718,1.21,6.177,3.884,63209.51239687724,60980.00158187724
A_M_1.5999999999999999_1.0_59,COM,0.549714,1.32655,1.155,5.402,6.123,63359.11994987724,60980.00158187724
A_M_1.5999999999999999_1.0_60,COM,1.176373,1.691182,2.875,4.824,3.372,61505.591738877236,60980.00158187724
A_M_1.5999999999999999_1.0_61,COM,1.288521,1.836648,1.892,4.822,3.608,62890.12441087724,60980.00158187724
A_M_1.5999999999999999_1.0_62,COM,1.473044,1.939328,1.934,4.925,3.82,64144.785168877235,60980.00158187724
A_M_1.5999999999999999_1.0_63,COM,0.511751,1.308088,0.759,4.177,2.515,61402.652969877236,60980.00158187724
A_M_1.5999999999999999_1.0_64,COM,1.25755,1.76235,1.483,5.864,2.709,63528.898862877235,60980.00158187724
A_M_1.5999999999999999_1.0_65,COM,1.453687,1.931644,0.919,3.908,3.417,62353.988380877236,60980.00158187724
A_M_1.5999999999999999_1.0_66,COM,0.65445,1.396927,2.295,0.712,4.75,61251.06614887724,60980.00158187724
A_M_1.5999999999999999_1.0_67,COM,0.836101,1.564274,2.516,3.999,3.741,62382.12385187724,60980.00158187724
A_M_1.5999999999999999_1.0_68,COM,1.808367,2.182894,1.634,1.428,3.343,61772.389233877235,60980.00158187724
A_M_1.5999999999999999_1.0_69,COM,1.451448,2.005651,1.102,4.089,2.675,61995.75324687724,60980.00158187724
A_M_1.5999999999999999_1.0_70,COM,1.065582,1.701423,1.299,5.241,2.739,63021.71326287724,60980.00158187724
A_M_1.5999999999999999_1.0_71,COM,2.538458,2.856588,0.746,2.917,4.742,64200.49969687724,60980.00158187724
A_M_1.5999999999999999_1.0_72,COM,1.112254,1.83023,0.177,5.613,4.932,61703.02328687724,60980.00158187724
A_M_1.5999999999999999_1.0_73,COM,1.235854,1.933392,1.615,1.726,3.826,62456.03339387724,60980.00158187724
A_M_1.5999999999999999_1.0_74,COM,0.915615,1.679091,1.082,3.307,1.282,63414.809411877235,60980.00158187724
A_M_1.5999999999999999_1.0_75,COM,0.846047,1.630638,1.061,5.094,5.15,61169.087928877234,60980.00158187724
A_M_1.5999999999999999_1.0_76,COM,1.260842,2.027952,1.719,2.012,4.254,62558.360996877236,60980.00158187724
A_M_1.5999999999999999_1.0_77,COM,1.577641,2.274287,1.477,3.753,3.067,63772.69445487724,60980.00158187724
A_M_1.5999999999999999_1.0_78,COM,6.911309,6.439788,0.975,0.683,5.105,61699.05300087724,60980.00158187724
A_M_1.5999999999999999_1.0_79,COM,1.330081,2.154225,0.221,4.654,1.96,62266.66671687724,60980.00158187724
A_M_1.5999999999999999_1.0_80,COM,7.610279,7.518151,1.579,3.328,2.532,62261.00565287724,60980.00158187724
A_M_1.5999999999999999_1.0_81,COM,0.100259,1.084119,1.141,1.104,0.258,64659.82571787724,60980.00158187724
A_M_1.5999999999999999_1.0_82,COM,1.263671,2.085266,1.187,4.268,4.72,64448.80131487724,60980.00158187724
A_M_1.5999999999999999_1.0_83,COM,0.955527,1.84252,1.803,5.295,5.712,63530.087306877234,60980.00158187724
A_M_1.5999999999999999_1.0_84,COM,1.051807,1.892015,0.684,6.056,4.178,63989.959643877235,60980.00158187724
A_M_1.5999999999999999_1.0_85,COM,1.01775,1.944472,2.974,1.013,5.677,64145.58993587724,60980.00158187724
A_M_1.5999999999999999_1.0_86,COM,0.897414,1.825259,0.245,2.247,1.719,63300.767627877234,60980.00158187724
A_M_1.5999999999999999_1.0_87,COM,2.7229,3.505419,2.01,6.221,3.181,63302.72611887724,60980.00158187724
A_M_1.5999999999999999_1.0_88,COM,0.950806,1.959841,2.363,4.026,2.283,60989.84194187724,60980.00158187724
A_M_1.5999999999999999_1.0_89,COM,1.27523,2.283954,1.266,4.77,1.471,62046.39980487724,60980.00158187724
A_M_1.5999999999999999_1.0_90,COM,3.604676,4.525131,2.176,0.793,6.256,61937.72775387724,60980.00158187724
A_M_1.5999999999999999_1.0_91,COM,0.688406,1.731825,1.467,4.457,4.082,63050.35597387724,60980.00158187724
A_M_1.5999999999999999_1.0_92,COM,3.559963,4.810791,0.521,2.158,4.255,61665.751920877236,60980.00158187724
A_M_1.5999999999999999_1.0_93,COM,0.709933,1.738186,0.997,5.343,4.694,62770.437891877235,60980.00158187724
A_M_1.5999999999999999_1.0_94,COM,0.548092,1.561425,2.558,4.341,1.936,63473.86944587724,60980.00158187724
A_M_1.5999999999999999_1.0_95,COM,0.90669,1.954427,1.064,1.269,4.482,61621.00556487724,60980.00158187724
A_M_1.5999999999999999_1.0_96,COM,1.312685,2.384967,1.082,1.152,3.128,62216.695090877234,60980.00158187724
A_M_1.5999999999999999_1.0_97,COM,1.006202,2.052562,1.119,3.612,3.529,61567.74397987724,60980.00158187724
A_M_1.5999999999999999_1.0_98,COM,0.045965,1.05286,0.585,6.122,1.255,64475.04312887724,60980.00158187724
A_M_1.5999999999999999_1.0_99,COM,0.773432,1.873191,1.067,1.928,4.899,62794.462010877236,60980.00158187724
A_M_1.5999999999999999_1.0_100,COM,0.565679,1.6495,1.262,1.085,4.907,62524.059883877235,60980.00158187724
A_M_1.5999999999999999_1.0_101,COM,1.467682,2.597082,3.107,5.409,2.147,61710.74139587724,60980.00158187724
A_M_1.5999999999999999_1.0_102,COM,0.414667,1.465305,1.454,5.22,0.474,62833.989666877234,60980.00158187724
A_M_1.5999999999999999_1.0_103,COM,1.303404,2.418917,1.315,5.651,3.323,61969.92062987724,60980.00158187724
A_M_1.5999999999999999_1.0_104,COM,1.671641,2.892451,1.784,0.912,3.177,63431.199222877236,60980.00158187724
A_M_1.5999999999999999_1.0_105,COM,0.567504,1.622639,1.856,4.632,2.876,64319.893664877236,60980.00158187724
A_M_1.5999999999999999_1.0_106,COM,0.69875,1.796024,0.281,1.442,2.463,62019.27859787724,60980.00158187724
A_M_1.5999999999999999_1.0_107,COM,0.345973,1.423551,1.953,4.317,1.83,61235.188025877236,60980.00158187724
A_M_1.5999999999999999_1.0_108,COM,1.224501,2.493698,1.95,5.993,0.019,62245.12086787724,60980.00158187724
A_M_1.5999999999999999_1.0_109,COM,0.409756,1.50212,0.629,4.469,0.041,63595.11246887724,60980.00158187724
A_M_1.5999999999999999_1.0_110,COM,0.800018,1.981241,1.111,4.194,4.802,61416.41612887724,60980.00158187724
A_M_1.5999999999999999_1.0_111,COM,1.768818,3.233994,1.093,3.176,4.058,62517.04594487724,60980.00158187724
A_M_1.5999999999999999_1.0_112,COM,1.748428,3.201468,2.454,3.879,4.335,61237.42167187724,60980.00158187724
A_M_1.5999999999999999_1.0_113,COM,0.976507,2.272607,0.836,1.83,5.415,63760.52884287724,60980.00158187724
A_M_1.5999999999999999_1.0_114,COM,1.361776,2.726317,2.439,1.354,1.675,63244.873655877236,60980.00158187724
A_M_1.5999999999999999_1.0_115,COM,1.163591,2.456724,0.954,0.804,3.054,62235.98427887724,60980.00158187724
A_M_1.5999999999999999_1.0_116,COM,1.171548,2.494489,0.575,3.84,1.059,63551.330730877235,60980.00158187724
A_M_1.5999999999999999_1.0_117,COM,11.761675,15.81716,1.34,5.552,2.164,61143.586661877234,60980.00158187724
A_M_1.5999999999999999_1.0_118,COM,1.464657,2.824281,2.282,0.206,3.252,63839.389923877236,60980.00158187724
A_M_1.5999999999999999_1.0_119,COM,0.808574,2.08143,1.897,0.966,2.616,63480.38641287724,60980.00158187724
A_M_1.5999999999999999_1.0_120,COM,0.307027,1.418471,0.207,2.906,4.139,62480.43978887724,60980.00158187724
A_M_1.5999999999999999_1.0_121,COM,1.7606,3.325573,2.744,3.28,1.548,63719.70862787724,60980.00158187724
A_M_1.5999999999999999_1.0_122,COM,1.098917,2.499574,1.114,4.684,4.895,63964.290694877236,60980.00158187724
A_M_1.5999999999999999_1.0_123,COM,1.540102,3.115253,1.594,2.689,3.814,63794.790970877235,60980.00158187724
A_M_1.5999999999999999_1.0_124,COM,1.547851,3.142234,2.295,4.848,2.321,63326.91746587724,60980.00158187724
A_M_1.5999999999999999_1.0_125,COM,1.130666,2.50705,1.263,0.826,5.605,63943.84505987724,60980.00158187724
A_M_1.5999999999999999_1.0_126,COM,6.996301,10.445073,2.415,6.262,0.006,62141.43097887724,60980.00158187724
A_M_1.5999999999999999_1.0_127,COM,1.651005,3.176431,2.068,4.183,0.281,64610.69267387724,60980.00158187724
A_M_1.5999999999999999_1.0_128,COM,1.166428,2.708664,1.337,3.447,1.66,64636.64670087724,60980.00158187724
A_M_1.5999999999999999_1.0_129,COM,0.677827,1.941659,0.18,1.76,1.668,61858.589885877234,60980.00158187724
A_M_1.5999999999999999_1.0_130,COM,1.004062,2.452972,2.583,4.847,4.535,63148.29406087724,60980.00158187724
A_M_1.5999999999999999_1.0_131,COM,0.774686,2.109772,1.304,1.251,4.614,64478.94852087724,60980.00158187724
A_M_1.5999999999999999_1.0_132,COM,1.21039,2.727385,3.087,2.517,0.54,61128.09698687724,60980.00158187724
A_M_1.5999999999999999_1.0_133,COM,1.432949,3.048393,1.642,1.791,3.727,62530.64860087724,60980.00158187724
A_M_1.5999999999999999_1.0_134,COM,0.265556,1.375278,1.54,2.932,3.215,61312.76697287724,60980.00158187724
A_M_1.5999999999999999_1.0_135,COM,1.909447,3.720452,0.87,3.171,2.657,62313.01087687724,60980.00158187724
A_M_1.5999999999999999_1.0_136,COM,0.84634,2.273642,1.167,3.027,3.684,64246.56894487724,60980.00158187724
A_M_1.5999999999999999_1.0_137,COM,0.745683,2.097834,2.098,4.149,4.103,62447.44452387724,60980.00158187724
A_M_1.5999999999999999_1.0_138,COM,1.088045,2.636064,2.773,0.378,3.219,61047.83194387724,60980.00158187724
A_M_1.5999999999999999_1.0_139,COM,0.936958,2.384619,1.663,4.645,2.421,63467.542325877235,60980.00158187724
A_M_1.5999999999999999_1.0_140,COM,1.688744,3.722641,0.224,1.996,4.238,62323.778760877234,60980.00158187724
A_M_1.5999999999999999_1.0_141,COM,1.703406,3.725342,0.975,4.913,4.086,64230.66095387724,60980.00158187724
A_M_1.5999999999999999_1.0_142,COM,0.657886,2.0611,0.283,1.541,2.28,61604.40750787724,60980.00158187724
A_M_1.5999999999999999_1.0_143,COM,0.65178,2.068262,2.658,6.03,3.732,61314.53023487724,60980.00158187724
A_M_1.5999999999999999_1.0_144,COM,1.430534,3.441275,2.555,1.928,5.021,63720.37959687724,60980.00158187724
A_M_1.5999999999999999_1.0_145,COM,5.393069,9.989258,1.233,2.222,1.951,61322.804492877236,60980.00158187724
A_M_1.5999999999999999_1.0_146,COM,1.978064,4.308438,1.99,2.618,3.473,61205.37817487724,60980.00158187724
A_M_1.5999999999999999_1.0_147,COM,3.288183,6.573071,0.603,3.444,2.769,63554.73258487724,60980.00158187724
A_M_1.5999999999999999_1.0_148,COM,0.775653,2.331841,1.318,3.261,3.498,61353.090125877236,60980.00158187724
A_M_1.5999999999999999_1.0_149,COM,0.940908,2.584188,1.303,1.623,0.696,64077.763785877236,60980.00158187724
A_M_1.5999999999999999_1.0_150,COM,0.96199,2.638082,1.922,0.037,3.942,62384.11539587724,60980.00158187724
A_M_1.5999999999999999_1.0_151,COM,0.744239,2.216963,1.718,5.458,0.967,63392.33419987724,60980.00158187724
A_M_1.5999999999999999_1.0_152,COM,1.091897,2.839315,1.972,2.538,3.719,62734.99853887724,60980.00158187724
A_M_1.5999999999999999_1.0_153,COM,0.435245,1.786743,0.759,5.422,6.187,60952.29955387724,60980.00158187724
A_M_1.5999999999999999_1.0_154,COM,1.077446,2.894527,1.489,1.396,4.14,61584.458012877236,60980.00158187724
A_M_1.5999999999999999_1.0_155,COM,1.259159,3.219305,1.759,3.991,1.902,63171.24919887724,60980.00158187724
A_M_1.5999999999999999_1.0_156,COM,0.646606,2.16321,1.026,2.309,2.137,62249.90071987724,60980.00158187724
A_M_1.5999999999999999_1.0_157,COM,1.033062,2.809637,2.104,2.015,3.073,61238.96662387724,60980.00158187724
A_M_1.5999999999999999_1.0_158,COM,0.139469,1.249832,0.823,3.481,3.025,63316.47904787724,60980.00158187724
A_M_1.5999999999999999_1.0_159,COM,1.594397,3.788307,0.912,0.329,5.991,62441.01813587724,60980.00158187724
A_M_1.5999999999999999_1.0_160,COM,5.846234,11.344139,1.774,5.221,4.39,64495.18048787724,60980.00158187724
A_M_1.5999999999999999_1.0_161,COM,1.440475,3.589095,2.386,1.59,1.479,63390.13990587724,60980.00158187724
A_M_1.5999999999999999_1.0_162,COM,1.331591,3.382674,1.395,0.486,2.832,64600.57373487724,60980.00158187724
A_M_1.5999999999999999_1.0_163,COM,0.437218,1.757869,1.934,6.086,6.245,61051.09725587724,60980.00158187724
A_M_1.5999999999999999_1.0_164,COM,5.843759,11.658288,2.37,3.473,0.492,63563.733223877236,60980.00158187724
A_M_1.5999999999999999_1.0_165,COM,7.210728,14.420503,1.825,2.131,4.029,63227.39538587724,60980.00158187724
A_M_1.5999999999999999_1.0_166,COM,1.259849,3.335976,2.424,1.446,5.225,61742.544561877236,60980.00158187724
A_M_1.5999999999999999_1.0_167,COM,1.404682,3.62315,2.954,2.955,1.397,61273.08290887724,60980.00158187724
A_M_1.5999999999999999_1.0_168,COM,1.252919,3.291095,1.193,0.065,5.163,64100.223509877236,60980.00158187724
A_M_1.5999999999999999_1.0_169,COM,0.821218,2.560379,1.668,3.665,2.115,63481.20870487724,60980.00158187724
A_M_1.5999999999999999_1.0_170,COM,1.202206,3.369772,2.403,4.049,1.201,61855.04044787724,60980.00158187724
A_M_1.5999999999999999_1.0_171,COM,0.432104,1.85994,1.383,4.45,4.583,61516.18331987724,60980.00158187724
A_M_1.5999999999999999_1.0_172,COM,3.581573,8.03448,1.387,4.438,2.501,61155.11287687724,60980.00158187724
A_M_1.5999999999999999_1.0_173,COM,1.460176,3.802537,2.409,1.012,3.455,61510.39281987724,60980.00158187724
A_M_1.5999999999999999_1.0_174,COM,4.648557,10.505948,1.379,3.982,3.518,63130.768835877236,60980.00158187724
A_M_1.5999999999999999_1.0_175,COM,1.334615,3.703358,0.282,6.187,3.211,63951.55692387724,60980.00158187724
A_M_1.5999999999999999_1.0_176,COM,1.488057,4.085012,0.892,2.941,3.457,61001.863918877236,60980.00158187724
A_M_1.5999999999999999_1.0_177,COM,2.806074,6.596822,0.903,3.968,2.321,63795.95804287724,60980.00158187724
A_M_1.5999999999999999_1.0_178,COM,2.828057,6.880255,1.057,2.093,1.855,61017.58238287724,60980.00158187724
A_M_1.5999999999999999_1.0_179,COM,1.142312,3.371774,2.416,0.568,5.511,63920.44407887724,60980.00158187724
A_M_1.5999999999999999_1.0_180,COM,1.543423,4.109268,1.145,2.405,4.437,61285.96855487724,60980.00158187724
A_M_1.5999999999999999_1.0_181,COM,4.392321,9.932988,1.112,5.075,2.979,61415.51529387724,60980.00158187724
A_M_1.5999999999999999_1.0_182,COM,0.860571,2.72256,2.174,5.113,1.61,63806.789810877235,60980.00158187724
A_M_1.5999999999999999_1.0_183,COM,0.241713,1.496843,1.612,3.8,4.362,63936.29582087724,60980.00158187724
A_M_1.5999999999999999_1.0_184,COM,1.084147,3.304962,1.951,1.103,3.274,63504.732191877236,60980.00158187724
A_M_1.5999999999999999_1.0_185,COM,1.213804,3.605026,0.952,1.199,3.112,62010.19000887724,60980.00158187724
A_M_1.5999999999999999_1.0_186,COM,0.541008,2.180686,1.206,1.747,5.127,62704.32152387724,60980.00158187724
A_M_1.5999999999999999_1.0_187,COM,1.159929,3.502385,1.714,2.353,3.567,61465.39085187724,60980.00158187724
A_M_1.5999999999999999_1.0_188,COM,0.921199,2.976819,1.973,5.808,3.694,61222.42304687724,60980.00158187724
A_M_1.5999999999999999_1.0_189,COM,0.722191,2.572889,2.252,2.444,1.843,61246.28584687724,60980.00158187724
A_M_1.5999999999999999_1.0_190,COM,2.265529,5.764993,0.667,5.076,0.887,63617.63762987724,60980.00158187724
A_M_1.5999999999999999_1.0_191,COM,0.879642,2.916058,1.725,4.656,1.756,63908.145466877235,60980.00158187724
A_M_1.5999999999999999_1.0_192,COM,1.246853,3.830356,1.14,2.979,4.038,62128.27726887724,60980.00158187724
A_M_1.5999999999999999_1.0_193,COM,0.683262,2.528475,1.237,4.496,3.804,64553.23064687724,60980.00158187724
A_M_1.5999999999999999_1.0_194,COM,0.897214,3.012486,1.489,4.309,4.472,61201.052167877235,60980.00158187724
A_M_1.5999999999999999_1.0_195,COM,0.208445,1.464437,0.483,1.279,2.371,63082.23940487724,60980.00158187724
A_M_1.5999999999999999_1.0_196,COM,2.03015,5.548618,1.49,2.705,3.579,62987.169132877236,60980.00158187724
A_M_1.5999999999999999_1.0_197,COM,1.094014,3.426094,1.316,4.329,1.576,63863.45669087724,60980.00158187724
A_M_1.5999999999999999_1.0_198,COM,1.139552,3.498504,1.503,0.974,6.019,63204.199925877234,60980.00158187724
A_M_1.5999999999999999_1.0_199,COM,0.491772,2.133835,1.528,1.824,0.345,62696.90998987724,60980.00158187724
A_M_1.5999999999999999_1.0_200,COM,1.186305,3.826179,0.541,0.701,5.72,63650.095369877235,60980.00158187724
A_M_1.5999999999999999_1.0_201,COM,1.36793,4.182327,1.484,4.529,3.782,62964.79962687724,60980.00158187724
A_M_1.5999999999999999_1.0_202,COM,0.592331,2.361952,1.881,0.307,4.508,64367.850312877235,60980.00158187724
A_M_1.5999999999999999_1.0_203,COM,1.393264,4.312378,3.033,3.801,1.819,64509.80101587724,60980.00158187724
A_M_1.5999999999999999_1.0_204,COM,1.403527,4.478967,2.145,1.606,2.802,62497.16761187724,60980.00158187724
A_M_1.5999999999999999_1.0_205,COM,1.609138,4.969671,1.753,4.37,3.249,61703.10318187724,60980.00158187724
A_M_1.5999999999999999_1.0_206,COM,0.663665,2.647237,0.684,2.924,4.313,63940.82921487724,60980.00158187724
A_M_1.5999999999999999_1.0_207,COM,1.752429,5.23196,1.731,1.278,2.98,61784.42618987724,60980.00158187724
A_M_1.5999999999999999_1.0_208,COM,0.443313,2.069045,0.042,1.183,2.92,62331.13676787724,60980.00158187724
A_M_1.5999999999999999_1.0_209,COM,0.716689,2.748198,1.393,4.189,3.543,61265.16439287724,60980.00158187724
A_M_1.5999999999999999_1.0_210,COM,1.010199,3.467811,2.198,4.389,1.77,63703.95578387724,60980.00158187724
A_M_1.5999999999999999_1.0_211,COM,0.89959,3.177452,1.317,4.515,4.767,63031.400841877236,60980.00158187724
A_M_1.5999999999999999_1.0_212,COM,1.033189,3.551939,1.844,1.891,4.848,63745.71420987724,60980.00158187724
A_M_1.5999999999999999_1.0_213,COM,1.194493,3.879535,0.507,6.252,2.485,64136.04805387724,60980.00158187724
A_M_1.5999999999999999_1.0_214,COM,3.034038,8.502198,1.204,3.074,3.872,62940.810037877236,60980.00158187724
A_M_1.5999999999999999_1.0_215,COM,0.587759,2.514171,0.889,5.28,3.588,62969.72188687724,60980.00158187724
A_M_1.5999999999999999_1.0_216,COM,1.551729,4.939258,2.019,4.475,2.079,62258.124401877234,60980.00158187724
A_M_1.5999999999999999_1.0_217,COM,0.427211,2.091659,1.242,4.156,2.141,63920.83947587724,60980.00158187724
A_M_1.5999999999999999_1.0_218,COM,0.584885,2.468084,2.452,5.298,2.665,61377.975634877235,60980.00158187724
A_M_1.5999999999999999_1.0_219,COM,11.152448,29.286217,2.47,5.974,5.835,61676.50901887724,60980.00158187724
A_M_1.5999999999999999_1.0_220,COM,1.49623,4.864158,1.158,4.094,0.451,61141.56922087724,60980.00158187724
A_M_1.5999999999999999_1.0_221,COM,1.125419,3.831893,1.468,0.858,2.613,62371.67593987724,60980.00158187724
A_M_1.5999999999999999_1.0_222,COM,0.897132,3.409652,0.978,5.065,3.846,63162.40311387724,60980.00158187724
A_M_1.5999999999999999_1.0_223,COM,0.191486,1.518587,1.953,2.403,3.325,62586.37200887724,60980.00158187724
A_M_1.5999999999999999_1.0_224,COM,0.834541,3.198535,2.852,2.564,0.035,60975.61994087724,60980.00158187724
A_M_1.5999999999999999_1.0_225,COM,3.030133,9.450307,1.595,1.097,4.249,64475.132956877234,60980.00158187724
A_M_1.5999999999999999_1.0_226,COM,1.384399,4.833745,1.653,4.616,5.311,63681.303587877235,60980.00158187724
A_M_1.5999999999999999_1.0_227,COM,1.090216,4.041356,2.396,2.285,0.542,62602.75839687724,60980.00158187724
A_M_1.5999999999999999_1.0_228,COM,1.602115,5.408195,2.437,2.55,3.186,61911.49075187724,60980.00158187724
A_M_1.5999999999999999_1.0_229,COM,1.161601,4.194448,0.619,5.78,3.139,63972.235888877236,60980.00158187724
A_M_1.5999999999999999_1.0_230,COM,0.891449,3.418086,1.639,0.489,3.426,63107.06222287724,60980.00158187724
A_M_1.5999999999999999_1.0_231,COM,1.443834,4.92978,2.263,0.395,3.886,63759.04418587724,60980.00158187724
A_M_1.5999999999999999_1.0_232,COM,0.563805,2.567158,1.508,4.907,1.765,63735.090145877235,60980.00158187724
A_M_1.5999999999999999_1.0_233,COM,1.441573,5.134582,2.205,5.392,2.738,64387.763332877235,60980.00158187724
A_M_1.5999999999999999_1.0_234,COM,1.707924,5.995031,1.957,5.111,3.408,63596.83262787724,60980.00158187724
A_M_1.5999999999999999_1.0_235,COM,1.330379,4.906638,0.915,1.269,3.217,61729.13941887724,60980.00158187724
A_M_1.5999999999999999_1.0_236,COM,0.669152,2.950484,1.258,4.125,1.844,63552.33975287724,60980.00158187724
A_M_1.5999999999999999_1.0_237,COM,1.331367,4.96033,0.592,3.105,3.661,63442.37435787724,60980.00158187724
A_M_1.5999999999999999_1.0_238,COM,1.37536,5.083486,1.327,2.096,4.202,63496.56478087724,60980.00158187724
A_M_1.5999999999999999_1.0_239,COM,0.326327,1.975991,0.722,2.442,4.812,64334.66354987724,60980.00158187724
A_M_1.5999999999999999_1.0_240,COM,1.563657,5.6304,1.735,1.115,4.992,63203.32799787724,60980.00158187724
A_M_1.5999999999999999_1.0_241,COM,0.947499,3.842755,1.164,4.693,2.105,62637.58727787724,60980.00158187724
A_M_1.5999999999999999_1.0_242,COM,1.146694,4.501584,1.818,0.282,5.551,61652.34727487724,60980.00158187724
A_M_1.5999999999999999_1.0_243,COM,1.496656,5.645217,2.065,4.456,1.756,61320.05732287724,60980.00158187724
A_M_1.5999999999999999_1.0_244,COM,1.264795,4.983445,1.36,4.689,3.835,61099.53864187724,60980.00158187724
A_M_1.5999999999999999_1.0_245,COM,1.878789,6.782594,1.498,0.731,2.612,64341.676182877236,60980.00158187724
A_M_1.5999999999999999_1.0_246,COM,1.41388,5.616789,1.041,3.615,2.18,64261.049265877235,60980.00158187724
A_M_1.5999999999999999_1.0_247,COM,1.385012,5.454503,3.009,3.68,3.798,62763.88530887724,60980.00158187724
A_M_1.5999999999999999_1.0_248,COM,1.506305,5.786467,1.013,2.803,4.67,63764.89075487724,60980.00158187724
A_M_1.5999999999999999_1.0_249,COM,0.329479,2.063376,1.987,1.793,5.238,62818.62907987724,60980.00158187724
A_M_1.5999999999999999_1.0_250,COM,0.226373,1.737278,1.44,1.526,4.987,61771.19544287724,60980.00158187724
A_M_1.5999999999999999_1.0_251,COM,1.281905,5.323113,2.907,2.237,5.724,62729.38855187724,60980.00158187724
A_M_1.5999999999999999_1.0_252,COM,1.45573,5.800295,1.195,1.083,2.23,63841.57255887724,60980.00158187724
A_M_1.5999999999999999_1.0_253,COM,0.814413,3.737885,1.738,2.545,4.183,62534.99898787724,60980.00158187724
A_M_1.5999999999999999_1.0_254,COM,2.657698,9.76055,1.794,0.581,3.68,63557.59357787724,60980.00158187724
A_M_1.5999999999999999_1.0_255,COM,1.809435,7.051759,1.152,3.208,1.352,63984.41774287724,60980.00158187724
A_M_1.5999999999999999_1.0_256,COM,1.570149,6.513765,1.994,0.803,3.57,62013.799568877235,60980.00158187724
A_M_1.5999999999999999_1.0_257,COM,0.995039,4.40578,2.009,2.325,3.131,61983.498197877234,60980.00158187724
A_M_1.5999999999999999_1.0_258,COM,0.548225,2.895992,0.192,5.575,0.866,61007.70645287724,60980.00158187724
A_M_1.5999999999999999_1.0_259,COM,0.537478,2.892389,1.669,1.712,5.528,62360.26385787724,60980.00158187724
A_M_1.5999999999999999_1.0_260,COM,1.507769,6.523252,2.709,4.004,1.697,63295.45970287724,60980.00158187724
A_M_1.5999999999999999_1.0_261,COM,0.554078,2.997043,1.105,4.623,2.696,61608.758108877235,60980.00158187724
A_M_1.5999999999999999_1.0_262,COM,1.258697,5.559772,1.5,4.676,1.79,61846.217681877235,60980.00158187724
A_M_1.5999999999999999_1.0_263,COM,1.812682,7.771186,1.753,0.76,4.019,62410.50517687724,60980.00158187724
A_M_1.5999999999999999_1.0_264,COM,1.399372,6.617079,1.52,2.101,3.631,63135.64794487724,60980.00158187724
A_M_1.5999999999999999_1.0_265,COM,1.892178,8.485002,2.28,3.88,0.369,62616.556056877234,60980.00158187724
A_M_1.5999999999999999_1.0_266,COM,1.099412,5.444211,1.754,1.842,3.518,62571.30074187724,60980.00158187724
A_M_1.5999999999999999_1.0_267,COM,1.222562,5.848947,1.164,4.989,5.591,61202.38871087724,60980.00158187724
A_M_1.5999999999999999_1.0_268,COM,1.237294,5.929616,1.97,3.092,0.015,61980.197265877236,60980.00158187724
A_M_1.5999999999999999_1.0_269,COM,1.834041,8.245391,2.693,3.487,0.704,62284.106311877236,60980.00158187724
A_M_1.5999999999999999_1.0_270,COM,0.137551,1.569036,0.544,3.794,3.143,61377.77904787724,60980.00158187724
A_M_1.5999999999999999_1.0_271,COM,0.758459,4.088289,1.769,1.51,2.839,61769.79983487724,60980.00158187724
A_M_1.5999999999999999_1.0_272,COM,2.197474,10.000114,1.291,3.368,3.299,61910.46453187724,60980.00158187724
A_M_1.5999999999999999_1.0_273,COM,0.960513,5.096992,2.162,1.311,3.601,62818.64205687724,60980.00158187724
A_M_1.5999999999999999_1.0_274,COM,1.42895,7.150771,1.674,5.357,2.614,62165.34832287724,60980.00158187724
A_M_1.5999999999999999_1.0_275,COM,1.821033,8.857594,2.713,2.272,2.636,64401.251036877235,60980.00158187724
A_M_1.5999999999999999_1.0_276,COM,0.235797,1.991006,2.816,2.466,5.895,62202.16529587724,60980.00158187724
A_M_1.5999999999999999_1.0_277,COM,1.992782,9.393172,0.763,4.955,1.403,62994.76495187724,60980.00158187724
A_M_1.5999999999999999_1.0_278,COM,0.989308,5.270492,1.98,5.91,2.697,64651.78876587724,60980.00158187724
A_M_1.5999999999999999_1.0_279,COM,1.509767,7.555138,1.763,4.406,4.995,62225.27120487724,60980.00158187724
A_M_1.5999999999999999_1.0_280,COM,2.484412,11.884327,2.141,1.138,4.248,62547.88381187724,60980.00158187724
A_M_1.5999999999999999_1.0_281,COM,2.14972,10.611658,0.847,3.018,3.58,63934.213103877235,60980.00158187724
A_M_1.5999999999999999_1.0_282,COM,1.499105,7.547175,1.46,6.225,3.349,64190.96201287724,60980.00158187724
A_M_1.5999999999999999_1.0_283,COM,0.8263,4.61917,1.928,3.162,0.617,62472.38563487724,60980.00158187724
A_M_1.5999999999999999_1.0_284,COM,1.542663,7.855436,1.328,0.532,5.67,63137.99129387724,60980.00158187724
A_M_1.5999999999999999_1.0_285,COM,16.625083,73.702501,1.068,5.104,4.141,61898.94069787724,60980.00158187724
A_M_1.5999999999999999_1.0_286,COM,0.357281,2.565649,0.211,3.432,3.874,63787.32148187724,60980.00158187724
A_M_1.5999999999999999_1.0_287,COM,0.629205,3.872689,2.069,1.287,3.492,62578.49681187724,60980.00158187724
A_M_1.5999999999999999_1.0_288,COM,1.962877,9.914662,1.948,1.745,3.791,62721.712928877234,60980.00158187724
A_M_1.5999999999999999_1.0_289,COM,2.620099,13.478249,1.895,1.256,5.183,63130.35253887724,60980.00158187724
A_M_1.5999999999999999_1.0_290,COM,1.857602,9.663128,2.572,0.389,3.298,64515.371183877236,60980.00158187724
A_M_1.5999999999999999_1.0_291,COM,1.860495,9.79779,0.768,2.231,4.452,61720.62413087724,60980.00158187724
A_M_1.5999999999999999_1.0_292,COM,0.608122,3.886009,2.601,4.626,1.604,63614.46377887724,60980.00158187724
A_M_1.5999999999999999_1.0_293,COM,0.660254,4.118553,1.174,5.604,3.402,62106.11915187724,60980.00158187724
A_M_1.5999999999999999_1.0_294,COM,1.524525,8.055756,0.514,1.902,4.561,61780.625437877236,60980.00158187724
A_M_1.5999999999999999_1.0_295,COM,1.270987,7.207301,2.213,5.569,2.154,64231.57741087724,60980.00158187724
A_M_1.5999999999999999_1.0_296,COM,1.089317,6.274235,1.815,1.643,3.961,63254.32049687724,60980.00158187724
A_M_1.5999999999999999_1.0_297,COM,1.287162,7.220621,0.694,4.184,2.241,62194.36400787724,60980.00158187724
A_M_1.5999999999999999_1.0_298,COM,4.126847,21.268602,1.637,5.431,3.806,61290.091759877236,60980.00158187724
A_M_1.5999999999999999_1.0_299,COM,1.385558,7.798442,0.639,3.628,3.0,63360.369436877234,60980.00158187724
A_M_1.5999999999999999_1.0_300,COM,1.770946,9.879201,1.249,2.269,3.406,63515.242249877236,60980.00158187724
A_M_1.5999999999999999_1.0_301,COM,0.911416,5.506668,0.788,3.404,3.157,63443.40774387724,60980.00158187724
A_M_1.5999999999999999_1.0_302,COM,0.725307,4.671727,1.185,5.011,1.845,63142.91247287724,60980.00158187724
A_M_1.5999999999999999_1.0_303,COM,0.940572,5.831365,1.646,4.297,1.837,61661.52739287724,60980.00158187724
A_M_1.5999999999999999_1.0_304,COM,0.550845,3.904787,1.641,0.631,3.528,63053.40880387724,60980.00158187724
A_M_1.5999999999999999_1.0_305,COM,2.772329,16.014424,2.036,1.465,3.297,63435.92037187724,60980.00158187724
A_M_1.5999999999999999_1.0_306,COM,0.924393,6.011988,0.953,4.036,2.701,64489.62070387724,60980.00158187724
A_M_1.5999999999999999_1.0_307,COM,30.693638,166.079718,1.523,4.248,3.784,63288.21266787724,60980.00158187724
A_M_1.5999999999999999_1.0_308,COM,0.886015,5.847801,1.736,4.731,4.172,64212.82721687724,60980.00158187724
A_M_1.5999999999999999_1.0_309,COM,1.366563,8.590614,1.611,1.738,4.424,62218.63346487724,60980.00158187724
A_M_1.5999999999999999_1.0_310,COM,1.803502,11.178266,1.469,0.538,2.827,61252.15570687724,60980.00158187724
A_M_1.5999999999999999_1.0_311,COM,0.626145,4.558788,0.433,3.421,3.799,62702.715486877234,60980.00158187724
A_M_1.5999999999999999_1.0_312,COM,1.621873,10.105895,1.499,1.257,2.531,63601.43064587724,60980.00158187724
A_M_1.5999999999999999_1.0_313,COM,16.372242,93.289616,1.35,1.809,3.471,63389.191335877236,60980.00158187724
A_M_1.5999999999999999_1.0_314,COM,0.562734,4.298354,1.72,1.643,4.458,62674.212332877236,60980.00158187724
A_M_1.5999999999999999_1.0_315,COM,2.443852,16.013365,1.828,1.586,4.282,63266.16204387724,60980.00158187724
A_M_1.5999999999999999_1.0_316,COM,0.595057,4.758183,2.64,4.058,1.619,61342.19626487724,60980.00158187724
A_M_1.5999999999999999_1.0_317,COM,1.963438,13.148261,2.191,5.15,2.082,63186.68010387724,60980.00158187724
A_M_1.5999999999999999_1.0_318,COM,1.643946,11.693097,0.666,5.109,0.845,63119.23431187724,60980.00158187724
A_M_1.5999999999999999_1.0_319,COM,0.625999,5.292916,0.796,4.829,1.252,62512.26398687724,60980.00158187724
A_M_1.5999999999999999_1.0_320,COM,1.533726,11.39053,0.717,2.54,3.573,62768.11602787724,60980.00158187724
A_M_1.5999999999999999_1.0_321,COM,1.22143,9.656915,0.357,0.906,5.092,63095.701221877236,60980.00158187724
A_M_1.5999999999999999_1.0_322,COM,3.589486,26.770533,1.597,4.242,2.147,61237.79812087724,60980.00158187724
A_M_1.5999999999999999_1.0_323,COM,1.250131,10.119621,0.475,1.107,1.714,61550.331937877236,60980.00158187724
A_M_1.5999999999999999_1.0_324,COM,2.319919,18.45822,2.067,1.124,4.089,64392.29942987724,60980.00158187724
A_M_1.5999999999999999_1.0_325,COM,0.691644,6.530138,1.199,4.093,1.947,61067.269499877235,60980.00158187724
A_M_1.5999999999999999_1.0_326,COM,0.783593,7.412872,1.584,5.017,4.886,64195.01564587724,60980.00158187724
A_M_1.5999999999999999_1.0_327,COM,0.750549,7.913839,1.669,4.422,1.28,63453.26011687724,60980.00158187724
A_M_1.5999999999999999_1.0_328,COM,1.229181,12.39984,1.925,1.512,4.562,61935.74212587724,60980.00158187724
A_M_1.5999999999999999_1.0_329,COM,2.573887,27.324329,0.637,4.095,2.318,61331.124318877235,60980.00158187724
A_M_1.5999999999999999_1.0_330,COM,1.259223,15.121483,2.686,1.085,4.58,60956.18735087724,60980.00158187724
