ObjID,FORMAT,q,e,inc,node,argPeri,t_p_MJD_TDB,epochMJD_TDB
A_M_1.5999999999999999_1.0_0,COM,0.673004,1.00693,1.046,0.302,2.565,62102.92806387724,60980.00158187724
A_M_1.5999999999999999_1.0_1,COM,1.525237,1.051613,2.833,2.741,3.067,63339.477028877234,60980.00158187724
A_M_1.5999999999999999_1.0_2,COM,0.33109,1.016257,1.691,5.303,2.588,62741.359061877236,60980.00158187724
A_M_1.5999999999999999_1.0_3,COM,1.091921,1.064249,0.614,4.076,5.903,63093.60234287724,60980.00158187724
A_M_1.5999999999999999_1.0_4,COM,0.126838,1.010526,0.653,0.158,5.983,61660.081353877235,60980.00158187724
A_M_1.5999999999999999_1.0_5,COM,1.485778,1.113582,1.529,0.618,0.016,64393.98628387724,60980.00158187724
A_M_1.5999999999999999_1.0_6,COM,0.90546,1.068241,1.741,2.924,5.308,61165.90203687724,60980.00158187724
A_M_1.5999999999999999_1.0_7,COM,0.029955,1.002925,1.973,4.306,3.485,61591.84069287724,60980.00158187724
A_M_1.5999999999999999_1.0_8,COM,0.769808,1.080396,2.125,5.446,3.926,64634.945612877236,60980.00158187724
A_M_1.5999999999999999_1.0_9,COM,4.794719,1.456498,2.811,1.597,0.142,62158.73677787724,60980.00158187724
A_M_1.5999999999999999_1.0_10,COM,0.971454,1.103383,2.531,3.177,1.953,62590.45039487724,60980.00158187724
A_M_1.5999999999999999_1.0_11,COM,2.015431,1.253817,2.418,1.197,1.032,63096.72957787724,60980.00158187724
A_M_1.5999999999999999_1.0_12,COM,1.682276,1.215418,2.377,5.011,5.413,63739.78522187724,60980.00158187724
A_M_1.5999999999999999_1.0_13,COM,1.143796,1.139332,0.332,2.004,2.181,63547.75324687724,60980.00158187724
A_M_1.5999999999999999_1.0_14,COM,1.485023,1.202106,2.278,4.961,4.861,61780.79564987724,60980.00158187724
A_M_1.5999999999999999_1.0_15,COM,0.164498,1.026,0.851,3.592,3.462,62273.31319987724,60980.00158187724
A_M_1.5999999999999999_1.0_16,COM,0.991785,1.141349,0.97,4.044,0.531,63115.41022387724,60980.00158187724
A_M_1.5999999999999999_1.0_17,COM,1.552514,1.237347,1.963,3.573,3.297,64186.72060987724,60980.00158187724
A_M_1.5999999999999999_1.0_18,COM,0.555255,1.099341,1.585,3.004,2.139,64521.27493087724,60980.00158187724
A_M_1.5999999999999999_1.0_19,COM,0.876351,1.177666,1.379,1.267,5.972,63104.56638587724,60980.00158187724
A_M_1.5999999999999999_1.0_20,COM,0.101619,1.020597,1.35,0.666,0.545,64187.35412587724,60980.00158187724
A_M_1.5999999999999999_1.0_21,COM,0.719458,1.151403,2.504,3.133,0.342,63397.747256877235,60980.00158187724
A_M_1.5999999999999999_1.0_22,COM,0.095543,1.022732,1.978,2.609,5.263,62689.83411487724,60980.00158187724
A_M_1.5999999999999999_1.0_23,COM,0.552516,1.126037,1.331,0.134,4.397,64139.62587387724,60980.00158187724
A_M_1.5999999999999999_1.0_24,COM,0.552516,1.126037,1.331,0.134,4.397,64139.62587387724,60980.00158187724
A_M_1.5999999999999999_1.0_25,COM,0.917001,1.238754,1.835,0.057,2.982,63139.34334387724,60980.00158187724
A_M_1.5999999999999999_1.0_26,COM,0.884865,1.253215,0.377,3.079,4.606,63773.52077687724,60980.00158187724
A_M_1.5999999999999999_1.0_27,COM,1.291171,1.373385,1.937,3.948,1.088,63892.05707587724,60980.00158187724
A_M_1.5999999999999999_1.0_28,COM,0.013112,1.003542,1.99,3.449,4.788,63390.119356877236,60980.00158187724
A_M_1.5999999999999999_1.0_29,COM,0.722404,1.213133,2.701,5.578,3.723,61916.468538877234,60980.00158187724
A_M_1.5999999999999999_1.0_30,COM,0.639205,1.208101,0.279,5.834,0.44,62034.91340387724,60980.00158187724
A_M_1.5999999999999999_1.0_31,COM,0.45367,1.138662,2.057,5.879,4.296,62191.79358087724,60980.00158187724
A_M_1.5999999999999999_1.0_32,COM,1.317352,1.42298,1.998,4.431,3.702,63546.371651877234,60980.00158187724
A_M_1.5999999999999999_1.0_33,COM,1.410138,1.461107,2.249,4.793,0.874,61201.248241877234,60980.00158187724
A_M_1.5999999999999999_1.0_34,COM,1.86472,1.669202,2.668,5.874,4.713,62398.836749877235,60980.00158187724
A_M_1.5999999999999999_1.0_35,COM,0.65564,1.215836,1.973,0.385,5.799,63733.371244877235,60980.00158187724
A_M_1.5999999999999999_1.0_36,COM,1.362828,1.46574,2.229,0.577,5.574,63970.58076587724,60980.00158187724
A_M_1.5999999999999999_1.0_37,COM,0.750023,1.268986,1.238,5.347,3.261,64355.80193687724,60980.00158187724
A_M_1.5999999999999999_1.0_38,COM,1.334309,1.480679,2.638,3.83,4.755,63368.072563877235,60980.00158187724
A_M_1.5999999999999999_1.0_39,COM,0.582611,1.207269,0.901,4.599,1.401,61626.552770877235,60980.00158187724
A_M_1.5999999999999999_1.0_40,COM,0.890689,1.343476,0.818,4.301,4.915,61557.49866187724,60980.00158187724
A_M_1.5999999999999999_1.0_41,COM,1.419612,1.54155,1.967,5.588,4.11,63750.676480877235,60980.00158187724
A_M_1.5999999999999999_1.0_42,COM,0.696427,1.259824,2.726,0.993,4.613,61186.59933787724,60980.00158187724
A_M_1.5999999999999999_1.0_43,COM,0.388629,1.148189,1.78,2.659,5.47,63468.581268877235,60980.00158187724
A_M_1.5999999999999999_1.0_44,COM,0.992703,1.384948,2.713,5.771,3.388,62442.91951187724,60980.00158187724
A_M_1.5999999999999999_1.0_45,COM,0.711252,1.290219,2.546,5.966,0.862,61329.57322687724,60980.00158187724
A_M_1.5999999999999999_1.0_46,COM,1.946194,1.836694,1.638,0.533,4.374,64581.44908187724,60980.00158187724
A_M_1.5999999999999999_1.0_47,COM,1.674289,1.701175,1.457,0.68,0.208,64250.754432877235,60980.00158187724
A_M_1.5999999999999999_1.0_48,COM,1.104573,1.488015,1.874,0.598,4.311,63894.31305687724,60980.00158187724
A_M_1.5999999999999999_1.0_49,COM,1.752481,1.860218,2.03,2.395,1.646,63822.594359877236,60980.00158187724
A_M_1.5999999999999999_1.0_50,COM,1.933955,1.959054,2.092,3.199,5.668,61100.50719687724,60980.00158187724
A_M_1.5999999999999999_1.0_51,COM,1.149409,1.527369,1.934,4.595,5.238,63860.47220487724,60980.00158187724
A_M_1.5999999999999999_1.0_52,COM,1.074502,1.528706,1.976,5.079,0.098,62134.77613587724,60980.00158187724
A_M_1.5999999999999999_1.0_53,COM,0.048014,1.024568,2.443,3.496,3.132,62236.72102487724,60980.00158187724
A_M_1.5999999999999999_1.0_54,COM,1.422638,1.747375,1.049,2.447,4.079,64275.05179387724,60980.00158187724
A_M_1.5999999999999999_1.0_55,COM,2.98543,2.604826,1.716,2.233,3.812,64151.45535887724,60980.00158187724
A_M_1.5999999999999999_1.0_56,COM,2.398378,2.311073,1.551,5.547,6.276,64473.86042587724,60980.00158187724
A_M_1.5999999999999999_1.0_57,COM,0.768259,1.405235,0.706,3.969,4.984,63038.519240877235,60980.00158187724
A_M_1.5999999999999999_1.0_58,COM,15.433334,10.197902,0.56,6.054,5.282,61958.74459587724,60980.00158187724
A_M_1.5999999999999999_1.0_59,COM,1.209052,1.683951,1.885,4.631,2.864,62057.39201587724,60980.00158187724
A_M_1.5999999999999999_1.0_60,COM,0.014462,1.009126,2.4,0.753,0.86,61535.318312877236,60980.00158187724
A_M_1.5999999999999999_1.0_61,COM,0.345614,1.225125,2.412,2.77,3.82,61011.00511387724,60980.00158187724
A_M_1.5999999999999999_1.0_62,COM,0.254143,1.156853,0.227,5.916,5.558,62234.45660087724,60980.00158187724
A_M_1.5999999999999999_1.0_63,COM,1.197975,1.779724,1.236,1.382,4.827,63193.09178787724,60980.00158187724
A_M_1.5999999999999999_1.0_64,COM,0.402626,1.260746,1.201,3.882,2.653,63064.61323587724,60980.00158187724
A_M_1.5999999999999999_1.0_65,COM,0.752841,1.511621,1.072,5.594,3.842,61994.347193877235,60980.00158187724
A_M_1.5999999999999999_1.0_66,COM,1.228288,1.819677,1.938,0.604,3.957,64067.03283787724,60980.00158187724
A_M_1.5999999999999999_1.0_67,COM,1.270842,1.896912,2.223,3.675,5.609,64280.41119587724,60980.00158187724
A_M_1.5999999999999999_1.0_68,COM,1.064078,1.729495,1.419,3.082,4.043,62545.57955487724,60980.00158187724
A_M_1.5999999999999999_1.0_69,COM,0.979545,1.641272,2.147,2.966,5.142,64510.778398877235,60980.00158187724
A_M_1.5999999999999999_1.0_70,COM,0.586127,1.408236,0.833,4.561,3.157,62566.32190487724,60980.00158187724
A_M_1.5999999999999999_1.0_71,COM,1.856358,2.234506,1.398,3.737,4.341,63621.76250887724,60980.00158187724
A_M_1.5999999999999999_1.0_72,COM,2.438872,2.797409,1.27,1.764,2.208,61848.06408987724,60980.00158187724
A_M_1.5999999999999999_1.0_73,COM,0.259909,1.194838,2.304,5.335,5.905,61931.05704287724,60980.00158187724
A_M_1.5999999999999999_1.0_74,COM,1.152635,1.877813,1.972,3.663,2.567,63098.59329987724,60980.00158187724
A_M_1.5999999999999999_1.0_75,COM,1.542873,2.097419,1.606,1.694,2.597,61951.283923877236,60980.00158187724
A_M_1.5999999999999999_1.0_76,COM,0.726593,1.553128,1.349,0.939,3.545,63620.68584687724,60980.00158187724
A_M_1.5999999999999999_1.0_77,COM,0.48302,1.364923,1.631,3.458,3.771,62945.33639887724,60980.00158187724
A_M_1.5999999999999999_1.0_78,COM,0.867309,1.651127,0.678,4.242,1.552,63274.48091387724,60980.00158187724
A_M_1.5999999999999999_1.0_79,COM,0.915457,1.688886,1.088,6.022,2.196,63897.58211687724,60980.00158187724
A_M_1.5999999999999999_1.0_80,COM,0.429545,1.340044,1.248,2.5,3.762,61180.66579387724,60980.00158187724
A_M_1.5999999999999999_1.0_81,COM,0.938519,1.738434,1.958,2.243,4.608,63492.565213877235,60980.00158187724
A_M_1.5999999999999999_1.0_82,COM,0.359397,1.287463,1.177,4.101,3.342,63195.143790877235,60980.00158187724
A_M_1.5999999999999999_1.0_83,COM,1.491554,2.306042,1.785,4.03,3.541,61443.837849877236,60980.00158187724
A_M_1.5999999999999999_1.0_84,COM,1.906133,2.585335,0.649,3.113,5.387,61985.26144587724,60980.00158187724
A_M_1.5999999999999999_1.0_85,COM,2.812628,3.383563,2.533,4.948,2.899,63114.12813887724,60980.00158187724
A_M_1.5999999999999999_1.0_86,COM,2.174075,2.822367,1.787,4.005,2.581,64682.782138877235,60980.00158187724
A_M_1.5999999999999999_1.0_87,COM,0.251894,1.219376,2.48,2.594,3.714,63801.111936877234,60980.00158187724
A_M_1.5999999999999999_1.0_88,COM,1.227431,2.049237,1.918,2.648,4.494,64615.415133877235,60980.00158187724
A_M_1.5999999999999999_1.0_89,COM,1.425309,2.285843,1.36,2.844,3.088,62316.11908787724,60980.00158187724
A_M_1.5999999999999999_1.0_90,COM,0.484391,1.4482,2.154,2.165,6.23,63956.71692587724,60980.00158187724
A_M_1.5999999999999999_1.0_91,COM,1.474025,2.400639,2.144,4.568,3.815,63506.383003877236,60980.00158187724
A_M_1.5999999999999999_1.0_92,COM,0.04951,1.046942,1.212,0.347,3.467,62721.58119587724,60980.00158187724
A_M_1.5999999999999999_1.0_93,COM,0.31801,1.290474,2.135,6.086,2.626,63247.802557877236,60980.00158187724
A_M_1.5999999999999999_1.0_94,COM,1.238284,2.14164,2.18,5.08,1.503,63461.35590687724,60980.00158187724
A_M_1.5999999999999999_1.0_95,COM,0.915815,1.841234,2.331,5.311,4.902,63685.301203877236,60980.00158187724
A_M_1.5999999999999999_1.0_96,COM,1.765319,2.771438,1.069,3.654,1.704,63320.73183087724,60980.00158187724
A_M_1.5999999999999999_1.0_97,COM,1.323435,2.270651,2.21,4.602,3.976,62609.55394387724,60980.00158187724
A_M_1.5999999999999999_1.0_98,COM,1.058243,2.010809,1.139,1.168,0.056,63602.668680877236,60980.00158187724
A_M_1.5999999999999999_1.0_99,COM,1.191268,2.170017,0.853,0.982,2.922,62025.43517987724,60980.00158187724
A_M_1.5999999999999999_1.0_100,COM,3.191013,4.244288,1.688,0.79,6.108,62929.14537687724,60980.00158187724
A_M_1.5999999999999999_1.0_101,COM,0.366482,1.361227,1.967,5.926,4.603,60918.80054087724,60980.00158187724
A_M_1.5999999999999999_1.0_102,COM,1.311621,2.256195,2.55,2.092,1.655,61139.07022987724,60980.00158187724
A_M_1.5999999999999999_1.0_103,COM,1.626834,2.552436,0.858,1.396,4.967,63149.408660877234,60980.00158187724
A_M_1.5999999999999999_1.0_104,COM,0.292923,1.283056,1.715,5.472,4.792,63585.584946877236,60980.00158187724
A_M_1.5999999999999999_1.0_105,COM,0.951483,2.019111,1.659,0.741,0.364,64449.90609087724,60980.00158187724
A_M_1.5999999999999999_1.0_106,COM,0.122196,1.126516,1.58,1.958,5.63,61077.02204387724,60980.00158187724
A_M_1.5999999999999999_1.0_107,COM,1.221919,2.288925,2.477,5.925,3.417,64239.424135877234,60980.00158187724
A_M_1.5999999999999999_1.0_108,COM,0.63857,1.682565,1.021,2.096,4.524,63367.109143877235,60980.00158187724
A_M_1.5999999999999999_1.0_109,COM,1.425595,2.484471,1.568,1.377,5.182,64167.34898487724,60980.00158187724
A_M_1.5999999999999999_1.0_110,COM,0.663802,1.766976,1.567,5.743,2.276,61159.892825877236,60980.00158187724
A_M_1.5999999999999999_1.0_111,COM,0.15751,1.180681,1.744,5.359,2.205,63805.10517487724,60980.00158187724
A_M_1.5999999999999999_1.0_112,COM,0.832177,1.951484,1.86,1.884,3.701,61328.87776387724,60980.00158187724
A_M_1.5999999999999999_1.0_113,COM,0.994057,2.199999,1.143,4.076,0.555,61567.10275787724,60980.00158187724
A_M_1.5999999999999999_1.0_114,COM,1.752561,3.132829,2.293,5.325,2.912,64312.60574187724,60980.00158187724
A_M_1.5999999999999999_1.0_115,COM,2.285716,3.696869,1.417,0.943,2.843,61347.77011287724,60980.00158187724
A_M_1.5999999999999999_1.0_116,COM,1.621489,2.896472,1.897,1.713,2.257,63105.553523877235,60980.00158187724
A_M_1.5999999999999999_1.0_117,COM,0.092415,1.111266,1.845,0.714,3.75,63032.00640087724,60980.00158187724
A_M_1.5999999999999999_1.0_118,COM,2.363152,3.877517,0.851,5.503,0.933,64149.44433087724,60980.00158187724
A_M_1.5999999999999999_1.0_119,COM,1.509828,2.900089,0.993,2.784,3.788,64497.24603687724,60980.00158187724
A_M_1.5999999999999999_1.0_120,COM,0.482232,1.59835,1.879,2.432,3.787,63254.512861877236,60980.00158187724
A_M_1.5999999999999999_1.0_121,COM,1.238316,2.594421,1.583,2.031,1.403,63692.52361587724,60980.00158187724
A_M_1.5999999999999999_1.0_122,COM,1.217732,2.612311,2.689,0.522,2.666,64666.52503087724,60980.00158187724
A_M_1.5999999999999999_1.0_123,COM,1.707293,3.336993,0.238,6.255,0.35,61972.55585287724,60980.00158187724
A_M_1.5999999999999999_1.0_124,COM,0.789894,2.093831,2.487,2.591,1.535,61118.163693877235,60980.00158187724
A_M_1.5999999999999999_1.0_125,COM,0.878179,2.205119,0.145,3.655,3.56,61660.14485687724,60980.00158187724
A_M_1.5999999999999999_1.0_126,COM,2.787624,4.947205,2.543,4.698,2.507,64465.656687877236,60980.00158187724
A_M_1.5999999999999999_1.0_127,COM,1.029871,2.427457,1.839,2.375,4.308,61233.07275287724,60980.00158187724
A_M_1.5999999999999999_1.0_128,COM,1.216483,2.778829,1.747,4.341,2.336,61143.10685287724,60980.00158187724
A_M_1.5999999999999999_1.0_129,COM,0.971151,2.362737,1.391,1.562,4.122,63679.86590887724,60980.00158187724
A_M_1.5999999999999999_1.0_130,COM,0.679961,1.970106,2.713,4.419,2.275,61810.656298877235,60980.00158187724
A_M_1.5999999999999999_1.0_131,COM,2.065018,3.896968,1.149,2.212,0.594,61851.683059877236,60980.00158187724
A_M_1.5999999999999999_1.0_132,COM,1.574109,3.237449,1.046,2.432,3.144,62738.47220087724,60980.00158187724
A_M_1.5999999999999999_1.0_133,COM,0.106532,1.148788,2.637,2.094,0.4,64123.265994877234,60980.00158187724
A_M_1.5999999999999999_1.0_134,COM,1.123668,2.602181,2.67,0.831,0.02,61180.434495877234,60980.00158187724
A_M_1.5999999999999999_1.0_135,COM,2.379148,4.496999,2.412,0.819,1.089,64369.832215877235,60980.00158187724
A_M_1.5999999999999999_1.0_136,COM,1.52964,3.308143,1.529,0.313,3.932,63964.85517487724,60980.00158187724
A_M_1.5999999999999999_1.0_137,COM,1.206792,2.770633,1.66,5.187,3.399,62208.080880877234,60980.00158187724
A_M_1.5999999999999999_1.0_138,COM,1.055785,2.575446,2.944,5.039,2.323,64117.912855877235,60980.00158187724
A_M_1.5999999999999999_1.0_139,COM,1.651068,3.42904,1.332,3.196,0.933,63252.619786877236,60980.00158187724
A_M_1.5999999999999999_1.0_140,COM,1.491884,3.308118,2.908,4.102,1.227,61497.80230687724,60980.00158187724
A_M_1.5999999999999999_1.0_141,COM,1.768255,3.799876,0.692,1.953,4.937,61093.17401387724,60980.00158187724
A_M_1.5999999999999999_1.0_142,COM,1.772423,3.771368,0.864,1.363,4.812,62180.76718887724,60980.00158187724
A_M_1.5999999999999999_1.0_143,COM,0.661701,2.026026,1.675,5.523,2.338,60969.78751987724,60980.00158187724
A_M_1.5999999999999999_1.0_144,COM,1.241575,2.945972,1.317,2.163,1.791,63752.18223587724,60980.00158187724
A_M_1.5999999999999999_1.0_145,COM,1.430599,3.3274,1.515,3.424,0.342,60971.793981877236,60980.00158187724
A_M_1.5999999999999999_1.0_146,COM,2.594807,5.121139,0.314,5.665,0.165,63693.42892087724,60980.00158187724
A_M_1.5999999999999999_1.0_147,COM,1.391021,3.391351,0.267,2.586,0.522,62634.58209487724,60980.00158187724
A_M_1.5999999999999999_1.0_148,COM,0.93199,2.547612,1.406,4.071,3.888,62567.552556877235,60980.00158187724
A_M_1.5999999999999999_1.0_149,COM,1.452848,3.48692,2.486,5.001,3.264,63797.18727687724,60980.00158187724
A_M_1.5999999999999999_1.0_150,COM,0.215132,1.366637,1.116,2.087,5.867,63824.83985387724,60980.00158187724
A_M_1.5999999999999999_1.0_151,COM,0.421018,1.693776,0.891,3.029,1.622,62790.776916877236,60980.00158187724
A_M_1.5999999999999999_1.0_152,COM,1.182188,2.970205,2.21,4.862,3.484,61640.476233877234,60980.00158187724
A_M_1.5999999999999999_1.0_153,COM,1.320647,3.157111,2.661,5.88,3.423,62362.545764877235,60980.00158187724
A_M_1.5999999999999999_1.0_154,COM,4.188176,7.954173,2.843,0.835,4.343,62860.85643187724,60980.00158187724
A_M_1.5999999999999999_1.0_155,COM,1.972148,4.38116,2.213,2.223,2.102,61679.27391487724,60980.00158187724
A_M_1.5999999999999999_1.0_156,COM,1.911292,4.4348,2.488,1.829,5.045,63192.548921877235,60980.00158187724
A_M_1.5999999999999999_1.0_157,COM,0.755265,2.349314,1.671,1.887,3.81,64141.24365487724,60980.00158187724
A_M_1.5999999999999999_1.0_158,COM,1.335343,3.383431,2.222,4.639,2.377,61171.942081877234,60980.00158187724
A_M_1.5999999999999999_1.0_159,COM,0.869606,2.496487,2.205,1.019,4.417,63793.48433387724,60980.00158187724
A_M_1.5999999999999999_1.0_160,COM,0.808765,2.448473,1.58,4.452,2.833,63940.39109187724,60980.00158187724
A_M_1.5999999999999999_1.0_161,COM,0.821883,2.485682,0.894,4.976,3.047,60960.553004877234,60980.00158187724
A_M_1.5999999999999999_1.0_162,COM,1.631062,3.871244,1.883,5.606,2.906,62005.32818687724,60980.00158187724
A_M_1.5999999999999999_1.0_163,COM,5.47231,10.694176,1.306,0.482,2.052,63043.59409687724,60980.00158187724
A_M_1.5999999999999999_1.0_164,COM,0.070205,1.122519,2.758,0.548,4.109,62810.49108187724,60980.00158187724
A_M_1.5999999999999999_1.0_165,COM,4.922235,9.84317,2.384,4.526,3.277,64457.53299087724,60980.00158187724
A_M_1.5999999999999999_1.0_166,COM,0.977311,2.844291,1.494,1.523,3.639,63003.11549487724,60980.00158187724
A_M_1.5999999999999999_1.0_167,COM,1.589814,3.990278,1.757,3.756,4.724,62116.509205877235,60980.00158187724
A_M_1.5999999999999999_1.0_168,COM,18.946632,35.813623,0.61,6.102,4.676,61338.185526877234,60980.00158187724
A_M_1.5999999999999999_1.0_169,COM,0.403748,1.782513,1.597,5.338,5.17,62888.833202877235,60980.00158187724
A_M_1.5999999999999999_1.0_170,COM,0.621864,2.186708,2.222,1.255,0.041,62347.63471487724,60980.00158187724
A_M_1.5999999999999999_1.0_171,COM,0.339851,1.67696,0.882,3.452,3.412,61464.50515887724,60980.00158187724
A_M_1.5999999999999999_1.0_172,COM,0.725979,2.392277,1.907,5.026,4.356,61648.09905887724,60980.00158187724
A_M_1.5999999999999999_1.0_173,COM,1.215186,3.361355,3.016,2.871,0.383,62822.81323187724,60980.00158187724
A_M_1.5999999999999999_1.0_174,COM,0.831746,2.729067,0.337,1.486,4.734,64183.73851387724,60980.00158187724
A_M_1.5999999999999999_1.0_175,COM,0.116457,1.232761,2.195,1.783,4.336,62410.787277877236,60980.00158187724
A_M_1.5999999999999999_1.0_176,COM,1.284604,3.5801,2.562,0.753,4.097,62737.032138877235,60980.00158187724
A_M_1.5999999999999999_1.0_177,COM,1.385693,3.889744,2.824,2.253,6.231,64260.526615877236,60980.00158187724
A_M_1.5999999999999999_1.0_178,COM,0.802561,2.639933,1.467,3.15,5.3,61910.37248487724,60980.00158187724
A_M_1.5999999999999999_1.0_179,COM,0.485617,2.003228,1.885,2.944,3.848,63864.29192087724,60980.00158187724
A_M_1.5999999999999999_1.0_180,COM,1.247121,3.533462,0.309,2.899,3.395,63845.050211877235,60980.00158187724
A_M_1.5999999999999999_1.0_181,COM,4.068157,9.257731,0.329,0.62,2.665,61340.03288287724,60980.00158187724
A_M_1.5999999999999999_1.0_182,COM,1.119397,3.366545,2.142,4.52,1.533,62114.637041877235,60980.00158187724
A_M_1.5999999999999999_1.0_183,COM,1.010611,3.156083,2.013,5.639,2.728,62272.13201787724,60980.00158187724
A_M_1.5999999999999999_1.0_184,COM,3.080949,7.680162,2.412,4.799,4.506,62877.899659877236,60980.00158187724
A_M_1.5999999999999999_1.0_185,COM,1.367346,3.993826,2.814,6.165,2.831,62498.71406087724,60980.00158187724
A_M_1.5999999999999999_1.0_186,COM,0.31464,1.712905,2.407,1.695,5.437,63271.99896687724,60980.00158187724
A_M_1.5999999999999999_1.0_187,COM,1.38615,4.263427,1.296,5.299,0.045,61871.63267187724,60980.00158187724
A_M_1.5999999999999999_1.0_188,COM,1.767952,5.147804,2.569,1.615,0.6,61495.85545287724,60980.00158187724
A_M_1.5999999999999999_1.0_189,COM,8.371762,20.996846,2.359,4.737,2.276,61556.70097287724,60980.00158187724
A_M_1.5999999999999999_1.0_190,COM,1.081807,3.505535,1.772,1.394,5.451,63032.83986287724,60980.00158187724
A_M_1.5999999999999999_1.0_191,COM,0.158742,1.384997,1.192,4.632,4.629,64598.18350487724,60980.00158187724
A_M_1.5999999999999999_1.0_192,COM,0.608871,2.462371,2.462,4.441,1.995,64191.460031877235,60980.00158187724
A_M_1.5999999999999999_1.0_193,COM,2.291633,6.649205,1.132,1.45,5.04,61380.63647587724,60980.00158187724
A_M_1.5999999999999999_1.0_194,COM,0.452699,2.101029,1.907,1.876,3.838,64166.19439287724,60980.00158187724
A_M_1.5999999999999999_1.0_195,COM,0.733439,2.82102,0.693,4.336,2.405,61472.27813287724,60980.00158187724
A_M_1.5999999999999999_1.0_196,COM,0.844112,3.157727,1.529,5.639,2.816,61000.17932687724,60980.00158187724
A_M_1.5999999999999999_1.0_197,COM,1.538963,4.877975,2.173,5.56,2.745,64237.29985287724,60980.00158187724
A_M_1.5999999999999999_1.0_198,COM,1.015688,3.634136,0.979,0.685,2.819,62808.344444877235,60980.00158187724
A_M_1.5999999999999999_1.0_199,COM,0.962212,3.432391,0.943,0.039,2.735,61265.703627877236,60980.00158187724
A_M_1.5999999999999999_1.0_200,COM,0.961855,3.450738,2.785,1.675,4.892,60989.66784687724,60980.00158187724
A_M_1.5999999999999999_1.0_201,COM,3.432709,9.855462,0.969,4.322,1.576,62461.505312877234,60980.00158187724
A_M_1.5999999999999999_1.0_202,COM,0.140546,1.351701,1.522,3.199,4.097,61905.38212487724,60980.00158187724
A_M_1.5999999999999999_1.0_203,COM,1.034258,3.600993,2.488,5.103,4.908,61378.92716187724,60980.00158187724
A_M_1.5999999999999999_1.0_204,COM,1.36681,4.443532,0.49,5.933,0.065,62109.88032087724,60980.00158187724
A_M_1.5999999999999999_1.0_205,COM,0.995196,3.586874,2.175,5.047,4.053,63277.72657587724,60980.00158187724
A_M_1.5999999999999999_1.0_206,COM,3.5127,10.261132,1.633,1.499,4.119,62365.091952877236,60980.00158187724
A_M_1.5999999999999999_1.0_207,COM,3.81813,11.104578,0.06,0.717,5.187,62708.00343487724,60980.00158187724
A_M_1.5999999999999999_1.0_208,COM,0.919855,3.480042,1.783,3.012,3.933,62616.02654187724,60980.00158187724
A_M_1.5999999999999999_1.0_209,COM,0.881648,3.32277,0.791,1.123,2.543,64082.03926887724,60980.00158187724
A_M_1.5999999999999999_1.0_210,COM,1.814573,5.743007,1.567,4.02,1.817,61763.64711587724,60980.00158187724
A_M_1.5999999999999999_1.0_211,COM,1.36844,4.682574,2.342,0.777,0.273,62457.809368877235,60980.00158187724
A_M_1.5999999999999999_1.0_212,COM,0.977019,3.567889,1.914,5.614,3.649,62052.246267877235,60980.00158187724
A_M_1.5999999999999999_1.0_213,COM,0.836519,3.346337,2.291,5.171,1.576,63055.72865887724,60980.00158187724
A_M_1.5999999999999999_1.0_214,COM,0.86317,3.393363,1.964,4.822,2.738,63707.12899787724,60980.00158187724
A_M_1.5999999999999999_1.0_215,COM,1.209169,4.43939,2.461,6.118,3.358,61528.69515087724,60980.00158187724
A_M_1.5999999999999999_1.0_216,COM,0.840513,3.437451,0.534,3.096,3.362,61982.14774987724,60980.00158187724
A_M_1.5999999999999999_1.0_217,COM,1.568048,5.428453,1.499,5.524,3.078,63231.78750187724,60980.00158187724
A_M_1.5999999999999999_1.0_218,COM,1.237634,4.62725,2.384,2.705,2.02,62241.207448877234,60980.00158187724
A_M_1.5999999999999999_1.0_219,COM,0.764163,3.322028,1.385,0.829,3.389,61420.672613877236,60980.00158187724
A_M_1.5999999999999999_1.0_220,COM,2.098517,7.339765,0.999,0.809,4.921,64164.505683877236,60980.00158187724
A_M_1.5999999999999999_1.0_221,COM,0.716219,3.144599,0.418,3.238,4.382,62620.46429087724,60980.00158187724
A_M_1.5999999999999999_1.0_222,COM,1.079853,4.174219,1.079,4.649,4.577,62691.106197877234,60980.00158187724
A_M_1.5999999999999999_1.0_223,COM,0.79753,3.395841,1.786,2.324,3.104,62174.832040877234,60980.00158187724
A_M_1.5999999999999999_1.0_224,COM,1.148734,4.378107,1.707,1.326,4.272,63976.87158087724,60980.00158187724
A_M_1.5999999999999999_1.0_225,COM,3.487962,11.884284,0.941,3.342,2.495,62102.74975287724,60980.00158187724
A_M_1.5999999999999999_1.0_226,COM,1.580393,5.96192,2.575,0.618,3.962,61394.41560187724,60980.00158187724
A_M_1.5999999999999999_1.0_227,COM,2.041362,7.396048,0.889,4.069,5.429,62406.30028987724,60980.00158187724
A_M_1.5999999999999999_1.0_228,COM,0.226319,1.712263,0.776,5.047,4.926,64131.26068487724,60980.00158187724
A_M_1.5999999999999999_1.0_229,COM,0.913258,3.802999,1.385,1.397,4.352,61929.25042187724,60980.00158187724
A_M_1.5999999999999999_1.0_230,COM,0.28339,1.893861,0.858,4.315,0.337,61369.047571877236,60980.00158187724
A_M_1.5999999999999999_1.0_231,COM,1.472469,5.837538,1.975,1.993,4.632,63260.394972877235,60980.00158187724
A_M_1.5999999999999999_1.0_232,COM,0.98387,4.125855,0.876,3.861,2.28,63159.060183877235,60980.00158187724
A_M_1.5999999999999999_1.0_233,COM,0.719667,3.314981,2.297,3.45,0.568,62645.49597487724,60980.00158187724
A_M_1.5999999999999999_1.0_234,COM,0.924063,4.006322,1.416,3.977,3.03,61552.71943187724,60980.00158187724
A_M_1.5999999999999999_1.0_235,COM,5.188344,18.213518,0.974,3.382,3.484,61105.961297877235,60980.00158187724
A_M_1.5999999999999999_1.0_236,COM,1.695803,6.726906,2.634,0.699,4.493,61327.75672787724,60980.00158187724
A_M_1.5999999999999999_1.0_237,COM,6.010825,21.478521,1.473,2.562,3.598,63723.62822387724,60980.00158187724
A_M_1.5999999999999999_1.0_238,COM,0.390739,2.303572,1.95,1.09,4.572,63758.25757987724,60980.00158187724
A_M_1.5999999999999999_1.0_239,COM,1.243464,5.135187,0.888,0.478,5.219,62152.30772387724,60980.00158187724
A_M_1.5999999999999999_1.0_240,COM,1.666197,6.82267,1.386,4.908,1.743,63510.988936877235,60980.00158187724
A_M_1.5999999999999999_1.0_241,COM,1.593736,6.575082,1.537,2.272,3.79,62785.67528687724,60980.00158187724
A_M_1.5999999999999999_1.0_242,COM,1.721548,6.980239,2.274,2.014,4.946,61709.25678487724,60980.00158187724
A_M_1.5999999999999999_1.0_243,COM,1.415972,6.156809,0.8,2.254,1.072,62660.55666587724,60980.00158187724
A_M_1.5999999999999999_1.0_244,COM,0.851596,4.015988,1.047,4.931,0.081,61136.97349587724,60980.00158187724
A_M_1.5999999999999999_1.0_245,COM,2.330838,9.257098,1.868,1.686,4.34,63706.669836877234,60980.00158187724
A_M_1.5999999999999999_1.0_246,COM,0.607176,3.19956,1.649,1.539,4.223,63387.51179087724,60980.00158187724
A_M_1.5999999999999999_1.0_247,COM,5.232304,19.989109,1.556,1.117,3.683,64066.06350987724,60980.00158187724
A_M_1.5999999999999999_1.0_248,COM,1.134661,5.143897,0.952,2.42,3.699,62892.87995587724,60980.00158187724
A_M_1.5999999999999999_1.0_249,COM,1.503526,6.685742,1.771,4.352,1.259,62442.523004877236,60980.00158187724
A_M_1.5999999999999999_1.0_250,COM,1.211372,5.583922,1.262,0.991,2.812,61677.295568877234,60980.00158187724
A_M_1.5999999999999999_1.0_251,COM,1.876169,8.142748,1.935,1.437,5.252,62401.26601387724,60980.00158187724
A_M_1.5999999999999999_1.0_252,COM,1.379418,6.522158,0.965,4.98,3.611,62399.06617487724,60980.00158187724
A_M_1.5999999999999999_1.0_253,COM,1.552886,7.30116,2.055,3.088,3.462,62924.73175187724,60980.00158187724
A_M_1.5999999999999999_1.0_254,COM,1.377603,6.732608,1.161,1.501,3.633,61211.12695687724,60980.00158187724
A_M_1.5999999999999999_1.0_255,COM,1.218013,5.970387,0.983,2.034,4.149,63391.924738877235,60980.00158187724
A_M_1.5999999999999999_1.0_256,COM,0.791669,4.312534,1.13,0.036,5.855,62904.33082987724,60980.00158187724
A_M_1.5999999999999999_1.0_257,COM,1.899683,8.847553,0.364,5.612,3.568,63381.93343987724,60980.00158187724
A_M_1.5999999999999999_1.0_258,COM,0.810979,4.446407,2.547,1.404,4.706,62340.53034287724,60980.00158187724
A_M_1.5999999999999999_1.0_259,COM,1.178342,6.096435,1.911,5.491,2.868,61021.67621387724,60980.00158187724
A_M_1.5999999999999999_1.0_260,COM,0.377841,2.618763,1.704,1.797,2.084,63548.84066887724,60980.00158187724
A_M_1.5999999999999999_1.0_261,COM,2.658123,12.594043,1.586,1.891,4.058,62604.59379387724,60980.00158187724
A_M_1.5999999999999999_1.0_262,COM,0.819028,4.620348,2.134,5.293,1.86,64489.408214877236,60980.00158187724
A_M_1.5999999999999999_1.0_263,COM,1.086414,5.86029,2.126,1.415,3.596,60990.782114877235,60980.00158187724
A_M_1.5999999999999999_1.0_264,COM,0.588083,3.677483,2.079,1.757,1.419,63233.25381587724,60980.00158187724
A_M_1.5999999999999999_1.0_265,COM,1.610829,8.393027,2.751,4.394,1.205,64547.94689287724,60980.00158187724
A_M_1.5999999999999999_1.0_266,COM,0.924046,5.273222,1.932,5.669,2.374,61923.14171887724,60980.00158187724
A_M_1.5999999999999999_1.0_267,COM,2.088564,10.94339,2.151,4.571,4.115,64055.59988987724,60980.00158187724
A_M_1.5999999999999999_1.0_268,COM,0.487295,3.380315,0.672,3.597,3.389,63045.90020487724,60980.00158187724
A_M_1.5999999999999999_1.0_269,COM,1.833564,9.982908,1.004,4.944,3.404,64553.27631887724,60980.00158187724
A_M_1.5999999999999999_1.0_270,COM,1.361804,7.542033,2.34,0.531,3.516,61307.27245287724,60980.00158187724
A_M_1.5999999999999999_1.0_271,COM,0.268129,2.323429,2.192,0.493,3.742,62575.082603877236,60980.00158187724
A_M_1.5999999999999999_1.0_272,COM,0.385012,2.917032,0.27,5.666,5.479,61298.344936877234,60980.00158187724
A_M_1.5999999999999999_1.0_273,COM,1.665502,9.415092,2.316,0.726,4.173,63401.846851877235,60980.00158187724
A_M_1.5999999999999999_1.0_274,COM,1.319073,7.851942,1.179,4.291,3.657,64110.52235387724,60980.00158187724
A_M_1.5999999999999999_1.0_275,COM,3.884235,21.108215,1.432,5.645,2.969,63562.40007187724,60980.00158187724
A_M_1.5999999999999999_1.0_276,COM,0.485999,3.480156,2.457,1.85,2.742,64571.180757877235,60980.00158187724
A_M_1.5999999999999999_1.0_277,COM,1.675857,9.502959,0.545,4.926,1.273,64100.10852987724,60980.00158187724
A_M_1.5999999999999999_1.0_278,COM,1.382227,8.304706,2.039,1.697,2.775,61899.28273287724,60980.00158187724
A_M_1.5999999999999999_1.0_279,COM,7.214356,39.780803,0.959,4.242,2.349,64156.85331687724,60980.00158187724
A_M_1.5999999999999999_1.0_280,COM,2.083539,12.194101,1.497,1.706,3.903,63315.513287877235,60980.00158187724
A_M_1.5999999999999999_1.0_281,COM,1.88532,11.653292,0.945,3.987,2.368,63066.38889887724,60980.00158187724
A_M_1.5999999999999999_1.0_282,COM,0.843029,5.824314,1.392,4.001,1.821,61689.81542487724,60980.00158187724
A_M_1.5999999999999999_1.0_283,COM,0.496174,3.83435,1.343,4.996,2.102,62632.99008787724,60980.00158187724
A_M_1.5999999999999999_1.0_284,COM,1.658046,10.656482,2.816,2.638,6.219,63722.13153187724,60980.00158187724
A_M_1.5999999999999999_1.0_285,COM,0.034427,1.20075,2.044,1.505,3.818,63524.56494987724,60980.00158187724
A_M_1.5999999999999999_1.0_286,COM,5.481863,32.692915,1.342,1.268,4.55,64721.12445187724,60980.00158187724
A_M_1.5999999999999999_1.0_287,COM,0.876315,6.039211,1.167,4.585,2.466,61653.835910877235,60980.00158187724
A_M_1.5999999999999999_1.0_288,COM,1.097619,7.275935,0.737,5.969,3.342,64176.48854187724,60980.00158187724
A_M_1.5999999999999999_1.0_289,COM,1.61417,10.19077,2.26,2.484,2.251,64105.72665587724,60980.00158187724
A_M_1.5999999999999999_1.0_290,COM,1.47667,9.69278,1.89,5.044,2.016,64469.59958987724,60980.00158187724
A_M_1.5999999999999999_1.0_291,COM,1.664301,10.930284,1.662,2.441,3.977,61003.16864087724,60980.00158187724
A_M_1.5999999999999999_1.0_292,COM,1.293723,8.878116,3.052,1.58,5.08,62382.885901877235,60980.00158187724
A_M_1.5999999999999999_1.0_293,COM,0.525944,4.173389,0.784,3.984,2.936,62919.81290487724,60980.00158187724
A_M_1.5999999999999999_1.0_294,COM,1.372304,9.301548,0.715,2.986,3.569,63114.195956877236,60980.00158187724
A_M_1.5999999999999999_1.0_295,COM,0.697155,5.26308,1.02,1.349,4.857,64239.93428787724,60980.00158187724
A_M_1.5999999999999999_1.0_296,COM,1.404572,9.839042,1.315,4.816,4.983,63263.19408887724,60980.00158187724
A_M_1.5999999999999999_1.0_297,COM,1.232045,8.795217,1.532,6.198,2.815,64064.088084877236,60980.00158187724
A_M_1.5999999999999999_1.0_298,COM,0.834819,6.429737,1.806,4.962,4.712,63841.13308187724,60980.00158187724
A_M_1.5999999999999999_1.0_299,COM,1.245955,9.017754,0.811,4.165,3.29,62993.04685187724,60980.00158187724
A_M_1.5999999999999999_1.0_300,COM,0.876686,6.811319,0.882,2.384,3.681,60963.062311877235,60980.00158187724
A_M_1.5999999999999999_1.0_301,COM,5.538699,38.930275,1.989,0.93,4.435,62136.26295287724,60980.00158187724
A_M_1.5999999999999999_1.0_302,COM,0.367772,3.585967,2.821,1.538,4.676,62437.265176877234,60980.00158187724
A_M_1.5999999999999999_1.0_303,COM,1.284005,10.247738,2.872,1.046,4.819,64525.894305877235,60980.00158187724
A_M_1.5999999999999999_1.0_304,COM,1.497998,11.547266,1.094,4.651,3.596,63963.74768087724,60980.00158187724
A_M_1.5999999999999999_1.0_305,COM,28.913928,209.572564,1.155,4.637,5.906,62805.792112877236,60980.00158187724
A_M_1.5999999999999999_1.0_306,COM,0.96899,8.920408,2.301,4.925,1.866,64546.38580187724,60980.00158187724
A_M_1.5999999999999999_1.0_307,COM,1.489298,13.445961,1.18,4.144,1.578,63169.57377387724,60980.00158187724
A_M_1.5999999999999999_1.0_308,COM,0.535459,5.543408,1.726,2.766,3.302,63216.71304487724,60980.00158187724
A_M_1.5999999999999999_1.0_309,COM,0.726672,7.306934,0.725,4.948,4.967,61158.94591987724,60980.00158187724
A_M_1.5999999999999999_1.0_310,COM,0.507369,5.552356,1.775,1.461,4.947,61844.006477877236,60980.00158187724
A_M_1.5999999999999999_1.0_311,COM,0.682642,7.569286,0.465,3.818,2.969,61696.619572877236,60980.00158187724
A_M_1.5999999999999999_1.0_312,COM,2.125483,21.770043,1.429,2.005,4.156,62127.18576087724,60980.00158187724
A_M_1.5999999999999999_1.0_313,COM,1.076456,12.270218,1.169,1.923,4.397,62309.876599877236,60980.00158187724
A_M_1.5999999999999999_1.0_314,COM,0.538903,6.915905,2.173,4.089,1.306,63336.13578887724,60980.00158187724
A_M_1.5999999999999999_1.0_315,COM,0.538903,6.915905,2.173,4.089,1.306,63336.13578887724,60980.00158187724
