ObjID,H_r,u-r,g-r,i-r,z-r,y-r,GS
A_M_1.9999999999999998_1.0_0,25.53,2.31,0.73,-0.33,-0.5,-0.68,0.15
A_M_1.9999999999999998_1.0_1,25.1,2.31,0.73,-0.33,-0.5,-0.68,0.15
A_M_1.9999999999999998_1.0_2,23.5,2.31,0.73,-0.33,-0.5,-0.68,0.15
A_M_1.9999999999999998_1.0_3,25.59,2.31,0.73,-0.33,-0.5,-0.68,0.15
A_M_1.9999999999999998_1.0_4,25.59,2.31,0.73,-0.33,-0.5,-0.68,0.15
A_M_1.9999999999999998_1.0_5,24.67,2.31,0.73,-0.33,-0.5,-0.68,0.15
A_M_1.9999999999999998_1.0_6,25.15,2.31,0.73,-0.33,-0.5,-0.68,0.15
A_M_1.9999999999999998_1.0_7,24.51,2.31,0.73,-0.33,-0.5,-0.68,0.15
A_M_1.9999999999999998_1.0_8,24.92,2.31,0.73,-0.33,-0.5,-0.68,0.15
A_M_1.9999999999999998_1.0_9,24.86,2.31,0.73,-0.33,-0.5,-0.68,0.15
A_M_1.9999999999999998_1.0_10,25.44,2.31,0.73,-0.33,-0.5,-0.68,0.15
A_M_1.9999999999999998_1.0_11,25.15,2.31,0.73,-0.33,-0.5,-0.68,0.15
A_M_1.9999999999999998_1.0_12,24.63,2.31,0.73,-0.33,-0.5,-0.68,0.15
A_M_1.9999999999999998_1.0_13,24.75,2.31,0.73,-0.33,-0.5,-0.68,0.15
A_M_1.9999999999999998_1.0_14,24.67,2.31,0.73,-0.33,-0.5,-0.68,0.15
A_M_1.9999999999999998_1.0_15,22.12,2.31,0.73,-0.33,-0.5,-0.68,0.15
A_M_1.9999999999999998_1.0_16,21.61,2.31,0.73,-0.33,-0.5,-0.68,0.15
A_M_1.9999999999999998_1.0_17,25.58,2.31,0.73,-0.33,-0.5,-0.68,0.15
A_M_1.9999999999999998_1.0_18,24.82,2.31,0.73,-0.33,-0.5,-0.68,0.15
A_M_1.9999999999999998_1.0_19,24.72,2.31,0.73,-0.33,-0.5,-0.68,0.15
A_M_1.9999999999999998_1.0_20,23.75,2.31,0.73,-0.33,-0.5,-0.68,0.15
A_M_1.9999999999999998_1.0_21,25.25,2.31,0.73,-0.33,-0.5,-0.68,0.15
A_M_1.9999999999999998_1.0_22,21.89,2.31,0.73,-0.33,-0.5,-0.68,0.15
A_M_1.9999999999999998_1.0_23,24.45,2.31,0.73,-0.33,-0.5,-0.68,0.15
A_M_1.9999999999999998_1.0_24,25.48,2.31,0.73,-0.33,-0.5,-0.68,0.15
A_M_1.9999999999999998_1.0_25,24.33,2.31,0.73,-0.33,-0.5,-0.68,0.15
A_M_1.9999999999999998_1.0_26,25.46,2.31,0.73,-0.33,-0.5,-0.68,0.15
A_M_1.9999999999999998_1.0_27,23.73,2.31,0.73,-0.33,-0.5,-0.68,0.15
A_M_1.9999999999999998_1.0_28,25.49,2.31,0.73,-0.33,-0.5,-0.68,0.15
A_M_1.9999999999999998_1.0_29,25.62,2.31,0.73,-0.33,-0.5,-0.68,0.15
A_M_1.9999999999999998_1.0_30,24.34,2.31,0.73,-0.33,-0.5,-0.68,0.15
A_M_1.9999999999999998_1.0_31,23.09,2.31,0.73,-0.33,-0.5,-0.68,0.15
A_M_1.9999999999999998_1.0_32,24.9,2.31,0.73,-0.33,-0.5,-0.68,0.15
A_M_1.9999999999999998_1.0_33,25.5,2.31,0.73,-0.33,-0.5,-0.68,0.15
A_M_1.9999999999999998_1.0_34,24.11,2.31,0.73,-0.33,-0.5,-0.68,0.15
A_M_1.9999999999999998_1.0_35,25.55,2.31,0.73,-0.33,-0.5,-0.68,0.15
A_M_1.9999999999999998_1.0_36,25.32,2.31,0.73,-0.33,-0.5,-0.68,0.15
A_M_1.9999999999999998_1.0_37,23.15,2.31,0.73,-0.33,-0.5,-0.68,0.15
A_M_1.9999999999999998_1.0_38,22.89,2.31,0.73,-0.33,-0.5,-0.68,0.15
A_M_1.9999999999999998_1.0_39,24.2,2.31,0.73,-0.33,-0.5,-0.68,0.15
A_M_1.9999999999999998_1.0_40,25.12,2.31,0.73,-0.33,-0.5,-0.68,0.15
A_M_1.9999999999999998_1.0_41,25.5,2.31,0.73,-0.33,-0.5,-0.68,0.15
A_M_1.9999999999999998_1.0_42,23.98,2.31,0.73,-0.33,-0.5,-0.68,0.15
A_M_1.9999999999999998_1.0_43,23.97,2.31,0.73,-0.33,-0.5,-0.68,0.15
A_M_1.9999999999999998_1.0_44,22.38,2.31,0.73,-0.33,-0.5,-0.68,0.15
A_M_1.9999999999999998_1.0_45,25.19,2.31,0.73,-0.33,-0.5,-0.68,0.15
A_M_1.9999999999999998_1.0_46,25.4,2.31,0.73,-0.33,-0.5,-0.68,0.15
A_M_1.9999999999999998_1.0_47,23.81,2.31,0.73,-0.33,-0.5,-0.68,0.15
A_M_1.9999999999999998_1.0_48,24.18,2.31,0.73,-0.33,-0.5,-0.68,0.15
A_M_1.9999999999999998_1.0_49,23.64,2.31,0.73,-0.33,-0.5,-0.68,0.15
A_M_1.9999999999999998_1.0_50,25.23,2.31,0.73,-0.33,-0.5,-0.68,0.15
A_M_1.9999999999999998_1.0_51,24.1,2.31,0.73,-0.33,-0.5,-0.68,0.15
A_M_1.9999999999999998_1.0_52,22.64,2.31,0.73,-0.33,-0.5,-0.68,0.15
A_M_1.9999999999999998_1.0_53,25.44,2.31,0.73,-0.33,-0.5,-0.68,0.15
A_M_1.9999999999999998_1.0_54,24.43,2.31,0.73,-0.33,-0.5,-0.68,0.15
A_M_1.9999999999999998_1.0_55,24.85,2.31,0.73,-0.33,-0.5,-0.68,0.15
A_M_1.9999999999999998_1.0_56,22.65,2.31,0.73,-0.33,-0.5,-0.68,0.15
A_M_1.9999999999999998_1.0_57,24.49,2.31,0.73,-0.33,-0.5,-0.68,0.15
A_M_1.9999999999999998_1.0_58,24.43,2.31,0.73,-0.33,-0.5,-0.68,0.15
A_M_1.9999999999999998_1.0_59,25.47,2.31,0.73,-0.33,-0.5,-0.68,0.15
A_M_1.9999999999999998_1.0_60,25.07,2.31,0.73,-0.33,-0.5,-0.68,0.15
A_M_1.9999999999999998_1.0_61,25.34,2.31,0.73,-0.33,-0.5,-0.68,0.15
A_M_1.9999999999999998_1.0_62,24.19,2.31,0.73,-0.33,-0.5,-0.68,0.15
A_M_1.9999999999999998_1.0_63,24.48,2.31,0.73,-0.33,-0.5,-0.68,0.15
A_M_1.9999999999999998_1.0_64,23.51,2.31,0.73,-0.33,-0.5,-0.68,0.15
A_M_1.9999999999999998_1.0_65,25.04,2.31,0.73,-0.33,-0.5,-0.68,0.15
A_M_1.9999999999999998_1.0_66,23.91,2.31,0.73,-0.33,-0.5,-0.68,0.15
A_M_1.9999999999999998_1.0_67,25.22,2.31,0.73,-0.33,-0.5,-0.68,0.15
A_M_1.9999999999999998_1.0_68,23.74,2.31,0.73,-0.33,-0.5,-0.68,0.15
A_M_1.9999999999999998_1.0_69,21.79,2.31,0.73,-0.33,-0.5,-0.68,0.15
A_M_1.9999999999999998_1.0_70,25.0,2.31,0.73,-0.33,-0.5,-0.68,0.15
A_M_1.9999999999999998_1.0_71,25.5,2.31,0.73,-0.33,-0.5,-0.68,0.15
A_M_1.9999999999999998_1.0_72,25.39,2.31,0.73,-0.33,-0.5,-0.68,0.15
A_M_1.9999999999999998_1.0_73,22.82,2.31,0.73,-0.33,-0.5,-0.68,0.15
A_M_1.9999999999999998_1.0_74,25.03,2.31,0.73,-0.33,-0.5,-0.68,0.15
A_M_1.9999999999999998_1.0_75,23.79,2.31,0.73,-0.33,-0.5,-0.68,0.15
A_M_1.9999999999999998_1.0_76,24.93,2.31,0.73,-0.33,-0.5,-0.68,0.15
A_M_1.9999999999999998_1.0_77,25.38,2.31,0.73,-0.33,-0.5,-0.68,0.15
A_M_1.9999999999999998_1.0_78,24.81,2.31,0.73,-0.33,-0.5,-0.68,0.15
A_M_1.9999999999999998_1.0_79,22.42,2.31,0.73,-0.33,-0.5,-0.68,0.15
A_M_1.9999999999999998_1.0_80,17.81,2.31,0.73,-0.33,-0.5,-0.68,0.15
A_M_1.9999999999999998_1.0_81,24.51,2.31,0.73,-0.33,-0.5,-0.68,0.15
A_M_1.9999999999999998_1.0_82,24.77,2.31,0.73,-0.33,-0.5,-0.68,0.15
A_M_1.9999999999999998_1.0_83,21.55,2.31,0.73,-0.33,-0.5,-0.68,0.15
A_M_1.9999999999999998_1.0_84,24.44,2.31,0.73,-0.33,-0.5,-0.68,0.15
A_M_1.9999999999999998_1.0_85,25.51,2.31,0.73,-0.33,-0.5,-0.68,0.15
A_M_1.9999999999999998_1.0_86,25.55,2.31,0.73,-0.33,-0.5,-0.68,0.15
A_M_1.9999999999999998_1.0_87,22.19,2.31,0.73,-0.33,-0.5,-0.68,0.15
A_M_1.9999999999999998_1.0_88,24.57,2.31,0.73,-0.33,-0.5,-0.68,0.15
A_M_1.9999999999999998_1.0_89,25.11,2.31,0.73,-0.33,-0.5,-0.68,0.15
A_M_1.9999999999999998_1.0_90,25.5,2.31,0.73,-0.33,-0.5,-0.68,0.15
A_M_1.9999999999999998_1.0_91,25.02,2.31,0.73,-0.33,-0.5,-0.68,0.15
A_M_1.9999999999999998_1.0_92,22.04,2.31,0.73,-0.33,-0.5,-0.68,0.15
A_M_1.9999999999999998_1.0_93,25.29,2.31,0.73,-0.33,-0.5,-0.68,0.15
A_M_1.9999999999999998_1.0_94,23.86,2.31,0.73,-0.33,-0.5,-0.68,0.15
A_M_1.9999999999999998_1.0_95,25.41,2.31,0.73,-0.33,-0.5,-0.68,0.15
A_M_1.9999999999999998_1.0_96,24.35,2.31,0.73,-0.33,-0.5,-0.68,0.15
A_M_1.9999999999999998_1.0_97,24.01,2.31,0.73,-0.33,-0.5,-0.68,0.15
A_M_1.9999999999999998_1.0_98,24.39,2.31,0.73,-0.33,-0.5,-0.68,0.15
A_M_1.9999999999999998_1.0_99,24.8,2.31,0.73,-0.33,-0.5,-0.68,0.15
A_M_1.9999999999999998_1.0_100,25.06,2.31,0.73,-0.33,-0.5,-0.68,0.15
A_M_1.9999999999999998_1.0_101,24.27,2.31,0.73,-0.33,-0.5,-0.68,0.15
A_M_1.9999999999999998_1.0_102,23.29,2.31,0.73,-0.33,-0.5,-0.68,0.15
A_M_1.9999999999999998_1.0_103,23.48,2.31,0.73,-0.33,-0.5,-0.68,0.15
A_M_1.9999999999999998_1.0_104,24.49,2.31,0.73,-0.33,-0.5,-0.68,0.15
A_M_1.9999999999999998_1.0_105,24.95,2.31,0.73,-0.33,-0.5,-0.68,0.15
A_M_1.9999999999999998_1.0_106,25.28,2.31,0.73,-0.33,-0.5,-0.68,0.15
A_M_1.9999999999999998_1.0_107,24.11,2.31,0.73,-0.33,-0.5,-0.68,0.15
A_M_1.9999999999999998_1.0_108,22.63,2.31,0.73,-0.33,-0.5,-0.68,0.15
A_M_1.9999999999999998_1.0_109,23.8,2.31,0.73,-0.33,-0.5,-0.68,0.15
A_M_1.9999999999999998_1.0_110,24.97,2.31,0.73,-0.33,-0.5,-0.68,0.15
A_M_1.9999999999999998_1.0_111,24.92,2.31,0.73,-0.33,-0.5,-0.68,0.15
A_M_1.9999999999999998_1.0_112,24.96,2.31,0.73,-0.33,-0.5,-0.68,0.15
A_M_1.9999999999999998_1.0_113,25.59,2.31,0.73,-0.33,-0.5,-0.68,0.15
A_M_1.9999999999999998_1.0_114,18.41,2.31,0.73,-0.33,-0.5,-0.68,0.15
A_M_1.9999999999999998_1.0_115,24.75,2.31,0.73,-0.33,-0.5,-0.68,0.15
A_M_1.9999999999999998_1.0_116,24.49,2.31,0.73,-0.33,-0.5,-0.68,0.15
A_M_1.9999999999999998_1.0_117,23.1,2.31,0.73,-0.33,-0.5,-0.68,0.15
A_M_1.9999999999999998_1.0_118,24.95,2.31,0.73,-0.33,-0.5,-0.68,0.15
A_M_1.9999999999999998_1.0_119,25.02,2.31,0.73,-0.33,-0.5,-0.68,0.15
A_M_1.9999999999999998_1.0_120,22.73,2.31,0.73,-0.33,-0.5,-0.68,0.15
A_M_1.9999999999999998_1.0_121,19.34,2.31,0.73,-0.33,-0.5,-0.68,0.15
A_M_1.9999999999999998_1.0_122,23.52,2.31,0.73,-0.33,-0.5,-0.68,0.15
A_M_1.9999999999999998_1.0_123,25.52,2.31,0.73,-0.33,-0.5,-0.68,0.15
A_M_1.9999999999999998_1.0_124,23.17,2.31,0.73,-0.33,-0.5,-0.68,0.15
A_M_1.9999999999999998_1.0_125,24.84,2.31,0.73,-0.33,-0.5,-0.68,0.15
A_M_1.9999999999999998_1.0_126,25.29,2.31,0.73,-0.33,-0.5,-0.68,0.15
A_M_1.9999999999999998_1.0_127,25.25,2.31,0.73,-0.33,-0.5,-0.68,0.15
A_M_1.9999999999999998_1.0_128,23.52,2.31,0.73,-0.33,-0.5,-0.68,0.15
A_M_1.9999999999999998_1.0_129,25.4,2.31,0.73,-0.33,-0.5,-0.68,0.15
A_M_1.9999999999999998_1.0_130,24.58,2.31,0.73,-0.33,-0.5,-0.68,0.15
A_M_1.9999999999999998_1.0_131,25.0,2.31,0.73,-0.33,-0.5,-0.68,0.15
A_M_1.9999999999999998_1.0_132,21.0,2.31,0.73,-0.33,-0.5,-0.68,0.15
A_M_1.9999999999999998_1.0_133,22.23,2.31,0.73,-0.33,-0.5,-0.68,0.15
A_M_1.9999999999999998_1.0_134,23.73,2.31,0.73,-0.33,-0.5,-0.68,0.15
A_M_1.9999999999999998_1.0_135,25.59,2.31,0.73,-0.33,-0.5,-0.68,0.15
A_M_1.9999999999999998_1.0_136,25.08,2.31,0.73,-0.33,-0.5,-0.68,0.15
A_M_1.9999999999999998_1.0_137,24.4,2.31,0.73,-0.33,-0.5,-0.68,0.15
A_M_1.9999999999999998_1.0_138,24.99,2.31,0.73,-0.33,-0.5,-0.68,0.15
A_M_1.9999999999999998_1.0_139,25.29,2.31,0.73,-0.33,-0.5,-0.68,0.15
A_M_1.9999999999999998_1.0_140,25.0,2.31,0.73,-0.33,-0.5,-0.68,0.15
A_M_1.9999999999999998_1.0_141,25.35,2.31,0.73,-0.33,-0.5,-0.68,0.15
A_M_1.9999999999999998_1.0_142,25.03,2.31,0.73,-0.33,-0.5,-0.68,0.15
A_M_1.9999999999999998_1.0_143,24.65,2.31,0.73,-0.33,-0.5,-0.68,0.15
A_M_1.9999999999999998_1.0_144,17.05,2.31,0.73,-0.33,-0.5,-0.68,0.15
A_M_1.9999999999999998_1.0_145,25.48,2.31,0.73,-0.33,-0.5,-0.68,0.15
A_M_1.9999999999999998_1.0_146,24.17,2.31,0.73,-0.33,-0.5,-0.68,0.15
A_M_1.9999999999999998_1.0_147,25.42,2.31,0.73,-0.33,-0.5,-0.68,0.15
A_M_1.9999999999999998_1.0_148,24.38,2.31,0.73,-0.33,-0.5,-0.68,0.15
A_M_1.9999999999999998_1.0_149,23.44,2.31,0.73,-0.33,-0.5,-0.68,0.15
A_M_1.9999999999999998_1.0_150,24.17,2.31,0.73,-0.33,-0.5,-0.68,0.15
A_M_1.9999999999999998_1.0_151,23.53,2.31,0.73,-0.33,-0.5,-0.68,0.15
A_M_1.9999999999999998_1.0_152,24.65,2.31,0.73,-0.33,-0.5,-0.68,0.15
A_M_1.9999999999999998_1.0_153,25.2,2.31,0.73,-0.33,-0.5,-0.68,0.15
A_M_1.9999999999999998_1.0_154,22.71,2.31,0.73,-0.33,-0.5,-0.68,0.15
A_M_1.9999999999999998_1.0_155,25.51,2.31,0.73,-0.33,-0.5,-0.68,0.15
A_M_1.9999999999999998_1.0_156,24.27,2.31,0.73,-0.33,-0.5,-0.68,0.15
A_M_1.9999999999999998_1.0_157,25.27,2.31,0.73,-0.33,-0.5,-0.68,0.15
A_M_1.9999999999999998_1.0_158,25.19,2.31,0.73,-0.33,-0.5,-0.68,0.15
A_M_1.9999999999999998_1.0_159,23.74,2.31,0.73,-0.33,-0.5,-0.68,0.15
A_M_1.9999999999999998_1.0_160,23.63,2.31,0.73,-0.33,-0.5,-0.68,0.15
A_M_1.9999999999999998_1.0_161,22.64,2.31,0.73,-0.33,-0.5,-0.68,0.15
A_M_1.9999999999999998_1.0_162,25.29,2.31,0.73,-0.33,-0.5,-0.68,0.15
A_M_1.9999999999999998_1.0_163,23.35,2.31,0.73,-0.33,-0.5,-0.68,0.15
A_M_1.9999999999999998_1.0_164,18.7,2.31,0.73,-0.33,-0.5,-0.68,0.15
A_M_1.9999999999999998_1.0_165,25.27,2.31,0.73,-0.33,-0.5,-0.68,0.15
A_M_1.9999999999999998_1.0_166,25.42,2.31,0.73,-0.33,-0.5,-0.68,0.15
A_M_1.9999999999999998_1.0_167,23.1,2.31,0.73,-0.33,-0.5,-0.68,0.15
A_M_1.9999999999999998_1.0_168,25.47,2.31,0.73,-0.33,-0.5,-0.68,0.15
A_M_1.9999999999999998_1.0_169,24.88,2.31,0.73,-0.33,-0.5,-0.68,0.15
A_M_1.9999999999999998_1.0_170,25.28,2.31,0.73,-0.33,-0.5,-0.68,0.15
A_M_1.9999999999999998_1.0_171,25.16,2.31,0.73,-0.33,-0.5,-0.68,0.15
A_M_1.9999999999999998_1.0_172,23.3,2.31,0.73,-0.33,-0.5,-0.68,0.15
A_M_1.9999999999999998_1.0_173,24.55,2.31,0.73,-0.33,-0.5,-0.68,0.15
A_M_1.9999999999999998_1.0_174,25.12,2.31,0.73,-0.33,-0.5,-0.68,0.15
A_M_1.9999999999999998_1.0_175,24.75,2.31,0.73,-0.33,-0.5,-0.68,0.15
A_M_1.9999999999999998_1.0_176,24.82,2.31,0.73,-0.33,-0.5,-0.68,0.15
A_M_1.9999999999999998_1.0_177,24.35,2.31,0.73,-0.33,-0.5,-0.68,0.15
A_M_1.9999999999999998_1.0_178,25.56,2.31,0.73,-0.33,-0.5,-0.68,0.15
A_M_1.9999999999999998_1.0_179,25.11,2.31,0.73,-0.33,-0.5,-0.68,0.15
A_M_1.9999999999999998_1.0_180,24.13,2.31,0.73,-0.33,-0.5,-0.68,0.15
A_M_1.9999999999999998_1.0_181,25.53,2.31,0.73,-0.33,-0.5,-0.68,0.15
A_M_1.9999999999999998_1.0_182,25.12,2.31,0.73,-0.33,-0.5,-0.68,0.15
A_M_1.9999999999999998_1.0_183,24.54,2.31,0.73,-0.33,-0.5,-0.68,0.15
A_M_1.9999999999999998_1.0_184,24.82,2.31,0.73,-0.33,-0.5,-0.68,0.15
A_M_1.9999999999999998_1.0_185,25.1,2.31,0.73,-0.33,-0.5,-0.68,0.15
A_M_1.9999999999999998_1.0_186,22.09,2.31,0.73,-0.33,-0.5,-0.68,0.15
A_M_1.9999999999999998_1.0_187,25.43,2.31,0.73,-0.33,-0.5,-0.68,0.15
A_M_1.9999999999999998_1.0_188,22.69,2.31,0.73,-0.33,-0.5,-0.68,0.15
A_M_1.9999999999999998_1.0_189,23.11,2.31,0.73,-0.33,-0.5,-0.68,0.15
A_M_1.9999999999999998_1.0_190,22.99,2.31,0.73,-0.33,-0.5,-0.68,0.15
A_M_1.9999999999999998_1.0_191,20.76,2.31,0.73,-0.33,-0.5,-0.68,0.15
A_M_1.9999999999999998_1.0_192,24.14,2.31,0.73,-0.33,-0.5,-0.68,0.15
A_M_1.9999999999999998_1.0_193,23.94,2.31,0.73,-0.33,-0.5,-0.68,0.15
A_M_1.9999999999999998_1.0_194,23.72,2.31,0.73,-0.33,-0.5,-0.68,0.15
A_M_1.9999999999999998_1.0_195,25.03,2.31,0.73,-0.33,-0.5,-0.68,0.15
A_M_1.9999999999999998_1.0_196,22.03,2.31,0.73,-0.33,-0.5,-0.68,0.15
A_M_1.9999999999999998_1.0_197,23.87,2.31,0.73,-0.33,-0.5,-0.68,0.15
A_M_1.9999999999999998_1.0_198,23.53,2.31,0.73,-0.33,-0.5,-0.68,0.15
A_M_1.9999999999999998_1.0_199,24.16,2.31,0.73,-0.33,-0.5,-0.68,0.15
A_M_1.9999999999999998_1.0_200,21.1,2.31,0.73,-0.33,-0.5,-0.68,0.15
A_M_1.9999999999999998_1.0_201,22.62,2.31,0.73,-0.33,-0.5,-0.68,0.15
A_M_1.9999999999999998_1.0_202,23.91,2.31,0.73,-0.33,-0.5,-0.68,0.15
A_M_1.9999999999999998_1.0_203,22.83,2.31,0.73,-0.33,-0.5,-0.68,0.15
A_M_1.9999999999999998_1.0_204,24.96,2.31,0.73,-0.33,-0.5,-0.68,0.15
A_M_1.9999999999999998_1.0_205,25.14,2.31,0.73,-0.33,-0.5,-0.68,0.15
A_M_1.9999999999999998_1.0_206,24.51,2.31,0.73,-0.33,-0.5,-0.68,0.15
A_M_1.9999999999999998_1.0_207,22.73,2.31,0.73,-0.33,-0.5,-0.68,0.15
A_M_1.9999999999999998_1.0_208,24.49,2.31,0.73,-0.33,-0.5,-0.68,0.15
A_M_1.9999999999999998_1.0_209,25.03,2.31,0.73,-0.33,-0.5,-0.68,0.15
A_M_1.9999999999999998_1.0_210,25.37,2.31,0.73,-0.33,-0.5,-0.68,0.15
A_M_1.9999999999999998_1.0_211,25.32,2.31,0.73,-0.33,-0.5,-0.68,0.15
A_M_1.9999999999999998_1.0_212,25.15,2.31,0.73,-0.33,-0.5,-0.68,0.15
A_M_1.9999999999999998_1.0_213,23.86,2.31,0.73,-0.33,-0.5,-0.68,0.15
A_M_1.9999999999999998_1.0_214,24.47,2.31,0.73,-0.33,-0.5,-0.68,0.15
A_M_1.9999999999999998_1.0_215,24.77,2.31,0.73,-0.33,-0.5,-0.68,0.15
A_M_1.9999999999999998_1.0_216,24.49,2.31,0.73,-0.33,-0.5,-0.68,0.15
A_M_1.9999999999999998_1.0_217,25.61,2.31,0.73,-0.33,-0.5,-0.68,0.15
A_M_1.9999999999999998_1.0_218,25.13,2.31,0.73,-0.33,-0.5,-0.68,0.15
A_M_1.9999999999999998_1.0_219,22.91,2.31,0.73,-0.33,-0.5,-0.68,0.15
A_M_1.9999999999999998_1.0_220,25.5,2.31,0.73,-0.33,-0.5,-0.68,0.15
A_M_1.9999999999999998_1.0_221,23.8,2.31,0.73,-0.33,-0.5,-0.68,0.15
A_M_1.9999999999999998_1.0_222,24.76,2.31,0.73,-0.33,-0.5,-0.68,0.15
A_M_1.9999999999999998_1.0_223,24.71,2.31,0.73,-0.33,-0.5,-0.68,0.15
A_M_1.9999999999999998_1.0_224,23.12,2.31,0.73,-0.33,-0.5,-0.68,0.15
A_M_1.9999999999999998_1.0_225,24.53,2.31,0.73,-0.33,-0.5,-0.68,0.15
A_M_1.9999999999999998_1.0_226,25.24,2.31,0.73,-0.33,-0.5,-0.68,0.15
A_M_1.9999999999999998_1.0_227,23.1,2.31,0.73,-0.33,-0.5,-0.68,0.15
A_M_1.9999999999999998_1.0_228,24.17,2.31,0.73,-0.33,-0.5,-0.68,0.15
A_M_1.9999999999999998_1.0_229,20.99,2.31,0.73,-0.33,-0.5,-0.68,0.15
A_M_1.9999999999999998_1.0_230,25.35,2.31,0.73,-0.33,-0.5,-0.68,0.15
A_M_1.9999999999999998_1.0_231,25.0,2.31,0.73,-0.33,-0.5,-0.68,0.15
A_M_1.9999999999999998_1.0_232,25.58,2.31,0.73,-0.33,-0.5,-0.68,0.15
A_M_1.9999999999999998_1.0_233,23.85,2.31,0.73,-0.33,-0.5,-0.68,0.15
A_M_1.9999999999999998_1.0_234,25.46,2.31,0.73,-0.33,-0.5,-0.68,0.15
A_M_1.9999999999999998_1.0_235,24.13,2.31,0.73,-0.33,-0.5,-0.68,0.15
A_M_1.9999999999999998_1.0_236,21.62,2.31,0.73,-0.33,-0.5,-0.68,0.15
A_M_1.9999999999999998_1.0_237,24.51,2.31,0.73,-0.33,-0.5,-0.68,0.15
A_M_1.9999999999999998_1.0_238,23.88,2.31,0.73,-0.33,-0.5,-0.68,0.15
A_M_1.9999999999999998_1.0_239,20.52,2.31,0.73,-0.33,-0.5,-0.68,0.15
A_M_1.9999999999999998_1.0_240,25.2,2.31,0.73,-0.33,-0.5,-0.68,0.15
A_M_1.9999999999999998_1.0_241,24.55,2.31,0.73,-0.33,-0.5,-0.68,0.15
A_M_1.9999999999999998_1.0_242,25.44,2.31,0.73,-0.33,-0.5,-0.68,0.15
A_M_1.9999999999999998_1.0_243,24.29,2.31,0.73,-0.33,-0.5,-0.68,0.15
A_M_1.9999999999999998_1.0_244,23.37,2.31,0.73,-0.33,-0.5,-0.68,0.15
A_M_1.9999999999999998_1.0_245,25.54,2.31,0.73,-0.33,-0.5,-0.68,0.15
A_M_1.9999999999999998_1.0_246,22.88,2.31,0.73,-0.33,-0.5,-0.68,0.15
A_M_1.9999999999999998_1.0_247,25.55,2.31,0.73,-0.33,-0.5,-0.68,0.15
A_M_1.9999999999999998_1.0_248,22.34,2.31,0.73,-0.33,-0.5,-0.68,0.15
A_M_1.9999999999999998_1.0_249,25.53,2.31,0.73,-0.33,-0.5,-0.68,0.15
A_M_1.9999999999999998_1.0_250,24.57,2.31,0.73,-0.33,-0.5,-0.68,0.15
A_M_1.9999999999999998_1.0_251,20.37,2.31,0.73,-0.33,-0.5,-0.68,0.15
A_M_1.9999999999999998_1.0_252,25.6,2.31,0.73,-0.33,-0.5,-0.68,0.15
A_M_1.9999999999999998_1.0_253,25.49,2.31,0.73,-0.33,-0.5,-0.68,0.15
A_M_1.9999999999999998_1.0_254,24.89,2.31,0.73,-0.33,-0.5,-0.68,0.15
A_M_1.9999999999999998_1.0_255,24.84,2.31,0.73,-0.33,-0.5,-0.68,0.15
A_M_1.9999999999999998_1.0_256,24.24,2.31,0.73,-0.33,-0.5,-0.68,0.15
A_M_1.9999999999999998_1.0_257,21.85,2.31,0.73,-0.33,-0.5,-0.68,0.15
A_M_1.9999999999999998_1.0_258,25.19,2.31,0.73,-0.33,-0.5,-0.68,0.15
A_M_1.9999999999999998_1.0_259,23.46,2.31,0.73,-0.33,-0.5,-0.68,0.15
A_M_1.9999999999999998_1.0_260,23.5,2.31,0.73,-0.33,-0.5,-0.68,0.15
A_M_1.9999999999999998_1.0_261,25.58,2.31,0.73,-0.33,-0.5,-0.68,0.15
A_M_1.9999999999999998_1.0_262,22.45,2.31,0.73,-0.33,-0.5,-0.68,0.15
A_M_1.9999999999999998_1.0_263,21.77,2.31,0.73,-0.33,-0.5,-0.68,0.15
A_M_1.9999999999999998_1.0_264,25.38,2.31,0.73,-0.33,-0.5,-0.68,0.15
A_M_1.9999999999999998_1.0_265,23.16,2.31,0.73,-0.33,-0.5,-0.68,0.15
A_M_1.9999999999999998_1.0_266,24.12,2.31,0.73,-0.33,-0.5,-0.68,0.15
A_M_1.9999999999999998_1.0_267,25.27,2.31,0.73,-0.33,-0.5,-0.68,0.15
A_M_1.9999999999999998_1.0_268,25.04,2.31,0.73,-0.33,-0.5,-0.68,0.15
A_M_1.9999999999999998_1.0_269,25.41,2.31,0.73,-0.33,-0.5,-0.68,0.15
A_M_1.9999999999999998_1.0_270,25.37,2.31,0.73,-0.33,-0.5,-0.68,0.15
A_M_1.9999999999999998_1.0_271,25.17,2.31,0.73,-0.33,-0.5,-0.68,0.15
A_M_1.9999999999999998_1.0_272,24.48,2.31,0.73,-0.33,-0.5,-0.68,0.15
A_M_1.9999999999999998_1.0_273,22.62,2.31,0.73,-0.33,-0.5,-0.68,0.15
A_M_1.9999999999999998_1.0_274,25.2,2.31,0.73,-0.33,-0.5,-0.68,0.15
A_M_1.9999999999999998_1.0_275,22.77,2.31,0.73,-0.33,-0.5,-0.68,0.15
A_M_1.9999999999999998_1.0_276,24.61,2.31,0.73,-0.33,-0.5,-0.68,0.15
A_M_1.9999999999999998_1.0_277,25.48,2.31,0.73,-0.33,-0.5,-0.68,0.15
A_M_1.9999999999999998_1.0_278,23.3,2.31,0.73,-0.33,-0.5,-0.68,0.15
A_M_1.9999999999999998_1.0_279,23.87,2.31,0.73,-0.33,-0.5,-0.68,0.15
A_M_1.9999999999999998_1.0_280,22.19,2.31,0.73,-0.33,-0.5,-0.68,0.15
A_M_1.9999999999999998_1.0_281,24.97,2.31,0.73,-0.33,-0.5,-0.68,0.15
A_M_1.9999999999999998_1.0_282,23.61,2.31,0.73,-0.33,-0.5,-0.68,0.15
A_M_1.9999999999999998_1.0_283,24.65,2.31,0.73,-0.33,-0.5,-0.68,0.15
A_M_1.9999999999999998_1.0_284,22.89,2.31,0.73,-0.33,-0.5,-0.68,0.15
A_M_1.9999999999999998_1.0_285,22.76,2.31,0.73,-0.33,-0.5,-0.68,0.15
A_M_1.9999999999999998_1.0_286,24.54,2.31,0.73,-0.33,-0.5,-0.68,0.15
A_M_1.9999999999999998_1.0_287,23.45,2.31,0.73,-0.33,-0.5,-0.68,0.15
A_M_1.9999999999999998_1.0_288,25.11,2.31,0.73,-0.33,-0.5,-0.68,0.15
A_M_1.9999999999999998_1.0_289,24.72,2.31,0.73,-0.33,-0.5,-0.68,0.15
A_M_1.9999999999999998_1.0_290,24.73,2.31,0.73,-0.33,-0.5,-0.68,0.15
A_M_1.9999999999999998_1.0_291,25.13,2.31,0.73,-0.33,-0.5,-0.68,0.15
A_M_1.9999999999999998_1.0_292,25.14,2.31,0.73,-0.33,-0.5,-0.68,0.15
A_M_1.9999999999999998_1.0_293,25.48,2.31,0.73,-0.33,-0.5,-0.68,0.15
A_M_1.9999999999999998_1.0_294,25.58,2.31,0.73,-0.33,-0.5,-0.68,0.15
A_M_1.9999999999999998_1.0_295,25.57,2.31,0.73,-0.33,-0.5,-0.68,0.15
A_M_1.9999999999999998_1.0_296,25.46,2.31,0.73,-0.33,-0.5,-0.68,0.15
A_M_1.9999999999999998_1.0_297,22.08,2.31,0.73,-0.33,-0.5,-0.68,0.15
A_M_1.9999999999999998_1.0_298,23.43,2.31,0.73,-0.33,-0.5,-0.68,0.15
A_M_1.9999999999999998_1.0_299,24.68,2.31,0.73,-0.33,-0.5,-0.68,0.15
A_M_1.9999999999999998_1.0_300,24.85,2.31,0.73,-0.33,-0.5,-0.68,0.15
A_M_1.9999999999999998_1.0_301,25.53,2.31,0.73,-0.33,-0.5,-0.68,0.15
A_M_1.9999999999999998_1.0_302,25.26,2.31,0.73,-0.33,-0.5,-0.68,0.15
A_M_1.9999999999999998_1.0_303,25.55,2.31,0.73,-0.33,-0.5,-0.68,0.15
A_M_1.9999999999999998_1.0_304,22.24,2.31,0.73,-0.33,-0.5,-0.68,0.15
A_M_1.9999999999999998_1.0_305,25.02,2.31,0.73,-0.33,-0.5,-0.68,0.15
A_M_1.9999999999999998_1.0_306,24.93,2.31,0.73,-0.33,-0.5,-0.68,0.15
A_M_1.9999999999999998_1.0_307,25.5,2.31,0.73,-0.33,-0.5,-0.68,0.15
A_M_1.9999999999999998_1.0_308,24.28,2.31,0.73,-0.33,-0.5,-0.68,0.15
A_M_1.9999999999999998_1.0_309,24.12,2.31,0.73,-0.33,-0.5,-0.68,0.15
A_M_1.9999999999999998_1.0_310,23.27,2.31,0.73,-0.33,-0.5,-0.68,0.15
A_M_1.9999999999999998_1.0_311,23.36,2.31,0.73,-0.33,-0.5,-0.68,0.15
A_M_1.9999999999999998_1.0_312,24.16,2.31,0.73,-0.33,-0.5,-0.68,0.15
A_M_1.9999999999999998_1.0_313,23.64,2.31,0.73,-0.33,-0.5,-0.68,0.15
A_M_1.9999999999999998_1.0_314,19.34,2.31,0.73,-0.33,-0.5,-0.68,0.15
A_M_1.9999999999999998_1.0_315,25.34,2.31,0.73,-0.33,-0.5,-0.68,0.15
A_M_1.9999999999999998_1.0_316,22.15,2.31,0.73,-0.33,-0.5,-0.68,0.15
A_M_1.9999999999999998_1.0_317,24.75,2.31,0.73,-0.33,-0.5,-0.68,0.15
A_M_1.9999999999999998_1.0_318,22.68,2.31,0.73,-0.33,-0.5,-0.68,0.15
A_M_1.9999999999999998_1.0_319,25.05,2.31,0.73,-0.33,-0.5,-0.68,0.15
A_M_1.9999999999999998_1.0_320,24.72,2.31,0.73,-0.33,-0.5,-0.68,0.15
A_M_1.9999999999999998_1.0_321,25.46,2.31,0.73,-0.33,-0.5,-0.68,0.15
A_M_1.9999999999999998_1.0_322,22.3,2.31,0.73,-0.33,-0.5,-0.68,0.15
A_M_1.9999999999999998_1.0_323,24.3,2.31,0.73,-0.33,-0.5,-0.68,0.15
A_M_1.9999999999999998_1.0_324,25.0,2.31,0.73,-0.33,-0.5,-0.68,0.15
A_M_1.9999999999999998_1.0_325,24.96,2.31,0.73,-0.33,-0.5,-0.68,0.15
A_M_1.9999999999999998_1.0_326,24.17,2.31,0.73,-0.33,-0.5,-0.68,0.15
A_M_1.9999999999999998_1.0_327,22.45,2.31,0.73,-0.33,-0.5,-0.68,0.15
A_M_1.9999999999999998_1.0_328,25.57,2.31,0.73,-0.33,-0.5,-0.68,0.15
A_M_1.9999999999999998_1.0_329,24.69,2.31,0.73,-0.33,-0.5,-0.68,0.15
A_M_1.9999999999999998_1.0_330,25.27,2.31,0.73,-0.33,-0.5,-0.68,0.15
A_M_1.9999999999999998_1.0_331,25.08,2.31,0.73,-0.33,-0.5,-0.68,0.15
A_M_1.9999999999999998_1.0_332,25.38,2.31,0.73,-0.33,-0.5,-0.68,0.15
A_M_1.9999999999999998_1.0_333,21.99,2.31,0.73,-0.33,-0.5,-0.68,0.15
A_M_1.9999999999999998_1.0_334,23.94,2.31,0.73,-0.33,-0.5,-0.68,0.15
A_M_1.9999999999999998_1.0_335,24.86,2.31,0.73,-0.33,-0.5,-0.68,0.15
A_M_1.9999999999999998_1.0_336,24.68,2.31,0.73,-0.33,-0.5,-0.68,0.15
A_M_1.9999999999999998_1.0_337,22.77,2.31,0.73,-0.33,-0.5,-0.68,0.15
A_M_1.9999999999999998_1.0_338,21.68,2.31,0.73,-0.33,-0.5,-0.68,0.15
A_M_1.9999999999999998_1.0_339,25.13,2.31,0.73,-0.33,-0.5,-0.68,0.15
A_M_1.9999999999999998_1.0_340,24.08,2.31,0.73,-0.33,-0.5,-0.68,0.15
A_M_1.9999999999999998_1.0_341,23.59,2.31,0.73,-0.33,-0.5,-0.68,0.15
A_M_1.9999999999999998_1.0_342,25.54,2.31,0.73,-0.33,-0.5,-0.68,0.15
A_M_1.9999999999999998_1.0_343,24.22,2.31,0.73,-0.33,-0.5,-0.68,0.15
A_M_1.9999999999999998_1.0_344,24.45,2.31,0.73,-0.33,-0.5,-0.68,0.15
A_M_1.9999999999999998_1.0_345,24.86,2.31,0.73,-0.33,-0.5,-0.68,0.15
A_M_1.9999999999999998_1.0_346,22.67,2.31,0.73,-0.33,-0.5,-0.68,0.15
A_M_1.9999999999999998_1.0_347,25.26,2.31,0.73,-0.33,-0.5,-0.68,0.15
A_M_1.9999999999999998_1.0_348,23.54,2.31,0.73,-0.33,-0.5,-0.68,0.15
A_M_1.9999999999999998_1.0_349,23.49,2.31,0.73,-0.33,-0.5,-0.68,0.15
A_M_1.9999999999999998_1.0_350,23.08,2.31,0.73,-0.33,-0.5,-0.68,0.15
A_M_1.9999999999999998_1.0_351,24.81,2.31,0.73,-0.33,-0.5,-0.68,0.15
A_M_1.9999999999999998_1.0_352,24.71,2.31,0.73,-0.33,-0.5,-0.68,0.15
A_M_1.9999999999999998_1.0_353,25.08,2.31,0.73,-0.33,-0.5,-0.68,0.15
A_M_1.9999999999999998_1.0_354,25.23,2.31,0.73,-0.33,-0.5,-0.68,0.15
A_M_1.9999999999999998_1.0_355,22.62,2.31,0.73,-0.33,-0.5,-0.68,0.15
A_M_1.9999999999999998_1.0_356,23.14,2.31,0.73,-0.33,-0.5,-0.68,0.15
A_M_1.9999999999999998_1.0_357,25.23,2.31,0.73,-0.33,-0.5,-0.68,0.15
A_M_1.9999999999999998_1.0_358,25.37,2.31,0.73,-0.33,-0.5,-0.68,0.15
A_M_1.9999999999999998_1.0_359,22.43,2.31,0.73,-0.33,-0.5,-0.68,0.15
A_M_1.9999999999999998_1.0_360,22.99,2.31,0.73,-0.33,-0.5,-0.68,0.15
A_M_1.9999999999999998_1.0_361,24.08,2.31,0.73,-0.33,-0.5,-0.68,0.15
A_M_1.9999999999999998_1.0_362,22.66,2.31,0.73,-0.33,-0.5,-0.68,0.15
A_M_1.9999999999999998_1.0_363,15.57,2.31,0.73,-0.33,-0.5,-0.68,0.15
A_M_1.9999999999999998_1.0_364,24.53,2.31,0.73,-0.33,-0.5,-0.68,0.15
A_M_1.9999999999999998_1.0_365,24.82,2.31,0.73,-0.33,-0.5,-0.68,0.15
A_M_1.9999999999999998_1.0_366,25.17,2.31,0.73,-0.33,-0.5,-0.68,0.15
A_M_1.9999999999999998_1.0_367,24.83,2.31,0.73,-0.33,-0.5,-0.68,0.15
A_M_1.9999999999999998_1.0_368,24.61,2.31,0.73,-0.33,-0.5,-0.68,0.15
A_M_1.9999999999999998_1.0_369,21.01,2.31,0.73,-0.33,-0.5,-0.68,0.15
A_M_1.9999999999999998_1.0_370,24.85,2.31,0.73,-0.33,-0.5,-0.68,0.15
A_M_1.9999999999999998_1.0_371,25.54,2.31,0.73,-0.33,-0.5,-0.68,0.15
A_M_1.9999999999999998_1.0_372,24.98,2.31,0.73,-0.33,-0.5,-0.68,0.15
A_M_1.9999999999999998_1.0_373,24.27,2.31,0.73,-0.33,-0.5,-0.68,0.15
A_M_1.9999999999999998_1.0_374,24.51,2.31,0.73,-0.33,-0.5,-0.68,0.15
A_M_1.9999999999999998_1.0_375,25.34,2.31,0.73,-0.33,-0.5,-0.68,0.15
A_M_1.9999999999999998_1.0_376,25.3,2.31,0.73,-0.33,-0.5,-0.68,0.15
A_M_1.9999999999999998_1.0_377,24.37,2.31,0.73,-0.33,-0.5,-0.68,0.15
A_M_1.9999999999999998_1.0_378,25.35,2.31,0.73,-0.33,-0.5,-0.68,0.15
A_M_1.9999999999999998_1.0_379,24.34,2.31,0.73,-0.33,-0.5,-0.68,0.15
A_M_1.9999999999999998_1.0_380,22.49,2.31,0.73,-0.33,-0.5,-0.68,0.15
A_M_1.9999999999999998_1.0_381,25.4,2.31,0.73,-0.33,-0.5,-0.68,0.15
A_M_1.9999999999999998_1.0_382,25.22,2.31,0.73,-0.33,-0.5,-0.68,0.15
A_M_1.9999999999999998_1.0_383,25.49,2.31,0.73,-0.33,-0.5,-0.68,0.15
A_M_1.9999999999999998_1.0_384,25.04,2.31,0.73,-0.33,-0.5,-0.68,0.15
A_M_1.9999999999999998_1.0_385,25.21,2.31,0.73,-0.33,-0.5,-0.68,0.15
A_M_1.9999999999999998_1.0_386,24.7,2.31,0.73,-0.33,-0.5,-0.68,0.15
A_M_1.9999999999999998_1.0_387,19.71,2.31,0.73,-0.33,-0.5,-0.68,0.15
A_M_1.9999999999999998_1.0_388,25.53,2.31,0.73,-0.33,-0.5,-0.68,0.15
A_M_1.9999999999999998_1.0_389,24.48,2.31,0.73,-0.33,-0.5,-0.68,0.15
A_M_1.9999999999999998_1.0_390,25.49,2.31,0.73,-0.33,-0.5,-0.68,0.15
A_M_1.9999999999999998_1.0_391,24.49,2.31,0.73,-0.33,-0.5,-0.68,0.15
A_M_1.9999999999999998_1.0_392,25.37,2.31,0.73,-0.33,-0.5,-0.68,0.15
A_M_1.9999999999999998_1.0_393,23.71,2.31,0.73,-0.33,-0.5,-0.68,0.15
A_M_1.9999999999999998_1.0_394,23.4,2.31,0.73,-0.33,-0.5,-0.68,0.15
A_M_1.9999999999999998_1.0_395,24.89,2.31,0.73,-0.33,-0.5,-0.68,0.15
A_M_1.9999999999999998_1.0_396,24.21,2.31,0.73,-0.33,-0.5,-0.68,0.15
A_M_1.9999999999999998_1.0_397,24.69,2.31,0.73,-0.33,-0.5,-0.68,0.15
A_M_1.9999999999999998_1.0_398,23.72,2.31,0.73,-0.33,-0.5,-0.68,0.15
A_M_1.9999999999999998_1.0_399,23.53,2.31,0.73,-0.33,-0.5,-0.68,0.15
A_M_1.9999999999999998_1.0_400,25.21,2.31,0.73,-0.33,-0.5,-0.68,0.15
A_M_1.9999999999999998_1.0_401,24.48,2.31,0.73,-0.33,-0.5,-0.68,0.15
A_M_1.9999999999999998_1.0_402,24.88,2.31,0.73,-0.33,-0.5,-0.68,0.15
A_M_1.9999999999999998_1.0_403,25.35,2.31,0.73,-0.33,-0.5,-0.68,0.15
A_M_1.9999999999999998_1.0_404,25.26,2.31,0.73,-0.33,-0.5,-0.68,0.15
A_M_1.9999999999999998_1.0_405,25.25,2.31,0.73,-0.33,-0.5,-0.68,0.15
A_M_1.9999999999999998_1.0_406,21.64,2.31,0.73,-0.33,-0.5,-0.68,0.15
A_M_1.9999999999999998_1.0_407,24.74,2.31,0.73,-0.33,-0.5,-0.68,0.15
A_M_1.9999999999999998_1.0_408,24.41,2.31,0.73,-0.33,-0.5,-0.68,0.15
A_M_1.9999999999999998_1.0_409,25.38,2.31,0.73,-0.33,-0.5,-0.68,0.15
A_M_1.9999999999999998_1.0_410,23.09,2.31,0.73,-0.33,-0.5,-0.68,0.15
A_M_1.9999999999999998_1.0_411,24.54,2.31,0.73,-0.33,-0.5,-0.68,0.15
A_M_1.9999999999999998_1.0_412,22.31,2.31,0.73,-0.33,-0.5,-0.68,0.15
A_M_1.9999999999999998_1.0_413,23.33,2.31,0.73,-0.33,-0.5,-0.68,0.15
A_M_1.9999999999999998_1.0_414,24.06,2.31,0.73,-0.33,-0.5,-0.68,0.15
A_M_1.9999999999999998_1.0_415,21.26,2.31,0.73,-0.33,-0.5,-0.68,0.15
A_M_1.9999999999999998_1.0_416,24.56,2.31,0.73,-0.33,-0.5,-0.68,0.15
A_M_1.9999999999999998_1.0_417,25.6,2.31,0.73,-0.33,-0.5,-0.68,0.15
A_M_1.9999999999999998_1.0_418,22.67,2.31,0.73,-0.33,-0.5,-0.68,0.15
A_M_1.9999999999999998_1.0_419,24.32,2.31,0.73,-0.33,-0.5,-0.68,0.15
A_M_1.9999999999999998_1.0_420,19.68,2.31,0.73,-0.33,-0.5,-0.68,0.15
A_M_1.9999999999999998_1.0_421,22.54,2.31,0.73,-0.33,-0.5,-0.68,0.15
A_M_1.9999999999999998_1.0_422,24.99,2.31,0.73,-0.33,-0.5,-0.68,0.15
A_M_1.9999999999999998_1.0_423,25.48,2.31,0.73,-0.33,-0.5,-0.68,0.15
A_M_1.9999999999999998_1.0_424,24.8,2.31,0.73,-0.33,-0.5,-0.68,0.15
A_M_1.9999999999999998_1.0_425,23.72,2.31,0.73,-0.33,-0.5,-0.68,0.15
A_M_1.9999999999999998_1.0_426,25.07,2.31,0.73,-0.33,-0.5,-0.68,0.15
A_M_1.9999999999999998_1.0_427,24.95,2.31,0.73,-0.33,-0.5,-0.68,0.15
A_M_1.9999999999999998_1.0_428,24.36,2.31,0.73,-0.33,-0.5,-0.68,0.15
A_M_1.9999999999999998_1.0_429,25.54,2.31,0.73,-0.33,-0.5,-0.68,0.15
A_M_1.9999999999999998_1.0_430,25.49,2.31,0.73,-0.33,-0.5,-0.68,0.15
A_M_1.9999999999999998_1.0_431,24.3,2.31,0.73,-0.33,-0.5,-0.68,0.15
A_M_1.9999999999999998_1.0_432,24.59,2.31,0.73,-0.33,-0.5,-0.68,0.15
A_M_1.9999999999999998_1.0_433,24.87,2.31,0.73,-0.33,-0.5,-0.68,0.15
A_M_1.9999999999999998_1.0_434,23.21,2.31,0.73,-0.33,-0.5,-0.68,0.15
A_M_1.9999999999999998_1.0_435,23.52,2.31,0.73,-0.33,-0.5,-0.68,0.15
A_M_1.9999999999999998_1.0_436,25.47,2.31,0.73,-0.33,-0.5,-0.68,0.15
A_M_1.9999999999999998_1.0_437,25.6,2.31,0.73,-0.33,-0.5,-0.68,0.15
A_M_1.9999999999999998_1.0_438,24.86,2.31,0.73,-0.33,-0.5,-0.68,0.15
A_M_1.9999999999999998_1.0_439,25.25,2.31,0.73,-0.33,-0.5,-0.68,0.15
A_M_1.9999999999999998_1.0_440,25.26,2.31,0.73,-0.33,-0.5,-0.68,0.15
A_M_1.9999999999999998_1.0_441,24.9,2.31,0.73,-0.33,-0.5,-0.68,0.15
A_M_1.9999999999999998_1.0_442,25.56,2.31,0.73,-0.33,-0.5,-0.68,0.15
A_M_1.9999999999999998_1.0_443,19.74,2.31,0.73,-0.33,-0.5,-0.68,0.15
A_M_1.9999999999999998_1.0_444,25.51,2.31,0.73,-0.33,-0.5,-0.68,0.15
A_M_1.9999999999999998_1.0_445,25.24,2.31,0.73,-0.33,-0.5,-0.68,0.15
A_M_1.9999999999999998_1.0_446,21.39,2.31,0.73,-0.33,-0.5,-0.68,0.15
A_M_1.9999999999999998_1.0_447,25.04,2.31,0.73,-0.33,-0.5,-0.68,0.15
A_M_1.9999999999999998_1.0_448,25.27,2.31,0.73,-0.33,-0.5,-0.68,0.15
A_M_1.9999999999999998_1.0_449,25.51,2.31,0.73,-0.33,-0.5,-0.68,0.15
A_M_1.9999999999999998_1.0_450,25.06,2.31,0.73,-0.33,-0.5,-0.68,0.15
A_M_1.9999999999999998_1.0_451,25.33,2.31,0.73,-0.33,-0.5,-0.68,0.15
A_M_1.9999999999999998_1.0_452,22.98,2.31,0.73,-0.33,-0.5,-0.68,0.15
A_M_1.9999999999999998_1.0_453,24.89,2.31,0.73,-0.33,-0.5,-0.68,0.15
A_M_1.9999999999999998_1.0_454,22.56,2.31,0.73,-0.33,-0.5,-0.68,0.15
A_M_1.9999999999999998_1.0_455,25.57,2.31,0.73,-0.33,-0.5,-0.68,0.15
A_M_1.9999999999999998_1.0_456,24.42,2.31,0.73,-0.33,-0.5,-0.68,0.15
A_M_1.9999999999999998_1.0_457,25.57,2.31,0.73,-0.33,-0.5,-0.68,0.15
A_M_1.9999999999999998_1.0_458,24.23,2.31,0.73,-0.33,-0.5,-0.68,0.15
A_M_1.9999999999999998_1.0_459,25.09,2.31,0.73,-0.33,-0.5,-0.68,0.15
A_M_1.9999999999999998_1.0_460,25.27,2.31,0.73,-0.33,-0.5,-0.68,0.15
A_M_1.9999999999999998_1.0_461,25.22,2.31,0.73,-0.33,-0.5,-0.68,0.15
A_M_1.9999999999999998_1.0_462,24.78,2.31,0.73,-0.33,-0.5,-0.68,0.15
A_M_1.9999999999999998_1.0_463,24.78,2.31,0.73,-0.33,-0.5,-0.68,0.15
A_M_1.9999999999999998_1.0_464,22.84,2.31,0.73,-0.33,-0.5,-0.68,0.15
A_M_1.9999999999999998_1.0_465,19.95,2.31,0.73,-0.33,-0.5,-0.68,0.15
A_M_1.9999999999999998_1.0_466,21.3,2.31,0.73,-0.33,-0.5,-0.68,0.15
A_M_1.9999999999999998_1.0_467,24.43,2.31,0.73,-0.33,-0.5,-0.68,0.15
A_M_1.9999999999999998_1.0_468,21.87,2.31,0.73,-0.33,-0.5,-0.68,0.15
A_M_1.9999999999999998_1.0_469,25.04,2.31,0.73,-0.33,-0.5,-0.68,0.15
A_M_1.9999999999999998_1.0_470,24.33,2.31,0.73,-0.33,-0.5,-0.68,0.15
A_M_1.9999999999999998_1.0_471,24.94,2.31,0.73,-0.33,-0.5,-0.68,0.15
A_M_1.9999999999999998_1.0_472,23.28,2.31,0.73,-0.33,-0.5,-0.68,0.15
A_M_1.9999999999999998_1.0_473,25.22,2.31,0.73,-0.33,-0.5,-0.68,0.15
A_M_1.9999999999999998_1.0_474,23.88,2.31,0.73,-0.33,-0.5,-0.68,0.15
A_M_1.9999999999999998_1.0_475,24.89,2.31,0.73,-0.33,-0.5,-0.68,0.15
A_M_1.9999999999999998_1.0_476,24.31,2.31,0.73,-0.33,-0.5,-0.68,0.15
A_M_1.9999999999999998_1.0_477,24.56,2.31,0.73,-0.33,-0.5,-0.68,0.15
A_M_1.9999999999999998_1.0_478,25.12,2.31,0.73,-0.33,-0.5,-0.68,0.15
A_M_1.9999999999999998_1.0_479,24.48,2.31,0.73,-0.33,-0.5,-0.68,0.15
A_M_1.9999999999999998_1.0_480,23.25,2.31,0.73,-0.33,-0.5,-0.68,0.15
A_M_1.9999999999999998_1.0_481,24.77,2.31,0.73,-0.33,-0.5,-0.68,0.15
A_M_1.9999999999999998_1.0_482,24.82,2.31,0.73,-0.33,-0.5,-0.68,0.15
A_M_1.9999999999999998_1.0_483,22.16,2.31,0.73,-0.33,-0.5,-0.68,0.15
A_M_1.9999999999999998_1.0_484,21.19,2.31,0.73,-0.33,-0.5,-0.68,0.15
A_M_1.9999999999999998_1.0_485,25.38,2.31,0.73,-0.33,-0.5,-0.68,0.15
A_M_1.9999999999999998_1.0_486,24.65,2.31,0.73,-0.33,-0.5,-0.68,0.15
A_M_1.9999999999999998_1.0_487,24.25,2.31,0.73,-0.33,-0.5,-0.68,0.15
A_M_1.9999999999999998_1.0_488,25.29,2.31,0.73,-0.33,-0.5,-0.68,0.15
A_M_1.9999999999999998_1.0_489,25.36,2.31,0.73,-0.33,-0.5,-0.68,0.15
A_M_1.9999999999999998_1.0_490,22.12,2.31,0.73,-0.33,-0.5,-0.68,0.15
A_M_1.9999999999999998_1.0_491,22.82,2.31,0.73,-0.33,-0.5,-0.68,0.15
A_M_1.9999999999999998_1.0_492,24.24,2.31,0.73,-0.33,-0.5,-0.68,0.15
A_M_1.9999999999999998_1.0_493,25.25,2.31,0.73,-0.33,-0.5,-0.68,0.15
A_M_1.9999999999999998_1.0_494,24.72,2.31,0.73,-0.33,-0.5,-0.68,0.15
A_M_1.9999999999999998_1.0_495,24.36,2.31,0.73,-0.33,-0.5,-0.68,0.15
A_M_1.9999999999999998_1.0_496,24.54,2.31,0.73,-0.33,-0.5,-0.68,0.15
A_M_1.9999999999999998_1.0_497,25.18,2.31,0.73,-0.33,-0.5,-0.68,0.15
A_M_1.9999999999999998_1.0_498,23.57,2.31,0.73,-0.33,-0.5,-0.68,0.15
A_M_1.9999999999999998_1.0_499,24.93,2.31,0.73,-0.33,-0.5,-0.68,0.15
A_M_1.9999999999999998_1.0_500,24.08,2.31,0.73,-0.33,-0.5,-0.68,0.15
A_M_1.9999999999999998_1.0_501,25.21,2.31,0.73,-0.33,-0.5,-0.68,0.15
A_M_1.9999999999999998_1.0_502,22.58,2.31,0.73,-0.33,-0.5,-0.68,0.15
A_M_1.9999999999999998_1.0_503,25.2,2.31,0.73,-0.33,-0.5,-0.68,0.15
A_M_1.9999999999999998_1.0_504,17.55,2.31,0.73,-0.33,-0.5,-0.68,0.15
A_M_1.9999999999999998_1.0_505,24.73,2.31,0.73,-0.33,-0.5,-0.68,0.15
A_M_1.9999999999999998_1.0_506,25.47,2.31,0.73,-0.33,-0.5,-0.68,0.15
A_M_1.9999999999999998_1.0_507,24.31,2.31,0.73,-0.33,-0.5,-0.68,0.15
A_M_1.9999999999999998_1.0_508,24.68,2.31,0.73,-0.33,-0.5,-0.68,0.15
A_M_1.9999999999999998_1.0_509,21.76,2.31,0.73,-0.33,-0.5,-0.68,0.15
A_M_1.9999999999999998_1.0_510,25.5,2.31,0.73,-0.33,-0.5,-0.68,0.15
A_M_1.9999999999999998_1.0_511,21.46,2.31,0.73,-0.33,-0.5,-0.68,0.15
A_M_1.9999999999999998_1.0_512,25.19,2.31,0.73,-0.33,-0.5,-0.68,0.15
A_M_1.9999999999999998_1.0_513,24.44,2.31,0.73,-0.33,-0.5,-0.68,0.15
A_M_1.9999999999999998_1.0_514,23.73,2.31,0.73,-0.33,-0.5,-0.68,0.15
A_M_1.9999999999999998_1.0_515,24.36,2.31,0.73,-0.33,-0.5,-0.68,0.15
A_M_1.9999999999999998_1.0_516,25.44,2.31,0.73,-0.33,-0.5,-0.68,0.15
A_M_1.9999999999999998_1.0_517,25.42,2.31,0.73,-0.33,-0.5,-0.68,0.15
A_M_1.9999999999999998_1.0_518,25.59,2.31,0.73,-0.33,-0.5,-0.68,0.15
A_M_1.9999999999999998_1.0_519,24.91,2.31,0.73,-0.33,-0.5,-0.68,0.15
A_M_1.9999999999999998_1.0_520,25.04,2.31,0.73,-0.33,-0.5,-0.68,0.15
A_M_1.9999999999999998_1.0_521,21.58,2.31,0.73,-0.33,-0.5,-0.68,0.15
A_M_1.9999999999999998_1.0_522,25.26,2.31,0.73,-0.33,-0.5,-0.68,0.15
A_M_1.9999999999999998_1.0_523,24.27,2.31,0.73,-0.33,-0.5,-0.68,0.15
A_M_1.9999999999999998_1.0_524,24.42,2.31,0.73,-0.33,-0.5,-0.68,0.15
A_M_1.9999999999999998_1.0_525,24.22,2.31,0.73,-0.33,-0.5,-0.68,0.15
A_M_1.9999999999999998_1.0_526,25.52,2.31,0.73,-0.33,-0.5,-0.68,0.15
A_M_1.9999999999999998_1.0_527,25.08,2.31,0.73,-0.33,-0.5,-0.68,0.15
A_M_1.9999999999999998_1.0_528,23.2,2.31,0.73,-0.33,-0.5,-0.68,0.15
A_M_1.9999999999999998_1.0_529,25.28,2.31,0.73,-0.33,-0.5,-0.68,0.15
A_M_1.9999999999999998_1.0_530,24.84,2.31,0.73,-0.33,-0.5,-0.68,0.15
A_M_1.9999999999999998_1.0_531,24.18,2.31,0.73,-0.33,-0.5,-0.68,0.15
A_M_1.9999999999999998_1.0_532,24.62,2.31,0.73,-0.33,-0.5,-0.68,0.15
A_M_1.9999999999999998_1.0_533,24.88,2.31,0.73,-0.33,-0.5,-0.68,0.15
A_M_1.9999999999999998_1.0_534,24.28,2.31,0.73,-0.33,-0.5,-0.68,0.15
A_M_1.9999999999999998_1.0_535,25.61,2.31,0.73,-0.33,-0.5,-0.68,0.15
A_M_1.9999999999999998_1.0_536,23.4,2.31,0.73,-0.33,-0.5,-0.68,0.15
A_M_1.9999999999999998_1.0_537,24.19,2.31,0.73,-0.33,-0.5,-0.68,0.15
A_M_1.9999999999999998_1.0_538,25.01,2.31,0.73,-0.33,-0.5,-0.68,0.15
A_M_1.9999999999999998_1.0_539,22.51,2.31,0.73,-0.33,-0.5,-0.68,0.15
A_M_1.9999999999999998_1.0_540,24.71,2.31,0.73,-0.33,-0.5,-0.68,0.15
A_M_1.9999999999999998_1.0_541,23.41,2.31,0.73,-0.33,-0.5,-0.68,0.15
A_M_1.9999999999999998_1.0_542,23.81,2.31,0.73,-0.33,-0.5,-0.68,0.15
A_M_1.9999999999999998_1.0_543,23.93,2.31,0.73,-0.33,-0.5,-0.68,0.15
A_M_1.9999999999999998_1.0_544,25.5,2.31,0.73,-0.33,-0.5,-0.68,0.15
A_M_1.9999999999999998_1.0_545,24.66,2.31,0.73,-0.33,-0.5,-0.68,0.15
A_M_1.9999999999999998_1.0_546,25.07,2.31,0.73,-0.33,-0.5,-0.68,0.15
A_M_1.9999999999999998_1.0_547,20.77,2.31,0.73,-0.33,-0.5,-0.68,0.15
A_M_1.9999999999999998_1.0_548,23.74,2.31,0.73,-0.33,-0.5,-0.68,0.15
A_M_1.9999999999999998_1.0_549,24.91,2.31,0.73,-0.33,-0.5,-0.68,0.15
A_M_1.9999999999999998_1.0_550,25.32,2.31,0.73,-0.33,-0.5,-0.68,0.15
A_M_1.9999999999999998_1.0_551,25.11,2.31,0.73,-0.33,-0.5,-0.68,0.15
A_M_1.9999999999999998_1.0_552,22.01,2.31,0.73,-0.33,-0.5,-0.68,0.15
A_M_1.9999999999999998_1.0_553,25.23,2.31,0.73,-0.33,-0.5,-0.68,0.15
A_M_1.9999999999999998_1.0_554,23.72,2.31,0.73,-0.33,-0.5,-0.68,0.15
A_M_1.9999999999999998_1.0_555,25.35,2.31,0.73,-0.33,-0.5,-0.68,0.15
A_M_1.9999999999999998_1.0_556,23.32,2.31,0.73,-0.33,-0.5,-0.68,0.15
A_M_1.9999999999999998_1.0_557,24.06,2.31,0.73,-0.33,-0.5,-0.68,0.15
A_M_1.9999999999999998_1.0_558,24.29,2.31,0.73,-0.33,-0.5,-0.68,0.15
A_M_1.9999999999999998_1.0_559,25.56,2.31,0.73,-0.33,-0.5,-0.68,0.15
A_M_1.9999999999999998_1.0_560,23.51,2.31,0.73,-0.33,-0.5,-0.68,0.15
A_M_1.9999999999999998_1.0_561,25.56,2.31,0.73,-0.33,-0.5,-0.68,0.15
A_M_1.9999999999999998_1.0_562,22.95,2.31,0.73,-0.33,-0.5,-0.68,0.15
A_M_1.9999999999999998_1.0_563,25.25,2.31,0.73,-0.33,-0.5,-0.68,0.15
A_M_1.9999999999999998_1.0_564,24.08,2.31,0.73,-0.33,-0.5,-0.68,0.15
A_M_1.9999999999999998_1.0_565,23.62,2.31,0.73,-0.33,-0.5,-0.68,0.15
A_M_1.9999999999999998_1.0_566,24.59,2.31,0.73,-0.33,-0.5,-0.68,0.15
A_M_1.9999999999999998_1.0_567,22.12,2.31,0.73,-0.33,-0.5,-0.68,0.15
A_M_1.9999999999999998_1.0_568,16.37,2.31,0.73,-0.33,-0.5,-0.68,0.15
A_M_1.9999999999999998_1.0_569,22.82,2.31,0.73,-0.33,-0.5,-0.68,0.15
A_M_1.9999999999999998_1.0_570,23.69,2.31,0.73,-0.33,-0.5,-0.68,0.15
A_M_1.9999999999999998_1.0_571,23.1,2.31,0.73,-0.33,-0.5,-0.68,0.15
A_M_1.9999999999999998_1.0_572,23.23,2.31,0.73,-0.33,-0.5,-0.68,0.15
A_M_1.9999999999999998_1.0_573,24.58,2.31,0.73,-0.33,-0.5,-0.68,0.15
A_M_1.9999999999999998_1.0_574,21.74,2.31,0.73,-0.33,-0.5,-0.68,0.15
A_M_1.9999999999999998_1.0_575,24.18,2.31,0.73,-0.33,-0.5,-0.68,0.15
A_M_1.9999999999999998_1.0_576,24.87,2.31,0.73,-0.33,-0.5,-0.68,0.15
A_M_1.9999999999999998_1.0_577,25.18,2.31,0.73,-0.33,-0.5,-0.68,0.15
A_M_1.9999999999999998_1.0_578,24.34,2.31,0.73,-0.33,-0.5,-0.68,0.15
A_M_1.9999999999999998_1.0_579,22.18,2.31,0.73,-0.33,-0.5,-0.68,0.15
A_M_1.9999999999999998_1.0_580,19.91,2.31,0.73,-0.33,-0.5,-0.68,0.15
A_M_1.9999999999999998_1.0_581,25.4,2.31,0.73,-0.33,-0.5,-0.68,0.15
A_M_1.9999999999999998_1.0_582,24.45,2.31,0.73,-0.33,-0.5,-0.68,0.15
A_M_1.9999999999999998_1.0_583,21.78,2.31,0.73,-0.33,-0.5,-0.68,0.15
A_M_1.9999999999999998_1.0_584,22.55,2.31,0.73,-0.33,-0.5,-0.68,0.15
A_M_1.9999999999999998_1.0_585,14.81,2.31,0.73,-0.33,-0.5,-0.68,0.15
A_M_1.9999999999999998_1.0_586,21.79,2.31,0.73,-0.33,-0.5,-0.68,0.15
A_M_1.9999999999999998_1.0_587,25.19,2.31,0.73,-0.33,-0.5,-0.68,0.15
A_M_1.9999999999999998_1.0_588,24.36,2.31,0.73,-0.33,-0.5,-0.68,0.15
A_M_1.9999999999999998_1.0_589,25.14,2.31,0.73,-0.33,-0.5,-0.68,0.15
A_M_1.9999999999999998_1.0_590,23.19,2.31,0.73,-0.33,-0.5,-0.68,0.15
A_M_1.9999999999999998_1.0_591,23.98,2.31,0.73,-0.33,-0.5,-0.68,0.15
A_M_1.9999999999999998_1.0_592,25.18,2.31,0.73,-0.33,-0.5,-0.68,0.15
A_M_1.9999999999999998_1.0_593,21.69,2.31,0.73,-0.33,-0.5,-0.68,0.15
A_M_1.9999999999999998_1.0_594,24.39,2.31,0.73,-0.33,-0.5,-0.68,0.15
A_M_1.9999999999999998_1.0_595,24.66,2.31,0.73,-0.33,-0.5,-0.68,0.15
A_M_1.9999999999999998_1.0_596,24.59,2.31,0.73,-0.33,-0.5,-0.68,0.15
A_M_1.9999999999999998_1.0_597,24.54,2.31,0.73,-0.33,-0.5,-0.68,0.15
A_M_1.9999999999999998_1.0_598,24.69,2.31,0.73,-0.33,-0.5,-0.68,0.15
A_M_1.9999999999999998_1.0_599,22.54,2.31,0.73,-0.33,-0.5,-0.68,0.15
A_M_1.9999999999999998_1.0_600,25.16,2.31,0.73,-0.33,-0.5,-0.68,0.15
A_M_1.9999999999999998_1.0_601,25.24,2.31,0.73,-0.33,-0.5,-0.68,0.15
A_M_1.9999999999999998_1.0_602,25.5,2.31,0.73,-0.33,-0.5,-0.68,0.15
A_M_1.9999999999999998_1.0_603,24.05,2.31,0.73,-0.33,-0.5,-0.68,0.15
A_M_1.9999999999999998_1.0_604,23.48,2.31,0.73,-0.33,-0.5,-0.68,0.15
A_M_1.9999999999999998_1.0_605,22.0,2.31,0.73,-0.33,-0.5,-0.68,0.15
A_M_1.9999999999999998_1.0_606,24.53,2.31,0.73,-0.33,-0.5,-0.68,0.15
A_M_1.9999999999999998_1.0_607,23.16,2.31,0.73,-0.33,-0.5,-0.68,0.15
A_M_1.9999999999999998_1.0_608,25.23,2.31,0.73,-0.33,-0.5,-0.68,0.15
A_M_1.9999999999999998_1.0_609,24.93,2.31,0.73,-0.33,-0.5,-0.68,0.15
A_M_1.9999999999999998_1.0_610,23.33,2.31,0.73,-0.33,-0.5,-0.68,0.15
A_M_1.9999999999999998_1.0_611,22.51,2.31,0.73,-0.33,-0.5,-0.68,0.15
A_M_1.9999999999999998_1.0_612,24.02,2.31,0.73,-0.33,-0.5,-0.68,0.15
A_M_1.9999999999999998_1.0_613,25.09,2.31,0.73,-0.33,-0.5,-0.68,0.15
A_M_1.9999999999999998_1.0_614,24.57,2.31,0.73,-0.33,-0.5,-0.68,0.15
A_M_1.9999999999999998_1.0_615,24.47,2.31,0.73,-0.33,-0.5,-0.68,0.15
A_M_1.9999999999999998_1.0_616,25.42,2.31,0.73,-0.33,-0.5,-0.68,0.15
A_M_1.9999999999999998_1.0_617,24.82,2.31,0.73,-0.33,-0.5,-0.68,0.15
A_M_1.9999999999999998_1.0_618,23.4,2.31,0.73,-0.33,-0.5,-0.68,0.15
A_M_1.9999999999999998_1.0_619,23.89,2.31,0.73,-0.33,-0.5,-0.68,0.15
A_M_1.9999999999999998_1.0_620,25.25,2.31,0.73,-0.33,-0.5,-0.68,0.15
A_M_1.9999999999999998_1.0_621,20.29,2.31,0.73,-0.33,-0.5,-0.68,0.15
A_M_1.9999999999999998_1.0_622,25.08,2.31,0.73,-0.33,-0.5,-0.68,0.15
A_M_1.9999999999999998_1.0_623,24.82,2.31,0.73,-0.33,-0.5,-0.68,0.15
A_M_1.9999999999999998_1.0_624,25.55,2.31,0.73,-0.33,-0.5,-0.68,0.15
A_M_1.9999999999999998_1.0_625,25.19,2.31,0.73,-0.33,-0.5,-0.68,0.15
A_M_1.9999999999999998_1.0_626,24.19,2.31,0.73,-0.33,-0.5,-0.68,0.15
A_M_1.9999999999999998_1.0_627,25.45,2.31,0.73,-0.33,-0.5,-0.68,0.15
A_M_1.9999999999999998_1.0_628,24.85,2.31,0.73,-0.33,-0.5,-0.68,0.15
A_M_1.9999999999999998_1.0_629,25.23,2.31,0.73,-0.33,-0.5,-0.68,0.15
A_M_1.9999999999999998_1.0_630,22.87,2.31,0.73,-0.33,-0.5,-0.68,0.15
A_M_1.9999999999999998_1.0_631,25.43,2.31,0.73,-0.33,-0.5,-0.68,0.15
A_M_1.9999999999999998_1.0_632,24.64,2.31,0.73,-0.33,-0.5,-0.68,0.15
A_M_1.9999999999999998_1.0_633,25.37,2.31,0.73,-0.33,-0.5,-0.68,0.15
A_M_1.9999999999999998_1.0_634,25.48,2.31,0.73,-0.33,-0.5,-0.68,0.15
A_M_1.9999999999999998_1.0_635,24.96,2.31,0.73,-0.33,-0.5,-0.68,0.15
A_M_1.9999999999999998_1.0_636,24.41,2.31,0.73,-0.33,-0.5,-0.68,0.15
A_M_1.9999999999999998_1.0_637,23.07,2.31,0.73,-0.33,-0.5,-0.68,0.15
A_M_1.9999999999999998_1.0_638,24.26,2.31,0.73,-0.33,-0.5,-0.68,0.15
A_M_1.9999999999999998_1.0_639,24.7,2.31,0.73,-0.33,-0.5,-0.68,0.15
A_M_1.9999999999999998_1.0_640,19.94,2.31,0.73,-0.33,-0.5,-0.68,0.15
A_M_1.9999999999999998_1.0_641,25.14,2.31,0.73,-0.33,-0.5,-0.68,0.15
A_M_1.9999999999999998_1.0_642,21.48,2.31,0.73,-0.33,-0.5,-0.68,0.15
A_M_1.9999999999999998_1.0_643,23.16,2.31,0.73,-0.33,-0.5,-0.68,0.15
A_M_1.9999999999999998_1.0_644,24.57,2.31,0.73,-0.33,-0.5,-0.68,0.15
A_M_1.9999999999999998_1.0_645,22.15,2.31,0.73,-0.33,-0.5,-0.68,0.15
A_M_1.9999999999999998_1.0_646,25.33,2.31,0.73,-0.33,-0.5,-0.68,0.15
A_M_1.9999999999999998_1.0_647,24.9,2.31,0.73,-0.33,-0.5,-0.68,0.15
A_M_1.9999999999999998_1.0_648,23.66,2.31,0.73,-0.33,-0.5,-0.68,0.15
A_M_1.9999999999999998_1.0_649,21.22,2.31,0.73,-0.33,-0.5,-0.68,0.15
A_M_1.9999999999999998_1.0_650,24.02,2.31,0.73,-0.33,-0.5,-0.68,0.15
A_M_1.9999999999999998_1.0_651,25.05,2.31,0.73,-0.33,-0.5,-0.68,0.15
A_M_1.9999999999999998_1.0_652,25.57,2.31,0.73,-0.33,-0.5,-0.68,0.15
A_M_1.9999999999999998_1.0_653,24.94,2.31,0.73,-0.33,-0.5,-0.68,0.15
A_M_1.9999999999999998_1.0_654,23.57,2.31,0.73,-0.33,-0.5,-0.68,0.15
A_M_1.9999999999999998_1.0_655,25.53,2.31,0.73,-0.33,-0.5,-0.68,0.15
A_M_1.9999999999999998_1.0_656,25.56,2.31,0.73,-0.33,-0.5,-0.68,0.15
A_M_1.9999999999999998_1.0_657,23.42,2.31,0.73,-0.33,-0.5,-0.68,0.15
A_M_1.9999999999999998_1.0_658,25.13,2.31,0.73,-0.33,-0.5,-0.68,0.15
A_M_1.9999999999999998_1.0_659,22.28,2.31,0.73,-0.33,-0.5,-0.68,0.15
A_M_1.9999999999999998_1.0_660,24.17,2.31,0.73,-0.33,-0.5,-0.68,0.15
A_M_1.9999999999999998_1.0_661,25.08,2.31,0.73,-0.33,-0.5,-0.68,0.15
A_M_1.9999999999999998_1.0_662,24.93,2.31,0.73,-0.33,-0.5,-0.68,0.15
A_M_1.9999999999999998_1.0_663,25.54,2.31,0.73,-0.33,-0.5,-0.68,0.15
A_M_1.9999999999999998_1.0_664,25.23,2.31,0.73,-0.33,-0.5,-0.68,0.15
A_M_1.9999999999999998_1.0_665,24.37,2.31,0.73,-0.33,-0.5,-0.68,0.15
A_M_1.9999999999999998_1.0_666,23.33,2.31,0.73,-0.33,-0.5,-0.68,0.15
A_M_1.9999999999999998_1.0_667,21.89,2.31,0.73,-0.33,-0.5,-0.68,0.15
A_M_1.9999999999999998_1.0_668,25.5,2.31,0.73,-0.33,-0.5,-0.68,0.15
A_M_1.9999999999999998_1.0_669,22.29,2.31,0.73,-0.33,-0.5,-0.68,0.15
A_M_1.9999999999999998_1.0_670,25.58,2.31,0.73,-0.33,-0.5,-0.68,0.15
A_M_1.9999999999999998_1.0_671,25.21,2.31,0.73,-0.33,-0.5,-0.68,0.15
A_M_1.9999999999999998_1.0_672,25.05,2.31,0.73,-0.33,-0.5,-0.68,0.15
A_M_1.9999999999999998_1.0_673,25.29,2.31,0.73,-0.33,-0.5,-0.68,0.15
A_M_1.9999999999999998_1.0_674,24.54,2.31,0.73,-0.33,-0.5,-0.68,0.15
