ObjID,FORMAT,q,e,inc,node,argPeri,t_p_MJD_TDB,epochMJD_TDB
A_M_1.7999999999999998_1.0_0,COM,2.264487,1.019006,0.726,0.143,5.959,63013.39079187724,60980.00158187724
A_M_1.7999999999999998_1.0_1,COM,0.400933,1.003763,2.014,5.866,3.6,62794.99832387724,60980.00158187724
A_M_1.7999999999999998_1.0_2,COM,1.217766,1.029989,1.077,5.666,5.5,61914.96231687724,60980.00158187724
A_M_1.7999999999999998_1.0_3,COM,2.373112,1.050186,1.023,2.304,5.016,63201.33698087724,60980.00158187724
A_M_1.7999999999999998_1.0_4,COM,0.772416,1.023431,0.428,3.514,4.054,62238.75896187724,60980.00158187724
A_M_1.7999999999999998_1.0_5,COM,0.292549,1.016065,1.448,1.151,4.885,62967.89255487724,60980.00158187724
A_M_1.7999999999999998_1.0_6,COM,0.789942,1.03741,2.254,1.811,5.159,64079.751338877235,60980.00158187724
A_M_1.7999999999999998_1.0_7,COM,0.70216,1.043103,1.38,0.907,4.34,64604.56213087724,60980.00158187724
A_M_1.7999999999999998_1.0_8,COM,0.108862,1.009115,1.218,3.241,4.06,64301.64186087724,60980.00158187724
A_M_1.7999999999999998_1.0_9,COM,0.862604,1.074015,1.525,0.523,5.904,64223.60464787724,60980.00158187724
A_M_1.7999999999999998_1.0_10,COM,1.495382,1.115388,2.976,3.548,2.535,61357.469788877235,60980.00158187724
A_M_1.7999999999999998_1.0_11,COM,0.962169,1.071215,1.288,1.165,5.736,63623.19616287724,60980.00158187724
A_M_1.7999999999999998_1.0_12,COM,0.658232,1.051251,2.348,2.38,0.15,64391.92642487724,60980.00158187724
A_M_1.7999999999999998_1.0_13,COM,0.786374,1.082367,2.669,5.636,0.876,62676.62246487724,60980.00158187724
A_M_1.7999999999999998_1.0_14,COM,0.581576,1.073842,1.856,2.135,0.255,62541.15609187724,60980.00158187724
A_M_1.7999999999999998_1.0_15,COM,1.48275,1.191011,0.977,1.61,0.984,64302.560891877234,60980.00158187724
A_M_1.7999999999999998_1.0_16,COM,0.704472,1.112457,0.772,2.402,4.003,61909.776379877236,60980.00158187724
A_M_1.7999999999999998_1.0_17,COM,0.440673,1.066635,0.467,3.015,2.65,61842.94276787724,60980.00158187724
A_M_1.7999999999999998_1.0_18,COM,0.116164,1.017799,1.763,6.13,5.531,61960.19658987724,60980.00158187724
A_M_1.7999999999999998_1.0_19,COM,1.325497,1.209673,1.34,2.693,1.747,61215.63400587724,60980.00158187724
A_M_1.7999999999999998_1.0_20,COM,0.363373,1.068003,1.953,5.755,3.964,62209.38557587724,60980.00158187724
A_M_1.7999999999999998_1.0_21,COM,1.28601,1.23901,2.889,0.435,1.906,63759.70875587724,60980.00158187724
A_M_1.7999999999999998_1.0_22,COM,1.398522,1.25477,1.964,0.051,4.333,63046.97810087724,60980.00158187724
A_M_1.7999999999999998_1.0_23,COM,1.041976,1.229238,0.619,3.716,0.419,62332.623761877236,60980.00158187724
A_M_1.7999999999999998_1.0_24,COM,1.251661,1.251002,2.238,6.009,2.204,63136.015246877236,60980.00158187724
A_M_1.7999999999999998_1.0_25,COM,1.001677,1.207984,0.27,2.047,4.174,64613.000692877235,60980.00158187724
A_M_1.7999999999999998_1.0_26,COM,0.0649,1.01449,1.261,1.692,4.419,64480.96627387724,60980.00158187724
A_M_1.7999999999999998_1.0_27,COM,0.425371,1.088835,0.704,0.116,1.686,63767.67120987724,60980.00158187724
A_M_1.7999999999999998_1.0_28,COM,1.033333,1.205918,0.877,1.176,1.537,64370.162276877236,60980.00158187724
A_M_1.7999999999999998_1.0_29,COM,1.001438,1.238864,1.806,6.163,1.034,62133.465729877236,60980.00158187724
A_M_1.7999999999999998_1.0_30,COM,1.562369,1.383526,1.987,2.835,5.324,62311.947819877234,60980.00158187724
A_M_1.7999999999999998_1.0_31,COM,0.324231,1.074336,0.962,4.64,4.78,63848.21276487724,60980.00158187724
A_M_1.7999999999999998_1.0_32,COM,0.69637,1.1744,0.91,5.138,2.912,63288.98630787724,60980.00158187724
A_M_1.7999999999999998_1.0_33,COM,1.240084,1.316524,1.125,6.132,1.693,64418.173425877234,60980.00158187724
A_M_1.7999999999999998_1.0_34,COM,0.46251,1.112543,2.822,3.515,2.884,61753.125948877234,60980.00158187724
A_M_1.7999999999999998_1.0_35,COM,0.164677,1.045896,1.448,4.383,4.472,62250.489905877235,60980.00158187724
A_M_1.7999999999999998_1.0_36,COM,0.095826,1.024872,1.504,2.253,0.005,61948.21307387724,60980.00158187724
A_M_1.7999999999999998_1.0_37,COM,1.071179,1.288695,0.795,6.085,5.179,61009.175022877236,60980.00158187724
A_M_1.7999999999999998_1.0_38,COM,1.04195,1.273201,0.814,2.668,3.405,62813.27497087724,60980.00158187724
A_M_1.7999999999999998_1.0_39,COM,1.316464,1.339508,2.039,1.832,4.208,62445.98153487724,60980.00158187724
A_M_1.7999999999999998_1.0_40,COM,0.41188,1.114875,1.401,5.606,5.522,61868.76841687724,60980.00158187724
A_M_1.7999999999999998_1.0_41,COM,0.395549,1.10658,2.399,3.44,5.192,62592.13180987724,60980.00158187724
A_M_1.7999999999999998_1.0_42,COM,0.571847,1.179556,1.302,1.238,3.941,62895.15717387724,60980.00158187724
A_M_1.7999999999999998_1.0_43,COM,2.062423,1.612609,1.638,4.227,1.797,62581.51738087724,60980.00158187724
A_M_1.7999999999999998_1.0_44,COM,1.371367,1.410294,0.808,0.644,4.412,61804.139984877234,60980.00158187724
A_M_1.7999999999999998_1.0_45,COM,0.818429,1.256642,2.621,2.8,2.251,61980.862989877234,60980.00158187724
A_M_1.7999999999999998_1.0_46,COM,0.741804,1.24282,0.834,2.515,0.322,62913.772958877234,60980.00158187724
A_M_1.7999999999999998_1.0_47,COM,0.882834,1.310273,2.268,2.305,3.813,62136.405330877235,60980.00158187724
A_M_1.7999999999999998_1.0_48,COM,1.431992,1.473594,2.652,3.357,4.542,62434.92294787724,60980.00158187724
A_M_1.7999999999999998_1.0_49,COM,0.817572,1.2856,0.808,0.248,2.695,61556.09797687724,60980.00158187724
A_M_1.7999999999999998_1.0_50,COM,0.415794,1.15018,2.686,5.646,5.369,63288.12690987724,60980.00158187724
A_M_1.7999999999999998_1.0_51,COM,0.324334,1.108277,0.631,1.854,4.639,61507.11901687724,60980.00158187724
A_M_1.7999999999999998_1.0_52,COM,1.27694,1.420976,2.036,5.364,5.006,62101.66523287724,60980.00158187724
A_M_1.7999999999999998_1.0_53,COM,1.026678,1.345324,0.931,5.811,5.034,61940.93753387724,60980.00158187724
A_M_1.7999999999999998_1.0_54,COM,1.068623,1.369613,2.01,0.409,4.867,61121.54968487724,60980.00158187724
A_M_1.7999999999999998_1.0_55,COM,0.511475,1.197038,1.906,6.103,2.871,63574.87501487724,60980.00158187724
A_M_1.7999999999999998_1.0_56,COM,0.738418,1.288417,2.917,0.333,4.413,61731.87912587724,60980.00158187724
A_M_1.7999999999999998_1.0_57,COM,1.122277,1.433593,1.122,5.413,3.3,61845.431425877236,60980.00158187724
A_M_1.7999999999999998_1.0_58,COM,0.98209,1.394589,1.976,4.683,4.503,62685.70781087724,60980.00158187724
A_M_1.7999999999999998_1.0_59,COM,0.923519,1.353,2.137,0.899,5.811,64528.47798287724,60980.00158187724
A_M_1.7999999999999998_1.0_60,COM,0.800878,1.307885,0.302,0.962,2.188,64227.98686887724,60980.00158187724
A_M_1.7999999999999998_1.0_61,COM,0.168293,1.063485,0.359,3.312,3.081,62437.21828987724,60980.00158187724
A_M_1.7999999999999998_1.0_62,COM,0.059758,1.022539,1.975,0.01,5.437,61640.470645877234,60980.00158187724
A_M_1.7999999999999998_1.0_63,COM,1.172274,1.439652,1.519,0.876,1.671,62758.18779787724,60980.00158187724
A_M_1.7999999999999998_1.0_64,COM,1.320067,1.507465,0.683,6.275,1.202,63533.204165877236,60980.00158187724
A_M_1.7999999999999998_1.0_65,COM,2.872783,2.240345,1.959,3.132,1.142,62889.233416877236,60980.00158187724
A_M_1.7999999999999998_1.0_66,COM,0.121384,1.051047,1.885,4.251,3.294,61209.85233887724,60980.00158187724
A_M_1.7999999999999998_1.0_67,COM,0.4305,1.182265,0.473,1.89,5.053,61719.93938587724,60980.00158187724
A_M_1.7999999999999998_1.0_68,COM,1.08575,1.491531,2.819,1.983,1.549,62615.29062387724,60980.00158187724
A_M_1.7999999999999998_1.0_69,COM,0.05242,1.023707,1.401,5.922,0.844,63479.39849187724,60980.00158187724
A_M_1.7999999999999998_1.0_70,COM,0.619884,1.278285,1.204,2.376,3.777,64373.534092877235,60980.00158187724
A_M_1.7999999999999998_1.0_71,COM,0.233278,1.102273,1.674,0.156,5.949,61971.33079287724,60980.00158187724
A_M_1.7999999999999998_1.0_72,COM,0.702878,1.345849,1.044,3.587,3.725,61134.498610877235,60980.00158187724
A_M_1.7999999999999998_1.0_73,COM,1.85355,1.897392,1.165,5.899,3.46,64016.285256877236,60980.00158187724
A_M_1.7999999999999998_1.0_74,COM,1.00907,1.503079,0.791,6.011,2.443,61883.224127877234,60980.00158187724
A_M_1.7999999999999998_1.0_75,COM,0.168264,1.080354,0.817,2.897,5.691,63909.57504787724,60980.00158187724
A_M_1.7999999999999998_1.0_76,COM,2.161016,2.00301,1.217,1.752,4.8,64265.01882287724,60980.00158187724
A_M_1.7999999999999998_1.0_77,COM,0.372038,1.185315,1.66,1.113,0.025,61452.04370687724,60980.00158187724
A_M_1.7999999999999998_1.0_78,COM,1.034107,1.5173,1.681,1.765,4.735,63112.20019287724,60980.00158187724
A_M_1.7999999999999998_1.0_79,COM,0.386281,1.187855,1.244,3.174,4.884,62258.125306877235,60980.00158187724
A_M_1.7999999999999998_1.0_80,COM,0.910323,1.430663,0.635,1.198,5.852,61255.23665087724,60980.00158187724
A_M_1.7999999999999998_1.0_81,COM,7.713613,4.998952,1.473,5.383,3.791,61584.01497487724,60980.00158187724
A_M_1.7999999999999998_1.0_82,COM,1.10563,1.556685,1.181,4.179,1.262,64544.025170877234,60980.00158187724
A_M_1.7999999999999998_1.0_83,COM,0.620227,1.324725,0.815,4.986,5.483,62071.95204787724,60980.00158187724
A_M_1.7999999999999998_1.0_84,COM,0.315905,1.16262,1.61,3.885,1.615,61899.96329087724,60980.00158187724
A_M_1.7999999999999998_1.0_85,COM,3.621552,2.980671,0.343,5.081,1.547,63758.93093887724,60980.00158187724
A_M_1.7999999999999998_1.0_86,COM,0.037991,1.020199,1.72,5.846,3.675,61533.69755887724,60980.00158187724
A_M_1.7999999999999998_1.0_87,COM,0.280736,1.147042,0.981,2.804,1.206,63089.71842287724,60980.00158187724
A_M_1.7999999999999998_1.0_88,COM,6.261501,4.192616,1.405,4.216,2.049,62699.201624877234,60980.00158187724
A_M_1.7999999999999998_1.0_89,COM,1.157492,1.644622,2.23,4.328,1.728,63499.789871877234,60980.00158187724
A_M_1.7999999999999998_1.0_90,COM,1.196025,1.666252,0.898,5.962,5.913,63154.49429687724,60980.00158187724
A_M_1.7999999999999998_1.0_91,COM,0.643581,1.368692,1.364,5.51,2.387,63121.11212187724,60980.00158187724
A_M_1.7999999999999998_1.0_92,COM,0.691038,1.383216,1.103,6.006,3.65,62708.769460877236,60980.00158187724
A_M_1.7999999999999998_1.0_93,COM,0.272821,1.149908,1.195,5.844,2.604,62654.380118877234,60980.00158187724
A_M_1.7999999999999998_1.0_94,COM,2.06545,2.145733,0.916,5.373,0.813,64344.779795877235,60980.00158187724
A_M_1.7999999999999998_1.0_95,COM,0.509414,1.301932,2.045,2.41,3.932,62287.82908487724,60980.00158187724
A_M_1.7999999999999998_1.0_96,COM,0.473735,1.297487,1.195,3.813,4.719,63849.061196877235,60980.00158187724
A_M_1.7999999999999998_1.0_97,COM,0.032311,1.019899,1.074,1.005,1.288,62187.76864487724,60980.00158187724
A_M_1.7999999999999998_1.0_98,COM,0.505902,1.318947,1.696,0.854,4.829,62537.028958877236,60980.00158187724
A_M_1.7999999999999998_1.0_99,COM,1.519277,1.988342,2.342,4.028,6.199,62212.88358787724,60980.00158187724
A_M_1.7999999999999998_1.0_100,COM,1.830843,2.192342,2.081,2.363,4.26,63807.690705877234,60980.00158187724
A_M_1.7999999999999998_1.0_101,COM,1.14054,1.694611,0.408,1.629,1.009,60997.16734087724,60980.00158187724
A_M_1.7999999999999998_1.0_102,COM,0.585964,1.371902,1.435,2.416,0.967,62195.03272487724,60980.00158187724
A_M_1.7999999999999998_1.0_103,COM,0.78639,1.50534,1.726,1.998,2.173,64559.176806877236,60980.00158187724
A_M_1.7999999999999998_1.0_104,COM,1.305543,1.825793,2.053,2.091,3.125,63362.896517877234,60980.00158187724
A_M_1.7999999999999998_1.0_105,COM,1.581686,2.081201,1.652,4.441,1.774,60965.226514877235,60980.00158187724
A_M_1.7999999999999998_1.0_106,COM,0.510371,1.336895,2.208,0.791,5.605,61224.645034877234,60980.00158187724
A_M_1.7999999999999998_1.0_107,COM,0.1089,1.073577,1.472,1.984,5.457,62275.09071687724,60980.00158187724
A_M_1.7999999999999998_1.0_108,COM,1.316031,1.926652,1.529,0.979,2.368,62851.26588287724,60980.00158187724
A_M_1.7999999999999998_1.0_109,COM,1.27702,1.842357,1.003,5.077,2.004,62846.689974877234,60980.00158187724
A_M_1.7999999999999998_1.0_110,COM,0.966055,1.661209,1.773,5.864,3.678,63006.81866087724,60980.00158187724
A_M_1.7999999999999998_1.0_111,COM,1.385916,1.909462,0.905,4.079,2.889,62902.88238387724,60980.00158187724
A_M_1.7999999999999998_1.0_112,COM,0.343591,1.224535,1.53,6.137,4.017,61367.72472187724,60980.00158187724
A_M_1.7999999999999998_1.0_113,COM,4.164082,4.041762,1.868,5.253,3.692,61480.818267877235,60980.00158187724
A_M_1.7999999999999998_1.0_114,COM,0.339192,1.251589,0.418,3.718,4.357,62775.20123487724,60980.00158187724
A_M_1.7999999999999998_1.0_115,COM,1.454038,2.058176,0.527,4.896,5.177,63862.39691987724,60980.00158187724
A_M_1.7999999999999998_1.0_116,COM,1.333666,1.990679,1.086,0.064,5.732,61369.003615877235,60980.00158187724
A_M_1.7999999999999998_1.0_117,COM,0.64315,1.490827,0.981,5.899,4.483,63001.005981877235,60980.00158187724
A_M_1.7999999999999998_1.0_118,COM,1.472046,2.151972,1.758,5.93,4.217,62467.62789487724,60980.00158187724
A_M_1.7999999999999998_1.0_119,COM,2.270838,2.870806,0.429,4.418,2.846,63384.78886887724,60980.00158187724
A_M_1.7999999999999998_1.0_120,COM,1.359639,2.099127,2.91,5.104,4.517,61770.81369287724,60980.00158187724
A_M_1.7999999999999998_1.0_121,COM,0.919651,1.745117,2.344,4.852,2.522,63234.41026787724,60980.00158187724
A_M_1.7999999999999998_1.0_122,COM,2.169757,2.699106,1.919,1.82,4.019,64267.06892887724,60980.00158187724
A_M_1.7999999999999998_1.0_123,COM,0.809628,1.625816,1.297,0.197,4.169,61948.960331877235,60980.00158187724
A_M_1.7999999999999998_1.0_124,COM,0.111955,1.091751,2.073,1.762,3.656,63921.480856877235,60980.00158187724
A_M_1.7999999999999998_1.0_125,COM,0.758193,1.59045,0.884,4.011,3.615,63629.47717487724,60980.00158187724
A_M_1.7999999999999998_1.0_126,COM,1.150498,1.923586,0.333,4.453,1.299,63141.295334877235,60980.00158187724
A_M_1.7999999999999998_1.0_127,COM,1.095245,1.872876,1.203,3.15,3.473,62391.33600987724,60980.00158187724
A_M_1.7999999999999998_1.0_128,COM,1.126405,1.943356,1.72,0.674,6.2,61590.12344387724,60980.00158187724
A_M_1.7999999999999998_1.0_129,COM,0.88226,1.773862,1.095,5.871,5.712,64323.782651877234,60980.00158187724
A_M_1.7999999999999998_1.0_130,COM,0.606842,1.534622,2.497,0.695,4.509,64068.10691687724,60980.00158187724
A_M_1.7999999999999998_1.0_131,COM,1.354855,2.151524,2.126,1.34,2.616,61418.897078877235,60980.00158187724
A_M_1.7999999999999998_1.0_132,COM,0.678576,1.563464,1.207,0.272,4.063,61061.829638877236,60980.00158187724
A_M_1.7999999999999998_1.0_133,COM,0.727899,1.687006,0.67,0.999,0.941,63770.90596987724,60980.00158187724
A_M_1.7999999999999998_1.0_134,COM,2.995014,3.664922,1.048,0.468,0.489,62371.479050877235,60980.00158187724
A_M_1.7999999999999998_1.0_135,COM,0.552361,1.495845,1.252,2.054,4.139,64416.04201087724,60980.00158187724
A_M_1.7999999999999998_1.0_136,COM,0.24116,1.227097,2.14,1.731,2.882,63208.37855787724,60980.00158187724
A_M_1.7999999999999998_1.0_137,COM,1.026956,1.966254,1.304,0.097,4.346,63353.58076787724,60980.00158187724
A_M_1.7999999999999998_1.0_138,COM,1.848729,2.712353,1.315,5.937,5.013,62435.76037987724,60980.00158187724
A_M_1.7999999999999998_1.0_139,COM,0.403278,1.358446,2.256,1.395,5.989,64481.35855787724,60980.00158187724
A_M_1.7999999999999998_1.0_140,COM,0.727648,1.647663,2.01,5.546,3.413,61784.73115387724,60980.00158187724
A_M_1.7999999999999998_1.0_141,COM,0.476928,1.454136,1.259,1.331,5.645,61327.303691877234,60980.00158187724
A_M_1.7999999999999998_1.0_142,COM,1.401884,2.245683,0.734,4.091,4.53,61772.87209687724,60980.00158187724
A_M_1.7999999999999998_1.0_143,COM,1.052752,1.935725,1.158,1.922,2.555,63010.05766287724,60980.00158187724
A_M_1.7999999999999998_1.0_144,COM,0.945922,1.87746,2.006,4.462,2.605,62159.472323877235,60980.00158187724
A_M_1.7999999999999998_1.0_145,COM,1.326623,2.215938,0.679,1.322,4.967,61369.69975187724,60980.00158187724
A_M_1.7999999999999998_1.0_146,COM,1.215845,2.232529,0.941,5.673,0.028,62341.597258877235,60980.00158187724
A_M_1.7999999999999998_1.0_147,COM,0.151607,1.149229,1.359,5.641,5.297,62970.811950877236,60980.00158187724
A_M_1.7999999999999998_1.0_148,COM,1.176654,2.160888,1.09,1.177,1.999,63867.815043877235,60980.00158187724
A_M_1.7999999999999998_1.0_149,COM,0.360639,1.351767,1.583,1.67,3.817,61491.800574877234,60980.00158187724
A_M_1.7999999999999998_1.0_150,COM,1.303259,2.314541,0.402,6.275,3.502,64236.76411487724,60980.00158187724
A_M_1.7999999999999998_1.0_151,COM,1.568921,2.561128,2.363,1.841,5.222,61065.114387877235,60980.00158187724
A_M_1.7999999999999998_1.0_152,COM,0.441881,1.442032,0.159,4.329,2.912,64367.34531987724,60980.00158187724
A_M_1.7999999999999998_1.0_153,COM,0.275292,1.278412,1.175,3.974,0.975,61856.72725787724,60980.00158187724
A_M_1.7999999999999998_1.0_154,COM,1.655809,2.674034,2.255,1.434,3.557,64288.23187887724,60980.00158187724
A_M_1.7999999999999998_1.0_155,COM,1.063413,2.032768,2.029,3.801,2.455,61128.016403877235,60980.00158187724
A_M_1.7999999999999998_1.0_156,COM,0.561264,1.602526,2.214,0.104,0.349,63189.17560487724,60980.00158187724
A_M_1.7999999999999998_1.0_157,COM,0.066155,1.071861,0.717,1.428,5.44,63558.85766787724,60980.00158187724
A_M_1.7999999999999998_1.0_158,COM,0.405512,1.414872,1.146,1.478,5.051,61762.68271787724,60980.00158187724
A_M_1.7999999999999998_1.0_159,COM,0.490628,1.513572,0.429,2.531,1.293,63865.473744877236,60980.00158187724
A_M_1.7999999999999998_1.0_160,COM,1.249065,2.351544,1.029,5.125,1.496,61476.42446787724,60980.00158187724
A_M_1.7999999999999998_1.0_161,COM,1.353273,2.456246,2.796,5.894,6.217,61809.57587887724,60980.00158187724
A_M_1.7999999999999998_1.0_162,COM,0.534313,1.568411,1.396,1.429,4.574,61549.32043087724,60980.00158187724
A_M_1.7999999999999998_1.0_163,COM,0.552327,1.58598,1.712,2.996,2.823,64368.64459087724,60980.00158187724
A_M_1.7999999999999998_1.0_164,COM,0.702343,1.729484,1.06,1.788,4.616,61277.09043487724,60980.00158187724
A_M_1.7999999999999998_1.0_165,COM,0.273666,1.28788,1.548,4.139,1.507,61289.586793877235,60980.00158187724
A_M_1.7999999999999998_1.0_166,COM,1.499578,2.544357,0.129,4.299,1.203,61371.718758877236,60980.00158187724
A_M_1.7999999999999998_1.0_167,COM,0.099873,1.113732,1.937,0.672,1.553,60922.77950787724,60980.00158187724
A_M_1.7999999999999998_1.0_168,COM,0.973921,2.115459,1.036,6.022,0.263,64701.11900587724,60980.00158187724
A_M_1.7999999999999998_1.0_169,COM,1.35174,2.513025,2.793,5.992,4.376,62599.520359877235,60980.00158187724
A_M_1.7999999999999998_1.0_170,COM,1.322234,2.501581,0.379,4.587,5.286,63278.679166877235,60980.00158187724
A_M_1.7999999999999998_1.0_171,COM,1.256235,2.367745,2.147,4.171,3.673,63196.541250877235,60980.00158187724
A_M_1.7999999999999998_1.0_172,COM,1.278664,2.47232,0.924,1.676,1.617,64088.932777877235,60980.00158187724
A_M_1.7999999999999998_1.0_173,COM,0.816806,1.902099,1.666,3.765,3.98,63685.89449587724,60980.00158187724
A_M_1.7999999999999998_1.0_174,COM,1.166921,2.270279,1.545,4.489,3.315,63422.24114187724,60980.00158187724
A_M_1.7999999999999998_1.0_175,COM,0.62757,1.761904,2.067,1.1,0.532,64117.75733187724,60980.00158187724
A_M_1.7999999999999998_1.0_176,COM,2.814559,4.422218,1.433,5.202,0.126,62757.901247877235,60980.00158187724
A_M_1.7999999999999998_1.0_177,COM,0.061602,1.073609,0.873,5.025,5.042,62202.80181187724,60980.00158187724
A_M_1.7999999999999998_1.0_178,COM,0.582235,1.678701,2.805,6.09,6.178,61238.07553787724,60980.00158187724
A_M_1.7999999999999998_1.0_179,COM,0.621795,1.739547,1.308,0.804,4.713,63479.16909487724,60980.00158187724
A_M_1.7999999999999998_1.0_180,COM,0.377145,1.439813,1.184,5.009,3.742,62694.23939487724,60980.00158187724
A_M_1.7999999999999998_1.0_181,COM,0.603271,1.710494,1.381,1.442,2.376,62747.519653877236,60980.00158187724
A_M_1.7999999999999998_1.0_182,COM,1.555117,3.018696,0.545,2.783,4.502,63489.29284587724,60980.00158187724
A_M_1.7999999999999998_1.0_183,COM,0.441982,1.549132,2.119,5.356,3.778,61322.879501877236,60980.00158187724
A_M_1.7999999999999998_1.0_184,COM,1.582737,3.04193,0.557,4.806,0.293,64253.52473387724,60980.00158187724
A_M_1.7999999999999998_1.0_185,COM,0.532648,1.684983,2.365,1.486,5.65,62432.72517287724,60980.00158187724
A_M_1.7999999999999998_1.0_186,COM,1.745791,3.258081,0.562,0.051,5.196,61407.56034487724,60980.00158187724
A_M_1.7999999999999998_1.0_187,COM,0.591983,1.771341,2.114,1.471,5.097,63153.85791287724,60980.00158187724
A_M_1.7999999999999998_1.0_188,COM,0.671561,1.838139,1.636,4.721,4.943,63318.61766187724,60980.00158187724
A_M_1.7999999999999998_1.0_189,COM,2.468149,4.226921,1.621,4.843,1.067,62809.82958087724,60980.00158187724
A_M_1.7999999999999998_1.0_190,COM,0.906064,2.243411,1.083,3.503,2.857,64512.36921587724,60980.00158187724
A_M_1.7999999999999998_1.0_191,COM,1.074182,2.446542,0.789,1.606,5.787,63624.12923187724,60980.00158187724
A_M_1.7999999999999998_1.0_192,COM,0.265793,1.366582,1.505,1.595,2.707,62681.67535287724,60980.00158187724
A_M_1.7999999999999998_1.0_193,COM,1.788734,3.474368,0.712,3.995,3.448,62989.75923487724,60980.00158187724
A_M_1.7999999999999998_1.0_194,COM,0.856933,2.166635,1.75,0.124,3.428,62426.71851487724,60980.00158187724
A_M_1.7999999999999998_1.0_195,COM,1.398826,2.87946,2.056,0.634,5.213,61214.355575877235,60980.00158187724
A_M_1.7999999999999998_1.0_196,COM,1.508276,3.082116,1.301,0.38,6.211,62362.570288877236,60980.00158187724
A_M_1.7999999999999998_1.0_197,COM,0.880025,2.205775,1.731,1.595,5.167,61389.28620487724,60980.00158187724
A_M_1.7999999999999998_1.0_198,COM,2.674928,4.691154,1.199,3.333,0.872,63185.53068187724,60980.00158187724
A_M_1.7999999999999998_1.0_199,COM,0.935792,2.2712,0.807,4.013,0.172,63098.232509877234,60980.00158187724
A_M_1.7999999999999998_1.0_200,COM,1.178086,2.644378,1.155,5.43,2.982,61064.84210587724,60980.00158187724
A_M_1.7999999999999998_1.0_201,COM,0.882461,2.285554,2.308,6.258,3.27,63452.83088787724,60980.00158187724
A_M_1.7999999999999998_1.0_202,COM,1.414165,3.026475,0.638,3.816,2.409,62849.456938877236,60980.00158187724
A_M_1.7999999999999998_1.0_203,COM,0.88038,2.272147,1.959,6.011,1.907,63266.59840687724,60980.00158187724
A_M_1.7999999999999998_1.0_204,COM,0.155374,1.22321,1.714,4.719,4.278,62989.909373877235,60980.00158187724
A_M_1.7999999999999998_1.0_205,COM,0.55941,1.801075,1.583,4.737,5.825,64656.05979487724,60980.00158187724
A_M_1.7999999999999998_1.0_206,COM,1.149139,2.678124,1.977,4.032,1.405,64444.81176587724,60980.00158187724
A_M_1.7999999999999998_1.0_207,COM,1.247148,2.750979,1.439,3.081,3.976,63973.06802287724,60980.00158187724
A_M_1.7999999999999998_1.0_208,COM,0.914446,2.278514,1.858,2.29,3.495,63860.30108087724,60980.00158187724
A_M_1.7999999999999998_1.0_209,COM,0.529655,1.757035,2.57,1.543,5.565,62412.034757877234,60980.00158187724
A_M_1.7999999999999998_1.0_210,COM,1.342862,2.95493,2.341,1.131,1.061,61274.92369987724,60980.00158187724
A_M_1.7999999999999998_1.0_211,COM,1.298331,2.840616,2.771,6.099,6.274,61452.701129877234,60980.00158187724
A_M_1.7999999999999998_1.0_212,COM,0.185796,1.269617,1.562,1.502,2.67,63492.620709877236,60980.00158187724
A_M_1.7999999999999998_1.0_213,COM,1.278786,2.830303,1.46,1.461,3.089,63036.34823587724,60980.00158187724
A_M_1.7999999999999998_1.0_214,COM,1.426889,3.19341,1.61,4.886,4.268,62419.45705187724,60980.00158187724
A_M_1.7999999999999998_1.0_215,COM,0.938,2.412441,0.924,1.878,4.943,62472.62101887724,60980.00158187724
A_M_1.7999999999999998_1.0_216,COM,0.627747,1.930741,0.617,5.016,2.388,63358.200549877234,60980.00158187724
A_M_1.7999999999999998_1.0_217,COM,1.367575,3.115869,1.762,3.07,2.716,63526.73559687724,60980.00158187724
A_M_1.7999999999999998_1.0_218,COM,1.346246,3.005523,2.313,4.812,1.157,62042.49885787724,60980.00158187724
A_M_1.7999999999999998_1.0_219,COM,1.496999,3.214206,1.162,0.67,4.732,62736.26422187724,60980.00158187724
A_M_1.7999999999999998_1.0_220,COM,1.470264,3.158312,1.747,2.463,3.541,63049.752588877236,60980.00158187724
A_M_1.7999999999999998_1.0_221,COM,1.760204,3.604682,0.861,0.369,5.57,62389.69709687724,60980.00158187724
A_M_1.7999999999999998_1.0_222,COM,1.030853,2.55575,2.536,1.59,4.203,64302.79706987724,60980.00158187724
A_M_1.7999999999999998_1.0_223,COM,1.220936,2.824953,1.286,0.894,4.46,62298.30532287724,60980.00158187724
A_M_1.7999999999999998_1.0_224,COM,0.862265,2.322723,2.483,3.657,4.055,63119.38464787724,60980.00158187724
A_M_1.7999999999999998_1.0_225,COM,1.274222,2.898767,1.47,4.937,2.39,63507.619571877236,60980.00158187724
A_M_1.7999999999999998_1.0_226,COM,1.505893,3.360732,1.732,2.659,3.102,61412.709537877236,60980.00158187724
A_M_1.7999999999999998_1.0_227,COM,1.041168,2.69773,0.059,4.35,5.266,64005.69514087724,60980.00158187724
A_M_1.7999999999999998_1.0_228,COM,1.162233,2.842274,1.106,1.572,3.913,62098.821680877234,60980.00158187724
A_M_1.7999999999999998_1.0_229,COM,0.299498,1.465754,1.238,6.135,3.15,64611.42034987724,60980.00158187724
A_M_1.7999999999999998_1.0_230,COM,1.491746,3.326233,0.974,0.753,3.116,62056.33212487724,60980.00158187724
A_M_1.7999999999999998_1.0_231,COM,1.682768,3.612225,1.231,4.407,5.016,64439.294133877236,60980.00158187724
A_M_1.7999999999999998_1.0_232,COM,10.216275,17.305235,0.382,5.251,3.84,60917.37847087724,60980.00158187724
A_M_1.7999999999999998_1.0_233,COM,1.329898,3.17651,1.573,4.296,3.451,61769.00676887724,60980.00158187724
A_M_1.7999999999999998_1.0_234,COM,1.009885,2.714133,1.517,1.998,3.836,64449.75273087724,60980.00158187724
A_M_1.7999999999999998_1.0_235,COM,0.185468,1.311407,1.836,3.376,4.638,61220.99783187724,60980.00158187724
A_M_1.7999999999999998_1.0_236,COM,0.351867,1.591312,1.613,5.709,0.406,63151.71889587724,60980.00158187724
A_M_1.7999999999999998_1.0_237,COM,0.987086,2.684023,1.452,4.032,2.323,61628.20188087724,60980.00158187724
A_M_1.7999999999999998_1.0_238,COM,0.585123,1.990606,1.766,1.948,4.43,61538.60863587724,60980.00158187724
A_M_1.7999999999999998_1.0_239,COM,11.228088,19.460051,0.992,0.248,0.112,62223.66624687724,60980.00158187724
A_M_1.7999999999999998_1.0_240,COM,1.38007,3.285407,1.396,2.593,2.65,63479.008864877236,60980.00158187724
A_M_1.7999999999999998_1.0_241,COM,0.835267,2.464415,1.847,0.894,3.694,61980.52400787724,60980.00158187724
A_M_1.7999999999999998_1.0_242,COM,1.146992,3.021065,1.746,2.205,3.953,63572.02748987724,60980.00158187724
A_M_1.7999999999999998_1.0_243,COM,1.080017,2.946227,2.399,6.195,2.797,63810.082001877236,60980.00158187724
A_M_1.7999999999999998_1.0_244,COM,1.111484,2.940519,2.001,3.301,0.673,61113.713708877236,60980.00158187724
A_M_1.7999999999999998_1.0_245,COM,1.600673,3.756138,0.73,1.825,4.809,64561.85298687724,60980.00158187724
A_M_1.7999999999999998_1.0_246,COM,1.103457,3.063567,1.413,2.778,1.716,62625.24876687724,60980.00158187724
A_M_1.7999999999999998_1.0_247,COM,1.354463,3.512818,1.606,4.489,1.945,62063.98127387724,60980.00158187724
A_M_1.7999999999999998_1.0_248,COM,0.654253,2.234521,0.684,4.971,5.461,64600.00348087724,60980.00158187724
A_M_1.7999999999999998_1.0_249,COM,0.400702,1.730027,0.587,3.462,2.254,61318.18154287724,60980.00158187724
A_M_1.7999999999999998_1.0_250,COM,1.116669,3.108377,0.899,4.965,5.629,61242.46180887724,60980.00158187724
A_M_1.7999999999999998_1.0_251,COM,1.731226,4.222707,2.33,3.796,4.101,61197.668762877234,60980.00158187724
A_M_1.7999999999999998_1.0_252,COM,1.346122,3.444517,1.864,4.228,1.19,62689.24440287724,60980.00158187724
A_M_1.7999999999999998_1.0_253,COM,1.722793,4.243736,1.455,4.455,2.435,64534.728145877234,60980.00158187724
A_M_1.7999999999999998_1.0_254,COM,1.124325,3.133916,2.584,1.501,2.566,64036.99337787724,60980.00158187724
A_M_1.7999999999999998_1.0_255,COM,1.254249,3.474824,2.883,3.457,3.832,64356.79037387724,60980.00158187724
A_M_1.7999999999999998_1.0_256,COM,0.513418,1.985935,2.876,4.402,1.141,64558.87620187724,60980.00158187724
A_M_1.7999999999999998_1.0_257,COM,0.269382,1.521938,2.081,1.827,3.557,64551.49586787724,60980.00158187724
A_M_1.7999999999999998_1.0_258,COM,1.141744,3.27491,0.769,3.515,2.622,62346.124982877234,60980.00158187724
A_M_1.7999999999999998_1.0_259,COM,0.167557,1.330102,1.007,3.779,4.121,63973.98659987724,60980.00158187724
A_M_1.7999999999999998_1.0_260,COM,1.146595,3.27069,0.912,1.358,2.124,63939.40243487724,60980.00158187724
A_M_1.7999999999999998_1.0_261,COM,1.465292,3.814647,1.298,5.141,0.591,63068.97693487724,60980.00158187724
A_M_1.7999999999999998_1.0_262,COM,1.096853,3.117916,1.82,4.263,3.29,63872.81038487724,60980.00158187724
A_M_1.7999999999999998_1.0_263,COM,0.38225,1.774876,1.295,1.132,5.967,62430.93590787724,60980.00158187724
A_M_1.7999999999999998_1.0_264,COM,1.925778,4.86756,0.284,4.864,1.009,62762.59239487724,60980.00158187724
A_M_1.7999999999999998_1.0_265,COM,1.477861,4.003348,1.806,4.378,2.522,63600.804980877234,60980.00158187724
A_M_1.7999999999999998_1.0_266,COM,0.226601,1.456611,0.491,1.15,6.082,63856.36525487724,60980.00158187724
A_M_1.7999999999999998_1.0_267,COM,1.408712,3.94756,0.95,4.55,4.78,62214.33287487724,60980.00158187724
A_M_1.7999999999999998_1.0_268,COM,1.320222,3.849557,2.225,4.94,2.702,62579.23800287724,60980.00158187724
A_M_1.7999999999999998_1.0_269,COM,0.045832,1.100038,1.318,4.07,2.982,64556.055266877236,60980.00158187724
A_M_1.7999999999999998_1.0_270,COM,1.233619,3.689314,2.247,4.625,4.766,63895.313455877236,60980.00158187724
A_M_1.7999999999999998_1.0_271,COM,1.467403,4.120439,1.062,4.528,3.565,61226.785380877234,60980.00158187724
A_M_1.7999999999999998_1.0_272,COM,1.537985,4.262754,2.07,1.509,2.972,63364.290479877236,60980.00158187724
A_M_1.7999999999999998_1.0_273,COM,0.630142,2.373414,1.775,2.353,2.793,62635.192602877236,60980.00158187724
A_M_1.7999999999999998_1.0_274,COM,1.020642,3.150363,1.498,4.91,5.381,62832.25030387724,60980.00158187724
A_M_1.7999999999999998_1.0_275,COM,1.037063,3.237776,0.31,1.631,4.649,64660.603130877236,60980.00158187724
A_M_1.7999999999999998_1.0_276,COM,1.105126,3.390483,1.693,2.582,4.707,61037.80679387724,60980.00158187724
A_M_1.7999999999999998_1.0_277,COM,46.642854,101.185798,2.874,4.587,1.933,63738.541161877234,60980.00158187724
A_M_1.7999999999999998_1.0_278,COM,0.897955,2.890846,2.533,2.541,5.696,63742.85883387724,60980.00158187724
A_M_1.7999999999999998_1.0_279,COM,0.43705,1.996718,1.173,6.196,2.869,62022.697219877235,60980.00158187724
A_M_1.7999999999999998_1.0_280,COM,0.408711,1.919587,2.323,1.93,1.28,62341.56599687724,60980.00158187724
A_M_1.7999999999999998_1.0_281,COM,1.423088,4.24355,1.341,0.366,5.959,61967.04302787724,60980.00158187724
A_M_1.7999999999999998_1.0_282,COM,1.899276,5.186594,1.294,1.924,5.723,63068.11318987724,60980.00158187724
A_M_1.7999999999999998_1.0_283,COM,0.882218,2.966046,1.862,4.322,1.958,63770.343280877234,60980.00158187724
A_M_1.7999999999999998_1.0_284,COM,0.631541,2.432085,1.848,1.081,2.896,62042.27048387724,60980.00158187724
A_M_1.7999999999999998_1.0_285,COM,2.389394,6.257119,0.876,4.234,0.714,61764.71447287724,60980.00158187724
A_M_1.7999999999999998_1.0_286,COM,0.019964,1.045089,0.284,2.476,4.46,61722.230963877235,60980.00158187724
A_M_1.7999999999999998_1.0_287,COM,0.823314,2.823786,1.765,3.662,3.477,63148.405397877235,60980.00158187724
A_M_1.7999999999999998_1.0_288,COM,0.420783,1.92163,2.388,5.997,3.278,62087.42466287724,60980.00158187724
A_M_1.7999999999999998_1.0_289,COM,0.670376,2.477793,2.676,6.14,0.36,62452.99176887724,60980.00158187724
A_M_1.7999999999999998_1.0_290,COM,1.592979,4.6109,0.659,0.255,6.118,62875.14496787724,60980.00158187724
A_M_1.7999999999999998_1.0_291,COM,2.008218,5.535633,2.708,3.853,3.877,63032.14256087724,60980.00158187724
A_M_1.7999999999999998_1.0_292,COM,0.848415,2.976132,1.877,1.425,3.801,62592.73285087724,60980.00158187724
A_M_1.7999999999999998_1.0_293,COM,1.652374,4.795535,0.904,0.734,5.585,63248.26941887724,60980.00158187724
A_M_1.7999999999999998_1.0_294,COM,1.526996,4.546692,2.649,1.298,4.068,62459.98094987724,60980.00158187724
A_M_1.7999999999999998_1.0_295,COM,1.311059,4.069212,1.19,3.45,3.57,64023.422720877235,60980.00158187724
A_M_1.7999999999999998_1.0_296,COM,0.780787,2.861288,2.278,0.081,3.323,62963.47283187724,60980.00158187724
A_M_1.7999999999999998_1.0_297,COM,1.192007,3.810874,0.895,5.298,0.939,61387.80775087724,60980.00158187724
A_M_1.7999999999999998_1.0_298,COM,1.083459,3.51782,1.032,4.626,3.7,61105.29124187724,60980.00158187724
A_M_1.7999999999999998_1.0_299,COM,0.686061,2.701337,1.475,4.32,3.801,62602.71034187724,60980.00158187724
A_M_1.7999999999999998_1.0_300,COM,0.682935,2.703213,1.835,2.07,4.836,64583.38888587724,60980.00158187724
A_M_1.7999999999999998_1.0_301,COM,1.412988,4.420121,2.436,5.206,4.919,61489.68434087724,60980.00158187724
A_M_1.7999999999999998_1.0_302,COM,1.723883,5.280592,1.253,0.621,1.851,62345.228125877235,60980.00158187724
A_M_1.7999999999999998_1.0_303,COM,1.410187,4.5124,2.699,3.702,0.914,62115.19336787724,60980.00158187724
A_M_1.7999999999999998_1.0_304,COM,0.784013,3.005352,1.82,1.592,3.806,63195.07988487724,60980.00158187724
A_M_1.7999999999999998_1.0_305,COM,0.925486,3.311124,1.811,5.042,5.481,64258.44308287724,60980.00158187724
A_M_1.7999999999999998_1.0_306,COM,1.429099,4.678061,2.146,4.384,4.475,61282.71635587724,60980.00158187724
A_M_1.7999999999999998_1.0_307,COM,1.206296,4.073769,1.752,5.508,3.495,61244.69249687724,60980.00158187724
A_M_1.7999999999999998_1.0_308,COM,1.004939,3.61041,0.752,4.342,1.583,64187.447970877234,60980.00158187724
A_M_1.7999999999999998_1.0_309,COM,0.647936,2.638756,2.441,5.288,2.678,61270.82251787724,60980.00158187724
A_M_1.7999999999999998_1.0_310,COM,1.671033,5.276722,0.793,0.526,5.602,64134.21775687724,60980.00158187724
A_M_1.7999999999999998_1.0_311,COM,1.199912,4.195151,0.729,2.577,3.235,63615.68610487724,60980.00158187724
A_M_1.7999999999999998_1.0_312,COM,0.232966,1.623708,1.896,4.136,1.305,62279.33028787724,60980.00158187724
A_M_1.7999999999999998_1.0_313,COM,0.97954,3.553371,1.475,0.898,3.027,61751.12549187724,60980.00158187724
A_M_1.7999999999999998_1.0_314,COM,0.507815,2.373082,2.602,5.226,2.384,60963.70430187724,60980.00158187724
A_M_1.7999999999999998_1.0_315,COM,0.835888,3.232687,0.102,2.806,0.168,63259.62598487724,60980.00158187724
A_M_1.7999999999999998_1.0_316,COM,0.401465,2.049595,1.42,5.826,6.045,63000.534995877235,60980.00158187724
A_M_1.7999999999999998_1.0_317,COM,0.91039,3.549845,1.458,0.98,5.179,62921.83659087724,60980.00158187724
A_M_1.7999999999999998_1.0_318,COM,1.360477,4.702247,0.54,4.556,1.811,62831.39251587724,60980.00158187724
A_M_1.7999999999999998_1.0_319,COM,0.958375,3.60619,2.466,4.463,4.248,62880.052253877235,60980.00158187724
A_M_1.7999999999999998_1.0_320,COM,0.955787,3.694654,1.912,2.525,3.536,64143.04585887724,60980.00158187724
A_M_1.7999999999999998_1.0_321,COM,0.633571,2.813654,1.434,4.822,5.023,62132.25758187724,60980.00158187724
A_M_1.7999999999999998_1.0_322,COM,1.567648,5.511827,1.511,3.942,3.206,61077.588686877236,60980.00158187724
A_M_1.7999999999999998_1.0_323,COM,2.235328,7.368242,0.784,5.164,0.893,63452.31743487724,60980.00158187724
A_M_1.7999999999999998_1.0_324,COM,1.257636,4.669397,1.206,4.493,5.988,64268.57165687724,60980.00158187724
A_M_1.7999999999999998_1.0_325,COM,2.295501,7.953468,2.686,5.434,2.128,62368.54056787724,60980.00158187724
A_M_1.7999999999999998_1.0_326,COM,0.821442,3.448392,2.501,4.434,1.657,64226.887772877235,60980.00158187724
A_M_1.7999999999999998_1.0_327,COM,1.778341,6.373617,2.288,2.94,3.282,61664.26375587724,60980.00158187724
A_M_1.7999999999999998_1.0_328,COM,1.626147,5.862956,1.072,4.129,1.901,64448.09564387724,60980.00158187724
A_M_1.7999999999999998_1.0_329,COM,0.560849,2.655982,2.282,2.367,3.612,64359.509180877234,60980.00158187724
A_M_1.7999999999999998_1.0_330,COM,0.856324,3.626024,1.808,4.415,1.905,64652.26820087724,60980.00158187724
A_M_1.7999999999999998_1.0_331,COM,1.46726,5.517009,2.258,5.966,2.823,62337.44647587724,60980.00158187724
A_M_1.7999999999999998_1.0_332,COM,1.337837,5.117761,0.589,2.28,3.919,62793.52343787724,60980.00158187724
A_M_1.7999999999999998_1.0_333,COM,2.694148,9.440253,1.905,3.259,3.692,64393.25674187724,60980.00158187724
A_M_1.7999999999999998_1.0_334,COM,0.479151,2.504842,1.059,3.104,3.157,63811.234814877236,60980.00158187724
A_M_1.7999999999999998_1.0_335,COM,1.131916,4.562021,0.747,4.355,5.944,63742.42034387724,60980.00158187724
A_M_1.7999999999999998_1.0_336,COM,1.368345,5.224009,2.763,3.127,2.713,63327.242201877234,60980.00158187724
A_M_1.7999999999999998_1.0_337,COM,0.136745,1.427261,2.486,5.034,2.712,64087.753490877236,60980.00158187724
A_M_1.7999999999999998_1.0_338,COM,1.40859,5.48463,1.747,0.311,2.999,62744.589952877235,60980.00158187724
A_M_1.7999999999999998_1.0_339,COM,1.389166,5.475161,1.378,0.462,3.396,61581.34058987724,60980.00158187724
A_M_1.7999999999999998_1.0_340,COM,1.211653,4.91192,1.784,4.758,2.137,63149.46089487724,60980.00158187724
A_M_1.7999999999999998_1.0_341,COM,1.074314,4.514252,1.3,3.191,0.14,63363.26169387724,60980.00158187724
A_M_1.7999999999999998_1.0_342,COM,1.222586,4.930992,1.565,3.669,4.239,62598.10601287724,60980.00158187724
A_M_1.7999999999999998_1.0_343,COM,0.569599,2.87825,0.424,6.092,4.381,61292.99230487724,60980.00158187724
A_M_1.7999999999999998_1.0_344,COM,0.80042,3.708967,1.101,4.58,3.686,61170.33437687724,60980.00158187724
A_M_1.7999999999999998_1.0_345,COM,0.604212,3.045869,2.43,1.846,2.68,61481.88677887724,60980.00158187724
A_M_1.7999999999999998_1.0_346,COM,0.550468,2.839407,1.547,1.227,4.784,63041.491708877234,60980.00158187724
A_M_1.7999999999999998_1.0_347,COM,1.37841,5.607996,1.518,4.321,1.881,64028.16554987724,60980.00158187724
A_M_1.7999999999999998_1.0_348,COM,1.04112,4.444117,1.839,0.599,2.887,63409.94217887724,60980.00158187724
A_M_1.7999999999999998_1.0_349,COM,0.667073,3.266667,1.878,0.96,4.614,64550.33387487724,60980.00158187724
A_M_1.7999999999999998_1.0_350,COM,0.711046,3.359908,1.877,2.524,3.944,63525.38816687724,60980.00158187724
A_M_1.7999999999999998_1.0_351,COM,0.116278,1.387219,2.801,1.533,6.142,63556.02386887724,60980.00158187724
A_M_1.7999999999999998_1.0_352,COM,0.962515,4.218769,2.681,5.256,2.613,62291.06185787724,60980.00158187724
A_M_1.7999999999999998_1.0_353,COM,0.552802,2.878263,1.787,5.485,2.567,61687.44394387724,60980.00158187724
A_M_1.7999999999999998_1.0_354,COM,1.321128,5.385899,2.995,3.657,0.567,61632.882289877234,60980.00158187724
A_M_1.7999999999999998_1.0_355,COM,1.349755,5.463475,1.155,1.882,1.85,63562.98955287724,60980.00158187724
A_M_1.7999999999999998_1.0_356,COM,0.128895,1.441042,1.341,1.197,2.398,61220.422505877235,60980.00158187724
A_M_1.7999999999999998_1.0_357,COM,0.531827,2.865109,0.772,4.614,2.306,64268.750134877235,60980.00158187724
A_M_1.7999999999999998_1.0_358,COM,0.574703,2.975363,1.928,1.025,4.319,61218.293742877235,60980.00158187724
A_M_1.7999999999999998_1.0_359,COM,0.930332,4.193916,1.432,4.714,1.943,62508.78354087724,60980.00158187724
A_M_1.7999999999999998_1.0_360,COM,1.338803,5.69186,1.983,0.311,3.188,63218.05103687724,60980.00158187724
A_M_1.7999999999999998_1.0_361,COM,3.028816,11.855526,2.582,1.236,3.262,62400.17857387724,60980.00158187724
A_M_1.7999999999999998_1.0_362,COM,1.263114,5.601098,1.01,0.531,2.813,64182.142433877234,60980.00158187724
A_M_1.7999999999999998_1.0_363,COM,1.213561,5.373049,2.531,0.85,3.838,62121.070375877236,60980.00158187724
A_M_1.7999999999999998_1.0_364,COM,1.415896,6.117855,1.871,1.745,2.554,62693.84206887724,60980.00158187724
A_M_1.7999999999999998_1.0_365,COM,0.760355,3.751312,1.595,5.737,3.433,61548.20670887724,60980.00158187724
A_M_1.7999999999999998_1.0_366,COM,0.310717,2.108412,2.646,1.703,0.516,61625.356179877235,60980.00158187724
A_M_1.7999999999999998_1.0_367,COM,1.013195,4.617867,1.684,5.148,2.576,64652.22000787724,60980.00158187724
A_M_1.7999999999999998_1.0_368,COM,1.026085,4.731916,2.819,4.753,1.721,64611.43238687724,60980.00158187724
A_M_1.7999999999999998_1.0_369,COM,0.960331,4.493478,2.638,0.54,6.07,61750.11031187724,60980.00158187724
A_M_1.7999999999999998_1.0_370,COM,1.460639,6.178826,1.466,0.397,3.057,61980.476447877234,60980.00158187724
A_M_1.7999999999999998_1.0_371,COM,0.600037,3.152372,1.198,0.741,5.668,61922.240313877235,60980.00158187724
A_M_1.7999999999999998_1.0_372,COM,2.031843,8.615745,2.769,5.818,2.38,63377.831373877234,60980.00158187724
A_M_1.7999999999999998_1.0_373,COM,0.301489,2.140948,1.705,1.445,3.744,64049.244783877235,60980.00158187724
A_M_1.7999999999999998_1.0_374,COM,1.288996,5.837494,1.582,1.529,4.676,62055.686300877234,60980.00158187724
A_M_1.7999999999999998_1.0_375,COM,0.276312,2.032192,0.778,5.482,4.065,61942.88409187724,60980.00158187724
A_M_1.7999999999999998_1.0_376,COM,1.247334,5.604542,1.665,6.28,5.416,64441.18481487724,60980.00158187724
A_M_1.7999999999999998_1.0_377,COM,0.945087,4.531958,1.753,2.061,4.504,62023.26558087724,60980.00158187724
A_M_1.7999999999999998_1.0_378,COM,0.818982,4.013193,1.477,1.908,4.231,61442.86788487724,60980.00158187724
A_M_1.7999999999999998_1.0_379,COM,1.031835,5.000417,2.251,1.427,4.081,61054.268407877236,60980.00158187724
A_M_1.7999999999999998_1.0_380,COM,0.219596,1.860611,1.481,4.553,3.61,63946.655007877234,60980.00158187724
A_M_1.7999999999999998_1.0_381,COM,1.213435,5.646689,2.435,2.039,2.493,62371.13897187724,60980.00158187724
A_M_1.7999999999999998_1.0_382,COM,0.68389,3.679836,1.78,0.837,4.069,61365.94697887724,60980.00158187724
A_M_1.7999999999999998_1.0_383,COM,0.200028,1.803918,0.519,5.901,5.883,63245.80377687724,60980.00158187724
A_M_1.7999999999999998_1.0_384,COM,0.339865,2.353007,1.717,6.146,3.684,61247.705928877236,60980.00158187724
A_M_1.7999999999999998_1.0_385,COM,1.051218,5.161978,2.477,5.006,2.035,64497.37738687724,60980.00158187724
A_M_1.7999999999999998_1.0_386,COM,0.309668,2.233296,2.46,0.477,3.75,61641.40246087724,60980.00158187724
A_M_1.7999999999999998_1.0_387,COM,1.535336,7.128049,0.689,4.165,2.227,61502.780935877236,60980.00158187724
A_M_1.7999999999999998_1.0_388,COM,0.538749,3.14417,0.436,3.828,2.491,62635.71436087724,60980.00158187724
A_M_1.7999999999999998_1.0_389,COM,1.37004,6.442909,1.493,1.283,4.623,61126.35052287724,60980.00158187724
A_M_1.7999999999999998_1.0_390,COM,0.012588,1.050625,1.607,2.323,5.356,62587.76529887724,60980.00158187724
A_M_1.7999999999999998_1.0_391,COM,0.854655,4.376644,1.536,4.224,2.156,61989.419540877236,60980.00158187724
A_M_1.7999999999999998_1.0_392,COM,1.388436,6.525298,0.411,2.024,4.162,62682.565023877236,60980.00158187724
A_M_1.7999999999999998_1.0_393,COM,0.993479,5.167023,0.583,2.619,4.409,62825.119290877235,60980.00158187724
A_M_1.7999999999999998_1.0_394,COM,0.407925,2.687353,2.859,0.152,4.082,61710.18790187724,60980.00158187724
A_M_1.7999999999999998_1.0_395,COM,2.05929,9.401708,2.583,5.482,2.334,62717.419907877236,60980.00158187724
A_M_1.7999999999999998_1.0_396,COM,0.46818,2.962703,1.433,4.569,4.652,61225.060037877236,60980.00158187724
A_M_1.7999999999999998_1.0_397,COM,1.332086,6.431115,0.728,3.662,3.145,63557.280374877235,60980.00158187724
A_M_1.7999999999999998_1.0_398,COM,1.245882,6.210257,2.728,5.49,2.045,61334.60056287724,60980.00158187724
A_M_1.7999999999999998_1.0_399,COM,0.05776,1.235781,1.913,2.047,4.79,63527.30834387724,60980.00158187724
A_M_1.7999999999999998_1.0_400,COM,0.994964,5.108261,0.446,4.068,3.175,64177.87648187724,60980.00158187724
A_M_1.7999999999999998_1.0_401,COM,1.186408,6.141806,2.533,3.738,3.832,64641.24700687724,60980.00158187724
A_M_1.7999999999999998_1.0_402,COM,1.287731,6.506758,1.824,1.875,4.158,62591.32316287724,60980.00158187724
A_M_1.7999999999999998_1.0_403,COM,0.475743,3.046493,0.723,2.655,3.552,61960.28786187724,60980.00158187724
A_M_1.7999999999999998_1.0_404,COM,1.805663,8.968975,0.45,0.971,4.863,61775.53691687724,60980.00158187724
A_M_1.7999999999999998_1.0_405,COM,1.236336,6.501768,2.182,1.468,5.424,62218.686046877236,60980.00158187724
A_M_1.7999999999999998_1.0_406,COM,0.875866,4.847013,2.784,2.131,2.501,64559.82207687724,60980.00158187724
A_M_1.7999999999999998_1.0_407,COM,1.383608,7.268039,1.679,5.638,2.931,63313.889811877234,60980.00158187724
A_M_1.7999999999999998_1.0_408,COM,0.938537,5.297986,1.466,2.613,4.07,61848.92894087724,60980.00158187724
A_M_1.7999999999999998_1.0_409,COM,1.06657,5.808472,0.845,4.88,1.734,62967.00818287724,60980.00158187724
A_M_1.7999999999999998_1.0_410,COM,0.155527,1.700968,2.391,0.909,4.773,64106.85501287724,60980.00158187724
A_M_1.7999999999999998_1.0_411,COM,1.440278,7.460667,2.364,2.452,2.708,63986.10513687724,60980.00158187724
A_M_1.7999999999999998_1.0_412,COM,0.960752,5.489872,0.504,3.923,2.094,62713.95374387724,60980.00158187724
A_M_1.7999999999999998_1.0_413,COM,1.773424,9.227447,2.439,0.838,3.976,64016.61221187724,60980.00158187724
A_M_1.7999999999999998_1.0_414,COM,0.944218,5.448708,0.947,4.545,1.83,63457.123113877235,60980.00158187724
A_M_1.7999999999999998_1.0_415,COM,3.338283,16.952727,2.207,4.953,1.998,64078.95053687724,60980.00158187724
A_M_1.7999999999999998_1.0_416,COM,1.075609,6.238316,1.612,4.133,1.61,61792.90233187724,60980.00158187724
A_M_1.7999999999999998_1.0_417,COM,0.44694,3.145853,0.514,4.636,2.469,62796.29583887724,60980.00158187724
A_M_1.7999999999999998_1.0_418,COM,0.186047,1.903209,1.212,3.991,4.736,64064.44410087724,60980.00158187724
A_M_1.7999999999999998_1.0_419,COM,1.502743,8.445407,0.576,4.547,1.838,64057.83823887724,60980.00158187724
A_M_1.7999999999999998_1.0_420,COM,1.052406,6.28473,1.263,6.117,3.319,64359.06862187724,60980.00158187724
A_M_1.7999999999999998_1.0_421,COM,1.345552,7.631338,0.838,1.317,5.065,61784.429338877235,60980.00158187724
A_M_1.7999999999999998_1.0_422,COM,2.462505,13.430141,1.399,5.072,3.327,61853.66749287724,60980.00158187724
A_M_1.7999999999999998_1.0_423,COM,2.06084,11.129652,1.654,1.502,1.749,63284.38752187724,60980.00158187724
A_M_1.7999999999999998_1.0_424,COM,0.146318,1.759058,1.141,4.945,3.011,61980.356824877235,60980.00158187724
A_M_1.7999999999999998_1.0_425,COM,0.130939,1.678074,2.083,1.738,5.397,62212.67487587724,60980.00158187724
A_M_1.7999999999999998_1.0_426,COM,0.439028,3.358186,2.632,5.767,3.17,63004.27673287724,60980.00158187724
A_M_1.7999999999999998_1.0_427,COM,0.572118,4.122662,2.365,5.537,2.561,64654.69323087724,60980.00158187724
A_M_1.7999999999999998_1.0_428,COM,1.306258,8.290733,2.482,1.343,4.668,63856.750887877235,60980.00158187724
A_M_1.7999999999999998_1.0_429,COM,1.425399,9.317417,2.2,4.638,2.048,62667.75598787724,60980.00158187724
A_M_1.7999999999999998_1.0_430,COM,1.372927,9.201622,1.792,1.688,1.711,62075.49387487724,60980.00158187724
A_M_1.7999999999999998_1.0_431,COM,1.623337,10.71445,1.159,1.918,4.514,61184.546794877235,60980.00158187724
A_M_1.7999999999999998_1.0_432,COM,1.435583,9.808142,1.719,4.579,1.596,61085.246438877235,60980.00158187724
A_M_1.7999999999999998_1.0_433,COM,0.171351,2.053273,1.283,1.539,4.78,64328.86224887724,60980.00158187724
A_M_1.7999999999999998_1.0_434,COM,1.208305,8.769174,2.427,2.186,5.512,62775.45400087724,60980.00158187724
A_M_1.7999999999999998_1.0_435,COM,1.433272,10.433386,1.701,1.534,2.047,61446.926501877235,60980.00158187724
A_M_1.7999999999999998_1.0_436,COM,1.401487,10.512264,2.457,4.686,1.754,61582.333634877235,60980.00158187724
A_M_1.7999999999999998_1.0_437,COM,1.66036,12.493828,1.368,1.731,4.495,62871.33551387724,60980.00158187724
A_M_1.7999999999999998_1.0_438,COM,2.039271,15.215238,0.528,1.585,4.839,61185.23901287724,60980.00158187724
A_M_1.7999999999999998_1.0_439,COM,0.374398,3.738702,1.674,4.983,4.337,62678.165174877235,60980.00158187724
A_M_1.7999999999999998_1.0_440,COM,1.48298,12.168723,0.578,4.408,1.68,61316.20769887724,60980.00158187724
A_M_1.7999999999999998_1.0_441,COM,1.48309,12.637646,1.478,2.887,3.748,63020.942645877236,60980.00158187724
A_M_1.7999999999999998_1.0_442,COM,1.065967,9.767072,0.825,1.584,2.32,61438.94667087724,60980.00158187724
A_M_1.7999999999999998_1.0_443,COM,0.134607,2.173555,0.391,2.34,4.329,61734.78225987724,60980.00158187724
A_M_1.7999999999999998_1.0_444,COM,0.836299,8.381749,0.428,4.774,1.96,61737.61345187724,60980.00158187724
A_M_1.7999999999999998_1.0_445,COM,1.537675,14.509352,1.762,1.677,4.897,61899.36154687724,60980.00158187724
A_M_1.7999999999999998_1.0_446,COM,2.124901,20.821208,1.752,4.728,1.917,62616.68160687724,60980.00158187724
A_M_1.7999999999999998_1.0_447,COM,1.25061,13.124212,2.838,1.782,5.069,62664.39130587724,60980.00158187724
A_M_1.7999999999999998_1.0_448,COM,0.865803,9.575914,0.628,5.861,3.435,62916.914678877234,60980.00158187724
A_M_1.7999999999999998_1.0_449,COM,1.025651,11.115247,2.375,4.719,1.809,61430.71470087724,60980.00158187724
