ObjID,FORMAT,q,e,inc,node,argPeri,t_p_MJD_TDB,epochMJD_TDB
A_M_1.5999999999999999_1.0_0,COM,1.036942,1.010884,0.984,2.527,5.427,64057.46031887724,60980.00158187724
A_M_1.5999999999999999_1.0_1,COM,0.104453,1.005177,2.422,4.836,2.253,63609.12817587724,60980.00158187724
A_M_1.5999999999999999_1.0_2,COM,1.04507,1.057265,0.623,0.25,2.653,62043.74343587724,60980.00158187724
A_M_1.5999999999999999_1.0_3,COM,1.356332,1.074238,2.074,4.099,1.739,61402.31246987724,60980.00158187724
A_M_1.5999999999999999_1.0_4,COM,1.334116,1.145896,1.954,4.472,4.091,64511.80348687724,60980.00158187724
A_M_1.5999999999999999_1.0_5,COM,1.019813,1.107929,1.422,1.808,4.11,64090.675577877235,60980.00158187724
A_M_1.5999999999999999_1.0_6,COM,0.96405,1.126548,0.124,3.448,4.262,61771.451844877236,60980.00158187724
A_M_1.5999999999999999_1.0_7,COM,0.998298,1.132531,2.671,1.525,1.255,61577.53366887724,60980.00158187724
A_M_1.5999999999999999_1.0_8,COM,0.183586,1.026053,1.452,4.601,1.884,62476.94204887724,60980.00158187724
A_M_1.5999999999999999_1.0_9,COM,0.028342,1.003964,1.471,3.647,4.076,62095.44910087724,60980.00158187724
A_M_1.5999999999999999_1.0_10,COM,1.449463,1.225854,1.996,1.733,1.703,64095.94160787724,60980.00158187724
A_M_1.5999999999999999_1.0_11,COM,0.530835,1.101427,1.965,1.047,3.19,62398.57461487724,60980.00158187724
A_M_1.5999999999999999_1.0_12,COM,1.340306,1.24051,1.276,0.278,3.91,62805.487071877236,60980.00158187724
A_M_1.5999999999999999_1.0_13,COM,1.253853,1.276433,2.026,2.149,5.885,64587.37869587724,60980.00158187724
A_M_1.5999999999999999_1.0_14,COM,0.241452,1.053192,0.864,3.811,5.432,62206.25317387724,60980.00158187724
A_M_1.5999999999999999_1.0_15,COM,0.356747,1.084909,0.886,3.505,1.064,60946.34455587724,60980.00158187724
A_M_1.5999999999999999_1.0_16,COM,0.309872,1.083376,0.77,5.439,2.089,61624.72896187724,60980.00158187724
A_M_1.5999999999999999_1.0_17,COM,0.573266,1.165329,2.281,0.957,5.072,64391.342060877236,60980.00158187724
A_M_1.5999999999999999_1.0_18,COM,0.450679,1.118236,1.314,5.997,3.317,62998.77630887724,60980.00158187724
A_M_1.5999999999999999_1.0_19,COM,1.885691,1.512921,1.751,3.664,0.391,61873.514515877236,60980.00158187724
A_M_1.5999999999999999_1.0_20,COM,1.310028,1.416897,0.677,3.174,3.786,61384.13666787724,60980.00158187724
A_M_1.5999999999999999_1.0_21,COM,0.97802,1.286126,1.688,2.603,4.045,62960.617354877235,60980.00158187724
A_M_1.5999999999999999_1.0_22,COM,0.713547,1.226758,2.135,0.408,1.915,64661.48738087724,60980.00158187724
A_M_1.5999999999999999_1.0_23,COM,0.015706,1.004912,1.491,5.099,0.931,62483.42548487724,60980.00158187724
A_M_1.5999999999999999_1.0_24,COM,1.446936,1.507512,1.186,1.35,5.107,63023.06440887724,60980.00158187724
A_M_1.5999999999999999_1.0_25,COM,2.930936,2.02141,1.066,0.156,2.63,62405.196791877235,60980.00158187724
A_M_1.5999999999999999_1.0_26,COM,0.683034,1.241319,2.277,5.151,6.036,62303.68186187724,60980.00158187724
A_M_1.5999999999999999_1.0_27,COM,1.072576,1.377913,1.591,0.602,4.287,62542.07339187724,60980.00158187724
A_M_1.5999999999999999_1.0_28,COM,0.399863,1.155477,2.312,1.891,4.75,63758.387343877235,60980.00158187724
A_M_1.5999999999999999_1.0_29,COM,6.319025,3.57249,2.285,4.535,2.754,61070.82119587724,60980.00158187724
A_M_1.5999999999999999_1.0_30,COM,1.536622,1.575393,1.367,4.015,3.383,63212.00421387724,60980.00158187724
A_M_1.5999999999999999_1.0_31,COM,1.355948,1.527811,0.587,6.18,4.856,63813.58495887724,60980.00158187724
A_M_1.5999999999999999_1.0_32,COM,0.541128,1.224922,1.44,5.721,3.483,64140.29900187724,60980.00158187724
A_M_1.5999999999999999_1.0_33,COM,0.799891,1.357369,0.402,2.53,5.269,61011.33987587724,60980.00158187724
A_M_1.5999999999999999_1.0_34,COM,0.455181,1.200631,1.583,5.301,3.223,62697.78083987724,60980.00158187724
A_M_1.5999999999999999_1.0_35,COM,1.109721,1.458122,1.952,4.583,3.721,62939.63893987724,60980.00158187724
A_M_1.5999999999999999_1.0_36,COM,1.218349,1.560717,1.665,4.44,3.871,62244.75848087724,60980.00158187724
A_M_1.5999999999999999_1.0_37,COM,0.510741,1.24248,1.831,3.1,4.732,64117.61897987724,60980.00158187724
A_M_1.5999999999999999_1.0_38,COM,1.343048,1.637508,2.361,0.2,5.035,63947.57966687724,60980.00158187724
A_M_1.5999999999999999_1.0_39,COM,0.402468,1.199197,2.293,2.911,3.871,63606.51641087724,60980.00158187724
A_M_1.5999999999999999_1.0_40,COM,1.749079,1.876024,1.137,2.413,4.162,62884.90652787724,60980.00158187724
A_M_1.5999999999999999_1.0_41,COM,1.041577,1.511582,1.31,4.315,2.512,62067.652670877236,60980.00158187724
A_M_1.5999999999999999_1.0_42,COM,1.835392,1.964829,2.303,0.693,5.136,61485.57538587724,60980.00158187724
A_M_1.5999999999999999_1.0_43,COM,0.16108,1.086243,2.311,0.993,0.126,64480.547075877235,60980.00158187724
A_M_1.5999999999999999_1.0_44,COM,1.219667,1.651472,0.086,3.487,0.522,61509.971595877236,60980.00158187724
A_M_1.5999999999999999_1.0_45,COM,0.518567,1.26636,1.517,4.341,2.992,64147.36166587724,60980.00158187724
A_M_1.5999999999999999_1.0_46,COM,0.189141,1.103195,1.468,0.365,4.579,63043.12009587724,60980.00158187724
A_M_1.5999999999999999_1.0_47,COM,2.53293,2.32959,1.923,1.629,5.091,63380.50530687724,60980.00158187724
A_M_1.5999999999999999_1.0_48,COM,1.631702,1.838166,2.164,4.229,2.184,62081.70565587724,60980.00158187724
A_M_1.5999999999999999_1.0_49,COM,0.372541,1.20678,1.99,4.72,3.737,63608.43588487724,60980.00158187724
A_M_1.5999999999999999_1.0_50,COM,1.032995,1.577165,1.613,1.473,3.539,64567.21226987724,60980.00158187724
A_M_1.5999999999999999_1.0_51,COM,0.522171,1.307298,1.746,4.45,1.966,61290.30897587724,60980.00158187724
A_M_1.5999999999999999_1.0_52,COM,2.360659,2.3918,1.682,1.336,3.534,64666.220368877235,60980.00158187724
A_M_1.5999999999999999_1.0_53,COM,1.004404,1.593317,1.625,0.666,0.119,61587.302834877235,60980.00158187724
A_M_1.5999999999999999_1.0_54,COM,0.52336,1.292603,0.891,1.632,4.629,64334.27146687724,60980.00158187724
A_M_1.5999999999999999_1.0_55,COM,0.156971,1.086914,1.58,6.137,5.607,63785.303650877235,60980.00158187724
A_M_1.5999999999999999_1.0_56,COM,1.392603,1.907049,1.19,1.245,4.281,61688.93081087724,60980.00158187724
A_M_1.5999999999999999_1.0_57,COM,1.273146,1.824282,1.925,5.789,3.75,63848.57265787724,60980.00158187724
A_M_1.5999999999999999_1.0_58,COM,1.394805,1.844642,1.015,3.935,0.925,62855.502756877235,60980.00158187724
A_M_1.5999999999999999_1.0_59,COM,0.650001,1.41257,0.847,4.391,2.381,62139.057993877235,60980.00158187724
A_M_1.5999999999999999_1.0_60,COM,5.530677,4.551084,2.684,3.158,6.189,62148.985566877236,60980.00158187724
A_M_1.5999999999999999_1.0_61,COM,1.76322,2.094004,2.554,0.715,3.84,63421.898560877235,60980.00158187724
A_M_1.5999999999999999_1.0_62,COM,0.776025,1.497368,1.843,5.763,2.704,64487.200405877236,60980.00158187724
A_M_1.5999999999999999_1.0_63,COM,1.471751,1.915936,2.111,5.84,3.688,63505.038865877235,60980.00158187724
A_M_1.5999999999999999_1.0_64,COM,0.548845,1.36946,1.243,4.08,3.423,62298.15957987724,60980.00158187724
A_M_1.5999999999999999_1.0_65,COM,0.81051,1.570969,0.599,0.842,1.638,62339.32849287724,60980.00158187724
A_M_1.5999999999999999_1.0_66,COM,1.251356,1.837161,0.941,1.716,1.776,63779.706137877234,60980.00158187724
A_M_1.5999999999999999_1.0_67,COM,0.463421,1.307921,1.452,4.698,4.474,62022.37134387724,60980.00158187724
A_M_1.5999999999999999_1.0_68,COM,0.220095,1.16698,1.842,0.517,4.472,64331.16213187724,60980.00158187724
A_M_1.5999999999999999_1.0_69,COM,1.603961,2.166882,3.011,3.82,3.504,64298.88143987724,60980.00158187724
A_M_1.5999999999999999_1.0_70,COM,10.049851,8.657814,2.215,1.377,3.59,64370.06555187724,60980.00158187724
A_M_1.5999999999999999_1.0_71,COM,1.25779,1.906074,1.054,1.488,3.76,61645.61169387724,60980.00158187724
A_M_1.5999999999999999_1.0_72,COM,0.061578,1.043988,1.693,1.866,5.019,62707.26003287724,60980.00158187724
A_M_1.5999999999999999_1.0_73,COM,0.294578,1.222626,1.826,1.1,5.17,61944.490701877236,60980.00158187724
A_M_1.5999999999999999_1.0_74,COM,0.992584,1.744625,1.691,5.261,2.659,63474.049221877234,60980.00158187724
A_M_1.5999999999999999_1.0_75,COM,0.590507,1.418826,0.902,0.437,4.281,63660.180454877234,60980.00158187724
A_M_1.5999999999999999_1.0_76,COM,1.456081,2.06046,0.466,3.795,4.106,61052.85925887724,60980.00158187724
A_M_1.5999999999999999_1.0_77,COM,1.938623,2.390787,1.037,4.153,1.113,63966.95075687724,60980.00158187724
A_M_1.5999999999999999_1.0_78,COM,1.465521,2.052928,1.415,4.642,1.096,63535.81429987724,60980.00158187724
A_M_1.5999999999999999_1.0_79,COM,0.943616,1.688231,2.33,5.203,0.14,64965.25450487724,60980.00158187724
A_M_1.5999999999999999_1.0_80,COM,1.23829,1.920478,0.28,2.446,4.12,64323.06899087724,60980.00158187724
A_M_1.5999999999999999_1.0_81,COM,0.016594,1.012015,0.548,0.74,0.263,60980.42459987724,60980.00158187724
A_M_1.5999999999999999_1.0_82,COM,2.59958,3.122951,1.251,4.472,0.858,64373.119738877234,60980.00158187724
A_M_1.5999999999999999_1.0_83,COM,0.416418,1.343734,0.415,2.303,5.002,62297.909628877234,60980.00158187724
A_M_1.5999999999999999_1.0_84,COM,0.000895,1.000722,1.606,0.564,5.772,63678.13858187724,60980.00158187724
A_M_1.5999999999999999_1.0_85,COM,2.727499,3.161728,1.786,1.691,2.185,64383.82026187724,60980.00158187724
A_M_1.5999999999999999_1.0_86,COM,0.513039,1.417194,0.598,4.1,3.948,63704.94812787724,60980.00158187724
A_M_1.5999999999999999_1.0_87,COM,0.60058,1.491208,0.593,1.445,2.029,63745.69585487724,60980.00158187724
A_M_1.5999999999999999_1.0_88,COM,8.057674,8.133516,2.448,5.176,2.919,63326.80388087724,60980.00158187724
A_M_1.5999999999999999_1.0_89,COM,1.619564,2.391542,1.245,5.097,3.743,63731.499573877234,60980.00158187724
A_M_1.5999999999999999_1.0_90,COM,2.804284,3.356722,2.519,0.588,4.316,64243.11586687724,60980.00158187724
A_M_1.5999999999999999_1.0_91,COM,0.473966,1.420042,1.97,0.962,3.903,61228.66748987724,60980.00158187724
A_M_1.5999999999999999_1.0_92,COM,0.620353,1.528413,2.835,0.095,2.591,61614.598159877234,60980.00158187724
A_M_1.5999999999999999_1.0_93,COM,1.272983,2.204795,1.896,4.595,3.548,63783.95280087724,60980.00158187724
A_M_1.5999999999999999_1.0_94,COM,1.437257,2.336801,0.448,3.971,2.239,61880.500004877234,60980.00158187724
A_M_1.5999999999999999_1.0_95,COM,2.12944,3.004126,1.856,3.891,3.61,60939.494416877234,60980.00158187724
A_M_1.5999999999999999_1.0_96,COM,0.10585,1.099915,1.542,5.54,4.723,64400.94035687724,60980.00158187724
A_M_1.5999999999999999_1.0_97,COM,0.660724,1.60134,1.902,5.758,4.351,64422.43527887724,60980.00158187724
A_M_1.5999999999999999_1.0_98,COM,0.833336,1.789341,0.487,4.129,2.745,62357.03216387724,60980.00158187724
A_M_1.5999999999999999_1.0_99,COM,1.592795,2.462793,2.841,1.948,5.678,63312.512495877236,60980.00158187724
A_M_1.5999999999999999_1.0_100,COM,3.724979,4.571878,0.671,3.724,3.586,61965.12283187724,60980.00158187724
A_M_1.5999999999999999_1.0_101,COM,0.551415,1.528277,1.23,4.536,3.867,63154.181684877236,60980.00158187724
A_M_1.5999999999999999_1.0_102,COM,0.380178,1.363246,2.212,3.142,4.965,61986.78720387724,60980.00158187724
A_M_1.5999999999999999_1.0_103,COM,0.448639,1.439917,1.439,1.502,0.235,61056.634809877236,60980.00158187724
A_M_1.5999999999999999_1.0_104,COM,0.475068,1.480195,0.324,4.581,2.76,63192.96470787724,60980.00158187724
A_M_1.5999999999999999_1.0_105,COM,1.295968,2.379724,2.388,4.559,3.624,61559.74838887724,60980.00158187724
A_M_1.5999999999999999_1.0_106,COM,1.872029,2.947285,1.285,2.498,4.111,62924.35902087724,60980.00158187724
A_M_1.5999999999999999_1.0_107,COM,1.345066,2.390815,1.06,0.469,3.535,64443.75007987724,60980.00158187724
A_M_1.5999999999999999_1.0_108,COM,0.131709,1.140368,1.371,2.471,5.508,62185.50839987724,60980.00158187724
A_M_1.5999999999999999_1.0_109,COM,0.373513,1.397235,2.643,5.741,3.697,63417.94566387724,60980.00158187724
A_M_1.5999999999999999_1.0_110,COM,0.701311,1.77334,1.107,2.072,5.348,64652.43194787724,60980.00158187724
A_M_1.5999999999999999_1.0_111,COM,0.081905,1.094836,1.893,1.615,4.23,63133.772724877235,60980.00158187724
A_M_1.5999999999999999_1.0_112,COM,0.086674,1.095384,2.489,1.584,2.844,61942.58811587724,60980.00158187724
A_M_1.5999999999999999_1.0_113,COM,0.326509,1.362755,2.081,5.638,3.044,62282.45309987724,60980.00158187724
A_M_1.5999999999999999_1.0_114,COM,0.631517,1.725124,1.925,1.543,3.881,61949.429896877235,60980.00158187724
A_M_1.5999999999999999_1.0_115,COM,1.306779,2.468229,2.453,4.483,2.647,61066.75470387724,60980.00158187724
A_M_1.5999999999999999_1.0_116,COM,0.800919,1.981145,1.436,1.067,5.997,60964.81988287724,60980.00158187724
A_M_1.5999999999999999_1.0_117,COM,1.047906,2.220155,1.637,6.145,4.381,63304.66865187724,60980.00158187724
A_M_1.5999999999999999_1.0_118,COM,4.928555,6.898793,1.793,0.731,3.729,64349.88944087724,60980.00158187724
A_M_1.5999999999999999_1.0_119,COM,0.326776,1.390152,2.471,2.941,0.32,64234.14741087724,60980.00158187724
A_M_1.5999999999999999_1.0_120,COM,1.156452,2.436495,2.328,5.667,3.081,63861.120858877235,60980.00158187724
A_M_1.5999999999999999_1.0_121,COM,1.851729,3.345022,1.258,2.294,0.65,63710.734275877236,60980.00158187724
A_M_1.5999999999999999_1.0_122,COM,1.41611,2.843619,0.763,1.763,4.695,62357.11633687724,60980.00158187724
A_M_1.5999999999999999_1.0_123,COM,0.440518,1.574189,2.222,5.056,1.851,61504.203583877235,60980.00158187724
A_M_1.5999999999999999_1.0_124,COM,2.47807,4.200529,1.877,1.503,1.931,61370.05599087724,60980.00158187724
A_M_1.5999999999999999_1.0_125,COM,1.628928,3.015393,1.314,4.653,5.304,63839.38460187724,60980.00158187724
A_M_1.5999999999999999_1.0_126,COM,1.729743,3.369404,2.336,1.279,5.516,63713.732038877235,60980.00158187724
A_M_1.5999999999999999_1.0_127,COM,0.477593,1.657898,0.593,4.885,1.661,64550.62695687724,60980.00158187724
A_M_1.5999999999999999_1.0_128,COM,0.22885,1.310888,2.084,4.399,1.004,62642.85352587724,60980.00158187724
A_M_1.5999999999999999_1.0_129,COM,1.560391,3.094312,2.042,4.069,2.036,63483.707195877236,60980.00158187724
A_M_1.5999999999999999_1.0_130,COM,5.249799,7.91146,1.532,2.093,3.022,62961.74507687724,60980.00158187724
A_M_1.5999999999999999_1.0_131,COM,1.284669,2.881964,0.985,3.76,3.321,62802.31161787724,60980.00158187724
A_M_1.5999999999999999_1.0_132,COM,1.42692,3.021683,1.087,2.634,3.832,64430.442468877234,60980.00158187724
A_M_1.5999999999999999_1.0_133,COM,0.0911,1.126941,1.984,3.407,3.305,63853.56201987724,60980.00158187724
A_M_1.5999999999999999_1.0_134,COM,1.285935,2.79701,2.376,4.518,1.472,63952.57553887724,60980.00158187724
A_M_1.5999999999999999_1.0_135,COM,1.249324,2.81079,2.17,4.709,2.761,62144.996825877235,60980.00158187724
A_M_1.5999999999999999_1.0_136,COM,0.874562,2.217552,2.79,4.752,2.253,61295.74389287724,60980.00158187724
A_M_1.5999999999999999_1.0_137,COM,1.238424,2.833508,0.87,3.258,4.224,62032.630658877235,60980.00158187724
A_M_1.5999999999999999_1.0_138,COM,0.4476,1.666641,2.085,5.431,2.202,64075.92904987724,60980.00158187724
A_M_1.5999999999999999_1.0_139,COM,2.113568,4.145016,2.442,4.868,2.21,62689.431809877235,60980.00158187724
A_M_1.5999999999999999_1.0_140,COM,1.564351,3.343951,1.672,5.393,3.052,63540.67835887724,60980.00158187724
A_M_1.5999999999999999_1.0_141,COM,0.663412,2.060813,2.306,1.272,5.334,63490.589800877235,60980.00158187724
A_M_1.5999999999999999_1.0_142,COM,0.922441,2.445184,1.519,5.176,3.244,62939.66310587724,60980.00158187724
A_M_1.5999999999999999_1.0_143,COM,0.863203,2.372163,0.358,4.756,0.264,60961.758109877235,60980.00158187724
A_M_1.5999999999999999_1.0_144,COM,1.931723,4.144956,1.647,4.09,3.566,63217.66234987724,60980.00158187724
A_M_1.5999999999999999_1.0_145,COM,0.707619,2.130004,1.613,1.221,1.086,62952.89603487724,60980.00158187724
A_M_1.5999999999999999_1.0_146,COM,1.171989,2.987554,2.247,3.625,0.192,64537.04311387724,60980.00158187724
A_M_1.5999999999999999_1.0_147,COM,0.510052,1.85598,0.501,1.332,5.583,61462.01407287724,60980.00158187724
A_M_1.5999999999999999_1.0_148,COM,0.206726,1.350932,0.477,6.078,0.914,61044.063515877235,60980.00158187724
A_M_1.5999999999999999_1.0_149,COM,0.104978,1.172849,1.162,1.859,5.027,63206.81105887724,60980.00158187724
A_M_1.5999999999999999_1.0_150,COM,0.745419,2.238494,1.885,1.302,2.86,61145.713986877236,60980.00158187724
A_M_1.5999999999999999_1.0_151,COM,1.11249,2.976026,1.242,4.318,3.425,61455.886765877236,60980.00158187724
A_M_1.5999999999999999_1.0_152,COM,1.882646,4.333385,1.249,5.017,3.891,62357.02314987724,60980.00158187724
A_M_1.5999999999999999_1.0_153,COM,1.541054,3.75688,1.463,5.448,5.799,64217.54359787724,60980.00158187724
A_M_1.5999999999999999_1.0_154,COM,6.162447,11.663661,1.599,3.158,4.567,63976.077077877235,60980.00158187724
A_M_1.5999999999999999_1.0_155,COM,0.614216,2.123739,0.995,1.31,1.996,63828.97810087724,60980.00158187724
A_M_1.5999999999999999_1.0_156,COM,1.872926,4.51266,1.03,0.821,4.678,62365.618557877235,60980.00158187724
A_M_1.5999999999999999_1.0_157,COM,0.769775,2.423137,2.149,6.274,2.97,63533.33351187724,60980.00158187724
A_M_1.5999999999999999_1.0_158,COM,0.989184,2.838551,2.336,3.372,3.76,64167.028270877236,60980.00158187724
A_M_1.5999999999999999_1.0_159,COM,1.620964,3.986112,0.166,3.294,2.882,62983.161906877234,60980.00158187724
A_M_1.5999999999999999_1.0_160,COM,1.382509,3.513156,1.752,4.502,5.411,61454.765805877236,60980.00158187724
A_M_1.5999999999999999_1.0_161,COM,1.265086,3.388103,2.751,4.293,0.605,62826.41017287724,60980.00158187724
A_M_1.5999999999999999_1.0_162,COM,1.671478,4.061654,2.198,4.537,5.505,63439.34895187724,60980.00158187724
A_M_1.5999999999999999_1.0_163,COM,1.119156,3.227102,0.413,4.726,1.699,61653.235927877235,60980.00158187724
A_M_1.5999999999999999_1.0_164,COM,0.715073,2.379147,1.932,5.027,2.236,62448.43501787724,60980.00158187724
A_M_1.5999999999999999_1.0_165,COM,2.897903,6.730122,2.067,3.787,4.177,62511.655378877236,60980.00158187724
A_M_1.5999999999999999_1.0_166,COM,0.415287,1.815751,2.148,4.883,3.404,62922.731846877236,60980.00158187724
A_M_1.5999999999999999_1.0_167,COM,1.636149,4.122261,1.655,6.064,4.138,63250.952639877236,60980.00158187724
A_M_1.5999999999999999_1.0_168,COM,1.097005,3.098794,2.361,0.888,1.936,63554.860244877236,60980.00158187724
A_M_1.5999999999999999_1.0_169,COM,0.688109,2.355809,1.304,1.642,5.37,61550.062423877236,60980.00158187724
A_M_1.5999999999999999_1.0_170,COM,1.407439,3.705354,1.171,1.485,3.993,62205.02840687724,60980.00158187724
A_M_1.5999999999999999_1.0_171,COM,1.527034,3.906708,1.312,3.426,3.653,61787.31458787724,60980.00158187724
A_M_1.5999999999999999_1.0_172,COM,1.103362,3.246618,0.415,0.687,4.514,64021.60427587724,60980.00158187724
A_M_1.5999999999999999_1.0_173,COM,1.34977,3.714529,1.128,4.818,2.911,61285.459818877236,60980.00158187724
A_M_1.5999999999999999_1.0_174,COM,1.584003,4.1602,1.01,0.28,4.246,62656.44177687724,60980.00158187724
A_M_1.5999999999999999_1.0_175,COM,1.201189,3.437983,0.943,0.461,2.448,63702.17141887724,60980.00158187724
A_M_1.5999999999999999_1.0_176,COM,0.555319,2.13475,2.659,4.839,2.318,63111.99543787724,60980.00158187724
A_M_1.5999999999999999_1.0_177,COM,0.017284,1.035491,0.403,1.423,5.77,61688.274037877236,60980.00158187724
A_M_1.5999999999999999_1.0_178,COM,0.657267,2.355545,1.955,2.362,3.267,64055.397312877234,60980.00158187724
A_M_1.5999999999999999_1.0_179,COM,0.968679,2.951504,0.465,3.228,3.555,62428.08818487724,60980.00158187724
A_M_1.5999999999999999_1.0_180,COM,0.469674,1.945138,0.77,4.767,2.5,63422.04072087724,60980.00158187724
A_M_1.5999999999999999_1.0_181,COM,1.522723,4.274461,1.492,1.133,5.6,61602.24649887724,60980.00158187724
A_M_1.5999999999999999_1.0_182,COM,1.268112,3.725331,0.966,5.047,0.396,61197.241194877235,60980.00158187724
A_M_1.5999999999999999_1.0_183,COM,0.815126,2.735279,0.227,0.39,5.78,62008.60423787724,60980.00158187724
A_M_1.5999999999999999_1.0_184,COM,5.79011,13.137465,1.489,1.849,0.846,63377.50560687724,60980.00158187724
A_M_1.5999999999999999_1.0_185,COM,1.12013,3.370821,2.097,5.943,2.642,64435.446277877236,60980.00158187724
A_M_1.5999999999999999_1.0_186,COM,0.590286,2.284171,1.663,4.828,2.932,62951.57737187724,60980.00158187724
A_M_1.5999999999999999_1.0_187,COM,1.25398,3.710155,1.836,4.646,1.901,62901.53114187724,60980.00158187724
A_M_1.5999999999999999_1.0_188,COM,0.682144,2.51792,0.211,2.514,5.429,63820.28833187724,60980.00158187724
A_M_1.5999999999999999_1.0_189,COM,1.145584,3.534916,0.905,5.159,4.884,64503.38959287724,60980.00158187724
A_M_1.5999999999999999_1.0_190,COM,1.159987,3.575376,1.084,5.394,2.737,61193.07503187724,60980.00158187724
A_M_1.5999999999999999_1.0_191,COM,0.96634,3.128508,0.775,5.809,5.978,60956.55146487724,60980.00158187724
A_M_1.5999999999999999_1.0_192,COM,0.314865,1.734273,1.71,1.637,5.481,64068.303179877235,60980.00158187724
A_M_1.5999999999999999_1.0_193,COM,2.198846,6.096182,1.822,1.24,2.471,63848.752067877234,60980.00158187724
A_M_1.5999999999999999_1.0_194,COM,1.070823,3.489167,1.276,2.261,4.081,64478.51027187724,60980.00158187724
A_M_1.5999999999999999_1.0_195,COM,0.938727,3.153687,2.002,5.945,2.681,61513.069079877234,60980.00158187724
A_M_1.5999999999999999_1.0_196,COM,0.291107,1.68996,2.201,0.864,4.829,63932.30366087724,60980.00158187724
A_M_1.5999999999999999_1.0_197,COM,1.567662,4.599387,2.403,6.009,1.669,63256.220670877236,60980.00158187724
A_M_1.5999999999999999_1.0_198,COM,1.922924,5.446181,1.94,4.387,1.508,64488.96848187724,60980.00158187724
A_M_1.5999999999999999_1.0_199,COM,1.062245,3.601611,1.955,4.58,2.557,62042.49483687724,60980.00158187724
A_M_1.5999999999999999_1.0_200,COM,1.620452,5.007003,1.01,1.401,4.139,61802.076199877236,60980.00158187724
A_M_1.5999999999999999_1.0_201,COM,0.737269,2.807914,0.854,4.521,1.342,64433.12116887724,60980.00158187724
A_M_1.5999999999999999_1.0_202,COM,1.874853,5.641538,1.442,4.951,5.192,64160.43586087724,60980.00158187724
A_M_1.5999999999999999_1.0_203,COM,0.734135,2.791237,0.301,4.403,1.734,63060.24904987724,60980.00158187724
A_M_1.5999999999999999_1.0_204,COM,1.342009,4.231176,1.478,5.971,2.672,62099.95039787724,60980.00158187724
A_M_1.5999999999999999_1.0_205,COM,0.925463,3.351698,2.71,4.879,1.646,63163.826494877234,60980.00158187724
A_M_1.5999999999999999_1.0_206,COM,0.949455,3.422971,2.73,5.566,2.762,61503.479844877234,60980.00158187724
A_M_1.5999999999999999_1.0_207,COM,0.319319,1.819544,1.569,4.676,3.952,61805.32008487724,60980.00158187724
A_M_1.5999999999999999_1.0_208,COM,1.107929,3.783534,0.675,0.654,5.055,63745.473939877236,60980.00158187724
A_M_1.5999999999999999_1.0_209,COM,1.11746,3.808839,1.514,4.575,5.092,63380.17962987724,60980.00158187724
A_M_1.5999999999999999_1.0_210,COM,0.891822,3.294962,2.654,4.123,4.807,63912.79929387724,60980.00158187724
A_M_1.5999999999999999_1.0_211,COM,0.997025,3.555975,1.246,4.494,1.993,63615.05329587724,60980.00158187724
A_M_1.5999999999999999_1.0_212,COM,1.124675,4.016845,1.28,2.345,3.897,62315.48858987724,60980.00158187724
A_M_1.5999999999999999_1.0_213,COM,0.299338,1.783753,1.309,3.401,4.142,63639.503101877235,60980.00158187724
A_M_1.5999999999999999_1.0_214,COM,0.571688,2.524404,0.953,4.118,3.523,63706.10628287724,60980.00158187724
A_M_1.5999999999999999_1.0_215,COM,10.8195,29.519325,0.831,4.182,2.87,63318.864776877235,60980.00158187724
A_M_1.5999999999999999_1.0_216,COM,5.607143,15.86891,2.541,1.563,4.421,63289.474025877236,60980.00158187724
A_M_1.5999999999999999_1.0_217,COM,1.421501,4.841663,1.749,1.53,4.897,63464.24428587724,60980.00158187724
A_M_1.5999999999999999_1.0_218,COM,1.800376,5.949002,0.96,3.166,3.996,61158.638180877235,60980.00158187724
A_M_1.5999999999999999_1.0_219,COM,0.051465,1.143185,1.802,3.249,4.037,63702.89019387724,60980.00158187724
A_M_1.5999999999999999_1.0_220,COM,11.806585,33.355248,1.52,1.916,1.257,61664.31176087724,60980.00158187724
A_M_1.5999999999999999_1.0_221,COM,2.244311,7.439444,1.539,2.123,3.308,64457.14346387724,60980.00158187724
A_M_1.5999999999999999_1.0_222,COM,1.256794,4.560705,2.816,1.163,4.582,60991.31348287724,60980.00158187724
A_M_1.5999999999999999_1.0_223,COM,0.993095,3.822751,2.218,2.125,3.246,62805.91796487724,60980.00158187724
A_M_1.5999999999999999_1.0_224,COM,1.15712,4.341212,1.592,1.207,4.949,61442.952938877235,60980.00158187724
A_M_1.5999999999999999_1.0_225,COM,1.257953,4.559659,1.636,4.053,4.496,62044.846311877234,60980.00158187724
A_M_1.5999999999999999_1.0_226,COM,2.186353,7.649678,1.543,3.092,1.043,64573.47845587724,60980.00158187724
A_M_1.5999999999999999_1.0_227,COM,1.460516,5.373874,1.369,1.848,4.353,61339.69015887724,60980.00158187724
A_M_1.5999999999999999_1.0_228,COM,1.271326,4.762193,1.019,3.337,3.809,64274.180864877235,60980.00158187724
A_M_1.5999999999999999_1.0_229,COM,1.447948,5.293827,1.715,0.03,3.402,62866.77854387724,60980.00158187724
A_M_1.5999999999999999_1.0_230,COM,0.015002,1.045298,2.161,6.117,4.271,63324.33152387724,60980.00158187724
A_M_1.5999999999999999_1.0_231,COM,1.058978,4.11656,2.419,5.484,5.767,62644.08539187724,60980.00158187724
A_M_1.5999999999999999_1.0_232,COM,0.290503,1.869461,2.536,2.011,5.304,61247.21676487724,60980.00158187724
A_M_1.5999999999999999_1.0_233,COM,0.768353,3.301244,0.573,4.72,1.5,64044.92049987724,60980.00158187724
A_M_1.5999999999999999_1.0_234,COM,1.43667,5.533398,2.31,1.849,5.413,63006.657822877234,60980.00158187724
A_M_1.5999999999999999_1.0_235,COM,1.224882,4.880606,1.51,2.77,3.757,64142.842616877235,60980.00158187724
A_M_1.5999999999999999_1.0_236,COM,0.081226,1.256596,2.144,1.686,4.91,64297.731713877234,60980.00158187724
A_M_1.5999999999999999_1.0_237,COM,1.267575,4.898684,1.571,0.4,2.732,64491.421561877236,60980.00158187724
A_M_1.5999999999999999_1.0_238,COM,1.717966,6.299187,1.413,1.978,4.203,61002.07165287724,60980.00158187724
A_M_1.5999999999999999_1.0_239,COM,1.211223,4.902823,1.001,5.074,1.481,63514.42223287724,60980.00158187724
A_M_1.5999999999999999_1.0_240,COM,0.835171,3.711696,1.42,4.978,3.066,61669.66937687724,60980.00158187724
A_M_1.5999999999999999_1.0_241,COM,2.431488,8.811678,2.252,2.062,1.169,63585.84789987724,60980.00158187724
A_M_1.5999999999999999_1.0_242,COM,0.830056,3.684872,1.181,1.844,5.221,63095.637879877235,60980.00158187724
A_M_1.5999999999999999_1.0_243,COM,0.205869,1.653413,2.64,2.715,3.446,61370.48488487724,60980.00158187724
A_M_1.5999999999999999_1.0_244,COM,0.999163,4.306393,1.449,4.987,2.889,62866.95537887724,60980.00158187724
A_M_1.5999999999999999_1.0_245,COM,1.367793,5.642994,0.968,0.139,3.122,63136.102420877236,60980.00158187724
A_M_1.5999999999999999_1.0_246,COM,1.386945,5.655617,2.223,6.181,3.224,63788.86670487724,60980.00158187724
A_M_1.5999999999999999_1.0_247,COM,0.612211,3.155869,1.236,2.332,4.221,62638.29301687724,60980.00158187724
A_M_1.5999999999999999_1.0_248,COM,1.079083,4.748563,1.724,4.599,1.238,64536.19841187724,60980.00158187724
A_M_1.5999999999999999_1.0_249,COM,0.014972,1.051384,1.533,1.917,5.621,63283.407265877235,60980.00158187724
A_M_1.5999999999999999_1.0_250,COM,1.354897,5.923508,1.93,1.361,4.476,62830.55725587724,60980.00158187724
A_M_1.5999999999999999_1.0_251,COM,0.974164,4.503485,2.581,1.083,4.275,63612.54033887724,60980.00158187724
A_M_1.5999999999999999_1.0_252,COM,1.435383,6.251727,1.315,4.977,1.124,62076.159373877235,60980.00158187724
A_M_1.5999999999999999_1.0_253,COM,0.96335,4.479553,1.536,1.318,4.78,61463.247428877236,60980.00158187724
A_M_1.5999999999999999_1.0_254,COM,1.027572,4.749368,2.459,5.269,2.683,62719.27756487724,60980.00158187724
A_M_1.5999999999999999_1.0_255,COM,1.289236,5.578323,2.807,3.443,0.732,61269.46028487724,60980.00158187724
A_M_1.5999999999999999_1.0_256,COM,1.142282,5.19132,0.894,3.109,1.423,63121.76250387724,60980.00158187724
A_M_1.5999999999999999_1.0_257,COM,0.60501,3.294949,1.074,2.841,3.764,62256.67679887724,60980.00158187724
A_M_1.5999999999999999_1.0_258,COM,5.805605,22.693833,1.782,3.514,3.179,62318.93121887724,60980.00158187724
A_M_1.5999999999999999_1.0_259,COM,0.198873,1.761979,1.835,3.67,2.947,61664.742528877236,60980.00158187724
A_M_1.5999999999999999_1.0_260,COM,1.226007,5.662417,1.319,4.52,3.765,64633.922741877235,60980.00158187724
A_M_1.5999999999999999_1.0_261,COM,0.954294,4.671108,0.088,1.169,5.638,62382.725846877234,60980.00158187724
A_M_1.5999999999999999_1.0_262,COM,1.317281,6.149919,1.008,2.807,4.014,62424.17158887724,60980.00158187724
A_M_1.5999999999999999_1.0_263,COM,0.767245,3.92791,1.753,1.874,4.351,64387.94890487724,60980.00158187724
A_M_1.5999999999999999_1.0_264,COM,0.977946,4.813413,1.14,4.468,2.871,63479.76884387724,60980.00158187724
A_M_1.5999999999999999_1.0_265,COM,1.155503,5.650441,1.251,2.861,3.822,64104.892864877234,60980.00158187724
A_M_1.5999999999999999_1.0_266,COM,1.104738,5.422379,2.308,1.247,0.721,62403.63191587724,60980.00158187724
A_M_1.5999999999999999_1.0_267,COM,1.218897,5.803501,2.659,0.227,3.795,62882.64036287724,60980.00158187724
A_M_1.5999999999999999_1.0_268,COM,1.922707,8.891052,0.54,3.637,2.977,61560.13881887724,60980.00158187724
A_M_1.5999999999999999_1.0_269,COM,1.627633,7.783487,1.659,2.157,4.279,61356.185955877234,60980.00158187724
A_M_1.5999999999999999_1.0_270,COM,1.736489,8.311974,2.012,5.284,1.906,61689.34698487724,60980.00158187724
A_M_1.5999999999999999_1.0_271,COM,2.400082,11.340573,0.904,4.682,2.382,61959.105662877235,60980.00158187724
A_M_1.5999999999999999_1.0_272,COM,1.713361,8.323093,1.281,1.4,1.707,63839.99159087724,60980.00158187724
A_M_1.5999999999999999_1.0_273,COM,0.895527,4.784006,1.911,4.783,1.814,63518.270680877235,60980.00158187724
A_M_1.5999999999999999_1.0_274,COM,1.109359,5.664581,2.205,1.44,4.552,63372.671190877234,60980.00158187724
A_M_1.5999999999999999_1.0_275,COM,7.041262,31.583932,1.369,2.516,1.025,60933.44788087724,60980.00158187724
A_M_1.5999999999999999_1.0_276,COM,2.060378,10.173821,0.667,4.509,2.123,63752.44293887724,60980.00158187724
A_M_1.5999999999999999_1.0_277,COM,0.435772,2.956253,1.122,1.152,5.06,61498.00146387724,60980.00158187724
A_M_1.5999999999999999_1.0_278,COM,0.224364,2.026811,1.998,0.335,3.168,63181.571362877236,60980.00158187724
A_M_1.5999999999999999_1.0_279,COM,1.149047,6.419978,0.614,1.77,4.549,64627.56442987724,60980.00158187724
A_M_1.5999999999999999_1.0_280,COM,1.955243,10.214707,1.109,1.829,3.858,62219.19652387724,60980.00158187724
A_M_1.5999999999999999_1.0_281,COM,1.470073,7.83405,1.618,4.507,3.795,61251.95237387724,60980.00158187724
A_M_1.5999999999999999_1.0_282,COM,3.351748,17.283815,0.65,2.647,3.674,64651.00055687724,60980.00158187724
A_M_1.5999999999999999_1.0_283,COM,0.933588,5.477127,1.377,4.485,2.094,63746.798945877235,60980.00158187724
A_M_1.5999999999999999_1.0_284,COM,1.379329,7.805582,0.673,4.933,1.455,61224.29897587724,60980.00158187724
A_M_1.5999999999999999_1.0_285,COM,2.109092,11.48586,0.675,2.073,3.191,61482.589068877234,60980.00158187724
A_M_1.5999999999999999_1.0_286,COM,3.373312,17.655621,1.839,5.514,2.618,63248.42132987724,60980.00158187724
A_M_1.5999999999999999_1.0_287,COM,1.655738,9.52883,2.209,5.0,2.269,62285.78264087724,60980.00158187724
A_M_1.5999999999999999_1.0_288,COM,2.034683,11.458407,0.752,0.205,5.992,62997.20462587724,60980.00158187724
A_M_1.5999999999999999_1.0_289,COM,1.544861,8.878611,1.855,4.938,1.834,63853.147252877236,60980.00158187724
A_M_1.5999999999999999_1.0_290,COM,0.679797,4.550776,0.287,2.092,1.452,63314.34838887724,60980.00158187724
A_M_1.5999999999999999_1.0_291,COM,0.996864,6.276409,1.418,4.64,2.032,61829.08791487724,60980.00158187724
A_M_1.5999999999999999_1.0_292,COM,1.345224,8.460256,1.969,5.503,1.934,64346.26114387724,60980.00158187724
A_M_1.5999999999999999_1.0_293,COM,1.050869,6.860635,1.315,4.073,3.091,62574.45071087724,60980.00158187724
A_M_1.5999999999999999_1.0_294,COM,0.883901,6.03878,2.633,5.89,2.646,63752.51706787724,60980.00158187724
A_M_1.5999999999999999_1.0_295,COM,0.670029,5.127866,0.311,1.736,4.745,63031.401122877236,60980.00158187724
A_M_1.5999999999999999_1.0_296,COM,0.940169,7.062306,0.85,1.03,5.39,63704.99534887724,60980.00158187724
A_M_1.5999999999999999_1.0_297,COM,0.799581,6.247478,1.157,2.164,4.16,62981.521996877236,60980.00158187724
A_M_1.5999999999999999_1.0_298,COM,1.571253,11.316085,1.607,4.268,4.02,63714.41896287724,60980.00158187724
A_M_1.5999999999999999_1.0_299,COM,1.21827,9.325883,0.831,5.385,4.7,62342.35801287724,60980.00158187724
A_M_1.5999999999999999_1.0_300,COM,1.069651,8.309133,1.335,1.329,1.708,63065.14191487724,60980.00158187724
A_M_1.5999999999999999_1.0_301,COM,1.655348,12.17345,0.793,1.748,4.521,64092.17672587724,60980.00158187724
A_M_1.5999999999999999_1.0_302,COM,1.39692,10.755497,2.328,5.628,2.342,63607.35854987724,60980.00158187724
A_M_1.5999999999999999_1.0_303,COM,2.492581,18.246242,1.391,5.21,2.281,62973.965574877235,60980.00158187724
A_M_1.5999999999999999_1.0_304,COM,3.060986,22.017534,2.362,5.316,2.287,62837.69014287724,60980.00158187724
A_M_1.5999999999999999_1.0_305,COM,3.05395,22.315392,1.465,2.766,3.356,61999.07648987724,60980.00158187724
A_M_1.5999999999999999_1.0_306,COM,0.897612,7.429534,0.3,2.531,4.044,63146.368798877236,60980.00158187724
A_M_1.5999999999999999_1.0_307,COM,1.386721,10.957218,1.724,1.186,3.829,63507.99694587724,60980.00158187724
A_M_1.5999999999999999_1.0_308,COM,1.769295,13.97913,1.811,1.656,4.356,62720.69274487724,60980.00158187724
A_M_1.5999999999999999_1.0_309,COM,1.392404,11.419138,0.883,1.254,5.162,63203.86478187724,60980.00158187724
A_M_1.5999999999999999_1.0_310,COM,0.949896,8.234177,2.022,4.74,5.065,62897.222904877235,60980.00158187724
A_M_1.5999999999999999_1.0_311,COM,0.509892,5.056706,0.691,1.083,5.181,61297.13965887724,60980.00158187724
A_M_1.5999999999999999_1.0_312,COM,0.55456,5.624323,2.036,2.2,3.396,61015.258026877236,60980.00158187724
A_M_1.5999999999999999_1.0_313,COM,2.851403,24.839601,2.166,2.89,3.37,63776.14998987724,60980.00158187724
A_M_1.5999999999999999_1.0_314,COM,1.241635,11.48627,2.32,1.117,4.522,62683.53431987724,60980.00158187724
A_M_1.5999999999999999_1.0_315,COM,1.392222,12.667087,0.989,4.207,2.151,62895.59232587724,60980.00158187724
A_M_1.5999999999999999_1.0_316,COM,13.779958,123.04651,1.081,2.212,4.212,64352.56735887724,60980.00158187724
A_M_1.5999999999999999_1.0_317,COM,0.423459,4.967693,2.611,5.691,3.321,63175.919624877235,60980.00158187724
A_M_1.5999999999999999_1.0_318,COM,0.930481,10.028433,0.816,5.122,1.568,63009.13982287724,60980.00158187724
A_M_1.5999999999999999_1.0_319,COM,1.691156,17.823959,1.767,1.298,3.816,62472.20864787724,60980.00158187724
A_M_1.5999999999999999_1.0_320,COM,9.301031,93.707009,1.916,5.233,2.271,62089.42883487724,60980.00158187724
A_M_1.5999999999999999_1.0_321,COM,2.475124,27.814835,1.392,4.926,1.871,64383.588472877236,60980.00158187724
