ObjID,FORMAT,q,e,inc,node,argPeri,t_p_MJD_TDB,epochMJD_TDB
A_M_1.7999999999999998_1.0_0,COM,1.415,1.006536,1.268,1.222,5.363,64128.24008587724,60980.00158187724
A_M_1.7999999999999998_1.0_1,COM,2.139369,1.039725,2.043,4.012,3.138,61256.06640087724,60980.00158187724
A_M_1.7999999999999998_1.0_2,COM,1.320587,1.025653,1.371,2.353,2.408,61770.055219877235,60980.00158187724
A_M_1.7999999999999998_1.0_3,COM,1.135349,1.028604,1.179,0.125,4.961,62712.980404877235,60980.00158187724
A_M_1.7999999999999998_1.0_4,COM,1.047056,1.056086,0.794,3.358,2.167,62556.67502987724,60980.00158187724
A_M_1.7999999999999998_1.0_5,COM,0.048291,1.002112,1.72,4.847,1.325,61445.692708877235,60980.00158187724
A_M_1.7999999999999998_1.0_6,COM,0.750715,1.055166,1.913,0.185,6.05,63055.16000787724,60980.00158187724
A_M_1.7999999999999998_1.0_7,COM,0.24538,1.01532,1.856,5.763,5.998,63585.10601787724,60980.00158187724
A_M_1.7999999999999998_1.0_8,COM,0.483887,1.036795,0.616,1.612,3.18,63181.842292877234,60980.00158187724
A_M_1.7999999999999998_1.0_9,COM,1.165566,1.09628,2.362,1.757,5.808,62837.99220887724,60980.00158187724
A_M_1.7999999999999998_1.0_10,COM,0.257609,1.022354,2.539,2.463,6.149,64031.98282487724,60980.00158187724
A_M_1.7999999999999998_1.0_11,COM,0.914648,1.0769,1.395,4.445,0.07,63884.45329687724,60980.00158187724
A_M_1.7999999999999998_1.0_12,COM,0.179466,1.014216,1.245,2.817,3.17,64521.32169687724,60980.00158187724
A_M_1.7999999999999998_1.0_13,COM,3.545193,1.262451,1.213,5.575,2.674,63414.214455877234,60980.00158187724
A_M_1.7999999999999998_1.0_14,COM,0.161793,1.016769,1.179,5.131,3.925,61240.49561087724,60980.00158187724
A_M_1.7999999999999998_1.0_15,COM,1.380805,1.149814,0.817,2.66,2.43,63601.36850387724,60980.00158187724
A_M_1.7999999999999998_1.0_16,COM,0.437586,1.056236,1.393,2.208,0.743,62118.13909687724,60980.00158187724
A_M_1.7999999999999998_1.0_17,COM,0.524354,1.070701,0.957,4.794,2.141,64526.41464387724,60980.00158187724
A_M_1.7999999999999998_1.0_18,COM,0.007243,1.00097,1.687,5.269,4.841,61284.238464877235,60980.00158187724
A_M_1.7999999999999998_1.0_19,COM,1.15271,1.137602,0.117,2.761,3.433,61290.16366187724,60980.00158187724
A_M_1.7999999999999998_1.0_20,COM,0.349647,1.042649,2.286,4.586,5.168,61601.68410087724,60980.00158187724
A_M_1.7999999999999998_1.0_21,COM,0.187928,1.023402,2.151,2.484,4.655,61608.66914687724,60980.00158187724
A_M_1.7999999999999998_1.0_22,COM,0.642482,1.083207,1.81,0.528,2.472,63455.082448877234,60980.00158187724
A_M_1.7999999999999998_1.0_23,COM,0.444647,1.056787,2.774,4.143,1.249,61902.96855787724,60980.00158187724
A_M_1.7999999999999998_1.0_24,COM,1.479671,1.23254,0.917,5.461,4.41,64157.85718587724,60980.00158187724
A_M_1.7999999999999998_1.0_25,COM,0.333633,1.052909,1.483,1.188,0.811,61204.46408787724,60980.00158187724
A_M_1.7999999999999998_1.0_26,COM,0.828539,1.118105,1.938,2.309,3.479,64496.41033387724,60980.00158187724
A_M_1.7999999999999998_1.0_27,COM,0.829381,1.156035,2.322,5.685,3.549,62212.095993877236,60980.00158187724
A_M_1.7999999999999998_1.0_28,COM,1.8105,1.349535,0.801,2.809,5.073,62729.78471187724,60980.00158187724
A_M_1.7999999999999998_1.0_29,COM,0.614122,1.112397,1.775,0.431,6.013,64535.17075587724,60980.00158187724
A_M_1.7999999999999998_1.0_30,COM,0.306291,1.053825,0.98,5.421,2.176,61806.92510187724,60980.00158187724
A_M_1.7999999999999998_1.0_31,COM,0.91208,1.197224,2.112,3.959,1.734,63477.489668877235,60980.00158187724
A_M_1.7999999999999998_1.0_32,COM,0.031381,1.006664,0.644,4.85,2.615,62700.369679877236,60980.00158187724
A_M_1.7999999999999998_1.0_33,COM,0.652884,1.127081,1.289,5.831,5.295,63842.577421877235,60980.00158187724
A_M_1.7999999999999998_1.0_34,COM,0.835538,1.182764,1.17,0.949,3.119,63282.173516877236,60980.00158187724
A_M_1.7999999999999998_1.0_35,COM,1.456095,1.318041,2.301,5.654,4.455,62095.37329387724,60980.00158187724
A_M_1.7999999999999998_1.0_36,COM,1.342258,1.275268,1.04,2.291,3.517,63077.017457877235,60980.00158187724
A_M_1.7999999999999998_1.0_37,COM,0.678322,1.173377,2.427,5.002,1.685,62004.79031387724,60980.00158187724
A_M_1.7999999999999998_1.0_38,COM,0.828166,1.191711,1.316,0.531,2.545,61172.729223877235,60980.00158187724
A_M_1.7999999999999998_1.0_39,COM,1.031428,1.263827,2.329,2.981,2.918,61284.31066987724,60980.00158187724
A_M_1.7999999999999998_1.0_40,COM,0.744887,1.199804,0.469,1.029,0.576,64696.26684987724,60980.00158187724
A_M_1.7999999999999998_1.0_41,COM,1.144311,1.319066,3.004,4.399,4.737,61675.49814387724,60980.00158187724
A_M_1.7999999999999998_1.0_42,COM,1.334716,1.356106,1.701,5.143,2.117,62470.60981887724,60980.00158187724
A_M_1.7999999999999998_1.0_43,COM,1.291845,1.346426,2.093,1.953,5.367,61140.593285877236,60980.00158187724
A_M_1.7999999999999998_1.0_44,COM,0.969725,1.257107,1.737,1.164,5.507,62447.00966687724,60980.00158187724
A_M_1.7999999999999998_1.0_45,COM,1.14513,1.36254,1.55,4.721,2.965,63407.45709787724,60980.00158187724
A_M_1.7999999999999998_1.0_46,COM,0.496786,1.162987,1.377,0.977,5.159,63628.81225987724,60980.00158187724
A_M_1.7999999999999998_1.0_47,COM,0.378597,1.116649,0.839,4.51,2.295,62734.100137877234,60980.00158187724
A_M_1.7999999999999998_1.0_48,COM,2.100037,1.6571,0.427,5.448,3.476,62623.39550587724,60980.00158187724
A_M_1.7999999999999998_1.0_49,COM,1.095852,1.353822,0.861,5.25,5.774,64425.69549587724,60980.00158187724
A_M_1.7999999999999998_1.0_50,COM,1.242859,1.382474,0.197,0.127,3.467,63146.94710587724,60980.00158187724
A_M_1.7999999999999998_1.0_51,COM,1.415345,1.461467,2.352,4.258,5.433,63336.410531877234,60980.00158187724
A_M_1.7999999999999998_1.0_52,COM,1.161179,1.375104,1.813,0.153,5.916,60951.07627487724,60980.00158187724
A_M_1.7999999999999998_1.0_53,COM,1.002256,1.306499,1.131,3.988,0.77,64125.40538487724,60980.00158187724
A_M_1.7999999999999998_1.0_54,COM,1.110898,1.360304,2.145,4.516,2.134,62282.605234877235,60980.00158187724
A_M_1.7999999999999998_1.0_55,COM,0.298016,1.106319,1.906,1.009,0.629,64141.66208787724,60980.00158187724
A_M_1.7999999999999998_1.0_56,COM,0.774936,1.278047,0.784,0.735,1.65,63095.150170877234,60980.00158187724
A_M_1.7999999999999998_1.0_57,COM,1.039372,1.357025,2.277,2.977,4.377,61833.273603877235,60980.00158187724
A_M_1.7999999999999998_1.0_58,COM,2.604944,1.895603,1.22,0.731,5.098,62642.309304877235,60980.00158187724
A_M_1.7999999999999998_1.0_59,COM,0.289588,1.104727,0.837,2.68,4.572,62306.554900877236,60980.00158187724
A_M_1.7999999999999998_1.0_60,COM,0.153692,1.056125,2.03,6.043,4.789,62488.23713787724,60980.00158187724
A_M_1.7999999999999998_1.0_61,COM,1.409233,1.48982,1.324,2.085,2.921,61567.22864987724,60980.00158187724
A_M_1.7999999999999998_1.0_62,COM,0.641432,1.239931,1.127,1.064,0.71,62062.803908877235,60980.00158187724
A_M_1.7999999999999998_1.0_63,COM,1.313866,1.515973,2.365,1.498,1.947,63494.39283087724,60980.00158187724
A_M_1.7999999999999998_1.0_64,COM,0.552904,1.214422,1.005,6.07,5.061,64594.97691987724,60980.00158187724
A_M_1.7999999999999998_1.0_65,COM,0.610723,1.242076,1.79,0.278,2.137,63531.00506787724,60980.00158187724
A_M_1.7999999999999998_1.0_66,COM,0.683509,1.271406,0.977,3.311,3.793,62580.60156387724,60980.00158187724
A_M_1.7999999999999998_1.0_67,COM,1.321128,1.507983,1.629,0.519,4.932,62720.578926877235,60980.00158187724
A_M_1.7999999999999998_1.0_68,COM,1.33414,1.506256,1.363,5.762,0.665,63142.512925877236,60980.00158187724
A_M_1.7999999999999998_1.0_69,COM,0.741624,1.285222,0.964,0.692,4.411,63978.982404877235,60980.00158187724
A_M_1.7999999999999998_1.0_70,COM,0.313443,1.121499,3.027,2.51,2.853,61466.95729487724,60980.00158187724
A_M_1.7999999999999998_1.0_71,COM,0.888906,1.391141,1.288,1.298,0.444,62029.43187987724,60980.00158187724
A_M_1.7999999999999998_1.0_72,COM,1.724489,1.782653,1.462,4.099,3.074,62216.80041587724,60980.00158187724
A_M_1.7999999999999998_1.0_73,COM,0.621551,1.268115,2.508,3.26,0.925,61687.37276087724,60980.00158187724
A_M_1.7999999999999998_1.0_74,COM,1.092247,1.488338,1.082,3.473,2.214,63157.868904877236,60980.00158187724
A_M_1.7999999999999998_1.0_75,COM,0.413837,1.175797,2.102,1.162,4.567,61582.34173287724,60980.00158187724
A_M_1.7999999999999998_1.0_76,COM,0.770484,1.349498,1.265,4.987,3.339,61272.714995877235,60980.00158187724
A_M_1.7999999999999998_1.0_77,COM,1.403677,1.677696,1.087,5.157,2.543,64147.49024087724,60980.00158187724
A_M_1.7999999999999998_1.0_78,COM,1.451599,1.697882,1.571,1.594,4.27,62891.16140787724,60980.00158187724
A_M_1.7999999999999998_1.0_79,COM,0.082265,1.040558,1.634,1.424,4.965,63708.10219887724,60980.00158187724
A_M_1.7999999999999998_1.0_80,COM,1.640847,1.762466,2.055,3.548,4.431,63735.63888287724,60980.00158187724
A_M_1.7999999999999998_1.0_81,COM,1.435075,1.684213,1.113,3.984,1.776,61377.759315877236,60980.00158187724
A_M_1.7999999999999998_1.0_82,COM,1.141732,1.601862,2.025,3.925,1.939,61612.03337887724,60980.00158187724
A_M_1.7999999999999998_1.0_83,COM,1.551782,1.782279,2.131,3.045,0.664,63415.247426877235,60980.00158187724
A_M_1.7999999999999998_1.0_84,COM,1.178188,1.623686,1.78,1.351,4.576,63383.94544687724,60980.00158187724
A_M_1.7999999999999998_1.0_85,COM,2.120604,2.082646,0.475,4.336,6.163,61602.34580987724,60980.00158187724
A_M_1.7999999999999998_1.0_86,COM,0.891044,1.488799,0.899,5.513,2.555,62937.59260287724,60980.00158187724
A_M_1.7999999999999998_1.0_87,COM,0.395262,1.202469,1.012,1.208,3.051,62944.116644877235,60980.00158187724
A_M_1.7999999999999998_1.0_88,COM,0.260659,1.1514,1.01,0.537,2.965,61644.09213787724,60980.00158187724
A_M_1.7999999999999998_1.0_89,COM,0.82893,1.481265,3.016,4.747,2.199,62254.55230687724,60980.00158187724
A_M_1.7999999999999998_1.0_90,COM,1.601423,1.895804,1.107,1.649,5.334,61505.232686877236,60980.00158187724
A_M_1.7999999999999998_1.0_91,COM,1.059191,1.597511,2.683,2.5,3.467,62055.548086877236,60980.00158187724
A_M_1.7999999999999998_1.0_92,COM,1.907987,2.064837,1.412,4.717,3.949,63086.37005687724,60980.00158187724
A_M_1.7999999999999998_1.0_93,COM,0.613374,1.397151,0.853,0.586,0.868,63536.999128877236,60980.00158187724
A_M_1.7999999999999998_1.0_94,COM,2.139055,2.347444,2.127,0.639,5.497,61195.607208877234,60980.00158187724
A_M_1.7999999999999998_1.0_95,COM,1.008729,1.632328,1.735,0.798,0.242,63945.79135187724,60980.00158187724
A_M_1.7999999999999998_1.0_96,COM,0.009071,1.005752,2.146,1.839,0.235,63231.30306687724,60980.00158187724
A_M_1.7999999999999998_1.0_97,COM,0.581839,1.353389,1.935,1.864,5.255,63774.70862287724,60980.00158187724
A_M_1.7999999999999998_1.0_98,COM,0.772019,1.481968,0.83,3.084,3.858,62063.320156877235,60980.00158187724
A_M_1.7999999999999998_1.0_99,COM,0.19532,1.119251,2.188,2.863,5.32,63777.932539877234,60980.00158187724
A_M_1.7999999999999998_1.0_100,COM,1.619238,2.018512,1.664,2.969,4.799,64323.12235387724,60980.00158187724
A_M_1.7999999999999998_1.0_101,COM,1.428747,1.871582,2.209,2.052,5.258,62681.820053877236,60980.00158187724
A_M_1.7999999999999998_1.0_102,COM,0.954693,1.631633,1.334,4.9,2.9,62000.21162587724,60980.00158187724
A_M_1.7999999999999998_1.0_103,COM,1.172252,1.800382,2.144,1.115,2.92,61059.223015877236,60980.00158187724
A_M_1.7999999999999998_1.0_104,COM,0.696761,1.470157,1.399,5.078,4.402,62890.90811887724,60980.00158187724
A_M_1.7999999999999998_1.0_105,COM,0.479489,1.338915,1.672,1.562,4.428,61239.30693087724,60980.00158187724
A_M_1.7999999999999998_1.0_106,COM,1.877432,2.293145,2.837,5.472,0.254,61798.19811287724,60980.00158187724
A_M_1.7999999999999998_1.0_107,COM,1.213457,1.845386,2.319,1.38,4.508,61578.729864877234,60980.00158187724
A_M_1.7999999999999998_1.0_108,COM,0.920313,1.613841,1.846,1.162,5.683,61233.11352187724,60980.00158187724
A_M_1.7999999999999998_1.0_109,COM,1.262107,1.881997,2.42,3.012,4.849,62218.13312487724,60980.00158187724
A_M_1.7999999999999998_1.0_110,COM,1.389876,1.926092,1.444,5.423,5.074,63071.63797787724,60980.00158187724
A_M_1.7999999999999998_1.0_111,COM,1.181917,1.782545,2.923,3.134,0.736,61798.18403087724,60980.00158187724
A_M_1.7999999999999998_1.0_112,COM,1.451855,1.99553,1.989,0.083,2.752,62685.66361187724,60980.00158187724
A_M_1.7999999999999998_1.0_113,COM,0.715764,1.50662,2.183,0.254,5.472,62871.60825987724,60980.00158187724
A_M_1.7999999999999998_1.0_114,COM,1.841346,2.227218,0.386,4.359,2.219,62835.55250387724,60980.00158187724
A_M_1.7999999999999998_1.0_115,COM,0.166821,1.110479,1.378,3.822,3.986,63132.73133687724,60980.00158187724
A_M_1.7999999999999998_1.0_116,COM,0.423306,1.323615,1.244,5.536,4.833,62126.49936787724,60980.00158187724
A_M_1.7999999999999998_1.0_117,COM,0.935312,1.677073,1.848,0.807,3.497,64630.062203877234,60980.00158187724
A_M_1.7999999999999998_1.0_118,COM,0.499963,1.361112,1.406,5.036,2.838,61018.879179877236,60980.00158187724
A_M_1.7999999999999998_1.0_119,COM,0.994641,1.726541,1.67,1.687,1.621,63133.57498287724,60980.00158187724
A_M_1.7999999999999998_1.0_120,COM,0.860611,1.632814,2.366,4.271,2.863,63238.02101587724,60980.00158187724
A_M_1.7999999999999998_1.0_121,COM,1.308823,1.94156,1.943,3.239,3.288,64011.834581877236,60980.00158187724
A_M_1.7999999999999998_1.0_122,COM,0.437326,1.316409,1.255,2.732,4.174,63633.94647287724,60980.00158187724
A_M_1.7999999999999998_1.0_123,COM,0.673162,1.509038,2.563,4.956,1.193,64057.66131287724,60980.00158187724
A_M_1.7999999999999998_1.0_124,COM,1.116949,1.842809,1.893,5.484,5.687,64452.19757687724,60980.00158187724
A_M_1.7999999999999998_1.0_125,COM,0.788788,1.651212,1.737,1.32,2.649,64682.12800287724,60980.00158187724
A_M_1.7999999999999998_1.0_126,COM,0.278267,1.22057,3.049,6.012,4.08,64047.38617587724,60980.00158187724
A_M_1.7999999999999998_1.0_127,COM,3.231087,3.480627,2.032,3.683,1.127,61717.30694987724,60980.00158187724
A_M_1.7999999999999998_1.0_128,COM,0.759592,1.605176,0.691,2.094,4.627,63271.40194487724,60980.00158187724
A_M_1.7999999999999998_1.0_129,COM,0.704116,1.558775,2.628,1.153,4.789,63956.48617387724,60980.00158187724
A_M_1.7999999999999998_1.0_130,COM,1.671726,2.423712,2.235,5.134,1.857,62392.427127877236,60980.00158187724
A_M_1.7999999999999998_1.0_131,COM,1.403742,2.21497,0.624,3.032,3.597,63577.84768487724,60980.00158187724
A_M_1.7999999999999998_1.0_132,COM,1.914838,2.594566,1.327,4.528,2.122,63143.56625587724,60980.00158187724
A_M_1.7999999999999998_1.0_133,COM,0.135447,1.117666,2.223,4.322,3.167,61081.295829877236,60980.00158187724
A_M_1.7999999999999998_1.0_134,COM,0.877343,1.772152,0.599,1.09,1.899,62940.98598587724,60980.00158187724
A_M_1.7999999999999998_1.0_135,COM,1.197891,2.052466,2.506,0.65,1.607,61964.34996187724,60980.00158187724
A_M_1.7999999999999998_1.0_136,COM,2.696467,3.249367,0.788,4.547,2.811,62325.20052087724,60980.00158187724
A_M_1.7999999999999998_1.0_137,COM,0.908404,1.7676,2.089,3.373,3.511,61055.278118877235,60980.00158187724
A_M_1.7999999999999998_1.0_138,COM,0.581124,1.48176,2.203,3.416,0.748,64568.19777487724,60980.00158187724
A_M_1.7999999999999998_1.0_139,COM,2.059822,2.847401,0.66,5.689,5.804,61325.686368877236,60980.00158187724
A_M_1.7999999999999998_1.0_140,COM,0.328285,1.301056,1.533,3.229,0.194,63316.56748487724,60980.00158187724
A_M_1.7999999999999998_1.0_141,COM,1.366715,2.26203,0.65,5.378,1.597,62200.678912877236,60980.00158187724
A_M_1.7999999999999998_1.0_142,COM,1.244621,2.149821,1.47,0.356,3.527,63931.964869877236,60980.00158187724
A_M_1.7999999999999998_1.0_143,COM,0.949525,1.874003,1.787,1.362,4.124,63781.76169487724,60980.00158187724
A_M_1.7999999999999998_1.0_144,COM,0.121496,1.120605,1.421,3.911,2.494,62279.99430587724,60980.00158187724
A_M_1.7999999999999998_1.0_145,COM,1.377346,2.380932,1.867,2.431,4.893,64243.09108087724,60980.00158187724
A_M_1.7999999999999998_1.0_146,COM,0.743677,1.714697,2.758,4.204,1.436,63414.10388887724,60980.00158187724
A_M_1.7999999999999998_1.0_147,COM,1.114327,2.071641,1.425,5.554,2.445,61755.54171887724,60980.00158187724
A_M_1.7999999999999998_1.0_148,COM,0.298627,1.29369,1.554,3.424,4.153,63059.11390487724,60980.00158187724
A_M_1.7999999999999998_1.0_149,COM,1.048815,2.046489,1.288,1.087,5.773,62136.62686187724,60980.00158187724
A_M_1.7999999999999998_1.0_150,COM,1.729106,2.670558,1.538,4.977,4.018,64072.53760587724,60980.00158187724
A_M_1.7999999999999998_1.0_151,COM,0.970143,2.022108,2.011,2.862,3.461,61400.45141887724,60980.00158187724
A_M_1.7999999999999998_1.0_152,COM,1.101068,2.189215,2.131,1.565,2.151,62536.883836877234,60980.00158187724
A_M_1.7999999999999998_1.0_153,COM,1.136305,2.221207,1.461,1.064,0.062,63490.20856187724,60980.00158187724
A_M_1.7999999999999998_1.0_154,COM,0.198454,1.208355,0.717,4.014,5.053,62720.499552877234,60980.00158187724
A_M_1.7999999999999998_1.0_155,COM,0.743573,1.789109,2.071,2.068,4.509,62442.45342187724,60980.00158187724
A_M_1.7999999999999998_1.0_156,COM,1.437015,2.550674,1.997,5.463,3.32,64551.485969877234,60980.00158187724
A_M_1.7999999999999998_1.0_157,COM,1.545019,2.579302,1.108,3.938,4.636,62032.50227287724,60980.00158187724
A_M_1.7999999999999998_1.0_158,COM,0.783159,1.842158,1.611,4.19,2.203,64578.349109877236,60980.00158187724
A_M_1.7999999999999998_1.0_159,COM,1.286159,2.387404,0.973,1.977,3.991,61654.82225387724,60980.00158187724
A_M_1.7999999999999998_1.0_160,COM,0.7259,1.774626,2.901,4.719,5.439,64336.915862877235,60980.00158187724
A_M_1.7999999999999998_1.0_161,COM,1.418437,2.516489,0.444,1.197,5.898,63300.174632877235,60980.00158187724
A_M_1.7999999999999998_1.0_162,COM,1.079001,2.104754,1.313,1.38,3.968,61529.82262487724,60980.00158187724
A_M_1.7999999999999998_1.0_163,COM,1.074405,2.206745,1.767,4.813,4.161,62135.06081287724,60980.00158187724
A_M_1.7999999999999998_1.0_164,COM,0.76706,1.88451,1.872,5.385,2.174,63688.46257387724,60980.00158187724
A_M_1.7999999999999998_1.0_165,COM,0.502664,1.577152,2.403,5.302,6.241,64486.86191387724,60980.00158187724
A_M_1.7999999999999998_1.0_166,COM,0.304627,1.339966,0.598,3.923,3.278,61730.87056187724,60980.00158187724
A_M_1.7999999999999998_1.0_167,COM,1.53656,2.757241,1.743,5.007,2.807,62958.96694087724,60980.00158187724
A_M_1.7999999999999998_1.0_168,COM,0.714099,1.823585,2.52,2.786,2.34,62021.540882877234,60980.00158187724
A_M_1.7999999999999998_1.0_169,COM,1.406538,2.589999,1.299,0.362,2.844,61486.15409887724,60980.00158187724
A_M_1.7999999999999998_1.0_170,COM,1.787671,2.966336,1.1,2.549,1.569,61742.674182877236,60980.00158187724
A_M_1.7999999999999998_1.0_171,COM,2.011206,3.316481,2.838,5.798,3.407,60982.28006287724,60980.00158187724
A_M_1.7999999999999998_1.0_172,COM,1.11924,2.266271,0.933,1.698,1.564,61478.86109687724,60980.00158187724
A_M_1.7999999999999998_1.0_173,COM,1.039765,2.19806,1.821,4.73,5.447,61873.79031287724,60980.00158187724
A_M_1.7999999999999998_1.0_174,COM,1.275525,2.550029,1.481,3.708,1.972,61987.95263087724,60980.00158187724
A_M_1.7999999999999998_1.0_175,COM,1.242561,2.497098,2.896,3.769,4.558,62273.99496687724,60980.00158187724
A_M_1.7999999999999998_1.0_176,COM,1.779971,3.081603,1.299,1.982,4.621,63965.21360287724,60980.00158187724
A_M_1.7999999999999998_1.0_177,COM,0.149957,1.182462,2.226,3.806,0.138,63920.513135877234,60980.00158187724
A_M_1.7999999999999998_1.0_178,COM,2.32055,3.808286,2.127,4.916,3.346,63719.30770187724,60980.00158187724
A_M_1.7999999999999998_1.0_179,COM,1.454341,2.742218,1.089,4.424,1.595,62225.559908877236,60980.00158187724
A_M_1.7999999999999998_1.0_180,COM,1.55446,2.988675,0.59,3.0,2.925,64419.56903487724,60980.00158187724
A_M_1.7999999999999998_1.0_181,COM,2.355438,4.080544,2.399,5.156,2.768,63750.73376387724,60980.00158187724
A_M_1.7999999999999998_1.0_182,COM,0.701055,1.909508,2.035,2.664,3.529,63701.378168877236,60980.00158187724
A_M_1.7999999999999998_1.0_183,COM,1.517558,2.900408,1.794,4.185,2.111,61975.997295877234,60980.00158187724
A_M_1.7999999999999998_1.0_184,COM,1.077136,2.354813,0.615,1.28,4.152,63093.571792877236,60980.00158187724
A_M_1.7999999999999998_1.0_185,COM,0.875329,2.134612,1.305,5.222,1.382,61432.147748877236,60980.00158187724
A_M_1.7999999999999998_1.0_186,COM,0.794642,2.059359,2.34,5.428,4.621,62112.71465987724,60980.00158187724
A_M_1.7999999999999998_1.0_187,COM,1.304377,2.708319,1.327,3.689,2.907,61122.11266387724,60980.00158187724
A_M_1.7999999999999998_1.0_188,COM,1.564991,3.07469,2.169,3.944,5.407,62421.087155877234,60980.00158187724
A_M_1.7999999999999998_1.0_189,COM,0.629375,1.827546,1.27,1.769,4.773,64638.69299387724,60980.00158187724
A_M_1.7999999999999998_1.0_190,COM,1.382455,2.845943,2.858,1.295,0.75,64381.935617877236,60980.00158187724
A_M_1.7999999999999998_1.0_191,COM,1.341795,2.795759,1.285,4.317,0.477,64523.43224587724,60980.00158187724
A_M_1.7999999999999998_1.0_192,COM,1.648241,3.211858,1.047,4.357,5.287,61585.65345087724,60980.00158187724
A_M_1.7999999999999998_1.0_193,COM,0.912736,2.24555,2.255,3.216,3.68,62303.43865987724,60980.00158187724
A_M_1.7999999999999998_1.0_194,COM,0.950158,2.250399,2.189,2.179,2.838,63168.12008887724,60980.00158187724
A_M_1.7999999999999998_1.0_195,COM,1.042281,2.429552,1.414,0.488,3.246,62792.854887877234,60980.00158187724
A_M_1.7999999999999998_1.0_196,COM,0.897199,2.223612,2.897,4.655,1.945,61538.424631877235,60980.00158187724
A_M_1.7999999999999998_1.0_197,COM,0.149771,1.205758,2.582,5.035,2.341,64530.062052877234,60980.00158187724
A_M_1.7999999999999998_1.0_198,COM,0.770418,2.02807,2.71,1.016,0.746,63574.99305687724,60980.00158187724
A_M_1.7999999999999998_1.0_199,COM,0.676472,1.975854,2.962,5.261,2.552,64615.45359087724,60980.00158187724
A_M_1.7999999999999998_1.0_200,COM,0.794358,2.164458,2.979,3.122,1.496,63249.789275877236,60980.00158187724
A_M_1.7999999999999998_1.0_201,COM,0.806482,2.13915,2.12,0.032,3.876,64548.62488587724,60980.00158187724
A_M_1.7999999999999998_1.0_202,COM,1.010783,2.444983,0.055,4.854,2.904,63009.75075087724,60980.00158187724
A_M_1.7999999999999998_1.0_203,COM,0.335441,1.484769,0.854,3.26,3.423,64178.49873287724,60980.00158187724
A_M_1.7999999999999998_1.0_204,COM,0.300714,1.438118,0.77,3.149,4.655,62373.298662877234,60980.00158187724
A_M_1.7999999999999998_1.0_205,COM,0.691275,1.99682,1.597,2.06,4.023,62171.886569877235,60980.00158187724
A_M_1.7999999999999998_1.0_206,COM,1.846063,3.646666,2.112,1.845,2.349,62007.16825587724,60980.00158187724
A_M_1.7999999999999998_1.0_207,COM,0.448721,1.653625,2.047,3.189,3.06,64667.16097087724,60980.00158187724
A_M_1.7999999999999998_1.0_208,COM,1.025038,2.445495,0.837,0.774,2.555,61925.64945987724,60980.00158187724
A_M_1.7999999999999998_1.0_209,COM,0.343295,1.48906,0.705,5.509,3.982,64219.215513877236,60980.00158187724
A_M_1.7999999999999998_1.0_210,COM,3.696106,6.398181,1.152,5.132,3.543,63860.883752877235,60980.00158187724
A_M_1.7999999999999998_1.0_211,COM,1.389624,3.104462,1.29,5.268,5.029,63589.97753387724,60980.00158187724
A_M_1.7999999999999998_1.0_212,COM,0.99443,2.515148,1.082,6.181,3.676,62121.03999187724,60980.00158187724
A_M_1.7999999999999998_1.0_213,COM,1.284515,2.911487,1.479,1.556,5.795,62037.75921287724,60980.00158187724
A_M_1.7999999999999998_1.0_214,COM,0.381076,1.573337,1.811,2.935,4.174,63178.47864987724,60980.00158187724
A_M_1.7999999999999998_1.0_215,COM,0.998774,2.497645,0.717,4.299,5.854,63213.019887877235,60980.00158187724
A_M_1.7999999999999998_1.0_216,COM,1.32532,2.989507,2.636,2.913,3.711,63646.47284987724,60980.00158187724
A_M_1.7999999999999998_1.0_217,COM,1.220706,2.883252,1.572,0.154,3.733,61623.17370487724,60980.00158187724
A_M_1.7999999999999998_1.0_218,COM,2.163681,4.254097,1.528,2.231,4.316,61447.049718877235,60980.00158187724
A_M_1.7999999999999998_1.0_219,COM,0.216562,1.317572,2.485,0.977,3.725,63945.22095987724,60980.00158187724
A_M_1.7999999999999998_1.0_220,COM,0.882898,2.355863,2.64,0.755,4.706,62072.63545987724,60980.00158187724
A_M_1.7999999999999998_1.0_221,COM,0.264087,1.406303,1.438,4.422,2.186,63011.980944877236,60980.00158187724
A_M_1.7999999999999998_1.0_222,COM,1.58272,3.504251,2.755,1.159,2.568,61752.92270587724,60980.00158187724
A_M_1.7999999999999998_1.0_223,COM,1.056937,2.708375,1.688,6.097,0.253,62082.62471187724,60980.00158187724
A_M_1.7999999999999998_1.0_224,COM,0.965163,2.571591,2.365,1.01,1.355,62698.72884287724,60980.00158187724
A_M_1.7999999999999998_1.0_225,COM,0.530516,1.86548,2.222,4.915,4.544,63768.84377387724,60980.00158187724
A_M_1.7999999999999998_1.0_226,COM,0.801052,2.272944,1.08,3.841,0.784,63075.12562087724,60980.00158187724
A_M_1.7999999999999998_1.0_227,COM,2.466798,4.999613,1.126,4.449,0.772,62290.609228877234,60980.00158187724
A_M_1.7999999999999998_1.0_228,COM,0.726942,2.163686,2.717,2.636,3.545,62323.988747877236,60980.00158187724
A_M_1.7999999999999998_1.0_229,COM,1.174877,2.855951,2.296,5.745,5.668,61224.08071587724,60980.00158187724
A_M_1.7999999999999998_1.0_230,COM,0.679255,2.099414,1.683,1.132,3.813,62973.013934877235,60980.00158187724
A_M_1.7999999999999998_1.0_231,COM,1.094431,2.75179,1.599,6.276,0.164,63012.395361877236,60980.00158187724
A_M_1.7999999999999998_1.0_232,COM,1.880296,3.969204,1.633,2.402,4.261,62121.506325877235,60980.00158187724
A_M_1.7999999999999998_1.0_233,COM,1.512864,3.43218,2.945,2.075,3.482,62160.57218287724,60980.00158187724
A_M_1.7999999999999998_1.0_234,COM,38.664967,61.248593,1.719,6.251,3.554,65715.51766087723,60980.00158187724
A_M_1.7999999999999998_1.0_235,COM,0.473767,1.772398,1.119,1.072,5.374,63157.666317877236,60980.00158187724
A_M_1.7999999999999998_1.0_236,COM,1.513219,3.575281,1.576,2.283,2.01,63622.152580877235,60980.00158187724
A_M_1.7999999999999998_1.0_237,COM,1.325196,3.231618,2.359,3.894,1.941,62549.436645877235,60980.00158187724
A_M_1.7999999999999998_1.0_238,COM,0.655081,2.070687,2.782,3.906,1.017,63368.107342877236,60980.00158187724
A_M_1.7999999999999998_1.0_239,COM,1.142808,2.867259,1.08,1.919,1.452,63855.356780877235,60980.00158187724
A_M_1.7999999999999998_1.0_240,COM,0.743877,2.250843,0.905,0.506,3.232,63252.53012487724,60980.00158187724
A_M_1.7999999999999998_1.0_241,COM,0.387762,1.652101,1.089,6.177,2.789,61453.07737387724,60980.00158187724
A_M_1.7999999999999998_1.0_242,COM,1.701692,3.810497,1.666,1.81,2.939,61314.38419587724,60980.00158187724
A_M_1.7999999999999998_1.0_243,COM,3.917464,7.713643,2.202,1.654,4.669,63460.15687087724,60980.00158187724
A_M_1.7999999999999998_1.0_244,COM,1.610328,3.658947,2.419,2.606,2.428,61191.88331387724,60980.00158187724
A_M_1.7999999999999998_1.0_245,COM,1.093443,2.804406,1.271,4.594,1.69,64181.24999787724,60980.00158187724
A_M_1.7999999999999998_1.0_246,COM,0.00228,1.003855,0.655,4.371,3.096,63412.85739487724,60980.00158187724
A_M_1.7999999999999998_1.0_247,COM,3.063262,6.124204,1.76,0.59,4.733,62111.63974087724,60980.00158187724
A_M_1.7999999999999998_1.0_248,COM,0.808975,2.330242,1.729,0.896,5.253,61707.73668787724,60980.00158187724
A_M_1.7999999999999998_1.0_249,COM,1.451683,3.456246,1.898,1.206,0.201,63564.05363487724,60980.00158187724
A_M_1.7999999999999998_1.0_250,COM,0.948459,2.686937,1.909,3.167,3.273,64097.285812877235,60980.00158187724
A_M_1.7999999999999998_1.0_251,COM,0.125264,1.223508,2.048,4.464,3.523,63114.735521877235,60980.00158187724
A_M_1.7999999999999998_1.0_252,COM,0.185848,1.322255,1.868,4.042,4.396,62266.681809877235,60980.00158187724
A_M_1.7999999999999998_1.0_253,COM,1.146761,2.998228,0.589,2.601,4.102,61573.68631887724,60980.00158187724
A_M_1.7999999999999998_1.0_254,COM,1.420265,3.563711,1.935,6.137,5.934,62119.14234187724,60980.00158187724
A_M_1.7999999999999998_1.0_255,COM,2.446939,5.244699,0.981,2.939,2.953,63956.29716787724,60980.00158187724
A_M_1.7999999999999998_1.0_256,COM,0.708128,2.24329,1.809,1.719,4.156,61821.962007877235,60980.00158187724
A_M_1.7999999999999998_1.0_257,COM,1.032646,2.836799,2.751,0.784,3.58,62075.52535287724,60980.00158187724
A_M_1.7999999999999998_1.0_258,COM,1.146769,3.028163,0.724,3.01,3.612,63530.162745877235,60980.00158187724
A_M_1.7999999999999998_1.0_259,COM,1.987955,4.505,1.535,4.389,2.52,61914.45780487724,60980.00158187724
A_M_1.7999999999999998_1.0_260,COM,1.460574,3.518365,2.436,3.691,0.989,62580.410358877234,60980.00158187724
A_M_1.7999999999999998_1.0_261,COM,1.011603,2.788272,1.631,5.167,4.598,61411.89045287724,60980.00158187724
A_M_1.7999999999999998_1.0_262,COM,1.171861,3.103304,0.29,4.42,2.731,61617.03459687724,60980.00158187724
A_M_1.7999999999999998_1.0_263,COM,0.352881,1.608191,2.403,0.902,2.023,63281.64458187724,60980.00158187724
A_M_1.7999999999999998_1.0_264,COM,1.116193,2.919737,0.842,5.953,2.79,62270.59667487724,60980.00158187724
A_M_1.7999999999999998_1.0_265,COM,1.783734,4.378667,2.043,1.656,3.583,62022.05132287724,60980.00158187724
A_M_1.7999999999999998_1.0_266,COM,0.062617,1.118905,2.118,1.724,4.146,63523.577871877234,60980.00158187724
A_M_1.7999999999999998_1.0_267,COM,1.577763,3.855749,0.649,5.307,1.137,61411.62861287724,60980.00158187724
A_M_1.7999999999999998_1.0_268,COM,2.205217,5.039234,2.066,4.122,0.52,63135.51291187724,60980.00158187724
A_M_1.7999999999999998_1.0_269,COM,0.962184,2.811762,0.871,3.918,3.907,62907.59654387724,60980.00158187724
A_M_1.7999999999999998_1.0_270,COM,0.200778,1.371532,1.692,5.905,3.958,63161.635666877235,60980.00158187724
A_M_1.7999999999999998_1.0_271,COM,0.099098,1.186806,2.192,0.26,5.437,62279.63777987724,60980.00158187724
A_M_1.7999999999999998_1.0_272,COM,0.47003,1.874331,1.908,4.973,3.156,62672.24990487724,60980.00158187724
A_M_1.7999999999999998_1.0_273,COM,0.456417,1.898862,0.231,4.685,1.297,63908.15639687724,60980.00158187724
A_M_1.7999999999999998_1.0_274,COM,1.316032,3.546795,0.749,1.557,4.436,62545.85184987724,60980.00158187724
A_M_1.7999999999999998_1.0_275,COM,1.094864,3.087611,1.207,4.925,1.98,63434.78612487724,60980.00158187724
A_M_1.7999999999999998_1.0_276,COM,0.721153,2.400704,0.955,3.877,2.144,61618.429615877234,60980.00158187724
A_M_1.7999999999999998_1.0_277,COM,1.299196,3.517332,1.535,1.972,3.062,63564.58149387724,60980.00158187724
A_M_1.7999999999999998_1.0_278,COM,1.490756,3.943285,2.167,0.834,4.164,64443.61896087724,60980.00158187724
A_M_1.7999999999999998_1.0_279,COM,1.735306,4.419486,1.287,4.787,2.677,63071.41626687724,60980.00158187724
A_M_1.7999999999999998_1.0_280,COM,0.686945,2.362851,1.091,4.729,3.811,62961.722668877235,60980.00158187724
A_M_1.7999999999999998_1.0_281,COM,0.801943,2.527817,1.016,3.214,4.067,61222.306857877236,60980.00158187724
A_M_1.7999999999999998_1.0_282,COM,4.56778,9.797769,1.118,5.05,2.007,62117.74243387724,60980.00158187724
A_M_1.7999999999999998_1.0_283,COM,1.660657,4.258296,1.711,3.88,1.448,63540.325726877236,60980.00158187724
A_M_1.7999999999999998_1.0_284,COM,1.496544,4.06863,0.977,4.037,3.158,62962.36981387724,60980.00158187724
A_M_1.7999999999999998_1.0_285,COM,1.018262,3.054145,1.117,2.549,4.195,64515.206852877236,60980.00158187724
A_M_1.7999999999999998_1.0_286,COM,12.88971,26.745244,1.642,1.875,4.18,63061.35900487724,60980.00158187724
A_M_1.7999999999999998_1.0_287,COM,1.594382,4.382518,2.124,3.777,3.747,60970.73431187724,60980.00158187724
A_M_1.7999999999999998_1.0_288,COM,0.621315,2.317846,1.423,2.946,2.979,63913.85524887724,60980.00158187724
A_M_1.7999999999999998_1.0_289,COM,0.812493,2.699471,1.363,4.258,2.674,62734.16487987724,60980.00158187724
A_M_1.7999999999999998_1.0_290,COM,2.63445,6.593258,1.075,2.177,1.476,62107.679681877235,60980.00158187724
A_M_1.7999999999999998_1.0_291,COM,0.926252,2.986586,1.052,3.385,3.496,63871.06211287724,60980.00158187724
A_M_1.7999999999999998_1.0_292,COM,1.017077,3.22034,2.175,2.656,5.567,63761.16202287724,60980.00158187724
A_M_1.7999999999999998_1.0_293,COM,1.642966,4.582014,1.314,4.051,3.057,61554.90344587724,60980.00158187724
A_M_1.7999999999999998_1.0_294,COM,0.860407,2.847136,2.147,4.813,3.784,64085.72249187724,60980.00158187724
A_M_1.7999999999999998_1.0_295,COM,0.587283,2.262016,2.067,5.167,2.785,63968.47386187724,60980.00158187724
A_M_1.7999999999999998_1.0_296,COM,1.413783,3.973207,1.822,5.99,2.565,61795.55529187724,60980.00158187724
A_M_1.7999999999999998_1.0_297,COM,1.041939,3.265041,0.505,2.75,3.876,61290.76201587724,60980.00158187724
A_M_1.7999999999999998_1.0_298,COM,1.335297,4.052037,2.122,6.236,2.663,62355.708329877234,60980.00158187724
A_M_1.7999999999999998_1.0_299,COM,0.165539,1.376558,2.253,0.704,4.356,62646.347112877236,60980.00158187724
A_M_1.7999999999999998_1.0_300,COM,0.211183,1.469942,1.474,5.435,2.959,61446.63190187724,60980.00158187724
A_M_1.7999999999999998_1.0_301,COM,1.029759,3.259603,2.113,1.04,5.528,62849.41168187724,60980.00158187724
A_M_1.7999999999999998_1.0_302,COM,0.754492,2.696577,1.06,1.539,4.496,61517.99694687724,60980.00158187724
A_M_1.7999999999999998_1.0_303,COM,0.275909,1.613384,1.07,4.395,1.826,64598.05020587724,60980.00158187724
A_M_1.7999999999999998_1.0_304,COM,0.31083,1.727398,2.12,5.159,2.801,62699.79863087724,60980.00158187724
A_M_1.7999999999999998_1.0_305,COM,0.847366,2.981187,1.016,5.346,1.435,64277.11337387724,60980.00158187724
A_M_1.7999999999999998_1.0_306,COM,1.410018,4.270168,2.1,0.833,3.663,63754.967143877235,60980.00158187724
A_M_1.7999999999999998_1.0_307,COM,1.507603,4.51236,1.133,0.227,3.614,61890.707385877235,60980.00158187724
A_M_1.7999999999999998_1.0_308,COM,1.412785,4.235292,1.97,2.767,2.672,64371.83231687724,60980.00158187724
A_M_1.7999999999999998_1.0_309,COM,0.774517,2.850985,1.422,1.501,4.483,63067.548644877235,60980.00158187724
A_M_1.7999999999999998_1.0_310,COM,0.69501,2.716807,2.023,2.729,4.078,61554.96091587724,60980.00158187724
A_M_1.7999999999999998_1.0_311,COM,1.24251,4.010895,1.24,3.716,3.274,61186.994352877235,60980.00158187724
A_M_1.7999999999999998_1.0_312,COM,1.475069,4.5864,2.025,2.534,5.312,62093.995452877236,60980.00158187724
A_M_1.7999999999999998_1.0_313,COM,1.769967,5.407311,0.679,5.053,1.565,62454.19107987724,60980.00158187724
A_M_1.7999999999999998_1.0_314,COM,0.829163,3.023768,1.082,1.016,5.952,64129.78106987724,60980.00158187724
A_M_1.7999999999999998_1.0_315,COM,1.274236,4.1033,2.22,3.677,3.903,64303.71979787724,60980.00158187724
A_M_1.7999999999999998_1.0_316,COM,1.146962,3.79148,1.772,3.105,3.339,63067.28096687724,60980.00158187724
A_M_1.7999999999999998_1.0_317,COM,1.698136,5.234718,0.588,2.339,3.621,62410.36674687724,60980.00158187724
A_M_1.7999999999999998_1.0_318,COM,1.243308,4.06042,0.947,1.176,4.292,61969.32426687724,60980.00158187724
A_M_1.7999999999999998_1.0_319,COM,1.322951,4.184699,1.863,2.601,3.259,61695.14861387724,60980.00158187724
A_M_1.7999999999999998_1.0_320,COM,0.188557,1.460514,1.819,0.918,0.371,63958.790540877235,60980.00158187724
A_M_1.7999999999999998_1.0_321,COM,0.764723,2.916119,2.096,5.454,3.733,63148.79172787724,60980.00158187724
A_M_1.7999999999999998_1.0_322,COM,0.505706,2.27428,2.246,0.091,3.032,63245.871678877236,60980.00158187724
A_M_1.7999999999999998_1.0_323,COM,1.184832,4.033616,0.811,1.644,4.858,63807.02853687724,60980.00158187724
A_M_1.7999999999999998_1.0_324,COM,0.231753,1.58306,1.34,4.771,2.594,62931.653572877236,60980.00158187724
A_M_1.7999999999999998_1.0_325,COM,1.300969,4.299193,2.845,3.477,3.909,64370.83746887724,60980.00158187724
A_M_1.7999999999999998_1.0_326,COM,3.322896,9.301831,0.989,2.533,3.259,63335.10791187724,60980.00158187724
A_M_1.7999999999999998_1.0_327,COM,1.662746,5.151803,0.272,3.273,2.58,64510.93198787724,60980.00158187724
A_M_1.7999999999999998_1.0_328,COM,1.258722,4.216947,1.331,3.989,2.021,62200.76177787724,60980.00158187724
A_M_1.7999999999999998_1.0_329,COM,1.370593,4.486616,1.693,1.767,3.143,63289.852464877236,60980.00158187724
A_M_1.7999999999999998_1.0_330,COM,0.737202,2.978251,1.639,0.602,3.222,62187.06142187724,60980.00158187724
A_M_1.7999999999999998_1.0_331,COM,1.092723,3.947418,1.174,4.285,2.298,63867.73235087724,60980.00158187724
A_M_1.7999999999999998_1.0_332,COM,1.638949,5.290394,1.294,0.221,3.123,62874.170097877235,60980.00158187724
A_M_1.7999999999999998_1.0_333,COM,0.973237,3.551613,1.409,2.236,3.54,61402.49481287724,60980.00158187724
A_M_1.7999999999999998_1.0_334,COM,3.531657,10.249733,1.885,5.47,2.132,61899.22091787724,60980.00158187724
A_M_1.7999999999999998_1.0_335,COM,1.128221,3.944088,1.877,0.714,5.11,62158.891531877234,60980.00158187724
A_M_1.7999999999999998_1.0_336,COM,1.160322,4.102115,2.067,1.428,2.253,64114.56040487724,60980.00158187724
A_M_1.7999999999999998_1.0_337,COM,0.509966,2.327682,2.516,4.234,1.063,64442.70978187724,60980.00158187724
A_M_1.7999999999999998_1.0_338,COM,0.843343,3.286942,1.732,2.303,2.14,61030.10370187724,60980.00158187724
A_M_1.7999999999999998_1.0_339,COM,0.262488,1.687011,0.237,1.829,4.645,62254.33257387724,60980.00158187724
A_M_1.7999999999999998_1.0_340,COM,0.517982,2.450907,0.794,2.384,4.158,61350.637148877235,60980.00158187724
A_M_1.7999999999999998_1.0_341,COM,1.803537,5.913341,0.097,1.85,4.286,62102.52462687724,60980.00158187724
A_M_1.7999999999999998_1.0_342,COM,0.951493,3.662985,1.588,4.233,5.502,63385.075850877234,60980.00158187724
A_M_1.7999999999999998_1.0_343,COM,3.662725,11.23543,1.315,2.436,3.562,61230.44437387724,60980.00158187724
A_M_1.7999999999999998_1.0_344,COM,0.605711,2.649573,2.239,5.135,2.288,61035.144176877235,60980.00158187724
A_M_1.7999999999999998_1.0_345,COM,1.301185,4.657415,2.38,5.002,1.636,62097.25905087724,60980.00158187724
A_M_1.7999999999999998_1.0_346,COM,1.502797,5.297289,1.532,4.759,1.573,63465.069491877235,60980.00158187724
A_M_1.7999999999999998_1.0_347,COM,1.179876,4.405053,1.181,0.599,2.11,61233.031231877234,60980.00158187724
A_M_1.7999999999999998_1.0_348,COM,0.832151,3.357289,0.794,6.009,3.353,61263.76980787724,60980.00158187724
A_M_1.7999999999999998_1.0_349,COM,0.65637,2.922861,1.892,5.459,3.453,64443.32662087724,60980.00158187724
A_M_1.7999999999999998_1.0_350,COM,1.568183,5.464354,1.076,4.291,3.779,64012.969662877236,60980.00158187724
A_M_1.7999999999999998_1.0_351,COM,1.401382,5.094212,1.562,1.631,4.614,62474.89713087724,60980.00158187724
A_M_1.7999999999999998_1.0_352,COM,1.320123,4.769527,1.942,2.399,2.777,60998.29298387724,60980.00158187724
A_M_1.7999999999999998_1.0_353,COM,1.246498,4.745214,1.899,3.128,3.293,64386.52930887724,60980.00158187724
A_M_1.7999999999999998_1.0_354,COM,0.745373,3.239246,2.459,6.276,3.291,63479.07327887724,60980.00158187724
A_M_1.7999999999999998_1.0_355,COM,0.95858,3.893539,1.827,4.916,4.718,64463.945568877236,60980.00158187724
A_M_1.7999999999999998_1.0_356,COM,8.317942,26.735397,2.257,6.267,3.602,63807.45895187724,60980.00158187724
A_M_1.7999999999999998_1.0_357,COM,1.172119,4.591156,1.198,4.083,1.484,61354.215765877234,60980.00158187724
A_M_1.7999999999999998_1.0_358,COM,1.026321,4.246008,0.734,1.15,5.609,62287.239858877234,60980.00158187724
A_M_1.7999999999999998_1.0_359,COM,0.841256,3.592722,2.809,0.042,2.737,64112.25487087724,60980.00158187724
A_M_1.7999999999999998_1.0_360,COM,0.725817,3.241282,1.997,2.662,3.259,61810.32835387724,60980.00158187724
A_M_1.7999999999999998_1.0_361,COM,0.776073,3.37874,1.649,4.471,3.068,62431.49873187724,60980.00158187724
A_M_1.7999999999999998_1.0_362,COM,1.314101,5.123413,2.529,5.071,1.967,64104.97373887724,60980.00158187724
A_M_1.7999999999999998_1.0_363,COM,1.783633,6.596887,1.464,1.284,2.743,62794.77601687724,60980.00158187724
A_M_1.7999999999999998_1.0_364,COM,0.583561,2.802066,2.246,5.386,5.428,63542.403786877236,60980.00158187724
A_M_1.7999999999999998_1.0_365,COM,1.476483,5.855839,2.304,6.159,3.142,62140.00557987724,60980.00158187724
A_M_1.7999999999999998_1.0_366,COM,1.268244,5.087358,0.825,1.236,5.009,64375.82578387724,60980.00158187724
A_M_1.7999999999999998_1.0_367,COM,0.922786,3.950666,1.442,2.355,4.302,62973.74182387724,60980.00158187724
A_M_1.7999999999999998_1.0_368,COM,1.412854,5.554806,0.508,3.272,3.638,64341.73544387724,60980.00158187724
A_M_1.7999999999999998_1.0_369,COM,2.359011,8.662563,2.469,0.191,3.284,61201.76817587724,60980.00158187724
A_M_1.7999999999999998_1.0_370,COM,1.391944,5.528748,3.08,6.005,5.935,61594.52967887724,60980.00158187724
A_M_1.7999999999999998_1.0_371,COM,1.382728,5.662893,1.847,4.828,2.046,63530.175000877236,60980.00158187724
A_M_1.7999999999999998_1.0_372,COM,2.410604,9.017917,3.066,0.74,4.066,61021.884807877235,60980.00158187724
A_M_1.7999999999999998_1.0_373,COM,0.066242,1.225048,1.839,3.118,4.577,60958.73942087724,60980.00158187724
A_M_1.7999999999999998_1.0_374,COM,0.475612,2.57046,1.834,4.907,2.062,61185.257854877236,60980.00158187724
A_M_1.7999999999999998_1.0_375,COM,0.735286,3.430734,2.116,4.956,2.33,61811.53575487724,60980.00158187724
A_M_1.7999999999999998_1.0_376,COM,1.675577,6.554057,0.88,4.945,4.298,63571.416424877236,60980.00158187724
A_M_1.7999999999999998_1.0_377,COM,3.072448,11.411335,2.268,1.909,1.763,62115.877524877236,60980.00158187724
A_M_1.7999999999999998_1.0_378,COM,2.300914,8.58718,1.891,1.847,5.121,63115.163974877236,60980.00158187724
A_M_1.7999999999999998_1.0_379,COM,0.750675,3.517743,2.883,0.533,0.042,61436.20716087724,60980.00158187724
A_M_1.7999999999999998_1.0_380,COM,1.24589,5.141622,2.488,1.35,4.479,62562.450228877235,60980.00158187724
A_M_1.7999999999999998_1.0_381,COM,1.251957,5.175284,0.768,5.617,6.183,62197.98466587724,60980.00158187724
A_M_1.7999999999999998_1.0_382,COM,1.356064,5.690806,1.431,1.416,0.914,63589.901481877234,60980.00158187724
A_M_1.7999999999999998_1.0_383,COM,1.579226,6.414984,2.246,5.424,2.428,61850.02916287724,60980.00158187724
A_M_1.7999999999999998_1.0_384,COM,0.554859,2.943824,1.763,5.965,3.06,63790.73397887724,60980.00158187724
A_M_1.7999999999999998_1.0_385,COM,0.72162,3.517131,1.222,2.597,0.676,64392.787595877235,60980.00158187724
A_M_1.7999999999999998_1.0_386,COM,0.66555,3.286938,1.172,3.552,3.128,62670.268229877234,60980.00158187724
A_M_1.7999999999999998_1.0_387,COM,0.488648,2.706431,1.859,3.924,1.712,63027.98191687724,60980.00158187724
A_M_1.7999999999999998_1.0_388,COM,0.063756,1.230226,0.635,4.37,1.028,63650.00105487724,60980.00158187724
A_M_1.7999999999999998_1.0_389,COM,1.269376,5.589344,2.782,4.17,3.546,61771.03487687724,60980.00158187724
A_M_1.7999999999999998_1.0_390,COM,1.269376,5.589344,2.782,4.17,3.546,61771.03487687724,60980.00158187724
A_M_1.7999999999999998_1.0_391,COM,1.473479,6.25652,1.115,3.026,0.885,64007.14758287724,60980.00158187724
A_M_1.7999999999999998_1.0_392,COM,1.391216,6.281974,0.635,3.887,2.894,61938.67539087724,60980.00158187724
A_M_1.7999999999999998_1.0_393,COM,0.989259,4.676802,1.542,2.673,4.07,62364.55864287724,60980.00158187724
A_M_1.7999999999999998_1.0_394,COM,1.39746,6.165024,2.688,4.405,1.961,64057.813068877236,60980.00158187724
A_M_1.7999999999999998_1.0_395,COM,1.550933,6.797433,1.879,2.799,3.383,63233.74157687724,60980.00158187724
A_M_1.7999999999999998_1.0_396,COM,2.354568,9.841784,0.739,0.786,3.224,64457.80351887724,60980.00158187724
A_M_1.7999999999999998_1.0_397,COM,1.650151,7.072332,1.456,5.197,4.907,62833.52694187724,60980.00158187724
A_M_1.7999999999999998_1.0_398,COM,0.688798,3.577883,1.978,5.088,1.423,61305.978130877236,60980.00158187724
A_M_1.7999999999999998_1.0_399,COM,3.065287,12.942069,0.902,0.857,2.537,64380.379991877235,60980.00158187724
A_M_1.7999999999999998_1.0_400,COM,0.783646,4.04124,1.528,0.715,5.318,61195.47020587724,60980.00158187724
A_M_1.7999999999999998_1.0_401,COM,0.99709,4.878049,2.164,5.774,4.655,63497.43087787724,60980.00158187724
A_M_1.7999999999999998_1.0_402,COM,0.876634,4.425241,1.759,4.756,2.761,61044.63661687724,60980.00158187724
A_M_1.7999999999999998_1.0_403,COM,2.643111,11.57435,1.419,1.937,4.915,63405.67938887724,60980.00158187724
A_M_1.7999999999999998_1.0_404,COM,2.019808,9.182403,1.419,0.714,2.964,63768.931403877235,60980.00158187724
A_M_1.7999999999999998_1.0_405,COM,1.565022,7.323081,1.097,5.493,4.892,64073.32881487724,60980.00158187724
A_M_1.7999999999999998_1.0_406,COM,0.223376,1.883651,1.351,1.845,3.632,63518.912685877236,60980.00158187724
A_M_1.7999999999999998_1.0_407,COM,1.963883,8.794725,2.278,5.563,2.433,61732.730618877235,60980.00158187724
A_M_1.7999999999999998_1.0_408,COM,0.490317,2.977651,0.707,4.617,2.055,63813.108737877235,60980.00158187724
A_M_1.7999999999999998_1.0_409,COM,2.284599,10.014439,0.285,3.81,2.536,64086.12683787724,60980.00158187724
A_M_1.7999999999999998_1.0_410,COM,1.292455,6.314595,1.397,0.275,2.815,63961.741346877236,60980.00158187724
A_M_1.7999999999999998_1.0_411,COM,1.499383,7.177134,2.023,2.814,3.581,64559.08272387724,60980.00158187724
A_M_1.7999999999999998_1.0_412,COM,0.115902,1.483269,2.552,0.508,3.984,61194.137948877236,60980.00158187724
A_M_1.7999999999999998_1.0_413,COM,1.49029,7.146969,1.59,1.952,4.226,62467.74408687724,60980.00158187724
A_M_1.7999999999999998_1.0_414,COM,1.175294,5.877998,0.797,3.824,3.027,61203.61754387724,60980.00158187724
A_M_1.7999999999999998_1.0_415,COM,1.059724,5.380611,1.402,1.719,3.525,61557.197476877234,60980.00158187724
A_M_1.7999999999999998_1.0_416,COM,23.912626,100.006421,0.96,1.916,4.338,65139.70803587724,60980.00158187724
A_M_1.7999999999999998_1.0_417,COM,0.195361,1.8323,2.118,0.302,3.768,61285.50939487724,60980.00158187724
A_M_1.7999999999999998_1.0_418,COM,1.244064,6.284339,1.323,2.121,4.145,64206.27115987724,60980.00158187724
A_M_1.7999999999999998_1.0_419,COM,1.004749,5.322026,0.777,3.484,3.485,64131.89502687724,60980.00158187724
A_M_1.7999999999999998_1.0_420,COM,1.27856,6.462907,0.422,4.612,1.373,63927.70907987724,60980.00158187724
A_M_1.7999999999999998_1.0_421,COM,1.169948,6.18013,2.022,4.0,1.138,63561.02830687724,60980.00158187724
A_M_1.7999999999999998_1.0_422,COM,1.329167,6.785581,0.786,4.778,2.272,61041.721827877234,60980.00158187724
A_M_1.7999999999999998_1.0_423,COM,0.753688,4.336812,1.695,4.277,4.625,63148.22926287724,60980.00158187724
A_M_1.7999999999999998_1.0_424,COM,1.04587,5.541529,1.248,1.189,5.472,63467.76231187724,60980.00158187724
A_M_1.7999999999999998_1.0_425,COM,1.420698,7.215492,1.062,3.866,2.362,63311.28150087724,60980.00158187724
A_M_1.7999999999999998_1.0_426,COM,1.183892,6.176764,2.835,5.379,2.148,63747.028140877235,60980.00158187724
A_M_1.7999999999999998_1.0_427,COM,0.172471,1.771023,0.463,1.407,5.271,64225.379177877236,60980.00158187724
A_M_1.7999999999999998_1.0_428,COM,1.15799,6.166679,1.363,2.937,1.199,62033.06472787724,60980.00158187724
A_M_1.7999999999999998_1.0_429,COM,0.932178,5.117313,1.079,1.666,4.756,64565.28242287724,60980.00158187724
A_M_1.7999999999999998_1.0_430,COM,1.438149,7.453437,1.434,4.49,1.803,62413.93274587724,60980.00158187724
A_M_1.7999999999999998_1.0_431,COM,1.562839,8.108343,0.765,2.759,4.357,61185.20148887724,60980.00158187724
A_M_1.7999999999999998_1.0_432,COM,1.141386,6.252823,2.385,0.97,6.036,63459.408467877234,60980.00158187724
A_M_1.7999999999999998_1.0_433,COM,1.286127,7.028078,1.917,1.41,4.209,63248.252390877235,60980.00158187724
A_M_1.7999999999999998_1.0_434,COM,1.139667,6.310438,2.017,5.131,2.737,62062.436237877235,60980.00158187724
A_M_1.7999999999999998_1.0_435,COM,1.621462,8.686527,1.031,2.459,3.641,63334.25707187724,60980.00158187724
A_M_1.7999999999999998_1.0_436,COM,0.293349,2.357464,1.547,0.989,4.102,64358.597735877236,60980.00158187724
A_M_1.7999999999999998_1.0_437,COM,0.452911,3.111867,1.411,1.921,1.892,61788.62788087724,60980.00158187724
A_M_1.7999999999999998_1.0_438,COM,1.548508,8.453825,2.454,1.145,4.421,63322.89464487724,60980.00158187724
A_M_1.7999999999999998_1.0_439,COM,1.476899,8.096133,1.282,1.572,4.033,63684.904281877236,60980.00158187724
A_M_1.7999999999999998_1.0_440,COM,1.125609,6.49121,0.679,1.338,2.204,64544.19858487724,60980.00158187724
A_M_1.7999999999999998_1.0_441,COM,1.190475,7.022518,0.732,0.582,5.224,61464.45946187724,60980.00158187724
A_M_1.7999999999999998_1.0_442,COM,1.500728,8.380096,1.861,1.92,0.999,64004.08091387724,60980.00158187724
A_M_1.7999999999999998_1.0_443,COM,0.714921,4.564314,1.886,5.454,3.104,62157.70084987724,60980.00158187724
A_M_1.7999999999999998_1.0_444,COM,1.234786,7.238871,2.082,4.741,2.837,63703.14706287724,60980.00158187724
A_M_1.7999999999999998_1.0_445,COM,1.14674,6.740965,2.113,4.714,1.749,61854.875933877236,60980.00158187724
A_M_1.7999999999999998_1.0_446,COM,0.819153,5.198371,0.667,4.26,2.176,62462.32730087724,60980.00158187724
A_M_1.7999999999999998_1.0_447,COM,0.623591,4.215659,0.908,6.209,3.344,64429.84039687724,60980.00158187724
A_M_1.7999999999999998_1.0_448,COM,0.53188,3.741055,2.057,4.479,4.445,62545.07076887724,60980.00158187724
A_M_1.7999999999999998_1.0_449,COM,1.151437,6.905004,1.015,3.314,3.155,63152.867809877236,60980.00158187724
A_M_1.7999999999999998_1.0_450,COM,3.529243,19.511107,1.653,2.081,4.999,62257.39560287724,60980.00158187724
A_M_1.7999999999999998_1.0_451,COM,1.249379,7.713236,1.776,1.629,4.802,63331.72974887724,60980.00158187724
A_M_1.7999999999999998_1.0_452,COM,1.533692,9.265654,1.458,5.535,3.011,62476.87316287724,60980.00158187724
A_M_1.7999999999999998_1.0_453,COM,0.943507,6.14739,1.615,4.354,1.947,61269.21743987724,60980.00158187724
A_M_1.7999999999999998_1.0_454,COM,1.084949,6.919376,0.718,3.936,2.86,61235.697434877235,60980.00158187724
A_M_1.7999999999999998_1.0_455,COM,1.065949,6.798802,0.873,4.397,4.283,63604.13077387724,60980.00158187724
A_M_1.7999999999999998_1.0_456,COM,0.578449,4.207125,1.964,0.038,3.15,61056.72041987724,60980.00158187724
A_M_1.7999999999999998_1.0_457,COM,1.382703,8.666403,1.294,1.96,4.413,63712.979587877235,60980.00158187724
A_M_1.7999999999999998_1.0_458,COM,0.08948,1.509126,1.263,0.246,3.692,61084.83307887724,60980.00158187724
A_M_1.7999999999999998_1.0_459,COM,0.189825,2.08144,0.712,5.112,2.772,63240.83453287724,60980.00158187724
A_M_1.7999999999999998_1.0_460,COM,1.055315,7.171606,1.609,1.796,2.892,64065.113639877236,60980.00158187724
A_M_1.7999999999999998_1.0_461,COM,2.173936,13.729832,2.43,5.855,2.476,62164.48146587724,60980.00158187724
A_M_1.7999999999999998_1.0_462,COM,1.403298,9.297384,1.673,5.027,3.127,63004.188432877236,60980.00158187724
A_M_1.7999999999999998_1.0_463,COM,1.572007,10.387511,1.739,1.337,4.258,61099.895448877236,60980.00158187724
A_M_1.7999999999999998_1.0_464,COM,2.087317,13.502668,2.106,2.049,1.776,61658.596267877234,60980.00158187724
A_M_1.7999999999999998_1.0_465,COM,1.388898,9.260772,1.689,5.186,2.705,62524.95993887724,60980.00158187724
A_M_1.7999999999999998_1.0_466,COM,1.339524,8.969852,1.45,4.986,4.46,61129.374938877234,60980.00158187724
A_M_1.7999999999999998_1.0_467,COM,1.765215,11.39321,1.657,4.753,4.086,63543.46984887724,60980.00158187724
A_M_1.7999999999999998_1.0_468,COM,0.860638,6.172574,0.581,2.775,3.585,63066.905694877234,60980.00158187724
A_M_1.7999999999999998_1.0_469,COM,1.099415,7.453628,1.518,4.553,3.232,62395.28236487724,60980.00158187724
A_M_1.7999999999999998_1.0_470,COM,1.218642,8.420696,1.808,1.709,4.292,64103.256624877235,60980.00158187724
A_M_1.7999999999999998_1.0_471,COM,2.206891,14.920507,0.554,2.414,4.146,63224.005423877235,60980.00158187724
A_M_1.7999999999999998_1.0_472,COM,0.867995,6.419057,2.953,2.741,2.495,62396.966030877236,60980.00158187724
A_M_1.7999999999999998_1.0_473,COM,0.592733,4.772672,0.89,1.093,5.19,63718.98502287724,60980.00158187724
A_M_1.7999999999999998_1.0_474,COM,1.503786,10.745436,1.589,2.814,0.982,63158.918228877235,60980.00158187724
A_M_1.7999999999999998_1.0_475,COM,0.871135,6.601196,1.652,4.312,3.732,61860.613870877234,60980.00158187724
A_M_1.7999999999999998_1.0_476,COM,1.306047,9.308099,0.833,2.236,3.833,62252.62918887724,60980.00158187724
A_M_1.7999999999999998_1.0_477,COM,1.511618,10.855602,0.543,2.496,4.07,61942.97173287724,60980.00158187724
A_M_1.7999999999999998_1.0_478,COM,1.415905,10.416554,2.435,1.588,3.944,63325.75659587724,60980.00158187724
A_M_1.7999999999999998_1.0_479,COM,1.341137,10.040699,2.179,4.515,1.36,64604.64584487724,60980.00158187724
A_M_1.7999999999999998_1.0_480,COM,0.402405,3.75224,1.218,2.374,4.284,63919.375196877234,60980.00158187724
A_M_1.7999999999999998_1.0_481,COM,0.381191,3.637574,0.954,4.816,2.937,62091.71992387724,60980.00158187724
A_M_1.7999999999999998_1.0_482,COM,1.501312,11.550048,1.57,1.371,5.019,63552.54760187724,60980.00158187724
A_M_1.7999999999999998_1.0_483,COM,7.620285,55.059313,2.842,4.985,1.859,60999.11374887724,60980.00158187724
A_M_1.7999999999999998_1.0_484,COM,1.458217,11.39922,1.238,1.121,2.157,63643.291915877235,60980.00158187724
A_M_1.7999999999999998_1.0_485,COM,0.906144,7.408663,3.099,6.281,3.41,62367.29408087724,60980.00158187724
A_M_1.7999999999999998_1.0_486,COM,0.935081,7.760165,2.159,1.792,4.436,63162.41737587724,60980.00158187724
A_M_1.7999999999999998_1.0_487,COM,0.260447,2.920579,0.967,4.603,1.99,62667.28421887724,60980.00158187724
A_M_1.7999999999999998_1.0_488,COM,1.575472,12.504562,0.809,4.393,2.106,64323.814465877236,60980.00158187724
A_M_1.7999999999999998_1.0_489,COM,1.246092,10.347472,0.489,4.291,2.33,61955.61001687724,60980.00158187724
A_M_1.7999999999999998_1.0_490,COM,1.382914,11.419653,2.565,5.917,2.063,61088.37592087724,60980.00158187724
A_M_1.7999999999999998_1.0_491,COM,0.839782,7.483892,0.695,3.849,2.738,62675.452984877236,60980.00158187724
A_M_1.7999999999999998_1.0_492,COM,0.685314,6.262792,1.961,1.58,4.343,62294.72960187724,60980.00158187724
A_M_1.7999999999999998_1.0_493,COM,0.678885,6.322479,1.602,1.398,4.51,63148.55409187724,60980.00158187724
A_M_1.7999999999999998_1.0_494,COM,1.52389,13.052069,1.741,4.961,1.96,63600.222691877236,60980.00158187724
A_M_1.7999999999999998_1.0_495,COM,1.483929,13.059472,2.27,1.243,5.039,62725.76076587724,60980.00158187724
A_M_1.7999999999999998_1.0_496,COM,0.986561,9.094969,1.073,0.842,5.212,61572.72473987724,60980.00158187724
A_M_1.7999999999999998_1.0_497,COM,0.066037,1.555678,2.539,0.84,4.577,61700.79110587724,60980.00158187724
A_M_1.7999999999999998_1.0_498,COM,1.104574,10.562979,1.015,1.322,5.033,63845.27832587724,60980.00158187724
A_M_1.7999999999999998_1.0_499,COM,0.322843,3.878077,2.011,1.362,4.233,64078.993817877235,60980.00158187724
A_M_1.7999999999999998_1.0_500,COM,1.355721,14.312453,1.934,1.634,4.467,62091.61154387724,60980.00158187724
A_M_1.7999999999999998_1.0_501,COM,1.440467,15.764651,1.895,5.006,1.985,61170.998865877234,60980.00158187724
A_M_1.7999999999999998_1.0_502,COM,0.76573,9.567252,2.879,5.379,2.345,62582.78301287724,60980.00158187724
