ObjID,H_r,u-r,g-r,i-r,z-r,y-r,GS
A_M_1.7999999999999998_1.0_0,25.09,2.31,0.73,-0.33,-0.5,-0.68,0.15
A_M_1.7999999999999998_1.0_1,23.8,2.31,0.73,-0.33,-0.5,-0.68,0.15
A_M_1.7999999999999998_1.0_2,24.76,2.31,0.73,-0.33,-0.5,-0.68,0.15
A_M_1.7999999999999998_1.0_3,24.05,2.31,0.73,-0.33,-0.5,-0.68,0.15
A_M_1.7999999999999998_1.0_4,25.26,2.31,0.73,-0.33,-0.5,-0.68,0.15
A_M_1.7999999999999998_1.0_5,22.36,2.31,0.73,-0.33,-0.5,-0.68,0.15
A_M_1.7999999999999998_1.0_6,24.83,2.31,0.73,-0.33,-0.5,-0.68,0.15
A_M_1.7999999999999998_1.0_7,25.03,2.31,0.73,-0.33,-0.5,-0.68,0.15
A_M_1.7999999999999998_1.0_8,25.03,2.31,0.73,-0.33,-0.5,-0.68,0.15
A_M_1.7999999999999998_1.0_9,25.6,2.31,0.73,-0.33,-0.5,-0.68,0.15
A_M_1.7999999999999998_1.0_10,23.09,2.31,0.73,-0.33,-0.5,-0.68,0.15
A_M_1.7999999999999998_1.0_11,22.65,2.31,0.73,-0.33,-0.5,-0.68,0.15
A_M_1.7999999999999998_1.0_12,20.28,2.31,0.73,-0.33,-0.5,-0.68,0.15
A_M_1.7999999999999998_1.0_13,25.27,2.31,0.73,-0.33,-0.5,-0.68,0.15
A_M_1.7999999999999998_1.0_14,23.83,2.31,0.73,-0.33,-0.5,-0.68,0.15
A_M_1.7999999999999998_1.0_15,25.16,2.31,0.73,-0.33,-0.5,-0.68,0.15
A_M_1.7999999999999998_1.0_16,24.78,2.31,0.73,-0.33,-0.5,-0.68,0.15
A_M_1.7999999999999998_1.0_17,25.31,2.31,0.73,-0.33,-0.5,-0.68,0.15
A_M_1.7999999999999998_1.0_18,24.86,2.31,0.73,-0.33,-0.5,-0.68,0.15
A_M_1.7999999999999998_1.0_19,22.64,2.31,0.73,-0.33,-0.5,-0.68,0.15
A_M_1.7999999999999998_1.0_20,23.06,2.31,0.73,-0.33,-0.5,-0.68,0.15
A_M_1.7999999999999998_1.0_21,24.53,2.31,0.73,-0.33,-0.5,-0.68,0.15
A_M_1.7999999999999998_1.0_22,22.86,2.31,0.73,-0.33,-0.5,-0.68,0.15
A_M_1.7999999999999998_1.0_23,24.6,2.31,0.73,-0.33,-0.5,-0.68,0.15
A_M_1.7999999999999998_1.0_24,24.93,2.31,0.73,-0.33,-0.5,-0.68,0.15
A_M_1.7999999999999998_1.0_25,21.6,2.31,0.73,-0.33,-0.5,-0.68,0.15
A_M_1.7999999999999998_1.0_26,24.27,2.31,0.73,-0.33,-0.5,-0.68,0.15
A_M_1.7999999999999998_1.0_27,23.27,2.31,0.73,-0.33,-0.5,-0.68,0.15
A_M_1.7999999999999998_1.0_28,23.11,2.31,0.73,-0.33,-0.5,-0.68,0.15
A_M_1.7999999999999998_1.0_29,24.93,2.31,0.73,-0.33,-0.5,-0.68,0.15
A_M_1.7999999999999998_1.0_30,25.07,2.31,0.73,-0.33,-0.5,-0.68,0.15
A_M_1.7999999999999998_1.0_31,24.56,2.31,0.73,-0.33,-0.5,-0.68,0.15
A_M_1.7999999999999998_1.0_32,24.0,2.31,0.73,-0.33,-0.5,-0.68,0.15
A_M_1.7999999999999998_1.0_33,18.22,2.31,0.73,-0.33,-0.5,-0.68,0.15
A_M_1.7999999999999998_1.0_34,24.83,2.31,0.73,-0.33,-0.5,-0.68,0.15
A_M_1.7999999999999998_1.0_35,24.96,2.31,0.73,-0.33,-0.5,-0.68,0.15
A_M_1.7999999999999998_1.0_36,24.33,2.31,0.73,-0.33,-0.5,-0.68,0.15
A_M_1.7999999999999998_1.0_37,25.42,2.31,0.73,-0.33,-0.5,-0.68,0.15
A_M_1.7999999999999998_1.0_38,18.53,2.31,0.73,-0.33,-0.5,-0.68,0.15
A_M_1.7999999999999998_1.0_39,24.19,2.31,0.73,-0.33,-0.5,-0.68,0.15
A_M_1.7999999999999998_1.0_40,25.02,2.31,0.73,-0.33,-0.5,-0.68,0.15
A_M_1.7999999999999998_1.0_41,22.38,2.31,0.73,-0.33,-0.5,-0.68,0.15
A_M_1.7999999999999998_1.0_42,23.32,2.31,0.73,-0.33,-0.5,-0.68,0.15
A_M_1.7999999999999998_1.0_43,25.56,2.31,0.73,-0.33,-0.5,-0.68,0.15
A_M_1.7999999999999998_1.0_44,24.7,2.31,0.73,-0.33,-0.5,-0.68,0.15
A_M_1.7999999999999998_1.0_45,24.92,2.31,0.73,-0.33,-0.5,-0.68,0.15
A_M_1.7999999999999998_1.0_46,20.73,2.31,0.73,-0.33,-0.5,-0.68,0.15
A_M_1.7999999999999998_1.0_47,25.14,2.31,0.73,-0.33,-0.5,-0.68,0.15
A_M_1.7999999999999998_1.0_48,25.28,2.31,0.73,-0.33,-0.5,-0.68,0.15
A_M_1.7999999999999998_1.0_49,25.24,2.31,0.73,-0.33,-0.5,-0.68,0.15
A_M_1.7999999999999998_1.0_50,22.86,2.31,0.73,-0.33,-0.5,-0.68,0.15
A_M_1.7999999999999998_1.0_51,25.39,2.31,0.73,-0.33,-0.5,-0.68,0.15
A_M_1.7999999999999998_1.0_52,24.78,2.31,0.73,-0.33,-0.5,-0.68,0.15
A_M_1.7999999999999998_1.0_53,23.67,2.31,0.73,-0.33,-0.5,-0.68,0.15
A_M_1.7999999999999998_1.0_54,25.41,2.31,0.73,-0.33,-0.5,-0.68,0.15
A_M_1.7999999999999998_1.0_55,23.85,2.31,0.73,-0.33,-0.5,-0.68,0.15
A_M_1.7999999999999998_1.0_56,21.99,2.31,0.73,-0.33,-0.5,-0.68,0.15
A_M_1.7999999999999998_1.0_57,24.54,2.31,0.73,-0.33,-0.5,-0.68,0.15
A_M_1.7999999999999998_1.0_58,24.8,2.31,0.73,-0.33,-0.5,-0.68,0.15
A_M_1.7999999999999998_1.0_59,24.99,2.31,0.73,-0.33,-0.5,-0.68,0.15
A_M_1.7999999999999998_1.0_60,24.23,2.31,0.73,-0.33,-0.5,-0.68,0.15
A_M_1.7999999999999998_1.0_61,23.61,2.31,0.73,-0.33,-0.5,-0.68,0.15
A_M_1.7999999999999998_1.0_62,20.62,2.31,0.73,-0.33,-0.5,-0.68,0.15
A_M_1.7999999999999998_1.0_63,22.85,2.31,0.73,-0.33,-0.5,-0.68,0.15
A_M_1.7999999999999998_1.0_64,24.54,2.31,0.73,-0.33,-0.5,-0.68,0.15
A_M_1.7999999999999998_1.0_65,25.58,2.31,0.73,-0.33,-0.5,-0.68,0.15
A_M_1.7999999999999998_1.0_66,25.5,2.31,0.73,-0.33,-0.5,-0.68,0.15
A_M_1.7999999999999998_1.0_67,23.38,2.31,0.73,-0.33,-0.5,-0.68,0.15
A_M_1.7999999999999998_1.0_68,25.07,2.31,0.73,-0.33,-0.5,-0.68,0.15
A_M_1.7999999999999998_1.0_69,24.35,2.31,0.73,-0.33,-0.5,-0.68,0.15
A_M_1.7999999999999998_1.0_70,25.36,2.31,0.73,-0.33,-0.5,-0.68,0.15
A_M_1.7999999999999998_1.0_71,24.84,2.31,0.73,-0.33,-0.5,-0.68,0.15
A_M_1.7999999999999998_1.0_72,25.5,2.31,0.73,-0.33,-0.5,-0.68,0.15
A_M_1.7999999999999998_1.0_73,25.58,2.31,0.73,-0.33,-0.5,-0.68,0.15
A_M_1.7999999999999998_1.0_74,25.4,2.31,0.73,-0.33,-0.5,-0.68,0.15
A_M_1.7999999999999998_1.0_75,15.4,2.31,0.73,-0.33,-0.5,-0.68,0.15
A_M_1.7999999999999998_1.0_76,24.24,2.31,0.73,-0.33,-0.5,-0.68,0.15
A_M_1.7999999999999998_1.0_77,21.32,2.31,0.73,-0.33,-0.5,-0.68,0.15
A_M_1.7999999999999998_1.0_78,25.61,2.31,0.73,-0.33,-0.5,-0.68,0.15
A_M_1.7999999999999998_1.0_79,22.95,2.31,0.73,-0.33,-0.5,-0.68,0.15
A_M_1.7999999999999998_1.0_80,24.34,2.31,0.73,-0.33,-0.5,-0.68,0.15
A_M_1.7999999999999998_1.0_81,25.18,2.31,0.73,-0.33,-0.5,-0.68,0.15
A_M_1.7999999999999998_1.0_82,25.28,2.31,0.73,-0.33,-0.5,-0.68,0.15
A_M_1.7999999999999998_1.0_83,24.05,2.31,0.73,-0.33,-0.5,-0.68,0.15
A_M_1.7999999999999998_1.0_84,23.82,2.31,0.73,-0.33,-0.5,-0.68,0.15
A_M_1.7999999999999998_1.0_85,25.56,2.31,0.73,-0.33,-0.5,-0.68,0.15
A_M_1.7999999999999998_1.0_86,25.08,2.31,0.73,-0.33,-0.5,-0.68,0.15
A_M_1.7999999999999998_1.0_87,24.48,2.31,0.73,-0.33,-0.5,-0.68,0.15
A_M_1.7999999999999998_1.0_88,24.35,2.31,0.73,-0.33,-0.5,-0.68,0.15
A_M_1.7999999999999998_1.0_89,24.85,2.31,0.73,-0.33,-0.5,-0.68,0.15
A_M_1.7999999999999998_1.0_90,25.58,2.31,0.73,-0.33,-0.5,-0.68,0.15
A_M_1.7999999999999998_1.0_91,21.81,2.31,0.73,-0.33,-0.5,-0.68,0.15
A_M_1.7999999999999998_1.0_92,24.6,2.31,0.73,-0.33,-0.5,-0.68,0.15
A_M_1.7999999999999998_1.0_93,25.5,2.31,0.73,-0.33,-0.5,-0.68,0.15
A_M_1.7999999999999998_1.0_94,24.65,2.31,0.73,-0.33,-0.5,-0.68,0.15
A_M_1.7999999999999998_1.0_95,21.67,2.31,0.73,-0.33,-0.5,-0.68,0.15
A_M_1.7999999999999998_1.0_96,21.73,2.31,0.73,-0.33,-0.5,-0.68,0.15
A_M_1.7999999999999998_1.0_97,25.46,2.31,0.73,-0.33,-0.5,-0.68,0.15
A_M_1.7999999999999998_1.0_98,24.91,2.31,0.73,-0.33,-0.5,-0.68,0.15
A_M_1.7999999999999998_1.0_99,24.38,2.31,0.73,-0.33,-0.5,-0.68,0.15
A_M_1.7999999999999998_1.0_100,22.24,2.31,0.73,-0.33,-0.5,-0.68,0.15
A_M_1.7999999999999998_1.0_101,25.24,2.31,0.73,-0.33,-0.5,-0.68,0.15
A_M_1.7999999999999998_1.0_102,24.28,2.31,0.73,-0.33,-0.5,-0.68,0.15
A_M_1.7999999999999998_1.0_103,25.57,2.31,0.73,-0.33,-0.5,-0.68,0.15
A_M_1.7999999999999998_1.0_104,21.84,2.31,0.73,-0.33,-0.5,-0.68,0.15
A_M_1.7999999999999998_1.0_105,23.82,2.31,0.73,-0.33,-0.5,-0.68,0.15
A_M_1.7999999999999998_1.0_106,24.5,2.31,0.73,-0.33,-0.5,-0.68,0.15
A_M_1.7999999999999998_1.0_107,25.58,2.31,0.73,-0.33,-0.5,-0.68,0.15
A_M_1.7999999999999998_1.0_108,24.28,2.31,0.73,-0.33,-0.5,-0.68,0.15
A_M_1.7999999999999998_1.0_109,23.59,2.31,0.73,-0.33,-0.5,-0.68,0.15
A_M_1.7999999999999998_1.0_110,22.78,2.31,0.73,-0.33,-0.5,-0.68,0.15
A_M_1.7999999999999998_1.0_111,24.04,2.31,0.73,-0.33,-0.5,-0.68,0.15
A_M_1.7999999999999998_1.0_112,25.39,2.31,0.73,-0.33,-0.5,-0.68,0.15
A_M_1.7999999999999998_1.0_113,25.13,2.31,0.73,-0.33,-0.5,-0.68,0.15
A_M_1.7999999999999998_1.0_114,21.73,2.31,0.73,-0.33,-0.5,-0.68,0.15
A_M_1.7999999999999998_1.0_115,24.93,2.31,0.73,-0.33,-0.5,-0.68,0.15
A_M_1.7999999999999998_1.0_116,24.98,2.31,0.73,-0.33,-0.5,-0.68,0.15
A_M_1.7999999999999998_1.0_117,25.33,2.31,0.73,-0.33,-0.5,-0.68,0.15
A_M_1.7999999999999998_1.0_118,24.5,2.31,0.73,-0.33,-0.5,-0.68,0.15
A_M_1.7999999999999998_1.0_119,17.87,2.31,0.73,-0.33,-0.5,-0.68,0.15
A_M_1.7999999999999998_1.0_120,25.42,2.31,0.73,-0.33,-0.5,-0.68,0.15
A_M_1.7999999999999998_1.0_121,20.81,2.31,0.73,-0.33,-0.5,-0.68,0.15
A_M_1.7999999999999998_1.0_122,25.34,2.31,0.73,-0.33,-0.5,-0.68,0.15
A_M_1.7999999999999998_1.0_123,18.17,2.31,0.73,-0.33,-0.5,-0.68,0.15
A_M_1.7999999999999998_1.0_124,24.29,2.31,0.73,-0.33,-0.5,-0.68,0.15
A_M_1.7999999999999998_1.0_125,23.81,2.31,0.73,-0.33,-0.5,-0.68,0.15
A_M_1.7999999999999998_1.0_126,25.17,2.31,0.73,-0.33,-0.5,-0.68,0.15
A_M_1.7999999999999998_1.0_127,24.63,2.31,0.73,-0.33,-0.5,-0.68,0.15
A_M_1.7999999999999998_1.0_128,21.91,2.31,0.73,-0.33,-0.5,-0.68,0.15
A_M_1.7999999999999998_1.0_129,25.06,2.31,0.73,-0.33,-0.5,-0.68,0.15
A_M_1.7999999999999998_1.0_130,22.66,2.31,0.73,-0.33,-0.5,-0.68,0.15
A_M_1.7999999999999998_1.0_131,25.58,2.31,0.73,-0.33,-0.5,-0.68,0.15
A_M_1.7999999999999998_1.0_132,24.92,2.31,0.73,-0.33,-0.5,-0.68,0.15
A_M_1.7999999999999998_1.0_133,24.82,2.31,0.73,-0.33,-0.5,-0.68,0.15
A_M_1.7999999999999998_1.0_134,25.4,2.31,0.73,-0.33,-0.5,-0.68,0.15
A_M_1.7999999999999998_1.0_135,25.15,2.31,0.73,-0.33,-0.5,-0.68,0.15
A_M_1.7999999999999998_1.0_136,24.17,2.31,0.73,-0.33,-0.5,-0.68,0.15
A_M_1.7999999999999998_1.0_137,24.67,2.31,0.73,-0.33,-0.5,-0.68,0.15
A_M_1.7999999999999998_1.0_138,23.36,2.31,0.73,-0.33,-0.5,-0.68,0.15
A_M_1.7999999999999998_1.0_139,24.33,2.31,0.73,-0.33,-0.5,-0.68,0.15
A_M_1.7999999999999998_1.0_140,25.21,2.31,0.73,-0.33,-0.5,-0.68,0.15
A_M_1.7999999999999998_1.0_141,24.9,2.31,0.73,-0.33,-0.5,-0.68,0.15
A_M_1.7999999999999998_1.0_142,24.44,2.31,0.73,-0.33,-0.5,-0.68,0.15
A_M_1.7999999999999998_1.0_143,25.14,2.31,0.73,-0.33,-0.5,-0.68,0.15
A_M_1.7999999999999998_1.0_144,24.72,2.31,0.73,-0.33,-0.5,-0.68,0.15
A_M_1.7999999999999998_1.0_145,23.37,2.31,0.73,-0.33,-0.5,-0.68,0.15
A_M_1.7999999999999998_1.0_146,25.24,2.31,0.73,-0.33,-0.5,-0.68,0.15
A_M_1.7999999999999998_1.0_147,24.81,2.31,0.73,-0.33,-0.5,-0.68,0.15
A_M_1.7999999999999998_1.0_148,20.29,2.31,0.73,-0.33,-0.5,-0.68,0.15
A_M_1.7999999999999998_1.0_149,25.1,2.31,0.73,-0.33,-0.5,-0.68,0.15
A_M_1.7999999999999998_1.0_150,25.48,2.31,0.73,-0.33,-0.5,-0.68,0.15
A_M_1.7999999999999998_1.0_151,25.05,2.31,0.73,-0.33,-0.5,-0.68,0.15
A_M_1.7999999999999998_1.0_152,25.53,2.31,0.73,-0.33,-0.5,-0.68,0.15
A_M_1.7999999999999998_1.0_153,25.39,2.31,0.73,-0.33,-0.5,-0.68,0.15
A_M_1.7999999999999998_1.0_154,24.91,2.31,0.73,-0.33,-0.5,-0.68,0.15
A_M_1.7999999999999998_1.0_155,25.18,2.31,0.73,-0.33,-0.5,-0.68,0.15
A_M_1.7999999999999998_1.0_156,25.4,2.31,0.73,-0.33,-0.5,-0.68,0.15
A_M_1.7999999999999998_1.0_157,25.05,2.31,0.73,-0.33,-0.5,-0.68,0.15
A_M_1.7999999999999998_1.0_158,24.52,2.31,0.73,-0.33,-0.5,-0.68,0.15
A_M_1.7999999999999998_1.0_159,24.61,2.31,0.73,-0.33,-0.5,-0.68,0.15
A_M_1.7999999999999998_1.0_160,23.76,2.31,0.73,-0.33,-0.5,-0.68,0.15
A_M_1.7999999999999998_1.0_161,24.69,2.31,0.73,-0.33,-0.5,-0.68,0.15
A_M_1.7999999999999998_1.0_162,22.58,2.31,0.73,-0.33,-0.5,-0.68,0.15
A_M_1.7999999999999998_1.0_163,24.16,2.31,0.73,-0.33,-0.5,-0.68,0.15
A_M_1.7999999999999998_1.0_164,13.82,2.31,0.73,-0.33,-0.5,-0.68,0.15
A_M_1.7999999999999998_1.0_165,24.92,2.31,0.73,-0.33,-0.5,-0.68,0.15
A_M_1.7999999999999998_1.0_166,20.69,2.31,0.73,-0.33,-0.5,-0.68,0.15
A_M_1.7999999999999998_1.0_167,24.52,2.31,0.73,-0.33,-0.5,-0.68,0.15
A_M_1.7999999999999998_1.0_168,23.84,2.31,0.73,-0.33,-0.5,-0.68,0.15
A_M_1.7999999999999998_1.0_169,19.69,2.31,0.73,-0.33,-0.5,-0.68,0.15
A_M_1.7999999999999998_1.0_170,17.84,2.31,0.73,-0.33,-0.5,-0.68,0.15
A_M_1.7999999999999998_1.0_171,25.38,2.31,0.73,-0.33,-0.5,-0.68,0.15
A_M_1.7999999999999998_1.0_172,25.61,2.31,0.73,-0.33,-0.5,-0.68,0.15
A_M_1.7999999999999998_1.0_173,21.05,2.31,0.73,-0.33,-0.5,-0.68,0.15
A_M_1.7999999999999998_1.0_174,24.78,2.31,0.73,-0.33,-0.5,-0.68,0.15
A_M_1.7999999999999998_1.0_175,24.07,2.31,0.73,-0.33,-0.5,-0.68,0.15
A_M_1.7999999999999998_1.0_176,16.09,2.31,0.73,-0.33,-0.5,-0.68,0.15
A_M_1.7999999999999998_1.0_177,25.21,2.31,0.73,-0.33,-0.5,-0.68,0.15
A_M_1.7999999999999998_1.0_178,25.15,2.31,0.73,-0.33,-0.5,-0.68,0.15
A_M_1.7999999999999998_1.0_179,24.51,2.31,0.73,-0.33,-0.5,-0.68,0.15
A_M_1.7999999999999998_1.0_180,23.76,2.31,0.73,-0.33,-0.5,-0.68,0.15
A_M_1.7999999999999998_1.0_181,23.7,2.31,0.73,-0.33,-0.5,-0.68,0.15
A_M_1.7999999999999998_1.0_182,25.31,2.31,0.73,-0.33,-0.5,-0.68,0.15
A_M_1.7999999999999998_1.0_183,25.08,2.31,0.73,-0.33,-0.5,-0.68,0.15
A_M_1.7999999999999998_1.0_184,23.8,2.31,0.73,-0.33,-0.5,-0.68,0.15
A_M_1.7999999999999998_1.0_185,25.09,2.31,0.73,-0.33,-0.5,-0.68,0.15
A_M_1.7999999999999998_1.0_186,21.82,2.31,0.73,-0.33,-0.5,-0.68,0.15
A_M_1.7999999999999998_1.0_187,25.56,2.31,0.73,-0.33,-0.5,-0.68,0.15
A_M_1.7999999999999998_1.0_188,23.66,2.31,0.73,-0.33,-0.5,-0.68,0.15
A_M_1.7999999999999998_1.0_189,24.68,2.31,0.73,-0.33,-0.5,-0.68,0.15
A_M_1.7999999999999998_1.0_190,24.92,2.31,0.73,-0.33,-0.5,-0.68,0.15
A_M_1.7999999999999998_1.0_191,25.35,2.31,0.73,-0.33,-0.5,-0.68,0.15
A_M_1.7999999999999998_1.0_192,24.03,2.31,0.73,-0.33,-0.5,-0.68,0.15
A_M_1.7999999999999998_1.0_193,21.34,2.31,0.73,-0.33,-0.5,-0.68,0.15
A_M_1.7999999999999998_1.0_194,23.88,2.31,0.73,-0.33,-0.5,-0.68,0.15
A_M_1.7999999999999998_1.0_195,19.18,2.31,0.73,-0.33,-0.5,-0.68,0.15
A_M_1.7999999999999998_1.0_196,23.68,2.31,0.73,-0.33,-0.5,-0.68,0.15
A_M_1.7999999999999998_1.0_197,22.75,2.31,0.73,-0.33,-0.5,-0.68,0.15
A_M_1.7999999999999998_1.0_198,23.92,2.31,0.73,-0.33,-0.5,-0.68,0.15
A_M_1.7999999999999998_1.0_199,22.85,2.31,0.73,-0.33,-0.5,-0.68,0.15
A_M_1.7999999999999998_1.0_200,23.63,2.31,0.73,-0.33,-0.5,-0.68,0.15
A_M_1.7999999999999998_1.0_201,25.4,2.31,0.73,-0.33,-0.5,-0.68,0.15
A_M_1.7999999999999998_1.0_202,25.5,2.31,0.73,-0.33,-0.5,-0.68,0.15
A_M_1.7999999999999998_1.0_203,24.7,2.31,0.73,-0.33,-0.5,-0.68,0.15
A_M_1.7999999999999998_1.0_204,22.13,2.31,0.73,-0.33,-0.5,-0.68,0.15
A_M_1.7999999999999998_1.0_205,25.53,2.31,0.73,-0.33,-0.5,-0.68,0.15
A_M_1.7999999999999998_1.0_206,22.65,2.31,0.73,-0.33,-0.5,-0.68,0.15
A_M_1.7999999999999998_1.0_207,24.61,2.31,0.73,-0.33,-0.5,-0.68,0.15
A_M_1.7999999999999998_1.0_208,24.65,2.31,0.73,-0.33,-0.5,-0.68,0.15
A_M_1.7999999999999998_1.0_209,24.92,2.31,0.73,-0.33,-0.5,-0.68,0.15
A_M_1.7999999999999998_1.0_210,25.57,2.31,0.73,-0.33,-0.5,-0.68,0.15
A_M_1.7999999999999998_1.0_211,24.69,2.31,0.73,-0.33,-0.5,-0.68,0.15
A_M_1.7999999999999998_1.0_212,25.52,2.31,0.73,-0.33,-0.5,-0.68,0.15
A_M_1.7999999999999998_1.0_213,24.4,2.31,0.73,-0.33,-0.5,-0.68,0.15
A_M_1.7999999999999998_1.0_214,23.05,2.31,0.73,-0.33,-0.5,-0.68,0.15
A_M_1.7999999999999998_1.0_215,24.58,2.31,0.73,-0.33,-0.5,-0.68,0.15
A_M_1.7999999999999998_1.0_216,22.61,2.31,0.73,-0.33,-0.5,-0.68,0.15
A_M_1.7999999999999998_1.0_217,24.52,2.31,0.73,-0.33,-0.5,-0.68,0.15
A_M_1.7999999999999998_1.0_218,24.87,2.31,0.73,-0.33,-0.5,-0.68,0.15
A_M_1.7999999999999998_1.0_219,22.74,2.31,0.73,-0.33,-0.5,-0.68,0.15
A_M_1.7999999999999998_1.0_220,24.9,2.31,0.73,-0.33,-0.5,-0.68,0.15
A_M_1.7999999999999998_1.0_221,25.49,2.31,0.73,-0.33,-0.5,-0.68,0.15
A_M_1.7999999999999998_1.0_222,24.54,2.31,0.73,-0.33,-0.5,-0.68,0.15
A_M_1.7999999999999998_1.0_223,24.92,2.31,0.73,-0.33,-0.5,-0.68,0.15
A_M_1.7999999999999998_1.0_224,17.73,2.31,0.73,-0.33,-0.5,-0.68,0.15
A_M_1.7999999999999998_1.0_225,25.0,2.31,0.73,-0.33,-0.5,-0.68,0.15
A_M_1.7999999999999998_1.0_226,24.87,2.31,0.73,-0.33,-0.5,-0.68,0.15
A_M_1.7999999999999998_1.0_227,25.17,2.31,0.73,-0.33,-0.5,-0.68,0.15
A_M_1.7999999999999998_1.0_228,24.75,2.31,0.73,-0.33,-0.5,-0.68,0.15
A_M_1.7999999999999998_1.0_229,25.27,2.31,0.73,-0.33,-0.5,-0.68,0.15
A_M_1.7999999999999998_1.0_230,21.19,2.31,0.73,-0.33,-0.5,-0.68,0.15
A_M_1.7999999999999998_1.0_231,18.94,2.31,0.73,-0.33,-0.5,-0.68,0.15
A_M_1.7999999999999998_1.0_232,25.18,2.31,0.73,-0.33,-0.5,-0.68,0.15
A_M_1.7999999999999998_1.0_233,24.3,2.31,0.73,-0.33,-0.5,-0.68,0.15
A_M_1.7999999999999998_1.0_234,25.04,2.31,0.73,-0.33,-0.5,-0.68,0.15
A_M_1.7999999999999998_1.0_235,24.56,2.31,0.73,-0.33,-0.5,-0.68,0.15
A_M_1.7999999999999998_1.0_236,23.39,2.31,0.73,-0.33,-0.5,-0.68,0.15
A_M_1.7999999999999998_1.0_237,19.29,2.31,0.73,-0.33,-0.5,-0.68,0.15
A_M_1.7999999999999998_1.0_238,25.24,2.31,0.73,-0.33,-0.5,-0.68,0.15
A_M_1.7999999999999998_1.0_239,22.01,2.31,0.73,-0.33,-0.5,-0.68,0.15
A_M_1.7999999999999998_1.0_240,24.23,2.31,0.73,-0.33,-0.5,-0.68,0.15
A_M_1.7999999999999998_1.0_241,25.41,2.31,0.73,-0.33,-0.5,-0.68,0.15
A_M_1.7999999999999998_1.0_242,25.56,2.31,0.73,-0.33,-0.5,-0.68,0.15
A_M_1.7999999999999998_1.0_243,20.86,2.31,0.73,-0.33,-0.5,-0.68,0.15
A_M_1.7999999999999998_1.0_244,21.81,2.31,0.73,-0.33,-0.5,-0.68,0.15
A_M_1.7999999999999998_1.0_245,25.61,2.31,0.73,-0.33,-0.5,-0.68,0.15
A_M_1.7999999999999998_1.0_246,24.79,2.31,0.73,-0.33,-0.5,-0.68,0.15
A_M_1.7999999999999998_1.0_247,25.12,2.31,0.73,-0.33,-0.5,-0.68,0.15
A_M_1.7999999999999998_1.0_248,19.59,2.31,0.73,-0.33,-0.5,-0.68,0.15
A_M_1.7999999999999998_1.0_249,25.49,2.31,0.73,-0.33,-0.5,-0.68,0.15
A_M_1.7999999999999998_1.0_250,24.15,2.31,0.73,-0.33,-0.5,-0.68,0.15
A_M_1.7999999999999998_1.0_251,25.47,2.31,0.73,-0.33,-0.5,-0.68,0.15
A_M_1.7999999999999998_1.0_252,24.73,2.31,0.73,-0.33,-0.5,-0.68,0.15
A_M_1.7999999999999998_1.0_253,21.64,2.31,0.73,-0.33,-0.5,-0.68,0.15
A_M_1.7999999999999998_1.0_254,24.37,2.31,0.73,-0.33,-0.5,-0.68,0.15
A_M_1.7999999999999998_1.0_255,20.05,2.31,0.73,-0.33,-0.5,-0.68,0.15
A_M_1.7999999999999998_1.0_256,25.29,2.31,0.73,-0.33,-0.5,-0.68,0.15
A_M_1.7999999999999998_1.0_257,21.47,2.31,0.73,-0.33,-0.5,-0.68,0.15
A_M_1.7999999999999998_1.0_258,20.39,2.31,0.73,-0.33,-0.5,-0.68,0.15
A_M_1.7999999999999998_1.0_259,20.96,2.31,0.73,-0.33,-0.5,-0.68,0.15
A_M_1.7999999999999998_1.0_260,25.53,2.31,0.73,-0.33,-0.5,-0.68,0.15
A_M_1.7999999999999998_1.0_261,25.18,2.31,0.73,-0.33,-0.5,-0.68,0.15
A_M_1.7999999999999998_1.0_262,24.33,2.31,0.73,-0.33,-0.5,-0.68,0.15
A_M_1.7999999999999998_1.0_263,25.12,2.31,0.73,-0.33,-0.5,-0.68,0.15
A_M_1.7999999999999998_1.0_264,24.61,2.31,0.73,-0.33,-0.5,-0.68,0.15
A_M_1.7999999999999998_1.0_265,24.81,2.31,0.73,-0.33,-0.5,-0.68,0.15
A_M_1.7999999999999998_1.0_266,24.39,2.31,0.73,-0.33,-0.5,-0.68,0.15
A_M_1.7999999999999998_1.0_267,22.66,2.31,0.73,-0.33,-0.5,-0.68,0.15
A_M_1.7999999999999998_1.0_268,23.47,2.31,0.73,-0.33,-0.5,-0.68,0.15
A_M_1.7999999999999998_1.0_269,25.03,2.31,0.73,-0.33,-0.5,-0.68,0.15
A_M_1.7999999999999998_1.0_270,25.14,2.31,0.73,-0.33,-0.5,-0.68,0.15
A_M_1.7999999999999998_1.0_271,22.66,2.31,0.73,-0.33,-0.5,-0.68,0.15
A_M_1.7999999999999998_1.0_272,22.26,2.31,0.73,-0.33,-0.5,-0.68,0.15
A_M_1.7999999999999998_1.0_273,23.9,2.31,0.73,-0.33,-0.5,-0.68,0.15
A_M_1.7999999999999998_1.0_274,24.97,2.31,0.73,-0.33,-0.5,-0.68,0.15
A_M_1.7999999999999998_1.0_275,25.38,2.31,0.73,-0.33,-0.5,-0.68,0.15
A_M_1.7999999999999998_1.0_276,25.17,2.31,0.73,-0.33,-0.5,-0.68,0.15
A_M_1.7999999999999998_1.0_277,21.94,2.31,0.73,-0.33,-0.5,-0.68,0.15
A_M_1.7999999999999998_1.0_278,23.91,2.31,0.73,-0.33,-0.5,-0.68,0.15
A_M_1.7999999999999998_1.0_279,22.62,2.31,0.73,-0.33,-0.5,-0.68,0.15
A_M_1.7999999999999998_1.0_280,25.3,2.31,0.73,-0.33,-0.5,-0.68,0.15
A_M_1.7999999999999998_1.0_281,24.83,2.31,0.73,-0.33,-0.5,-0.68,0.15
A_M_1.7999999999999998_1.0_282,25.52,2.31,0.73,-0.33,-0.5,-0.68,0.15
A_M_1.7999999999999998_1.0_283,24.42,2.31,0.73,-0.33,-0.5,-0.68,0.15
A_M_1.7999999999999998_1.0_284,25.57,2.31,0.73,-0.33,-0.5,-0.68,0.15
A_M_1.7999999999999998_1.0_285,24.9,2.31,0.73,-0.33,-0.5,-0.68,0.15
A_M_1.7999999999999998_1.0_286,23.6,2.31,0.73,-0.33,-0.5,-0.68,0.15
A_M_1.7999999999999998_1.0_287,25.46,2.31,0.73,-0.33,-0.5,-0.68,0.15
A_M_1.7999999999999998_1.0_288,24.23,2.31,0.73,-0.33,-0.5,-0.68,0.15
A_M_1.7999999999999998_1.0_289,20.38,2.31,0.73,-0.33,-0.5,-0.68,0.15
A_M_1.7999999999999998_1.0_290,23.95,2.31,0.73,-0.33,-0.5,-0.68,0.15
A_M_1.7999999999999998_1.0_291,25.11,2.31,0.73,-0.33,-0.5,-0.68,0.15
A_M_1.7999999999999998_1.0_292,24.41,2.31,0.73,-0.33,-0.5,-0.68,0.15
A_M_1.7999999999999998_1.0_293,17.8,2.31,0.73,-0.33,-0.5,-0.68,0.15
A_M_1.7999999999999998_1.0_294,25.05,2.31,0.73,-0.33,-0.5,-0.68,0.15
A_M_1.7999999999999998_1.0_295,25.15,2.31,0.73,-0.33,-0.5,-0.68,0.15
A_M_1.7999999999999998_1.0_296,25.24,2.31,0.73,-0.33,-0.5,-0.68,0.15
A_M_1.7999999999999998_1.0_297,25.16,2.31,0.73,-0.33,-0.5,-0.68,0.15
A_M_1.7999999999999998_1.0_298,23.43,2.31,0.73,-0.33,-0.5,-0.68,0.15
A_M_1.7999999999999998_1.0_299,24.85,2.31,0.73,-0.33,-0.5,-0.68,0.15
A_M_1.7999999999999998_1.0_300,24.81,2.31,0.73,-0.33,-0.5,-0.68,0.15
A_M_1.7999999999999998_1.0_301,16.83,2.31,0.73,-0.33,-0.5,-0.68,0.15
A_M_1.7999999999999998_1.0_302,25.55,2.31,0.73,-0.33,-0.5,-0.68,0.15
A_M_1.7999999999999998_1.0_303,21.01,2.31,0.73,-0.33,-0.5,-0.68,0.15
A_M_1.7999999999999998_1.0_304,25.03,2.31,0.73,-0.33,-0.5,-0.68,0.15
A_M_1.7999999999999998_1.0_305,25.18,2.31,0.73,-0.33,-0.5,-0.68,0.15
A_M_1.7999999999999998_1.0_306,21.48,2.31,0.73,-0.33,-0.5,-0.68,0.15
A_M_1.7999999999999998_1.0_307,21.38,2.31,0.73,-0.33,-0.5,-0.68,0.15
A_M_1.7999999999999998_1.0_308,21.61,2.31,0.73,-0.33,-0.5,-0.68,0.15
A_M_1.7999999999999998_1.0_309,24.9,2.31,0.73,-0.33,-0.5,-0.68,0.15
A_M_1.7999999999999998_1.0_310,24.54,2.31,0.73,-0.33,-0.5,-0.68,0.15
A_M_1.7999999999999998_1.0_311,23.81,2.31,0.73,-0.33,-0.5,-0.68,0.15
A_M_1.7999999999999998_1.0_312,24.86,2.31,0.73,-0.33,-0.5,-0.68,0.15
A_M_1.7999999999999998_1.0_313,22.84,2.31,0.73,-0.33,-0.5,-0.68,0.15
A_M_1.7999999999999998_1.0_314,22.95,2.31,0.73,-0.33,-0.5,-0.68,0.15
A_M_1.7999999999999998_1.0_315,14.76,2.31,0.73,-0.33,-0.5,-0.68,0.15
A_M_1.7999999999999998_1.0_316,24.34,2.31,0.73,-0.33,-0.5,-0.68,0.15
A_M_1.7999999999999998_1.0_317,22.08,2.31,0.73,-0.33,-0.5,-0.68,0.15
A_M_1.7999999999999998_1.0_318,24.65,2.31,0.73,-0.33,-0.5,-0.68,0.15
A_M_1.7999999999999998_1.0_319,18.43,2.31,0.73,-0.33,-0.5,-0.68,0.15
A_M_1.7999999999999998_1.0_320,24.66,2.31,0.73,-0.33,-0.5,-0.68,0.15
A_M_1.7999999999999998_1.0_321,25.35,2.31,0.73,-0.33,-0.5,-0.68,0.15
A_M_1.7999999999999998_1.0_322,23.14,2.31,0.73,-0.33,-0.5,-0.68,0.15
A_M_1.7999999999999998_1.0_323,24.67,2.31,0.73,-0.33,-0.5,-0.68,0.15
A_M_1.7999999999999998_1.0_324,24.6,2.31,0.73,-0.33,-0.5,-0.68,0.15
A_M_1.7999999999999998_1.0_325,23.2,2.31,0.73,-0.33,-0.5,-0.68,0.15
A_M_1.7999999999999998_1.0_326,25.29,2.31,0.73,-0.33,-0.5,-0.68,0.15
A_M_1.7999999999999998_1.0_327,25.59,2.31,0.73,-0.33,-0.5,-0.68,0.15
A_M_1.7999999999999998_1.0_328,23.13,2.31,0.73,-0.33,-0.5,-0.68,0.15
A_M_1.7999999999999998_1.0_329,25.51,2.31,0.73,-0.33,-0.5,-0.68,0.15
A_M_1.7999999999999998_1.0_330,22.21,2.31,0.73,-0.33,-0.5,-0.68,0.15
A_M_1.7999999999999998_1.0_331,25.29,2.31,0.73,-0.33,-0.5,-0.68,0.15
A_M_1.7999999999999998_1.0_332,25.46,2.31,0.73,-0.33,-0.5,-0.68,0.15
A_M_1.7999999999999998_1.0_333,23.77,2.31,0.73,-0.33,-0.5,-0.68,0.15
A_M_1.7999999999999998_1.0_334,25.51,2.31,0.73,-0.33,-0.5,-0.68,0.15
A_M_1.7999999999999998_1.0_335,24.79,2.31,0.73,-0.33,-0.5,-0.68,0.15
A_M_1.7999999999999998_1.0_336,20.98,2.31,0.73,-0.33,-0.5,-0.68,0.15
A_M_1.7999999999999998_1.0_337,24.37,2.31,0.73,-0.33,-0.5,-0.68,0.15
A_M_1.7999999999999998_1.0_338,25.05,2.31,0.73,-0.33,-0.5,-0.68,0.15
A_M_1.7999999999999998_1.0_339,23.62,2.31,0.73,-0.33,-0.5,-0.68,0.15
A_M_1.7999999999999998_1.0_340,23.99,2.31,0.73,-0.33,-0.5,-0.68,0.15
A_M_1.7999999999999998_1.0_341,24.98,2.31,0.73,-0.33,-0.5,-0.68,0.15
A_M_1.7999999999999998_1.0_342,24.79,2.31,0.73,-0.33,-0.5,-0.68,0.15
A_M_1.7999999999999998_1.0_343,25.31,2.31,0.73,-0.33,-0.5,-0.68,0.15
A_M_1.7999999999999998_1.0_344,23.24,2.31,0.73,-0.33,-0.5,-0.68,0.15
A_M_1.7999999999999998_1.0_345,24.42,2.31,0.73,-0.33,-0.5,-0.68,0.15
A_M_1.7999999999999998_1.0_346,25.32,2.31,0.73,-0.33,-0.5,-0.68,0.15
A_M_1.7999999999999998_1.0_347,20.43,2.31,0.73,-0.33,-0.5,-0.68,0.15
A_M_1.7999999999999998_1.0_348,24.34,2.31,0.73,-0.33,-0.5,-0.68,0.15
A_M_1.7999999999999998_1.0_349,24.57,2.31,0.73,-0.33,-0.5,-0.68,0.15
A_M_1.7999999999999998_1.0_350,25.46,2.31,0.73,-0.33,-0.5,-0.68,0.15
A_M_1.7999999999999998_1.0_351,25.34,2.31,0.73,-0.33,-0.5,-0.68,0.15
A_M_1.7999999999999998_1.0_352,21.79,2.31,0.73,-0.33,-0.5,-0.68,0.15
A_M_1.7999999999999998_1.0_353,25.22,2.31,0.73,-0.33,-0.5,-0.68,0.15
A_M_1.7999999999999998_1.0_354,23.38,2.31,0.73,-0.33,-0.5,-0.68,0.15
A_M_1.7999999999999998_1.0_355,25.46,2.31,0.73,-0.33,-0.5,-0.68,0.15
A_M_1.7999999999999998_1.0_356,23.08,2.31,0.73,-0.33,-0.5,-0.68,0.15
A_M_1.7999999999999998_1.0_357,23.79,2.31,0.73,-0.33,-0.5,-0.68,0.15
A_M_1.7999999999999998_1.0_358,25.17,2.31,0.73,-0.33,-0.5,-0.68,0.15
A_M_1.7999999999999998_1.0_359,24.04,2.31,0.73,-0.33,-0.5,-0.68,0.15
A_M_1.7999999999999998_1.0_360,25.33,2.31,0.73,-0.33,-0.5,-0.68,0.15
A_M_1.7999999999999998_1.0_361,25.39,2.31,0.73,-0.33,-0.5,-0.68,0.15
A_M_1.7999999999999998_1.0_362,25.42,2.31,0.73,-0.33,-0.5,-0.68,0.15
A_M_1.7999999999999998_1.0_363,23.91,2.31,0.73,-0.33,-0.5,-0.68,0.15
A_M_1.7999999999999998_1.0_364,25.51,2.31,0.73,-0.33,-0.5,-0.68,0.15
A_M_1.7999999999999998_1.0_365,25.5,2.31,0.73,-0.33,-0.5,-0.68,0.15
A_M_1.7999999999999998_1.0_366,25.19,2.31,0.73,-0.33,-0.5,-0.68,0.15
A_M_1.7999999999999998_1.0_367,25.61,2.31,0.73,-0.33,-0.5,-0.68,0.15
A_M_1.7999999999999998_1.0_368,25.51,2.31,0.73,-0.33,-0.5,-0.68,0.15
A_M_1.7999999999999998_1.0_369,24.78,2.31,0.73,-0.33,-0.5,-0.68,0.15
A_M_1.7999999999999998_1.0_370,25.33,2.31,0.73,-0.33,-0.5,-0.68,0.15
A_M_1.7999999999999998_1.0_371,22.92,2.31,0.73,-0.33,-0.5,-0.68,0.15
A_M_1.7999999999999998_1.0_372,25.51,2.31,0.73,-0.33,-0.5,-0.68,0.15
A_M_1.7999999999999998_1.0_373,22.98,2.31,0.73,-0.33,-0.5,-0.68,0.15
A_M_1.7999999999999998_1.0_374,20.35,2.31,0.73,-0.33,-0.5,-0.68,0.15
A_M_1.7999999999999998_1.0_375,25.33,2.31,0.73,-0.33,-0.5,-0.68,0.15
A_M_1.7999999999999998_1.0_376,15.86,2.31,0.73,-0.33,-0.5,-0.68,0.15
A_M_1.7999999999999998_1.0_377,21.2,2.31,0.73,-0.33,-0.5,-0.68,0.15
A_M_1.7999999999999998_1.0_378,24.68,2.31,0.73,-0.33,-0.5,-0.68,0.15
A_M_1.7999999999999998_1.0_379,23.92,2.31,0.73,-0.33,-0.5,-0.68,0.15
A_M_1.7999999999999998_1.0_380,25.51,2.31,0.73,-0.33,-0.5,-0.68,0.15
A_M_1.7999999999999998_1.0_381,24.72,2.31,0.73,-0.33,-0.5,-0.68,0.15
A_M_1.7999999999999998_1.0_382,22.42,2.31,0.73,-0.33,-0.5,-0.68,0.15
A_M_1.7999999999999998_1.0_383,13.44,2.31,0.73,-0.33,-0.5,-0.68,0.15
A_M_1.7999999999999998_1.0_384,19.1,2.31,0.73,-0.33,-0.5,-0.68,0.15
A_M_1.7999999999999998_1.0_385,24.41,2.31,0.73,-0.33,-0.5,-0.68,0.15
A_M_1.7999999999999998_1.0_386,25.32,2.31,0.73,-0.33,-0.5,-0.68,0.15
A_M_1.7999999999999998_1.0_387,24.81,2.31,0.73,-0.33,-0.5,-0.68,0.15
A_M_1.7999999999999998_1.0_388,22.9,2.31,0.73,-0.33,-0.5,-0.68,0.15
A_M_1.7999999999999998_1.0_389,25.21,2.31,0.73,-0.33,-0.5,-0.68,0.15
A_M_1.7999999999999998_1.0_390,22.93,2.31,0.73,-0.33,-0.5,-0.68,0.15
A_M_1.7999999999999998_1.0_391,25.33,2.31,0.73,-0.33,-0.5,-0.68,0.15
A_M_1.7999999999999998_1.0_392,25.22,2.31,0.73,-0.33,-0.5,-0.68,0.15
A_M_1.7999999999999998_1.0_393,23.89,2.31,0.73,-0.33,-0.5,-0.68,0.15
A_M_1.7999999999999998_1.0_394,25.39,2.31,0.73,-0.33,-0.5,-0.68,0.15
A_M_1.7999999999999998_1.0_395,25.6,2.31,0.73,-0.33,-0.5,-0.68,0.15
A_M_1.7999999999999998_1.0_396,20.79,2.31,0.73,-0.33,-0.5,-0.68,0.15
A_M_1.7999999999999998_1.0_397,22.46,2.31,0.73,-0.33,-0.5,-0.68,0.15
A_M_1.7999999999999998_1.0_398,17.6,2.31,0.73,-0.33,-0.5,-0.68,0.15
A_M_1.7999999999999998_1.0_399,25.6,2.31,0.73,-0.33,-0.5,-0.68,0.15
A_M_1.7999999999999998_1.0_400,25.32,2.31,0.73,-0.33,-0.5,-0.68,0.15
A_M_1.7999999999999998_1.0_401,20.22,2.31,0.73,-0.33,-0.5,-0.68,0.15
A_M_1.7999999999999998_1.0_402,23.19,2.31,0.73,-0.33,-0.5,-0.68,0.15
A_M_1.7999999999999998_1.0_403,25.4,2.31,0.73,-0.33,-0.5,-0.68,0.15
A_M_1.7999999999999998_1.0_404,22.18,2.31,0.73,-0.33,-0.5,-0.68,0.15
A_M_1.7999999999999998_1.0_405,24.91,2.31,0.73,-0.33,-0.5,-0.68,0.15
A_M_1.7999999999999998_1.0_406,25.13,2.31,0.73,-0.33,-0.5,-0.68,0.15
A_M_1.7999999999999998_1.0_407,16.27,2.31,0.73,-0.33,-0.5,-0.68,0.15
A_M_1.7999999999999998_1.0_408,23.74,2.31,0.73,-0.33,-0.5,-0.68,0.15
A_M_1.7999999999999998_1.0_409,24.28,2.31,0.73,-0.33,-0.5,-0.68,0.15
A_M_1.7999999999999998_1.0_410,22.71,2.31,0.73,-0.33,-0.5,-0.68,0.15
A_M_1.7999999999999998_1.0_411,24.34,2.31,0.73,-0.33,-0.5,-0.68,0.15
A_M_1.7999999999999998_1.0_412,25.31,2.31,0.73,-0.33,-0.5,-0.68,0.15
A_M_1.7999999999999998_1.0_413,25.13,2.31,0.73,-0.33,-0.5,-0.68,0.15
A_M_1.7999999999999998_1.0_414,20.42,2.31,0.73,-0.33,-0.5,-0.68,0.15
A_M_1.7999999999999998_1.0_415,25.16,2.31,0.73,-0.33,-0.5,-0.68,0.15
A_M_1.7999999999999998_1.0_416,25.06,2.31,0.73,-0.33,-0.5,-0.68,0.15
A_M_1.7999999999999998_1.0_417,23.61,2.31,0.73,-0.33,-0.5,-0.68,0.15
A_M_1.7999999999999998_1.0_418,21.02,2.31,0.73,-0.33,-0.5,-0.68,0.15
A_M_1.7999999999999998_1.0_419,25.59,2.31,0.73,-0.33,-0.5,-0.68,0.15
A_M_1.7999999999999998_1.0_420,23.47,2.31,0.73,-0.33,-0.5,-0.68,0.15
A_M_1.7999999999999998_1.0_421,25.29,2.31,0.73,-0.33,-0.5,-0.68,0.15
A_M_1.7999999999999998_1.0_422,22.72,2.31,0.73,-0.33,-0.5,-0.68,0.15
A_M_1.7999999999999998_1.0_423,25.47,2.31,0.73,-0.33,-0.5,-0.68,0.15
A_M_1.7999999999999998_1.0_424,24.45,2.31,0.73,-0.33,-0.5,-0.68,0.15
A_M_1.7999999999999998_1.0_425,25.52,2.31,0.73,-0.33,-0.5,-0.68,0.15
A_M_1.7999999999999998_1.0_426,21.41,2.31,0.73,-0.33,-0.5,-0.68,0.15
A_M_1.7999999999999998_1.0_427,24.35,2.31,0.73,-0.33,-0.5,-0.68,0.15
A_M_1.7999999999999998_1.0_428,25.23,2.31,0.73,-0.33,-0.5,-0.68,0.15
A_M_1.7999999999999998_1.0_429,12.58,2.31,0.73,-0.33,-0.5,-0.68,0.15
A_M_1.7999999999999998_1.0_430,25.6,2.31,0.73,-0.33,-0.5,-0.68,0.15
A_M_1.7999999999999998_1.0_431,24.02,2.31,0.73,-0.33,-0.5,-0.68,0.15
A_M_1.7999999999999998_1.0_432,22.77,2.31,0.73,-0.33,-0.5,-0.68,0.15
A_M_1.7999999999999998_1.0_433,20.41,2.31,0.73,-0.33,-0.5,-0.68,0.15
A_M_1.7999999999999998_1.0_434,25.44,2.31,0.73,-0.33,-0.5,-0.68,0.15
A_M_1.7999999999999998_1.0_435,22.98,2.31,0.73,-0.33,-0.5,-0.68,0.15
