ObjID,H_r,u-r,g-r,i-r,z-r,y-r,GS
A_M_1.7999999999999998_1.0_0,24.97,2.31,0.73,-0.33,-0.5,-0.68,0.15
A_M_1.7999999999999998_1.0_1,22.74,2.31,0.73,-0.33,-0.5,-0.68,0.15
A_M_1.7999999999999998_1.0_2,24.36,2.31,0.73,-0.33,-0.5,-0.68,0.15
A_M_1.7999999999999998_1.0_3,19.87,2.31,0.73,-0.33,-0.5,-0.68,0.15
A_M_1.7999999999999998_1.0_4,24.72,2.31,0.73,-0.33,-0.5,-0.68,0.15
A_M_1.7999999999999998_1.0_5,25.15,2.31,0.73,-0.33,-0.5,-0.68,0.15
A_M_1.7999999999999998_1.0_6,25.59,2.31,0.73,-0.33,-0.5,-0.68,0.15
A_M_1.7999999999999998_1.0_7,22.89,2.31,0.73,-0.33,-0.5,-0.68,0.15
A_M_1.7999999999999998_1.0_8,24.38,2.31,0.73,-0.33,-0.5,-0.68,0.15
A_M_1.7999999999999998_1.0_9,24.84,2.31,0.73,-0.33,-0.5,-0.68,0.15
A_M_1.7999999999999998_1.0_10,19.89,2.31,0.73,-0.33,-0.5,-0.68,0.15
A_M_1.7999999999999998_1.0_11,24.9,2.31,0.73,-0.33,-0.5,-0.68,0.15
A_M_1.7999999999999998_1.0_12,25.46,2.31,0.73,-0.33,-0.5,-0.68,0.15
A_M_1.7999999999999998_1.0_13,20.62,2.31,0.73,-0.33,-0.5,-0.68,0.15
A_M_1.7999999999999998_1.0_14,24.65,2.31,0.73,-0.33,-0.5,-0.68,0.15
A_M_1.7999999999999998_1.0_15,25.1,2.31,0.73,-0.33,-0.5,-0.68,0.15
A_M_1.7999999999999998_1.0_16,25.22,2.31,0.73,-0.33,-0.5,-0.68,0.15
A_M_1.7999999999999998_1.0_17,25.0,2.31,0.73,-0.33,-0.5,-0.68,0.15
A_M_1.7999999999999998_1.0_18,23.47,2.31,0.73,-0.33,-0.5,-0.68,0.15
A_M_1.7999999999999998_1.0_19,25.11,2.31,0.73,-0.33,-0.5,-0.68,0.15
A_M_1.7999999999999998_1.0_20,25.57,2.31,0.73,-0.33,-0.5,-0.68,0.15
A_M_1.7999999999999998_1.0_21,24.94,2.31,0.73,-0.33,-0.5,-0.68,0.15
A_M_1.7999999999999998_1.0_22,24.78,2.31,0.73,-0.33,-0.5,-0.68,0.15
A_M_1.7999999999999998_1.0_23,25.22,2.31,0.73,-0.33,-0.5,-0.68,0.15
A_M_1.7999999999999998_1.0_24,24.19,2.31,0.73,-0.33,-0.5,-0.68,0.15
A_M_1.7999999999999998_1.0_25,25.07,2.31,0.73,-0.33,-0.5,-0.68,0.15
A_M_1.7999999999999998_1.0_26,23.42,2.31,0.73,-0.33,-0.5,-0.68,0.15
A_M_1.7999999999999998_1.0_27,25.49,2.31,0.73,-0.33,-0.5,-0.68,0.15
A_M_1.7999999999999998_1.0_28,21.47,2.31,0.73,-0.33,-0.5,-0.68,0.15
A_M_1.7999999999999998_1.0_29,25.03,2.31,0.73,-0.33,-0.5,-0.68,0.15
A_M_1.7999999999999998_1.0_30,25.21,2.31,0.73,-0.33,-0.5,-0.68,0.15
A_M_1.7999999999999998_1.0_31,25.45,2.31,0.73,-0.33,-0.5,-0.68,0.15
A_M_1.7999999999999998_1.0_32,23.8,2.31,0.73,-0.33,-0.5,-0.68,0.15
A_M_1.7999999999999998_1.0_33,22.9,2.31,0.73,-0.33,-0.5,-0.68,0.15
A_M_1.7999999999999998_1.0_34,24.97,2.31,0.73,-0.33,-0.5,-0.68,0.15
A_M_1.7999999999999998_1.0_35,22.58,2.31,0.73,-0.33,-0.5,-0.68,0.15
A_M_1.7999999999999998_1.0_36,23.59,2.31,0.73,-0.33,-0.5,-0.68,0.15
A_M_1.7999999999999998_1.0_37,23.9,2.31,0.73,-0.33,-0.5,-0.68,0.15
A_M_1.7999999999999998_1.0_38,19.81,2.31,0.73,-0.33,-0.5,-0.68,0.15
A_M_1.7999999999999998_1.0_39,25.6,2.31,0.73,-0.33,-0.5,-0.68,0.15
A_M_1.7999999999999998_1.0_40,22.53,2.31,0.73,-0.33,-0.5,-0.68,0.15
A_M_1.7999999999999998_1.0_41,23.61,2.31,0.73,-0.33,-0.5,-0.68,0.15
A_M_1.7999999999999998_1.0_42,24.85,2.31,0.73,-0.33,-0.5,-0.68,0.15
A_M_1.7999999999999998_1.0_43,24.9,2.31,0.73,-0.33,-0.5,-0.68,0.15
A_M_1.7999999999999998_1.0_44,23.77,2.31,0.73,-0.33,-0.5,-0.68,0.15
A_M_1.7999999999999998_1.0_45,25.42,2.31,0.73,-0.33,-0.5,-0.68,0.15
A_M_1.7999999999999998_1.0_46,24.4,2.31,0.73,-0.33,-0.5,-0.68,0.15
A_M_1.7999999999999998_1.0_47,24.19,2.31,0.73,-0.33,-0.5,-0.68,0.15
A_M_1.7999999999999998_1.0_48,25.59,2.31,0.73,-0.33,-0.5,-0.68,0.15
A_M_1.7999999999999998_1.0_49,25.25,2.31,0.73,-0.33,-0.5,-0.68,0.15
A_M_1.7999999999999998_1.0_50,23.13,2.31,0.73,-0.33,-0.5,-0.68,0.15
A_M_1.7999999999999998_1.0_51,21.59,2.31,0.73,-0.33,-0.5,-0.68,0.15
A_M_1.7999999999999998_1.0_52,24.17,2.31,0.73,-0.33,-0.5,-0.68,0.15
A_M_1.7999999999999998_1.0_53,25.36,2.31,0.73,-0.33,-0.5,-0.68,0.15
A_M_1.7999999999999998_1.0_54,22.31,2.31,0.73,-0.33,-0.5,-0.68,0.15
A_M_1.7999999999999998_1.0_55,24.79,2.31,0.73,-0.33,-0.5,-0.68,0.15
A_M_1.7999999999999998_1.0_56,25.25,2.31,0.73,-0.33,-0.5,-0.68,0.15
A_M_1.7999999999999998_1.0_57,24.61,2.31,0.73,-0.33,-0.5,-0.68,0.15
A_M_1.7999999999999998_1.0_58,19.69,2.31,0.73,-0.33,-0.5,-0.68,0.15
A_M_1.7999999999999998_1.0_59,25.42,2.31,0.73,-0.33,-0.5,-0.68,0.15
A_M_1.7999999999999998_1.0_60,23.72,2.31,0.73,-0.33,-0.5,-0.68,0.15
A_M_1.7999999999999998_1.0_61,25.59,2.31,0.73,-0.33,-0.5,-0.68,0.15
A_M_1.7999999999999998_1.0_62,25.25,2.31,0.73,-0.33,-0.5,-0.68,0.15
A_M_1.7999999999999998_1.0_63,25.6,2.31,0.73,-0.33,-0.5,-0.68,0.15
A_M_1.7999999999999998_1.0_64,22.33,2.31,0.73,-0.33,-0.5,-0.68,0.15
A_M_1.7999999999999998_1.0_65,24.8,2.31,0.73,-0.33,-0.5,-0.68,0.15
A_M_1.7999999999999998_1.0_66,22.13,2.31,0.73,-0.33,-0.5,-0.68,0.15
A_M_1.7999999999999998_1.0_67,23.63,2.31,0.73,-0.33,-0.5,-0.68,0.15
A_M_1.7999999999999998_1.0_68,24.43,2.31,0.73,-0.33,-0.5,-0.68,0.15
A_M_1.7999999999999998_1.0_69,24.98,2.31,0.73,-0.33,-0.5,-0.68,0.15
A_M_1.7999999999999998_1.0_70,24.78,2.31,0.73,-0.33,-0.5,-0.68,0.15
A_M_1.7999999999999998_1.0_71,18.38,2.31,0.73,-0.33,-0.5,-0.68,0.15
A_M_1.7999999999999998_1.0_72,25.4,2.31,0.73,-0.33,-0.5,-0.68,0.15
A_M_1.7999999999999998_1.0_73,25.34,2.31,0.73,-0.33,-0.5,-0.68,0.15
A_M_1.7999999999999998_1.0_74,25.2,2.31,0.73,-0.33,-0.5,-0.68,0.15
A_M_1.7999999999999998_1.0_75,21.84,2.31,0.73,-0.33,-0.5,-0.68,0.15
A_M_1.7999999999999998_1.0_76,20.78,2.31,0.73,-0.33,-0.5,-0.68,0.15
A_M_1.7999999999999998_1.0_77,25.49,2.31,0.73,-0.33,-0.5,-0.68,0.15
A_M_1.7999999999999998_1.0_78,24.59,2.31,0.73,-0.33,-0.5,-0.68,0.15
A_M_1.7999999999999998_1.0_79,22.38,2.31,0.73,-0.33,-0.5,-0.68,0.15
A_M_1.7999999999999998_1.0_80,25.19,2.31,0.73,-0.33,-0.5,-0.68,0.15
A_M_1.7999999999999998_1.0_81,25.4,2.31,0.73,-0.33,-0.5,-0.68,0.15
A_M_1.7999999999999998_1.0_82,25.55,2.31,0.73,-0.33,-0.5,-0.68,0.15
A_M_1.7999999999999998_1.0_83,24.38,2.31,0.73,-0.33,-0.5,-0.68,0.15
A_M_1.7999999999999998_1.0_84,25.35,2.31,0.73,-0.33,-0.5,-0.68,0.15
A_M_1.7999999999999998_1.0_85,25.09,2.31,0.73,-0.33,-0.5,-0.68,0.15
A_M_1.7999999999999998_1.0_86,23.81,2.31,0.73,-0.33,-0.5,-0.68,0.15
A_M_1.7999999999999998_1.0_87,24.4,2.31,0.73,-0.33,-0.5,-0.68,0.15
A_M_1.7999999999999998_1.0_88,24.43,2.31,0.73,-0.33,-0.5,-0.68,0.15
A_M_1.7999999999999998_1.0_89,25.3,2.31,0.73,-0.33,-0.5,-0.68,0.15
A_M_1.7999999999999998_1.0_90,25.0,2.31,0.73,-0.33,-0.5,-0.68,0.15
A_M_1.7999999999999998_1.0_91,23.0,2.31,0.73,-0.33,-0.5,-0.68,0.15
A_M_1.7999999999999998_1.0_92,24.88,2.31,0.73,-0.33,-0.5,-0.68,0.15
A_M_1.7999999999999998_1.0_93,25.45,2.31,0.73,-0.33,-0.5,-0.68,0.15
A_M_1.7999999999999998_1.0_94,25.3,2.31,0.73,-0.33,-0.5,-0.68,0.15
A_M_1.7999999999999998_1.0_95,23.99,2.31,0.73,-0.33,-0.5,-0.68,0.15
A_M_1.7999999999999998_1.0_96,23.59,2.31,0.73,-0.33,-0.5,-0.68,0.15
A_M_1.7999999999999998_1.0_97,23.47,2.31,0.73,-0.33,-0.5,-0.68,0.15
A_M_1.7999999999999998_1.0_98,25.35,2.31,0.73,-0.33,-0.5,-0.68,0.15
A_M_1.7999999999999998_1.0_99,25.38,2.31,0.73,-0.33,-0.5,-0.68,0.15
A_M_1.7999999999999998_1.0_100,25.45,2.31,0.73,-0.33,-0.5,-0.68,0.15
A_M_1.7999999999999998_1.0_101,24.84,2.31,0.73,-0.33,-0.5,-0.68,0.15
A_M_1.7999999999999998_1.0_102,25.13,2.31,0.73,-0.33,-0.5,-0.68,0.15
A_M_1.7999999999999998_1.0_103,23.33,2.31,0.73,-0.33,-0.5,-0.68,0.15
A_M_1.7999999999999998_1.0_104,24.86,2.31,0.73,-0.33,-0.5,-0.68,0.15
A_M_1.7999999999999998_1.0_105,25.48,2.31,0.73,-0.33,-0.5,-0.68,0.15
A_M_1.7999999999999998_1.0_106,25.22,2.31,0.73,-0.33,-0.5,-0.68,0.15
A_M_1.7999999999999998_1.0_107,25.52,2.31,0.73,-0.33,-0.5,-0.68,0.15
A_M_1.7999999999999998_1.0_108,24.91,2.31,0.73,-0.33,-0.5,-0.68,0.15
A_M_1.7999999999999998_1.0_109,20.83,2.31,0.73,-0.33,-0.5,-0.68,0.15
A_M_1.7999999999999998_1.0_110,25.27,2.31,0.73,-0.33,-0.5,-0.68,0.15
A_M_1.7999999999999998_1.0_111,25.07,2.31,0.73,-0.33,-0.5,-0.68,0.15
A_M_1.7999999999999998_1.0_112,24.5,2.31,0.73,-0.33,-0.5,-0.68,0.15
A_M_1.7999999999999998_1.0_113,24.67,2.31,0.73,-0.33,-0.5,-0.68,0.15
A_M_1.7999999999999998_1.0_114,23.37,2.31,0.73,-0.33,-0.5,-0.68,0.15
A_M_1.7999999999999998_1.0_115,24.32,2.31,0.73,-0.33,-0.5,-0.68,0.15
A_M_1.7999999999999998_1.0_116,24.37,2.31,0.73,-0.33,-0.5,-0.68,0.15
A_M_1.7999999999999998_1.0_117,18.32,2.31,0.73,-0.33,-0.5,-0.68,0.15
A_M_1.7999999999999998_1.0_118,22.77,2.31,0.73,-0.33,-0.5,-0.68,0.15
A_M_1.7999999999999998_1.0_119,23.73,2.31,0.73,-0.33,-0.5,-0.68,0.15
A_M_1.7999999999999998_1.0_120,23.62,2.31,0.73,-0.33,-0.5,-0.68,0.15
A_M_1.7999999999999998_1.0_121,22.81,2.31,0.73,-0.33,-0.5,-0.68,0.15
A_M_1.7999999999999998_1.0_122,24.77,2.31,0.73,-0.33,-0.5,-0.68,0.15
A_M_1.7999999999999998_1.0_123,23.9,2.31,0.73,-0.33,-0.5,-0.68,0.15
A_M_1.7999999999999998_1.0_124,19.4,2.31,0.73,-0.33,-0.5,-0.68,0.15
A_M_1.7999999999999998_1.0_125,25.51,2.31,0.73,-0.33,-0.5,-0.68,0.15
A_M_1.7999999999999998_1.0_126,24.49,2.31,0.73,-0.33,-0.5,-0.68,0.15
A_M_1.7999999999999998_1.0_127,21.43,2.31,0.73,-0.33,-0.5,-0.68,0.15
A_M_1.7999999999999998_1.0_128,25.55,2.31,0.73,-0.33,-0.5,-0.68,0.15
A_M_1.7999999999999998_1.0_129,24.22,2.31,0.73,-0.33,-0.5,-0.68,0.15
A_M_1.7999999999999998_1.0_130,25.4,2.31,0.73,-0.33,-0.5,-0.68,0.15
A_M_1.7999999999999998_1.0_131,18.04,2.31,0.73,-0.33,-0.5,-0.68,0.15
A_M_1.7999999999999998_1.0_132,25.6,2.31,0.73,-0.33,-0.5,-0.68,0.15
A_M_1.7999999999999998_1.0_133,24.73,2.31,0.73,-0.33,-0.5,-0.68,0.15
A_M_1.7999999999999998_1.0_134,23.33,2.31,0.73,-0.33,-0.5,-0.68,0.15
A_M_1.7999999999999998_1.0_135,25.31,2.31,0.73,-0.33,-0.5,-0.68,0.15
A_M_1.7999999999999998_1.0_136,21.64,2.31,0.73,-0.33,-0.5,-0.68,0.15
A_M_1.7999999999999998_1.0_137,21.68,2.31,0.73,-0.33,-0.5,-0.68,0.15
A_M_1.7999999999999998_1.0_138,21.23,2.31,0.73,-0.33,-0.5,-0.68,0.15
A_M_1.7999999999999998_1.0_139,25.38,2.31,0.73,-0.33,-0.5,-0.68,0.15
A_M_1.7999999999999998_1.0_140,25.01,2.31,0.73,-0.33,-0.5,-0.68,0.15
A_M_1.7999999999999998_1.0_141,25.42,2.31,0.73,-0.33,-0.5,-0.68,0.15
A_M_1.7999999999999998_1.0_142,22.78,2.31,0.73,-0.33,-0.5,-0.68,0.15
A_M_1.7999999999999998_1.0_143,23.72,2.31,0.73,-0.33,-0.5,-0.68,0.15
A_M_1.7999999999999998_1.0_144,23.63,2.31,0.73,-0.33,-0.5,-0.68,0.15
A_M_1.7999999999999998_1.0_145,23.18,2.31,0.73,-0.33,-0.5,-0.68,0.15
A_M_1.7999999999999998_1.0_146,23.09,2.31,0.73,-0.33,-0.5,-0.68,0.15
A_M_1.7999999999999998_1.0_147,19.83,2.31,0.73,-0.33,-0.5,-0.68,0.15
A_M_1.7999999999999998_1.0_148,22.28,2.31,0.73,-0.33,-0.5,-0.68,0.15
A_M_1.7999999999999998_1.0_149,20.75,2.31,0.73,-0.33,-0.5,-0.68,0.15
A_M_1.7999999999999998_1.0_150,25.58,2.31,0.73,-0.33,-0.5,-0.68,0.15
A_M_1.7999999999999998_1.0_151,22.01,2.31,0.73,-0.33,-0.5,-0.68,0.15
A_M_1.7999999999999998_1.0_152,25.48,2.31,0.73,-0.33,-0.5,-0.68,0.15
A_M_1.7999999999999998_1.0_153,25.02,2.31,0.73,-0.33,-0.5,-0.68,0.15
A_M_1.7999999999999998_1.0_154,25.0,2.31,0.73,-0.33,-0.5,-0.68,0.15
A_M_1.7999999999999998_1.0_155,24.06,2.31,0.73,-0.33,-0.5,-0.68,0.15
A_M_1.7999999999999998_1.0_156,25.58,2.31,0.73,-0.33,-0.5,-0.68,0.15
A_M_1.7999999999999998_1.0_157,20.88,2.31,0.73,-0.33,-0.5,-0.68,0.15
A_M_1.7999999999999998_1.0_158,25.25,2.31,0.73,-0.33,-0.5,-0.68,0.15
A_M_1.7999999999999998_1.0_159,23.46,2.31,0.73,-0.33,-0.5,-0.68,0.15
A_M_1.7999999999999998_1.0_160,25.56,2.31,0.73,-0.33,-0.5,-0.68,0.15
A_M_1.7999999999999998_1.0_161,25.01,2.31,0.73,-0.33,-0.5,-0.68,0.15
A_M_1.7999999999999998_1.0_162,24.74,2.31,0.73,-0.33,-0.5,-0.68,0.15
A_M_1.7999999999999998_1.0_163,24.21,2.31,0.73,-0.33,-0.5,-0.68,0.15
A_M_1.7999999999999998_1.0_164,24.39,2.31,0.73,-0.33,-0.5,-0.68,0.15
A_M_1.7999999999999998_1.0_165,25.24,2.31,0.73,-0.33,-0.5,-0.68,0.15
A_M_1.7999999999999998_1.0_166,21.96,2.31,0.73,-0.33,-0.5,-0.68,0.15
A_M_1.7999999999999998_1.0_167,23.1,2.31,0.73,-0.33,-0.5,-0.68,0.15
A_M_1.7999999999999998_1.0_168,24.53,2.31,0.73,-0.33,-0.5,-0.68,0.15
A_M_1.7999999999999998_1.0_169,24.21,2.31,0.73,-0.33,-0.5,-0.68,0.15
A_M_1.7999999999999998_1.0_170,25.5,2.31,0.73,-0.33,-0.5,-0.68,0.15
A_M_1.7999999999999998_1.0_171,25.22,2.31,0.73,-0.33,-0.5,-0.68,0.15
A_M_1.7999999999999998_1.0_172,21.77,2.31,0.73,-0.33,-0.5,-0.68,0.15
A_M_1.7999999999999998_1.0_173,24.69,2.31,0.73,-0.33,-0.5,-0.68,0.15
A_M_1.7999999999999998_1.0_174,22.83,2.31,0.73,-0.33,-0.5,-0.68,0.15
A_M_1.7999999999999998_1.0_175,25.53,2.31,0.73,-0.33,-0.5,-0.68,0.15
A_M_1.7999999999999998_1.0_176,24.41,2.31,0.73,-0.33,-0.5,-0.68,0.15
A_M_1.7999999999999998_1.0_177,25.46,2.31,0.73,-0.33,-0.5,-0.68,0.15
A_M_1.7999999999999998_1.0_178,25.61,2.31,0.73,-0.33,-0.5,-0.68,0.15
A_M_1.7999999999999998_1.0_179,25.43,2.31,0.73,-0.33,-0.5,-0.68,0.15
A_M_1.7999999999999998_1.0_180,22.95,2.31,0.73,-0.33,-0.5,-0.68,0.15
A_M_1.7999999999999998_1.0_181,24.45,2.31,0.73,-0.33,-0.5,-0.68,0.15
A_M_1.7999999999999998_1.0_182,24.17,2.31,0.73,-0.33,-0.5,-0.68,0.15
A_M_1.7999999999999998_1.0_183,22.67,2.31,0.73,-0.33,-0.5,-0.68,0.15
A_M_1.7999999999999998_1.0_184,16.14,2.31,0.73,-0.33,-0.5,-0.68,0.15
A_M_1.7999999999999998_1.0_185,25.58,2.31,0.73,-0.33,-0.5,-0.68,0.15
A_M_1.7999999999999998_1.0_186,24.96,2.31,0.73,-0.33,-0.5,-0.68,0.15
A_M_1.7999999999999998_1.0_187,24.03,2.31,0.73,-0.33,-0.5,-0.68,0.15
A_M_1.7999999999999998_1.0_188,23.04,2.31,0.73,-0.33,-0.5,-0.68,0.15
A_M_1.7999999999999998_1.0_189,24.3,2.31,0.73,-0.33,-0.5,-0.68,0.15
A_M_1.7999999999999998_1.0_190,24.67,2.31,0.73,-0.33,-0.5,-0.68,0.15
A_M_1.7999999999999998_1.0_191,24.19,2.31,0.73,-0.33,-0.5,-0.68,0.15
A_M_1.7999999999999998_1.0_192,25.29,2.31,0.73,-0.33,-0.5,-0.68,0.15
A_M_1.7999999999999998_1.0_193,24.97,2.31,0.73,-0.33,-0.5,-0.68,0.15
A_M_1.7999999999999998_1.0_194,23.12,2.31,0.73,-0.33,-0.5,-0.68,0.15
A_M_1.7999999999999998_1.0_195,24.21,2.31,0.73,-0.33,-0.5,-0.68,0.15
A_M_1.7999999999999998_1.0_196,25.25,2.31,0.73,-0.33,-0.5,-0.68,0.15
A_M_1.7999999999999998_1.0_197,25.33,2.31,0.73,-0.33,-0.5,-0.68,0.15
A_M_1.7999999999999998_1.0_198,21.5,2.31,0.73,-0.33,-0.5,-0.68,0.15
A_M_1.7999999999999998_1.0_199,22.52,2.31,0.73,-0.33,-0.5,-0.68,0.15
A_M_1.7999999999999998_1.0_200,20.5,2.31,0.73,-0.33,-0.5,-0.68,0.15
A_M_1.7999999999999998_1.0_201,23.95,2.31,0.73,-0.33,-0.5,-0.68,0.15
A_M_1.7999999999999998_1.0_202,23.03,2.31,0.73,-0.33,-0.5,-0.68,0.15
A_M_1.7999999999999998_1.0_203,24.38,2.31,0.73,-0.33,-0.5,-0.68,0.15
A_M_1.7999999999999998_1.0_204,25.42,2.31,0.73,-0.33,-0.5,-0.68,0.15
A_M_1.7999999999999998_1.0_205,25.42,2.31,0.73,-0.33,-0.5,-0.68,0.15
A_M_1.7999999999999998_1.0_206,22.61,2.31,0.73,-0.33,-0.5,-0.68,0.15
A_M_1.7999999999999998_1.0_207,25.55,2.31,0.73,-0.33,-0.5,-0.68,0.15
A_M_1.7999999999999998_1.0_208,23.29,2.31,0.73,-0.33,-0.5,-0.68,0.15
A_M_1.7999999999999998_1.0_209,21.82,2.31,0.73,-0.33,-0.5,-0.68,0.15
A_M_1.7999999999999998_1.0_210,23.22,2.31,0.73,-0.33,-0.5,-0.68,0.15
A_M_1.7999999999999998_1.0_211,24.41,2.31,0.73,-0.33,-0.5,-0.68,0.15
A_M_1.7999999999999998_1.0_212,25.52,2.31,0.73,-0.33,-0.5,-0.68,0.15
A_M_1.7999999999999998_1.0_213,21.37,2.31,0.73,-0.33,-0.5,-0.68,0.15
A_M_1.7999999999999998_1.0_214,23.73,2.31,0.73,-0.33,-0.5,-0.68,0.15
A_M_1.7999999999999998_1.0_215,20.82,2.31,0.73,-0.33,-0.5,-0.68,0.15
A_M_1.7999999999999998_1.0_216,25.6,2.31,0.73,-0.33,-0.5,-0.68,0.15
A_M_1.7999999999999998_1.0_217,23.87,2.31,0.73,-0.33,-0.5,-0.68,0.15
A_M_1.7999999999999998_1.0_218,21.4,2.31,0.73,-0.33,-0.5,-0.68,0.15
A_M_1.7999999999999998_1.0_219,25.37,2.31,0.73,-0.33,-0.5,-0.68,0.15
A_M_1.7999999999999998_1.0_220,24.63,2.31,0.73,-0.33,-0.5,-0.68,0.15
A_M_1.7999999999999998_1.0_221,24.39,2.31,0.73,-0.33,-0.5,-0.68,0.15
A_M_1.7999999999999998_1.0_222,25.07,2.31,0.73,-0.33,-0.5,-0.68,0.15
A_M_1.7999999999999998_1.0_223,22.85,2.31,0.73,-0.33,-0.5,-0.68,0.15
A_M_1.7999999999999998_1.0_224,24.14,2.31,0.73,-0.33,-0.5,-0.68,0.15
A_M_1.7999999999999998_1.0_225,20.96,2.31,0.73,-0.33,-0.5,-0.68,0.15
A_M_1.7999999999999998_1.0_226,24.72,2.31,0.73,-0.33,-0.5,-0.68,0.15
A_M_1.7999999999999998_1.0_227,21.11,2.31,0.73,-0.33,-0.5,-0.68,0.15
A_M_1.7999999999999998_1.0_228,24.28,2.31,0.73,-0.33,-0.5,-0.68,0.15
A_M_1.7999999999999998_1.0_229,25.29,2.31,0.73,-0.33,-0.5,-0.68,0.15
A_M_1.7999999999999998_1.0_230,25.07,2.31,0.73,-0.33,-0.5,-0.68,0.15
A_M_1.7999999999999998_1.0_231,24.93,2.31,0.73,-0.33,-0.5,-0.68,0.15
A_M_1.7999999999999998_1.0_232,24.08,2.31,0.73,-0.33,-0.5,-0.68,0.15
A_M_1.7999999999999998_1.0_233,25.39,2.31,0.73,-0.33,-0.5,-0.68,0.15
A_M_1.7999999999999998_1.0_234,24.46,2.31,0.73,-0.33,-0.5,-0.68,0.15
A_M_1.7999999999999998_1.0_235,20.65,2.31,0.73,-0.33,-0.5,-0.68,0.15
A_M_1.7999999999999998_1.0_236,23.93,2.31,0.73,-0.33,-0.5,-0.68,0.15
A_M_1.7999999999999998_1.0_237,25.06,2.31,0.73,-0.33,-0.5,-0.68,0.15
A_M_1.7999999999999998_1.0_238,25.31,2.31,0.73,-0.33,-0.5,-0.68,0.15
A_M_1.7999999999999998_1.0_239,25.56,2.31,0.73,-0.33,-0.5,-0.68,0.15
A_M_1.7999999999999998_1.0_240,25.18,2.31,0.73,-0.33,-0.5,-0.68,0.15
A_M_1.7999999999999998_1.0_241,24.32,2.31,0.73,-0.33,-0.5,-0.68,0.15
A_M_1.7999999999999998_1.0_242,21.63,2.31,0.73,-0.33,-0.5,-0.68,0.15
A_M_1.7999999999999998_1.0_243,23.67,2.31,0.73,-0.33,-0.5,-0.68,0.15
A_M_1.7999999999999998_1.0_244,22.59,2.31,0.73,-0.33,-0.5,-0.68,0.15
A_M_1.7999999999999998_1.0_245,19.11,2.31,0.73,-0.33,-0.5,-0.68,0.15
A_M_1.7999999999999998_1.0_246,23.35,2.31,0.73,-0.33,-0.5,-0.68,0.15
A_M_1.7999999999999998_1.0_247,25.61,2.31,0.73,-0.33,-0.5,-0.68,0.15
A_M_1.7999999999999998_1.0_248,24.96,2.31,0.73,-0.33,-0.5,-0.68,0.15
A_M_1.7999999999999998_1.0_249,24.55,2.31,0.73,-0.33,-0.5,-0.68,0.15
A_M_1.7999999999999998_1.0_250,24.25,2.31,0.73,-0.33,-0.5,-0.68,0.15
A_M_1.7999999999999998_1.0_251,25.18,2.31,0.73,-0.33,-0.5,-0.68,0.15
A_M_1.7999999999999998_1.0_252,24.43,2.31,0.73,-0.33,-0.5,-0.68,0.15
A_M_1.7999999999999998_1.0_253,24.55,2.31,0.73,-0.33,-0.5,-0.68,0.15
A_M_1.7999999999999998_1.0_254,25.52,2.31,0.73,-0.33,-0.5,-0.68,0.15
A_M_1.7999999999999998_1.0_255,24.37,2.31,0.73,-0.33,-0.5,-0.68,0.15
A_M_1.7999999999999998_1.0_256,17.39,2.31,0.73,-0.33,-0.5,-0.68,0.15
A_M_1.7999999999999998_1.0_257,24.27,2.31,0.73,-0.33,-0.5,-0.68,0.15
A_M_1.7999999999999998_1.0_258,25.47,2.31,0.73,-0.33,-0.5,-0.68,0.15
A_M_1.7999999999999998_1.0_259,24.66,2.31,0.73,-0.33,-0.5,-0.68,0.15
A_M_1.7999999999999998_1.0_260,25.51,2.31,0.73,-0.33,-0.5,-0.68,0.15
A_M_1.7999999999999998_1.0_261,23.5,2.31,0.73,-0.33,-0.5,-0.68,0.15
A_M_1.7999999999999998_1.0_262,25.22,2.31,0.73,-0.33,-0.5,-0.68,0.15
A_M_1.7999999999999998_1.0_263,22.88,2.31,0.73,-0.33,-0.5,-0.68,0.15
A_M_1.7999999999999998_1.0_264,25.19,2.31,0.73,-0.33,-0.5,-0.68,0.15
A_M_1.7999999999999998_1.0_265,21.1,2.31,0.73,-0.33,-0.5,-0.68,0.15
A_M_1.7999999999999998_1.0_266,23.8,2.31,0.73,-0.33,-0.5,-0.68,0.15
A_M_1.7999999999999998_1.0_267,24.69,2.31,0.73,-0.33,-0.5,-0.68,0.15
A_M_1.7999999999999998_1.0_268,24.68,2.31,0.73,-0.33,-0.5,-0.68,0.15
A_M_1.7999999999999998_1.0_269,18.96,2.31,0.73,-0.33,-0.5,-0.68,0.15
A_M_1.7999999999999998_1.0_270,25.13,2.31,0.73,-0.33,-0.5,-0.68,0.15
A_M_1.7999999999999998_1.0_271,24.73,2.31,0.73,-0.33,-0.5,-0.68,0.15
A_M_1.7999999999999998_1.0_272,24.99,2.31,0.73,-0.33,-0.5,-0.68,0.15
A_M_1.7999999999999998_1.0_273,23.02,2.31,0.73,-0.33,-0.5,-0.68,0.15
A_M_1.7999999999999998_1.0_274,25.01,2.31,0.73,-0.33,-0.5,-0.68,0.15
A_M_1.7999999999999998_1.0_275,22.33,2.31,0.73,-0.33,-0.5,-0.68,0.15
A_M_1.7999999999999998_1.0_276,25.49,2.31,0.73,-0.33,-0.5,-0.68,0.15
A_M_1.7999999999999998_1.0_277,22.91,2.31,0.73,-0.33,-0.5,-0.68,0.15
A_M_1.7999999999999998_1.0_278,16.55,2.31,0.73,-0.33,-0.5,-0.68,0.15
A_M_1.7999999999999998_1.0_279,23.1,2.31,0.73,-0.33,-0.5,-0.68,0.15
A_M_1.7999999999999998_1.0_280,21.58,2.31,0.73,-0.33,-0.5,-0.68,0.15
A_M_1.7999999999999998_1.0_281,25.45,2.31,0.73,-0.33,-0.5,-0.68,0.15
A_M_1.7999999999999998_1.0_282,23.15,2.31,0.73,-0.33,-0.5,-0.68,0.15
A_M_1.7999999999999998_1.0_283,22.08,2.31,0.73,-0.33,-0.5,-0.68,0.15
A_M_1.7999999999999998_1.0_284,25.47,2.31,0.73,-0.33,-0.5,-0.68,0.15
A_M_1.7999999999999998_1.0_285,21.7,2.31,0.73,-0.33,-0.5,-0.68,0.15
A_M_1.7999999999999998_1.0_286,24.63,2.31,0.73,-0.33,-0.5,-0.68,0.15
A_M_1.7999999999999998_1.0_287,21.56,2.31,0.73,-0.33,-0.5,-0.68,0.15
A_M_1.7999999999999998_1.0_288,24.28,2.31,0.73,-0.33,-0.5,-0.68,0.15
A_M_1.7999999999999998_1.0_289,23.44,2.31,0.73,-0.33,-0.5,-0.68,0.15
A_M_1.7999999999999998_1.0_290,21.93,2.31,0.73,-0.33,-0.5,-0.68,0.15
A_M_1.7999999999999998_1.0_291,25.35,2.31,0.73,-0.33,-0.5,-0.68,0.15
A_M_1.7999999999999998_1.0_292,24.9,2.31,0.73,-0.33,-0.5,-0.68,0.15
A_M_1.7999999999999998_1.0_293,25.1,2.31,0.73,-0.33,-0.5,-0.68,0.15
A_M_1.7999999999999998_1.0_294,24.24,2.31,0.73,-0.33,-0.5,-0.68,0.15
A_M_1.7999999999999998_1.0_295,24.92,2.31,0.73,-0.33,-0.5,-0.68,0.15
A_M_1.7999999999999998_1.0_296,23.11,2.31,0.73,-0.33,-0.5,-0.68,0.15
A_M_1.7999999999999998_1.0_297,24.98,2.31,0.73,-0.33,-0.5,-0.68,0.15
A_M_1.7999999999999998_1.0_298,9.12,2.31,0.73,-0.33,-0.5,-0.68,0.15
A_M_1.7999999999999998_1.0_299,24.34,2.31,0.73,-0.33,-0.5,-0.68,0.15
A_M_1.7999999999999998_1.0_300,25.55,2.31,0.73,-0.33,-0.5,-0.68,0.15
A_M_1.7999999999999998_1.0_301,25.4,2.31,0.73,-0.33,-0.5,-0.68,0.15
A_M_1.7999999999999998_1.0_302,24.58,2.31,0.73,-0.33,-0.5,-0.68,0.15
A_M_1.7999999999999998_1.0_303,21.89,2.31,0.73,-0.33,-0.5,-0.68,0.15
A_M_1.7999999999999998_1.0_304,23.75,2.31,0.73,-0.33,-0.5,-0.68,0.15
A_M_1.7999999999999998_1.0_305,20.97,2.31,0.73,-0.33,-0.5,-0.68,0.15
A_M_1.7999999999999998_1.0_306,23.37,2.31,0.73,-0.33,-0.5,-0.68,0.15
A_M_1.7999999999999998_1.0_307,21.9,2.31,0.73,-0.33,-0.5,-0.68,0.15
A_M_1.7999999999999998_1.0_308,25.05,2.31,0.73,-0.33,-0.5,-0.68,0.15
A_M_1.7999999999999998_1.0_309,25.06,2.31,0.73,-0.33,-0.5,-0.68,0.15
A_M_1.7999999999999998_1.0_310,25.49,2.31,0.73,-0.33,-0.5,-0.68,0.15
A_M_1.7999999999999998_1.0_311,20.29,2.31,0.73,-0.33,-0.5,-0.68,0.15
A_M_1.7999999999999998_1.0_312,23.78,2.31,0.73,-0.33,-0.5,-0.68,0.15
A_M_1.7999999999999998_1.0_313,22.96,2.31,0.73,-0.33,-0.5,-0.68,0.15
A_M_1.7999999999999998_1.0_314,22.82,2.31,0.73,-0.33,-0.5,-0.68,0.15
A_M_1.7999999999999998_1.0_315,25.47,2.31,0.73,-0.33,-0.5,-0.68,0.15
A_M_1.7999999999999998_1.0_316,24.52,2.31,0.73,-0.33,-0.5,-0.68,0.15
A_M_1.7999999999999998_1.0_317,21.78,2.31,0.73,-0.33,-0.5,-0.68,0.15
A_M_1.7999999999999998_1.0_318,23.79,2.31,0.73,-0.33,-0.5,-0.68,0.15
A_M_1.7999999999999998_1.0_319,23.66,2.31,0.73,-0.33,-0.5,-0.68,0.15
A_M_1.7999999999999998_1.0_320,25.42,2.31,0.73,-0.33,-0.5,-0.68,0.15
A_M_1.7999999999999998_1.0_321,22.68,2.31,0.73,-0.33,-0.5,-0.68,0.15
A_M_1.7999999999999998_1.0_322,24.93,2.31,0.73,-0.33,-0.5,-0.68,0.15
A_M_1.7999999999999998_1.0_323,23.88,2.31,0.73,-0.33,-0.5,-0.68,0.15
A_M_1.7999999999999998_1.0_324,25.56,2.31,0.73,-0.33,-0.5,-0.68,0.15
A_M_1.7999999999999998_1.0_325,25.55,2.31,0.73,-0.33,-0.5,-0.68,0.15
A_M_1.7999999999999998_1.0_326,22.33,2.31,0.73,-0.33,-0.5,-0.68,0.15
A_M_1.7999999999999998_1.0_327,25.26,2.31,0.73,-0.33,-0.5,-0.68,0.15
A_M_1.7999999999999998_1.0_328,24.53,2.31,0.73,-0.33,-0.5,-0.68,0.15
A_M_1.7999999999999998_1.0_329,23.36,2.31,0.73,-0.33,-0.5,-0.68,0.15
A_M_1.7999999999999998_1.0_330,24.06,2.31,0.73,-0.33,-0.5,-0.68,0.15
A_M_1.7999999999999998_1.0_331,24.92,2.31,0.73,-0.33,-0.5,-0.68,0.15
A_M_1.7999999999999998_1.0_332,23.04,2.31,0.73,-0.33,-0.5,-0.68,0.15
A_M_1.7999999999999998_1.0_333,23.9,2.31,0.73,-0.33,-0.5,-0.68,0.15
A_M_1.7999999999999998_1.0_334,25.29,2.31,0.73,-0.33,-0.5,-0.68,0.15
A_M_1.7999999999999998_1.0_335,21.27,2.31,0.73,-0.33,-0.5,-0.68,0.15
A_M_1.7999999999999998_1.0_336,24.16,2.31,0.73,-0.33,-0.5,-0.68,0.15
A_M_1.7999999999999998_1.0_337,24.0,2.31,0.73,-0.33,-0.5,-0.68,0.15
A_M_1.7999999999999998_1.0_338,23.51,2.31,0.73,-0.33,-0.5,-0.68,0.15
A_M_1.7999999999999998_1.0_339,18.45,2.31,0.73,-0.33,-0.5,-0.68,0.15
A_M_1.7999999999999998_1.0_340,24.65,2.31,0.73,-0.33,-0.5,-0.68,0.15
A_M_1.7999999999999998_1.0_341,24.15,2.31,0.73,-0.33,-0.5,-0.68,0.15
A_M_1.7999999999999998_1.0_342,25.18,2.31,0.73,-0.33,-0.5,-0.68,0.15
A_M_1.7999999999999998_1.0_343,25.1,2.31,0.73,-0.33,-0.5,-0.68,0.15
A_M_1.7999999999999998_1.0_344,21.81,2.31,0.73,-0.33,-0.5,-0.68,0.15
A_M_1.7999999999999998_1.0_345,25.57,2.31,0.73,-0.33,-0.5,-0.68,0.15
A_M_1.7999999999999998_1.0_346,24.16,2.31,0.73,-0.33,-0.5,-0.68,0.15
A_M_1.7999999999999998_1.0_347,21.58,2.31,0.73,-0.33,-0.5,-0.68,0.15
A_M_1.7999999999999998_1.0_348,21.39,2.31,0.73,-0.33,-0.5,-0.68,0.15
A_M_1.7999999999999998_1.0_349,23.14,2.31,0.73,-0.33,-0.5,-0.68,0.15
A_M_1.7999999999999998_1.0_350,25.22,2.31,0.73,-0.33,-0.5,-0.68,0.15
A_M_1.7999999999999998_1.0_351,21.14,2.31,0.73,-0.33,-0.5,-0.68,0.15
A_M_1.7999999999999998_1.0_352,21.61,2.31,0.73,-0.33,-0.5,-0.68,0.15
A_M_1.7999999999999998_1.0_353,24.57,2.31,0.73,-0.33,-0.5,-0.68,0.15
A_M_1.7999999999999998_1.0_354,25.52,2.31,0.73,-0.33,-0.5,-0.68,0.15
A_M_1.7999999999999998_1.0_355,22.44,2.31,0.73,-0.33,-0.5,-0.68,0.15
A_M_1.7999999999999998_1.0_356,24.85,2.31,0.73,-0.33,-0.5,-0.68,0.15
A_M_1.7999999999999998_1.0_357,24.39,2.31,0.73,-0.33,-0.5,-0.68,0.15
A_M_1.7999999999999998_1.0_358,25.29,2.31,0.73,-0.33,-0.5,-0.68,0.15
A_M_1.7999999999999998_1.0_359,25.1,2.31,0.73,-0.33,-0.5,-0.68,0.15
A_M_1.7999999999999998_1.0_360,24.83,2.31,0.73,-0.33,-0.5,-0.68,0.15
A_M_1.7999999999999998_1.0_361,25.6,2.31,0.73,-0.33,-0.5,-0.68,0.15
A_M_1.7999999999999998_1.0_362,22.83,2.31,0.73,-0.33,-0.5,-0.68,0.15
A_M_1.7999999999999998_1.0_363,23.71,2.31,0.73,-0.33,-0.5,-0.68,0.15
A_M_1.7999999999999998_1.0_364,23.88,2.31,0.73,-0.33,-0.5,-0.68,0.15
A_M_1.7999999999999998_1.0_365,22.93,2.31,0.73,-0.33,-0.5,-0.68,0.15
A_M_1.7999999999999998_1.0_366,24.58,2.31,0.73,-0.33,-0.5,-0.68,0.15
A_M_1.7999999999999998_1.0_367,23.65,2.31,0.73,-0.33,-0.5,-0.68,0.15
A_M_1.7999999999999998_1.0_368,23.7,2.31,0.73,-0.33,-0.5,-0.68,0.15
A_M_1.7999999999999998_1.0_369,24.81,2.31,0.73,-0.33,-0.5,-0.68,0.15
A_M_1.7999999999999998_1.0_370,25.4,2.31,0.73,-0.33,-0.5,-0.68,0.15
A_M_1.7999999999999998_1.0_371,25.48,2.31,0.73,-0.33,-0.5,-0.68,0.15
A_M_1.7999999999999998_1.0_372,22.67,2.31,0.73,-0.33,-0.5,-0.68,0.15
A_M_1.7999999999999998_1.0_373,21.13,2.31,0.73,-0.33,-0.5,-0.68,0.15
A_M_1.7999999999999998_1.0_374,25.0,2.31,0.73,-0.33,-0.5,-0.68,0.15
A_M_1.7999999999999998_1.0_375,24.64,2.31,0.73,-0.33,-0.5,-0.68,0.15
A_M_1.7999999999999998_1.0_376,24.55,2.31,0.73,-0.33,-0.5,-0.68,0.15
A_M_1.7999999999999998_1.0_377,23.24,2.31,0.73,-0.33,-0.5,-0.68,0.15
A_M_1.7999999999999998_1.0_378,25.45,2.31,0.73,-0.33,-0.5,-0.68,0.15
A_M_1.7999999999999998_1.0_379,25.57,2.31,0.73,-0.33,-0.5,-0.68,0.15
A_M_1.7999999999999998_1.0_380,25.08,2.31,0.73,-0.33,-0.5,-0.68,0.15
A_M_1.7999999999999998_1.0_381,24.84,2.31,0.73,-0.33,-0.5,-0.68,0.15
A_M_1.7999999999999998_1.0_382,23.73,2.31,0.73,-0.33,-0.5,-0.68,0.15
A_M_1.7999999999999998_1.0_383,24.37,2.31,0.73,-0.33,-0.5,-0.68,0.15
A_M_1.7999999999999998_1.0_384,25.34,2.31,0.73,-0.33,-0.5,-0.68,0.15
A_M_1.7999999999999998_1.0_385,24.18,2.31,0.73,-0.33,-0.5,-0.68,0.15
A_M_1.7999999999999998_1.0_386,23.99,2.31,0.73,-0.33,-0.5,-0.68,0.15
A_M_1.7999999999999998_1.0_387,25.0,2.31,0.73,-0.33,-0.5,-0.68,0.15
A_M_1.7999999999999998_1.0_388,22.34,2.31,0.73,-0.33,-0.5,-0.68,0.15
A_M_1.7999999999999998_1.0_389,21.4,2.31,0.73,-0.33,-0.5,-0.68,0.15
A_M_1.7999999999999998_1.0_390,20.74,2.31,0.73,-0.33,-0.5,-0.68,0.15
A_M_1.7999999999999998_1.0_391,24.86,2.31,0.73,-0.33,-0.5,-0.68,0.15
A_M_1.7999999999999998_1.0_392,24.5,2.31,0.73,-0.33,-0.5,-0.68,0.15
A_M_1.7999999999999998_1.0_393,24.37,2.31,0.73,-0.33,-0.5,-0.68,0.15
A_M_1.7999999999999998_1.0_394,24.0,2.31,0.73,-0.33,-0.5,-0.68,0.15
A_M_1.7999999999999998_1.0_395,19.87,2.31,0.73,-0.33,-0.5,-0.68,0.15
A_M_1.7999999999999998_1.0_396,25.16,2.31,0.73,-0.33,-0.5,-0.68,0.15
A_M_1.7999999999999998_1.0_397,25.47,2.31,0.73,-0.33,-0.5,-0.68,0.15
A_M_1.7999999999999998_1.0_398,21.58,2.31,0.73,-0.33,-0.5,-0.68,0.15
A_M_1.7999999999999998_1.0_399,25.02,2.31,0.73,-0.33,-0.5,-0.68,0.15
A_M_1.7999999999999998_1.0_400,25.57,2.31,0.73,-0.33,-0.5,-0.68,0.15
A_M_1.7999999999999998_1.0_401,23.54,2.31,0.73,-0.33,-0.5,-0.68,0.15
A_M_1.7999999999999998_1.0_402,25.24,2.31,0.73,-0.33,-0.5,-0.68,0.15
A_M_1.7999999999999998_1.0_403,25.04,2.31,0.73,-0.33,-0.5,-0.68,0.15
A_M_1.7999999999999998_1.0_404,21.6,2.31,0.73,-0.33,-0.5,-0.68,0.15
A_M_1.7999999999999998_1.0_405,24.18,2.31,0.73,-0.33,-0.5,-0.68,0.15
A_M_1.7999999999999998_1.0_406,20.51,2.31,0.73,-0.33,-0.5,-0.68,0.15
A_M_1.7999999999999998_1.0_407,24.43,2.31,0.73,-0.33,-0.5,-0.68,0.15
A_M_1.7999999999999998_1.0_408,25.47,2.31,0.73,-0.33,-0.5,-0.68,0.15
A_M_1.7999999999999998_1.0_409,20.1,2.31,0.73,-0.33,-0.5,-0.68,0.15
A_M_1.7999999999999998_1.0_410,24.16,2.31,0.73,-0.33,-0.5,-0.68,0.15
A_M_1.7999999999999998_1.0_411,20.67,2.31,0.73,-0.33,-0.5,-0.68,0.15
A_M_1.7999999999999998_1.0_412,23.81,2.31,0.73,-0.33,-0.5,-0.68,0.15
A_M_1.7999999999999998_1.0_413,25.35,2.31,0.73,-0.33,-0.5,-0.68,0.15
A_M_1.7999999999999998_1.0_414,19.62,2.31,0.73,-0.33,-0.5,-0.68,0.15
A_M_1.7999999999999998_1.0_415,25.36,2.31,0.73,-0.33,-0.5,-0.68,0.15
A_M_1.7999999999999998_1.0_416,23.77,2.31,0.73,-0.33,-0.5,-0.68,0.15
A_M_1.7999999999999998_1.0_417,24.54,2.31,0.73,-0.33,-0.5,-0.68,0.15
A_M_1.7999999999999998_1.0_418,22.56,2.31,0.73,-0.33,-0.5,-0.68,0.15
A_M_1.7999999999999998_1.0_419,25.52,2.31,0.73,-0.33,-0.5,-0.68,0.15
A_M_1.7999999999999998_1.0_420,25.04,2.31,0.73,-0.33,-0.5,-0.68,0.15
A_M_1.7999999999999998_1.0_421,12.64,2.31,0.73,-0.33,-0.5,-0.68,0.15
A_M_1.7999999999999998_1.0_422,23.95,2.31,0.73,-0.33,-0.5,-0.68,0.15
A_M_1.7999999999999998_1.0_423,22.97,2.31,0.73,-0.33,-0.5,-0.68,0.15
A_M_1.7999999999999998_1.0_424,24.31,2.31,0.73,-0.33,-0.5,-0.68,0.15
A_M_1.7999999999999998_1.0_425,21.27,2.31,0.73,-0.33,-0.5,-0.68,0.15
A_M_1.7999999999999998_1.0_426,25.34,2.31,0.73,-0.33,-0.5,-0.68,0.15
A_M_1.7999999999999998_1.0_427,23.91,2.31,0.73,-0.33,-0.5,-0.68,0.15
A_M_1.7999999999999998_1.0_428,24.76,2.31,0.73,-0.33,-0.5,-0.68,0.15
A_M_1.7999999999999998_1.0_429,25.45,2.31,0.73,-0.33,-0.5,-0.68,0.15
A_M_1.7999999999999998_1.0_430,24.21,2.31,0.73,-0.33,-0.5,-0.68,0.15
A_M_1.7999999999999998_1.0_431,24.75,2.31,0.73,-0.33,-0.5,-0.68,0.15
A_M_1.7999999999999998_1.0_432,25.6,2.31,0.73,-0.33,-0.5,-0.68,0.15
A_M_1.7999999999999998_1.0_433,24.21,2.31,0.73,-0.33,-0.5,-0.68,0.15
A_M_1.7999999999999998_1.0_434,24.96,2.31,0.73,-0.33,-0.5,-0.68,0.15
A_M_1.7999999999999998_1.0_435,25.29,2.31,0.73,-0.33,-0.5,-0.68,0.15
A_M_1.7999999999999998_1.0_436,24.33,2.31,0.73,-0.33,-0.5,-0.68,0.15
A_M_1.7999999999999998_1.0_437,25.41,2.31,0.73,-0.33,-0.5,-0.68,0.15
A_M_1.7999999999999998_1.0_438,25.58,2.31,0.73,-0.33,-0.5,-0.68,0.15
A_M_1.7999999999999998_1.0_439,23.76,2.31,0.73,-0.33,-0.5,-0.68,0.15
A_M_1.7999999999999998_1.0_440,25.28,2.31,0.73,-0.33,-0.5,-0.68,0.15
A_M_1.7999999999999998_1.0_441,20.04,2.31,0.73,-0.33,-0.5,-0.68,0.15
A_M_1.7999999999999998_1.0_442,24.57,2.31,0.73,-0.33,-0.5,-0.68,0.15
A_M_1.7999999999999998_1.0_443,22.28,2.31,0.73,-0.33,-0.5,-0.68,0.15
A_M_1.7999999999999998_1.0_444,25.31,2.31,0.73,-0.33,-0.5,-0.68,0.15
A_M_1.7999999999999998_1.0_445,24.98,2.31,0.73,-0.33,-0.5,-0.68,0.15
A_M_1.7999999999999998_1.0_446,21.77,2.31,0.73,-0.33,-0.5,-0.68,0.15
A_M_1.7999999999999998_1.0_447,23.02,2.31,0.73,-0.33,-0.5,-0.68,0.15
A_M_1.7999999999999998_1.0_448,24.56,2.31,0.73,-0.33,-0.5,-0.68,0.15
A_M_1.7999999999999998_1.0_449,22.87,2.31,0.73,-0.33,-0.5,-0.68,0.15
A_M_1.7999999999999998_1.0_450,24.63,2.31,0.73,-0.33,-0.5,-0.68,0.15
A_M_1.7999999999999998_1.0_451,25.14,2.31,0.73,-0.33,-0.5,-0.68,0.15
A_M_1.7999999999999998_1.0_452,25.45,2.31,0.73,-0.33,-0.5,-0.68,0.15
A_M_1.7999999999999998_1.0_453,22.69,2.31,0.73,-0.33,-0.5,-0.68,0.15
A_M_1.7999999999999998_1.0_454,24.12,2.31,0.73,-0.33,-0.5,-0.68,0.15
A_M_1.7999999999999998_1.0_455,23.75,2.31,0.73,-0.33,-0.5,-0.68,0.15
A_M_1.7999999999999998_1.0_456,23.18,2.31,0.73,-0.33,-0.5,-0.68,0.15
A_M_1.7999999999999998_1.0_457,22.8,2.31,0.73,-0.33,-0.5,-0.68,0.15
A_M_1.7999999999999998_1.0_458,23.56,2.31,0.73,-0.33,-0.5,-0.68,0.15
A_M_1.7999999999999998_1.0_459,22.31,2.31,0.73,-0.33,-0.5,-0.68,0.15
A_M_1.7999999999999998_1.0_460,18.5,2.31,0.73,-0.33,-0.5,-0.68,0.15
A_M_1.7999999999999998_1.0_461,24.5,2.31,0.73,-0.33,-0.5,-0.68,0.15
A_M_1.7999999999999998_1.0_462,25.38,2.31,0.73,-0.33,-0.5,-0.68,0.15
A_M_1.7999999999999998_1.0_463,24.97,2.31,0.73,-0.33,-0.5,-0.68,0.15
A_M_1.7999999999999998_1.0_464,25.27,2.31,0.73,-0.33,-0.5,-0.68,0.15
A_M_1.7999999999999998_1.0_465,23.2,2.31,0.73,-0.33,-0.5,-0.68,0.15
A_M_1.7999999999999998_1.0_466,20.35,2.31,0.73,-0.33,-0.5,-0.68,0.15
A_M_1.7999999999999998_1.0_467,25.47,2.31,0.73,-0.33,-0.5,-0.68,0.15
A_M_1.7999999999999998_1.0_468,24.05,2.31,0.73,-0.33,-0.5,-0.68,0.15
A_M_1.7999999999999998_1.0_469,25.56,2.31,0.73,-0.33,-0.5,-0.68,0.15
A_M_1.7999999999999998_1.0_470,23.6,2.31,0.73,-0.33,-0.5,-0.68,0.15
A_M_1.7999999999999998_1.0_471,22.52,2.31,0.73,-0.33,-0.5,-0.68,0.15
A_M_1.7999999999999998_1.0_472,24.15,2.31,0.73,-0.33,-0.5,-0.68,0.15
A_M_1.7999999999999998_1.0_473,24.4,2.31,0.73,-0.33,-0.5,-0.68,0.15
A_M_1.7999999999999998_1.0_474,24.76,2.31,0.73,-0.33,-0.5,-0.68,0.15
A_M_1.7999999999999998_1.0_475,25.28,2.31,0.73,-0.33,-0.5,-0.68,0.15
A_M_1.7999999999999998_1.0_476,23.59,2.31,0.73,-0.33,-0.5,-0.68,0.15
A_M_1.7999999999999998_1.0_477,25.39,2.31,0.73,-0.33,-0.5,-0.68,0.15
A_M_1.7999999999999998_1.0_478,25.32,2.31,0.73,-0.33,-0.5,-0.68,0.15
A_M_1.7999999999999998_1.0_479,25.24,2.31,0.73,-0.33,-0.5,-0.68,0.15
A_M_1.7999999999999998_1.0_480,25.04,2.31,0.73,-0.33,-0.5,-0.68,0.15
A_M_1.7999999999999998_1.0_481,24.49,2.31,0.73,-0.33,-0.5,-0.68,0.15
A_M_1.7999999999999998_1.0_482,25.12,2.31,0.73,-0.33,-0.5,-0.68,0.15
