ObjID,FORMAT,q,e,inc,node,argPeri,t_p_MJD_TDB,epochMJD_TDB
A_M_1.7999999999999998_1.0_0,COM,0.727895,1.004093,2.874,5.209,2.657,61162.26058787724,60980.00158187724
A_M_1.7999999999999998_1.0_1,COM,1.171669,1.014515,0.435,1.244,4.263,60980.747811877234,60980.00158187724
A_M_1.7999999999999998_1.0_2,COM,0.330239,1.009107,1.485,1.451,3.179,64059.026998877234,60980.00158187724
A_M_1.7999999999999998_1.0_3,COM,1.137037,1.046271,0.896,1.785,1.643,60989.40276687724,60980.00158187724
A_M_1.7999999999999998_1.0_4,COM,0.539309,1.019681,1.897,1.269,2.994,63503.01435987724,60980.00158187724
A_M_1.7999999999999998_1.0_5,COM,1.631306,1.054486,1.887,0.508,4.013,62419.88443387724,60980.00158187724
A_M_1.7999999999999998_1.0_6,COM,0.707319,1.039145,1.264,1.994,5.116,62477.24491687724,60980.00158187724
A_M_1.7999999999999998_1.0_7,COM,0.092515,1.006324,2.537,3.37,0.931,63868.98234487724,60980.00158187724
A_M_1.7999999999999998_1.0_8,COM,2.162236,1.130355,0.937,2.99,5.895,64730.34978987724,60980.00158187724
A_M_1.7999999999999998_1.0_9,COM,1.577985,1.0944,1.517,6.157,0.272,63401.41741587724,60980.00158187724
A_M_1.7999999999999998_1.0_10,COM,0.211364,1.019349,0.602,3.345,4.738,63623.41098887724,60980.00158187724
A_M_1.7999999999999998_1.0_11,COM,0.166546,1.013554,0.672,5.3,3.53,61242.29892887724,60980.00158187724
A_M_1.7999999999999998_1.0_12,COM,1.351493,1.117339,0.68,3.745,1.308,61898.21676187724,60980.00158187724
A_M_1.7999999999999998_1.0_13,COM,2.610923,1.239493,1.668,4.702,3.907,61640.810593877235,60980.00158187724
A_M_1.7999999999999998_1.0_14,COM,1.730587,1.181313,0.282,1.712,4.59,62054.90625187724,60980.00158187724
A_M_1.7999999999999998_1.0_15,COM,0.272484,1.025537,2.139,5.621,1.968,62306.45915787724,60980.00158187724
A_M_1.7999999999999998_1.0_16,COM,1.104838,1.140896,2.41,4.924,4.159,64630.18242987724,60980.00158187724
A_M_1.7999999999999998_1.0_17,COM,0.622756,1.077808,1.343,1.842,5.674,61582.589629877235,60980.00158187724
A_M_1.7999999999999998_1.0_18,COM,0.372295,1.062071,0.626,2.817,2.321,64025.40393187724,60980.00158187724
A_M_1.7999999999999998_1.0_19,COM,1.172318,1.226282,1.182,5.189,4.891,61626.52520087724,60980.00158187724
A_M_1.7999999999999998_1.0_20,COM,1.701058,1.290067,2.393,2.258,3.579,61350.73635187724,60980.00158187724
A_M_1.7999999999999998_1.0_21,COM,0.41062,1.07505,0.749,3.864,4.947,62942.03709787724,60980.00158187724
A_M_1.7999999999999998_1.0_22,COM,0.93216,1.159973,1.068,5.627,0.022,64574.16280387724,60980.00158187724
A_M_1.7999999999999998_1.0_23,COM,0.542358,1.104762,2.376,4.748,3.887,64368.36770987724,60980.00158187724
A_M_1.7999999999999998_1.0_24,COM,1.230892,1.265054,2.041,2.772,4.45,62167.73622087724,60980.00158187724
A_M_1.7999999999999998_1.0_25,COM,1.163767,1.225309,1.325,3.051,5.949,63029.70608687724,60980.00158187724
A_M_1.7999999999999998_1.0_26,COM,0.577652,1.122646,0.606,1.713,3.244,62007.055352877236,60980.00158187724
A_M_1.7999999999999998_1.0_27,COM,0.516831,1.102859,2.513,0.318,4.605,63992.39953987724,60980.00158187724
A_M_1.7999999999999998_1.0_28,COM,0.516831,1.102859,2.513,0.318,4.605,63992.39953987724,60980.00158187724
A_M_1.7999999999999998_1.0_29,COM,0.110866,1.027101,1.949,0.812,0.845,61571.956356877236,60980.00158187724
A_M_1.7999999999999998_1.0_30,COM,1.264318,1.2978,0.842,5.82,3.689,63594.59286987724,60980.00158187724
A_M_1.7999999999999998_1.0_31,COM,1.72276,1.487858,2.232,5.486,3.849,64303.076994877236,60980.00158187724
A_M_1.7999999999999998_1.0_32,COM,1.800582,1.48737,1.351,4.102,1.405,61413.89586287724,60980.00158187724
A_M_1.7999999999999998_1.0_33,COM,1.212603,1.352647,1.672,0.093,4.259,61813.75730787724,60980.00158187724
A_M_1.7999999999999998_1.0_34,COM,1.332153,1.405515,1.064,4.637,5.293,61832.86483687724,60980.00158187724
A_M_1.7999999999999998_1.0_35,COM,0.13951,1.042352,2.163,1.418,4.067,62756.72749887724,60980.00158187724
A_M_1.7999999999999998_1.0_36,COM,0.323553,1.095174,2.544,3.935,3.223,63922.13299587724,60980.00158187724
A_M_1.7999999999999998_1.0_37,COM,2.402774,1.769097,0.812,1.083,4.45,60988.662422877234,60980.00158187724
A_M_1.7999999999999998_1.0_38,COM,0.793199,1.244742,2.798,2.442,1.812,62494.10188987724,60980.00158187724
A_M_1.7999999999999998_1.0_39,COM,0.294156,1.09107,2.042,6.252,1.534,61608.299527877236,60980.00158187724
A_M_1.7999999999999998_1.0_40,COM,0.279108,1.090412,2.397,4.38,2.611,64033.02712587724,60980.00158187724
A_M_1.7999999999999998_1.0_41,COM,0.293488,1.092324,1.223,1.778,4.018,61628.74500887724,60980.00158187724
A_M_1.7999999999999998_1.0_42,COM,0.315092,1.109557,2.267,1.854,3.233,64646.99908887724,60980.00158187724
A_M_1.7999999999999998_1.0_43,COM,0.867117,1.316225,1.591,4.243,4.499,62985.18377087724,60980.00158187724
A_M_1.7999999999999998_1.0_44,COM,0.47204,1.163744,1.06,6.015,5.484,62982.547802877234,60980.00158187724
A_M_1.7999999999999998_1.0_45,COM,1.399561,1.505223,1.035,3.927,0.959,64221.071234877236,60980.00158187724
A_M_1.7999999999999998_1.0_46,COM,0.283653,1.101412,1.471,4.063,2.43,62984.902406877234,60980.00158187724
A_M_1.7999999999999998_1.0_47,COM,0.338184,1.113774,0.743,2.552,5.439,63473.73037787724,60980.00158187724
A_M_1.7999999999999998_1.0_48,COM,0.680083,1.228256,1.296,4.018,0.548,62935.43287287724,60980.00158187724
A_M_1.7999999999999998_1.0_49,COM,2.210757,1.811454,1.444,2.108,3.908,61026.14731087724,60980.00158187724
A_M_1.7999999999999998_1.0_50,COM,0.777328,1.28363,0.33,1.424,3.986,61918.256304877235,60980.00158187724
A_M_1.7999999999999998_1.0_51,COM,2.566816,1.986543,1.929,4.007,3.631,64179.638377877236,60980.00158187724
A_M_1.7999999999999998_1.0_52,COM,0.416579,1.16147,2.701,0.958,3.174,63373.99809787724,60980.00158187724
A_M_1.7999999999999998_1.0_53,COM,1.276128,1.518967,0.885,1.825,4.58,63869.66583187724,60980.00158187724
A_M_1.7999999999999998_1.0_54,COM,1.295955,1.488153,1.649,4.99,2.326,62591.55280287724,60980.00158187724
A_M_1.7999999999999998_1.0_55,COM,1.067846,1.410701,1.54,3.06,4.96,61396.17333687724,60980.00158187724
A_M_1.7999999999999998_1.0_56,COM,0.779186,1.298901,0.987,3.032,3.761,63099.36321887724,60980.00158187724
A_M_1.7999999999999998_1.0_57,COM,0.632596,1.244556,1.143,1.516,5.261,63957.72255587724,60980.00158187724
A_M_1.7999999999999998_1.0_58,COM,1.48768,1.626935,1.425,0.624,3.407,61245.904581877236,60980.00158187724
A_M_1.7999999999999998_1.0_59,COM,0.255088,1.126262,1.794,4.065,0.946,62385.72013687724,60980.00158187724
A_M_1.7999999999999998_1.0_60,COM,0.587086,1.287896,0.695,5.74,2.282,64262.62832487724,60980.00158187724
A_M_1.7999999999999998_1.0_61,COM,1.315661,1.637249,0.817,1.022,5.29,62830.63013187724,60980.00158187724
A_M_1.7999999999999998_1.0_62,COM,0.55789,1.265918,2.208,3.023,4.495,64561.54890787724,60980.00158187724
A_M_1.7999999999999998_1.0_63,COM,0.953914,1.445148,1.11,1.309,5.408,62716.844381877236,60980.00158187724
A_M_1.7999999999999998_1.0_64,COM,1.066704,1.573887,1.069,6.003,5.466,62534.06647787724,60980.00158187724
A_M_1.7999999999999998_1.0_65,COM,0.849311,1.460385,0.974,4.537,4.314,63446.812676877234,60980.00158187724
A_M_1.7999999999999998_1.0_66,COM,1.168317,1.605446,2.032,1.616,4.913,63220.49513587724,60980.00158187724
A_M_1.7999999999999998_1.0_67,COM,1.587391,1.843193,2.091,3.853,2.497,61282.73510787724,60980.00158187724
A_M_1.7999999999999998_1.0_68,COM,0.108531,1.055938,2.19,2.742,4.221,61401.300706877235,60980.00158187724
A_M_1.7999999999999998_1.0_69,COM,0.072715,1.039788,0.602,3.236,4.299,61945.85722487724,60980.00158187724
A_M_1.7999999999999998_1.0_70,COM,1.447028,1.782166,1.211,4.452,1.916,64508.587780877235,60980.00158187724
A_M_1.7999999999999998_1.0_71,COM,1.784932,1.961178,1.37,5.121,0.043,64597.377373877236,60980.00158187724
A_M_1.7999999999999998_1.0_72,COM,0.063518,1.034389,2.057,5.634,2.277,61996.353989877236,60980.00158187724
A_M_1.7999999999999998_1.0_73,COM,1.415629,1.810474,1.062,1.459,4.772,64285.12054687724,60980.00158187724
A_M_1.7999999999999998_1.0_74,COM,0.152469,1.08543,1.154,3.567,0.589,63652.458352877235,60980.00158187724
A_M_1.7999999999999998_1.0_75,COM,0.416668,1.247611,1.943,4.076,2.715,61864.112175877235,60980.00158187724
A_M_1.7999999999999998_1.0_76,COM,0.468625,1.271425,0.357,1.378,2.603,61842.314722877236,60980.00158187724
A_M_1.7999999999999998_1.0_77,COM,0.84005,1.53467,1.672,2.613,2.149,63379.66237087724,60980.00158187724
A_M_1.7999999999999998_1.0_78,COM,0.560151,1.34609,2.262,5.741,0.564,61158.85285487724,60980.00158187724
A_M_1.7999999999999998_1.0_79,COM,0.831877,1.536186,1.275,4.382,3.001,64258.31490787724,60980.00158187724
A_M_1.7999999999999998_1.0_80,COM,0.520944,1.322934,0.923,5.66,3.301,61483.042972877236,60980.00158187724
A_M_1.7999999999999998_1.0_81,COM,1.419899,1.871123,0.785,1.371,2.665,62410.449306877235,60980.00158187724
A_M_1.7999999999999998_1.0_82,COM,0.192828,1.125135,2.302,2.583,2.621,63458.72300387724,60980.00158187724
A_M_1.7999999999999998_1.0_83,COM,1.189124,1.732904,2.188,0.749,4.195,61466.246372877235,60980.00158187724
A_M_1.7999999999999998_1.0_84,COM,0.199261,1.129992,1.516,5.857,4.671,63531.58069687724,60980.00158187724
A_M_1.7999999999999998_1.0_85,COM,0.944684,1.587267,0.372,2.996,5.957,62794.50367687724,60980.00158187724
A_M_1.7999999999999998_1.0_86,COM,0.596213,1.37118,2.469,1.064,3.243,62781.61585487724,60980.00158187724
A_M_1.7999999999999998_1.0_87,COM,1.155543,1.750055,1.481,4.198,2.922,62983.71558787724,60980.00158187724
A_M_1.7999999999999998_1.0_88,COM,1.620834,2.035145,1.873,4.645,2.073,61487.41310487724,60980.00158187724
A_M_1.7999999999999998_1.0_89,COM,2.098362,2.352795,1.941,1.247,5.659,64319.976192877235,60980.00158187724
A_M_1.7999999999999998_1.0_90,COM,0.481439,1.307593,0.58,4.02,1.775,63245.52561587724,60980.00158187724
A_M_1.7999999999999998_1.0_91,COM,1.115706,1.694835,1.616,4.133,5.264,62421.52570287724,60980.00158187724
A_M_1.7999999999999998_1.0_92,COM,1.138344,1.781028,0.63,3.673,1.886,62336.77162287724,60980.00158187724
A_M_1.7999999999999998_1.0_93,COM,0.01021,1.007057,0.669,0.928,0.347,64220.04287087724,60980.00158187724
A_M_1.7999999999999998_1.0_94,COM,0.501693,1.335902,1.926,1.402,4.481,60904.38339487724,60980.00158187724
A_M_1.7999999999999998_1.0_95,COM,1.302186,1.856912,1.463,5.976,2.259,62990.02568487724,60980.00158187724
A_M_1.7999999999999998_1.0_96,COM,5.409112,4.761329,2.062,6.221,3.196,62879.382918877236,60980.00158187724
A_M_1.7999999999999998_1.0_97,COM,0.863747,1.642592,1.992,3.958,4.684,61204.04349087724,60980.00158187724
A_M_1.7999999999999998_1.0_98,COM,1.547181,2.121893,2.018,2.144,3.603,62064.50812187724,60980.00158187724
A_M_1.7999999999999998_1.0_99,COM,1.275579,1.962588,1.218,5.439,3.844,61943.549204877236,60980.00158187724
A_M_1.7999999999999998_1.0_100,COM,0.165621,1.118912,2.016,5.703,6.204,61676.58679987724,60980.00158187724
A_M_1.7999999999999998_1.0_101,COM,1.544806,2.110804,0.963,0.813,5.276,61814.77671587724,60980.00158187724
A_M_1.7999999999999998_1.0_102,COM,0.583679,1.445556,1.722,5.613,3.506,61909.270339877236,60980.00158187724
A_M_1.7999999999999998_1.0_103,COM,1.585778,2.205047,2.994,6.117,1.49,64493.34819187724,60980.00158187724
A_M_1.7999999999999998_1.0_104,COM,1.361137,2.051396,1.672,4.87,3.282,63973.735990877234,60980.00158187724
A_M_1.7999999999999998_1.0_105,COM,0.462513,1.364902,1.975,1.856,0.531,64384.92269087724,60980.00158187724
A_M_1.7999999999999998_1.0_106,COM,1.29323,2.008168,2.413,4.774,5.878,63190.47850887724,60980.00158187724
A_M_1.7999999999999998_1.0_107,COM,1.60117,2.25641,2.267,1.58,5.97,61876.89002187724,60980.00158187724
A_M_1.7999999999999998_1.0_108,COM,1.439518,2.206904,1.674,0.094,3.624,61879.55310087724,60980.00158187724
A_M_1.7999999999999998_1.0_109,COM,1.021423,1.884038,1.635,1.054,5.613,62147.09775887724,60980.00158187724
A_M_1.7999999999999998_1.0_110,COM,1.003836,1.848313,1.932,0.858,5.255,62922.213642877236,60980.00158187724
A_M_1.7999999999999998_1.0_111,COM,0.792972,1.655171,0.279,1.431,5.588,61241.983389877234,60980.00158187724
A_M_1.7999999999999998_1.0_112,COM,0.896933,1.760054,1.108,4.838,0.343,61514.09291287724,60980.00158187724
A_M_1.7999999999999998_1.0_113,COM,0.871803,1.771369,2.43,2.269,5.184,61733.97354287724,60980.00158187724
A_M_1.7999999999999998_1.0_114,COM,1.379251,2.175817,2.079,0.726,4.448,61947.923404877234,60980.00158187724
A_M_1.7999999999999998_1.0_115,COM,1.408692,2.206567,2.055,2.448,4.048,61646.951242877236,60980.00158187724
A_M_1.7999999999999998_1.0_116,COM,0.375736,1.317486,1.607,1.626,6.14,64173.659439877236,60980.00158187724
A_M_1.7999999999999998_1.0_117,COM,0.263865,1.220782,2.089,3.454,5.017,62095.332989877235,60980.00158187724
A_M_1.7999999999999998_1.0_118,COM,2.889721,3.448472,1.366,5.216,1.125,63384.58071587724,60980.00158187724
A_M_1.7999999999999998_1.0_119,COM,0.902138,1.772201,2.664,6.093,4.87,61649.478452877236,60980.00158187724
A_M_1.7999999999999998_1.0_120,COM,0.919463,1.833126,0.535,1.253,5.536,64139.97344687724,60980.00158187724
A_M_1.7999999999999998_1.0_121,COM,2.292126,3.151459,2.751,2.236,1.099,62643.84161687724,60980.00158187724
A_M_1.7999999999999998_1.0_122,COM,1.656592,2.507988,1.879,2.327,1.052,61008.23910187724,60980.00158187724
A_M_1.7999999999999998_1.0_123,COM,0.334302,1.306987,1.741,5.212,0.061,62446.185037877236,60980.00158187724
A_M_1.7999999999999998_1.0_124,COM,1.160332,2.093743,0.858,2.801,1.153,62034.58865087724,60980.00158187724
A_M_1.7999999999999998_1.0_125,COM,0.410659,1.372195,2.046,1.19,0.015,64031.588124877235,60980.00158187724
A_M_1.7999999999999998_1.0_126,COM,3.168863,3.993324,1.414,1.645,2.587,62734.80466687724,60980.00158187724
A_M_1.7999999999999998_1.0_127,COM,1.360968,2.25257,0.792,5.824,4.905,62539.507141877235,60980.00158187724
A_M_1.7999999999999998_1.0_128,COM,1.350995,2.270444,1.307,0.779,2.464,64138.11861687724,60980.00158187724
A_M_1.7999999999999998_1.0_129,COM,1.098636,2.027872,0.697,0.342,5.642,64643.141945877236,60980.00158187724
A_M_1.7999999999999998_1.0_130,COM,1.024669,2.007054,1.617,6.098,0.914,62488.193094877235,60980.00158187724
A_M_1.7999999999999998_1.0_131,COM,1.22058,2.168456,2.53,1.603,5.153,62326.36433187724,60980.00158187724
A_M_1.7999999999999998_1.0_132,COM,2.051402,3.010055,1.369,5.057,3.19,64023.592855877236,60980.00158187724
A_M_1.7999999999999998_1.0_133,COM,1.818648,2.780184,2.007,5.526,3.352,64526.40690787724,60980.00158187724
A_M_1.7999999999999998_1.0_134,COM,1.386873,2.324935,0.708,1.936,4.403,63563.08119887724,60980.00158187724
A_M_1.7999999999999998_1.0_135,COM,0.808303,1.78785,1.421,5.117,0.901,63377.46519487724,60980.00158187724
A_M_1.7999999999999998_1.0_136,COM,0.437726,1.430345,2.436,2.199,4.016,64475.21893587724,60980.00158187724
A_M_1.7999999999999998_1.0_137,COM,0.937767,1.916367,1.658,4.194,3.079,64644.43180187724,60980.00158187724
A_M_1.7999999999999998_1.0_138,COM,1.516487,2.602231,1.703,1.337,3.77,63846.930954877236,60980.00158187724
A_M_1.7999999999999998_1.0_139,COM,1.567363,2.620214,2.458,5.517,2.537,62527.156173877236,60980.00158187724
A_M_1.7999999999999998_1.0_140,COM,0.463654,1.504325,2.881,3.116,4.241,61581.49501087724,60980.00158187724
A_M_1.7999999999999998_1.0_141,COM,1.101359,2.148775,0.971,4.774,4.985,63021.94807387724,60980.00158187724
A_M_1.7999999999999998_1.0_142,COM,1.835762,2.886697,1.875,5.754,4.691,62468.40224187724,60980.00158187724
A_M_1.7999999999999998_1.0_143,COM,0.495578,1.534121,1.083,1.096,4.782,64598.212394877235,60980.00158187724
A_M_1.7999999999999998_1.0_144,COM,1.305835,2.362258,1.604,5.284,2.461,64058.68556487724,60980.00158187724
A_M_1.7999999999999998_1.0_145,COM,1.004338,2.099759,1.891,1.391,0.417,62959.08910687724,60980.00158187724
A_M_1.7999999999999998_1.0_146,COM,1.999459,3.214212,1.801,3.454,3.722,61749.27026387724,60980.00158187724
A_M_1.7999999999999998_1.0_147,COM,0.991684,2.084064,1.433,2.201,3.435,62769.34052187724,60980.00158187724
A_M_1.7999999999999998_1.0_148,COM,2.206754,3.484502,1.171,3.5,0.764,63691.39496187724,60980.00158187724
A_M_1.7999999999999998_1.0_149,COM,1.244037,2.429712,1.425,3.863,2.276,61670.782612877236,60980.00158187724
A_M_1.7999999999999998_1.0_150,COM,0.988075,2.080419,1.453,1.777,4.511,64273.81765587724,60980.00158187724
A_M_1.7999999999999998_1.0_151,COM,1.787463,2.975188,1.449,1.56,2.248,61170.50035687724,60980.00158187724
A_M_1.7999999999999998_1.0_152,COM,0.337334,1.402383,1.624,5.165,4.246,64244.30949287724,60980.00158187724
A_M_1.7999999999999998_1.0_153,COM,1.113526,2.32255,1.947,1.296,4.58,62058.63909787724,60980.00158187724
A_M_1.7999999999999998_1.0_154,COM,1.359883,2.603416,0.655,6.007,5.043,63305.526440877235,60980.00158187724
A_M_1.7999999999999998_1.0_155,COM,0.454894,1.556024,1.444,6.268,0.31,64403.71674287724,60980.00158187724
A_M_1.7999999999999998_1.0_156,COM,0.628334,1.761838,1.653,2.046,4.562,64212.69042287724,60980.00158187724
A_M_1.7999999999999998_1.0_157,COM,0.410719,1.477638,1.156,1.947,5.567,61678.33964187724,60980.00158187724
A_M_1.7999999999999998_1.0_158,COM,1.201191,2.409746,0.767,3.285,2.391,63903.93669387724,60980.00158187724
A_M_1.7999999999999998_1.0_159,COM,0.896146,2.098901,0.88,2.897,3.764,64582.681014877235,60980.00158187724
A_M_1.7999999999999998_1.0_160,COM,0.498307,1.599728,1.127,3.936,4.246,62322.58028687724,60980.00158187724
A_M_1.7999999999999998_1.0_161,COM,0.804265,1.970852,1.454,5.112,2.901,61281.47753287724,60980.00158187724
A_M_1.7999999999999998_1.0_162,COM,1.352537,2.571489,2.238,0.074,3.409,61537.12119387724,60980.00158187724
A_M_1.7999999999999998_1.0_163,COM,2.596133,4.167915,2.089,4.607,2.729,62937.66045887724,60980.00158187724
A_M_1.7999999999999998_1.0_164,COM,1.030844,2.32028,0.72,4.35,2.021,64300.034953877235,60980.00158187724
A_M_1.7999999999999998_1.0_165,COM,1.646348,3.142568,1.624,4.112,1.532,61698.95987387724,60980.00158187724
A_M_1.7999999999999998_1.0_166,COM,1.452999,2.81319,0.83,0.593,4.7,64362.35967887724,60980.00158187724
A_M_1.7999999999999998_1.0_167,COM,1.541558,2.993601,0.923,4.515,2.729,61274.078605877236,60980.00158187724
A_M_1.7999999999999998_1.0_168,COM,0.691112,1.864915,0.428,0.64,0.025,61638.91219887724,60980.00158187724
A_M_1.7999999999999998_1.0_169,COM,1.260604,2.591242,1.006,4.667,4.571,62430.76899187724,60980.00158187724
A_M_1.7999999999999998_1.0_170,COM,0.206653,1.2629,1.314,4.634,2.948,61736.857919877235,60980.00158187724
A_M_1.7999999999999998_1.0_171,COM,1.166768,2.491166,1.502,3.695,4.029,61811.17450887724,60980.00158187724
A_M_1.7999999999999998_1.0_172,COM,3.078265,4.874186,2.872,0.044,3.463,62633.35780387724,60980.00158187724
A_M_1.7999999999999998_1.0_173,COM,1.05481,2.339317,1.529,3.464,3.481,62838.506797877235,60980.00158187724
A_M_1.7999999999999998_1.0_174,COM,0.631456,1.790131,0.206,2.662,1.519,61918.02505487724,60980.00158187724
A_M_1.7999999999999998_1.0_175,COM,0.220596,1.302387,1.326,5.522,2.184,61893.03822687724,60980.00158187724
A_M_1.7999999999999998_1.0_176,COM,0.380737,1.507549,2.341,6.03,3.017,62086.64288287724,60980.00158187724
A_M_1.7999999999999998_1.0_177,COM,0.014945,1.02037,0.334,6.229,5.415,64249.085030877235,60980.00158187724
A_M_1.7999999999999998_1.0_178,COM,1.812849,3.435028,1.657,1.165,4.369,61948.070154877234,60980.00158187724
A_M_1.7999999999999998_1.0_179,COM,0.965757,2.334552,1.04,3.981,2.825,63277.74058087724,60980.00158187724
A_M_1.7999999999999998_1.0_180,COM,1.529291,3.098107,0.732,2.737,1.352,62105.25527787724,60980.00158187724
A_M_1.7999999999999998_1.0_181,COM,0.050538,1.067882,0.882,2.034,5.11,61800.93656787724,60980.00158187724
A_M_1.7999999999999998_1.0_182,COM,0.050538,1.067882,0.882,2.034,5.11,61800.93656787724,60980.00158187724
A_M_1.7999999999999998_1.0_183,COM,2.23664,3.970502,1.99,1.933,3.841,63321.74724987724,60980.00158187724
A_M_1.7999999999999998_1.0_184,COM,0.417867,1.567391,0.755,1.308,3.439,63700.73127687724,60980.00158187724
A_M_1.7999999999999998_1.0_185,COM,1.102391,2.52427,1.472,4.037,1.63,63515.349517877235,60980.00158187724
A_M_1.7999999999999998_1.0_186,COM,0.215309,1.289608,1.437,0.016,5.467,63050.399977877234,60980.00158187724
A_M_1.7999999999999998_1.0_187,COM,0.852669,2.174751,1.476,0.636,1.983,62993.419496877235,60980.00158187724
A_M_1.7999999999999998_1.0_188,COM,0.796538,2.060113,0.773,2.54,4.979,62012.16352787724,60980.00158187724
A_M_1.7999999999999998_1.0_189,COM,1.019576,2.342895,1.563,1.677,4.441,63127.99582087724,60980.00158187724
A_M_1.7999999999999998_1.0_190,COM,0.980452,2.306558,1.322,4.521,0.514,62317.24021887724,60980.00158187724
A_M_1.7999999999999998_1.0_191,COM,0.785081,2.050483,1.825,3.42,0.459,61244.10737787724,60980.00158187724
A_M_1.7999999999999998_1.0_192,COM,1.896236,3.706623,2.72,0.039,0.649,61243.11265987724,60980.00158187724
A_M_1.7999999999999998_1.0_193,COM,1.851908,3.637107,1.225,4.37,3.717,62631.491730877235,60980.00158187724
A_M_1.7999999999999998_1.0_194,COM,2.717329,4.831878,1.622,3.128,0.238,62452.13099687724,60980.00158187724
A_M_1.7999999999999998_1.0_195,COM,1.159241,2.638305,1.746,3.609,4.425,62615.35456187724,60980.00158187724
A_M_1.7999999999999998_1.0_196,COM,1.584895,3.300559,1.465,5.317,4.542,61577.820028877235,60980.00158187724
A_M_1.7999999999999998_1.0_197,COM,0.574021,1.81565,2.522,4.294,4.852,64149.888356877236,60980.00158187724
A_M_1.7999999999999998_1.0_198,COM,1.554493,3.307298,1.701,0.697,2.091,64594.26690987724,60980.00158187724
A_M_1.7999999999999998_1.0_199,COM,5.001471,8.51911,0.401,5.573,4.978,62617.25879187724,60980.00158187724
A_M_1.7999999999999998_1.0_200,COM,1.261579,2.924909,1.941,4.802,3.391,61536.89625587724,60980.00158187724
A_M_1.7999999999999998_1.0_201,COM,1.144387,2.744373,1.986,6.184,2.826,62590.737952877236,60980.00158187724
A_M_1.7999999999999998_1.0_202,COM,0.573737,1.87675,2.538,1.339,2.0,62610.97420787724,60980.00158187724
A_M_1.7999999999999998_1.0_203,COM,1.461525,3.228093,2.913,2.755,3.499,62331.846891877234,60980.00158187724
A_M_1.7999999999999998_1.0_204,COM,0.974476,2.551028,1.071,1.678,3.968,64497.455021877235,60980.00158187724
A_M_1.7999999999999998_1.0_205,COM,0.678504,2.050677,1.349,6.073,2.682,62041.00351587724,60980.00158187724
A_M_1.7999999999999998_1.0_206,COM,0.344139,1.536019,0.835,2.128,5.275,62653.274013877235,60980.00158187724
A_M_1.7999999999999998_1.0_207,COM,1.185879,2.931899,0.956,0.0,0.161,60972.594724877235,60980.00158187724
A_M_1.7999999999999998_1.0_208,COM,0.593314,1.957135,1.311,4.444,2.005,64564.87959887724,60980.00158187724
A_M_1.7999999999999998_1.0_209,COM,1.319607,3.096402,1.594,3.753,1.543,62247.22044287724,60980.00158187724
A_M_1.7999999999999998_1.0_210,COM,1.489325,3.354229,1.375,2.397,1.844,61186.146177877235,60980.00158187724
A_M_1.7999999999999998_1.0_211,COM,0.709126,2.140242,0.818,4.822,2.307,61289.879973877236,60980.00158187724
A_M_1.7999999999999998_1.0_212,COM,1.188255,2.930433,0.709,2.481,2.514,61114.20163487724,60980.00158187724
A_M_1.7999999999999998_1.0_213,COM,0.375175,1.584084,1.553,5.669,3.697,62796.76517487724,60980.00158187724
A_M_1.7999999999999998_1.0_214,COM,0.76403,2.198587,2.164,0.847,1.505,62338.119782877235,60980.00158187724
A_M_1.7999999999999998_1.0_215,COM,0.590285,2.000085,1.909,4.483,2.401,64518.98288287724,60980.00158187724
A_M_1.7999999999999998_1.0_216,COM,0.487277,1.829037,2.407,1.905,1.698,62246.26531787724,60980.00158187724
A_M_1.7999999999999998_1.0_217,COM,0.991576,2.661844,1.386,1.296,5.79,64053.16587087724,60980.00158187724
A_M_1.7999999999999998_1.0_218,COM,5.599609,10.627654,0.183,5.27,4.091,61269.446488877235,60980.00158187724
A_M_1.7999999999999998_1.0_219,COM,0.683991,2.169154,0.773,4.746,5.545,62661.54850487724,60980.00158187724
A_M_1.7999999999999998_1.0_220,COM,0.185121,1.310073,1.436,2.787,1.621,63736.78219187724,60980.00158187724
A_M_1.7999999999999998_1.0_221,COM,1.148804,2.927831,2.167,3.956,4.733,61074.96451787724,60980.00158187724
A_M_1.7999999999999998_1.0_222,COM,0.265394,1.43782,2.402,4.437,2.901,61758.74174687724,60980.00158187724
A_M_1.7999999999999998_1.0_223,COM,1.258182,3.157809,2.425,0.772,3.998,62457.83209587724,60980.00158187724
A_M_1.7999999999999998_1.0_224,COM,0.599907,2.012378,2.147,5.588,3.912,63085.19730187724,60980.00158187724
A_M_1.7999999999999998_1.0_225,COM,1.499159,3.610683,1.705,5.139,6.172,63002.94790287724,60980.00158187724
A_M_1.7999999999999998_1.0_226,COM,0.102242,1.176105,1.452,5.829,0.997,64391.60279287724,60980.00158187724
A_M_1.7999999999999998_1.0_227,COM,1.607582,3.811886,1.81,0.073,2.169,63683.96182587724,60980.00158187724
A_M_1.7999999999999998_1.0_228,COM,0.960488,2.695323,1.428,3.552,1.237,61472.379950877235,60980.00158187724
A_M_1.7999999999999998_1.0_229,COM,1.262688,3.22612,1.318,5.058,2.42,61883.04347987724,60980.00158187724
A_M_1.7999999999999998_1.0_230,COM,1.58816,3.79645,1.194,4.786,5.741,61410.559303877235,60980.00158187724
A_M_1.7999999999999998_1.0_231,COM,2.541399,5.587827,2.823,4.888,1.881,61775.26353087724,60980.00158187724
A_M_1.7999999999999998_1.0_232,COM,0.97788,2.761971,1.539,2.725,3.149,62937.70465287724,60980.00158187724
A_M_1.7999999999999998_1.0_233,COM,0.54381,2.012289,1.905,5.104,4.21,62994.24760387724,60980.00158187724
A_M_1.7999999999999998_1.0_234,COM,0.920216,2.726774,1.399,0.161,3.573,61149.82130387724,60980.00158187724
A_M_1.7999999999999998_1.0_235,COM,0.925608,2.701474,1.474,2.765,4.102,62763.94460887724,60980.00158187724
A_M_1.7999999999999998_1.0_236,COM,1.142173,3.102992,1.575,5.669,2.955,62041.77261187724,60980.00158187724
A_M_1.7999999999999998_1.0_237,COM,1.262274,3.287992,1.439,0.764,0.353,62251.92477487724,60980.00158187724
A_M_1.7999999999999998_1.0_238,COM,1.075769,2.992242,2.298,1.21,3.648,62423.42410887724,60980.00158187724
A_M_1.7999999999999998_1.0_239,COM,0.960557,2.855348,1.883,4.425,2.146,61584.62989487724,60980.00158187724
A_M_1.7999999999999998_1.0_240,COM,1.115575,3.140724,2.303,0.818,4.504,64544.289445877235,60980.00158187724
A_M_1.7999999999999998_1.0_241,COM,0.927431,2.778226,1.376,2.105,4.999,63947.191482877235,60980.00158187724
A_M_1.7999999999999998_1.0_242,COM,1.41349,3.746644,1.315,2.75,3.312,63435.56070587724,60980.00158187724
A_M_1.7999999999999998_1.0_243,COM,1.047633,3.167414,0.766,2.341,4.599,63160.490997877234,60980.00158187724
A_M_1.7999999999999998_1.0_244,COM,1.295531,3.659363,1.73,2.528,1.477,62583.510193877235,60980.00158187724
A_M_1.7999999999999998_1.0_245,COM,0.406611,1.829502,0.788,1.146,3.808,64673.76956987724,60980.00158187724
A_M_1.7999999999999998_1.0_246,COM,1.016576,3.050383,1.972,1.485,4.998,63186.077891877234,60980.00158187724
A_M_1.7999999999999998_1.0_247,COM,0.535043,2.133023,3.034,3.311,0.694,61561.917285877236,60980.00158187724
A_M_1.7999999999999998_1.0_248,COM,0.860144,2.838934,0.997,2.867,4.329,62349.923259877236,60980.00158187724
A_M_1.7999999999999998_1.0_249,COM,1.510085,4.26803,1.829,1.522,2.706,62979.76269787724,60980.00158187724
A_M_1.7999999999999998_1.0_250,COM,1.341835,3.931304,1.35,0.302,2.783,61725.84688487724,60980.00158187724
A_M_1.7999999999999998_1.0_251,COM,0.371508,1.783056,1.069,2.438,1.974,62906.705986877234,60980.00158187724
A_M_1.7999999999999998_1.0_252,COM,1.117471,3.358224,1.85,5.973,2.797,61391.868473877235,60980.00158187724
A_M_1.7999999999999998_1.0_253,COM,1.53762,4.293869,1.81,4.067,3.592,61746.39328687724,60980.00158187724
A_M_1.7999999999999998_1.0_254,COM,1.897004,5.005747,1.098,3.749,3.83,61141.421749877234,60980.00158187724
A_M_1.7999999999999998_1.0_255,COM,1.104668,3.319279,1.028,3.93,3.608,62755.229096877236,60980.00158187724
A_M_1.7999999999999998_1.0_256,COM,1.524625,4.234712,1.461,1.69,3.098,63386.48934287724,60980.00158187724
A_M_1.7999999999999998_1.0_257,COM,1.599686,4.397419,2.423,5.36,2.936,63653.22919087724,60980.00158187724
A_M_1.7999999999999998_1.0_258,COM,1.15486,3.586616,2.744,2.848,3.407,61772.089757877235,60980.00158187724
A_M_1.7999999999999998_1.0_259,COM,2.070198,5.71097,2.113,5.11,3.133,62195.23416187724,60980.00158187724
A_M_1.7999999999999998_1.0_260,COM,1.401915,4.099426,1.223,2.727,3.706,62143.64605487724,60980.00158187724
A_M_1.7999999999999998_1.0_261,COM,1.30517,3.872856,1.799,0.387,2.706,63625.436539877235,60980.00158187724
A_M_1.7999999999999998_1.0_262,COM,0.829925,2.842422,0.735,1.537,4.091,64508.87232887724,60980.00158187724
A_M_1.7999999999999998_1.0_263,COM,1.008173,3.247277,2.116,4.466,4.455,63620.33018887724,60980.00158187724
A_M_1.7999999999999998_1.0_264,COM,1.007036,3.291948,0.387,5.945,0.913,61837.71775287724,60980.00158187724
A_M_1.7999999999999998_1.0_265,COM,1.321074,4.063745,2.943,1.758,5.502,61630.45750687724,60980.00158187724
A_M_1.7999999999999998_1.0_266,COM,0.844799,2.967988,1.322,2.461,4.241,64646.842485877234,60980.00158187724
A_M_1.7999999999999998_1.0_267,COM,0.794602,2.819493,0.935,3.447,2.257,61723.50047187724,60980.00158187724
A_M_1.7999999999999998_1.0_268,COM,0.604779,2.432319,1.515,2.318,4.999,63890.92406387724,60980.00158187724
A_M_1.7999999999999998_1.0_269,COM,0.666379,2.525775,0.897,4.587,3.711,64421.94090687724,60980.00158187724
A_M_1.7999999999999998_1.0_270,COM,0.696994,2.62976,1.828,3.807,3.018,61528.493707877235,60980.00158187724
A_M_1.7999999999999998_1.0_271,COM,0.792044,2.821425,1.004,5.193,1.232,61697.97087687724,60980.00158187724
A_M_1.7999999999999998_1.0_272,COM,0.576071,2.328925,1.578,4.467,4.747,63585.51075887724,60980.00158187724
A_M_1.7999999999999998_1.0_273,COM,0.770383,2.858432,1.008,4.203,5.339,62509.613080877236,60980.00158187724
A_M_1.7999999999999998_1.0_274,COM,1.649431,5.062415,2.59,2.187,5.703,61805.207449877234,60980.00158187724
A_M_1.7999999999999998_1.0_275,COM,4.347354,11.434421,0.949,2.967,3.101,62687.80645387724,60980.00158187724
A_M_1.7999999999999998_1.0_276,COM,0.907074,3.259917,1.451,1.168,1.7,63468.18042787724,60980.00158187724
A_M_1.7999999999999998_1.0_277,COM,1.340128,4.320829,1.257,0.028,3.08,61133.620364877235,60980.00158187724
A_M_1.7999999999999998_1.0_278,COM,0.982777,3.40198,2.567,5.613,2.096,62057.30811587724,60980.00158187724
A_M_1.7999999999999998_1.0_279,COM,1.083481,3.680318,1.427,3.768,4.008,61015.84435287724,60980.00158187724
A_M_1.7999999999999998_1.0_280,COM,1.314471,4.222863,1.52,2.924,4.244,62255.27382487724,60980.00158187724
A_M_1.7999999999999998_1.0_281,COM,1.331583,4.428884,0.528,5.271,4.601,62777.93060087724,60980.00158187724
A_M_1.7999999999999998_1.0_282,COM,0.29908,1.768989,2.533,1.658,5.442,63773.23248387724,60980.00158187724
A_M_1.7999999999999998_1.0_283,COM,0.454517,2.137353,2.097,3.311,4.437,61193.785231877235,60980.00158187724
A_M_1.7999999999999998_1.0_284,COM,0.36029,1.929294,1.634,0.551,4.927,61411.28552087724,60980.00158187724
A_M_1.7999999999999998_1.0_285,COM,1.115174,3.805509,1.039,5.195,4.292,61159.702381877236,60980.00158187724
A_M_1.7999999999999998_1.0_286,COM,1.074069,3.735697,1.802,6.257,2.723,60953.72582187724,60980.00158187724
A_M_1.7999999999999998_1.0_287,COM,2.649576,7.803578,0.32,4.071,3.463,61099.03227987724,60980.00158187724
A_M_1.7999999999999998_1.0_288,COM,1.374751,4.52346,1.702,1.859,4.534,64059.59540487724,60980.00158187724
A_M_1.7999999999999998_1.0_289,COM,0.901184,3.413542,1.2,5.049,3.51,62254.879065877234,60980.00158187724
A_M_1.7999999999999998_1.0_290,COM,1.201613,4.145373,1.562,4.299,3.987,61498.30500087724,60980.00158187724
A_M_1.7999999999999998_1.0_291,COM,0.457757,2.194654,2.902,1.606,5.702,62471.12306387724,60980.00158187724
A_M_1.7999999999999998_1.0_292,COM,0.555126,2.48665,2.828,5.647,2.423,61941.296987877235,60980.00158187724
A_M_1.7999999999999998_1.0_293,COM,3.48779,10.238026,0.935,4.58,3.015,64605.66423687724,60980.00158187724
A_M_1.7999999999999998_1.0_294,COM,1.37531,4.667397,0.926,4.537,1.937,62963.710607877234,60980.00158187724
A_M_1.7999999999999998_1.0_295,COM,0.917336,3.487037,2.446,2.641,2.746,64626.626664877236,60980.00158187724
A_M_1.7999999999999998_1.0_296,COM,0.609633,2.710006,1.989,3.881,2.679,63661.78566987724,60980.00158187724
A_M_1.7999999999999998_1.0_297,COM,1.59454,5.494516,1.021,3.383,3.848,61548.845436877236,60980.00158187724
A_M_1.7999999999999998_1.0_298,COM,1.156018,4.235532,2.608,1.167,4.097,64655.95595687724,60980.00158187724
A_M_1.7999999999999998_1.0_299,COM,0.629611,2.742881,2.142,0.769,1.164,62503.403099877236,60980.00158187724
A_M_1.7999999999999998_1.0_300,COM,1.342139,4.785641,1.363,5.4,4.161,61399.40807987724,60980.00158187724
A_M_1.7999999999999998_1.0_301,COM,1.097048,4.013458,1.024,4.552,1.97,61442.52964987724,60980.00158187724
A_M_1.7999999999999998_1.0_302,COM,0.984052,3.730771,1.813,5.651,4.93,64320.43649087724,60980.00158187724
A_M_1.7999999999999998_1.0_303,COM,0.890393,3.42577,1.098,5.214,2.812,62753.22915487724,60980.00158187724
A_M_1.7999999999999998_1.0_304,COM,1.650968,5.661305,1.016,1.671,2.601,62778.81742487724,60980.00158187724
A_M_1.7999999999999998_1.0_305,COM,0.448009,2.249224,2.808,2.422,2.048,62791.21160987724,60980.00158187724
A_M_1.7999999999999998_1.0_306,COM,1.783755,5.976823,1.328,5.61,2.684,61009.88485787724,60980.00158187724
A_M_1.7999999999999998_1.0_307,COM,1.465357,5.063755,1.462,5.136,4.62,62351.11338387724,60980.00158187724
A_M_1.7999999999999998_1.0_308,COM,1.063261,3.93604,1.84,5.346,1.384,62549.106224877236,60980.00158187724
A_M_1.7999999999999998_1.0_309,COM,1.063261,3.93604,1.84,5.346,1.384,62549.106224877236,60980.00158187724
A_M_1.7999999999999998_1.0_310,COM,1.193192,4.343983,0.846,1.013,4.608,63241.20562087724,60980.00158187724
A_M_1.7999999999999998_1.0_311,COM,0.462681,2.337556,0.93,5.939,2.828,64208.57490187724,60980.00158187724
A_M_1.7999999999999998_1.0_312,COM,1.214975,4.53625,0.478,3.996,1.259,61867.92428187724,60980.00158187724
A_M_1.7999999999999998_1.0_313,COM,1.281428,4.692342,1.761,4.483,1.995,61418.68185987724,60980.00158187724
A_M_1.7999999999999998_1.0_314,COM,0.338777,1.980517,1.552,1.362,3.937,62642.14377387724,60980.00158187724
A_M_1.7999999999999998_1.0_315,COM,1.926616,6.645849,0.867,5.597,4.778,63322.28608587724,60980.00158187724
A_M_1.7999999999999998_1.0_316,COM,2.061571,7.198431,0.769,1.426,4.872,61258.830837877234,60980.00158187724
A_M_1.7999999999999998_1.0_317,COM,1.075184,4.190329,1.655,3.998,3.987,63923.53911587724,60980.00158187724
A_M_1.7999999999999998_1.0_318,COM,0.374285,2.134953,0.82,6.215,4.249,63639.98562287724,60980.00158187724
A_M_1.7999999999999998_1.0_319,COM,0.83297,3.502427,1.527,3.808,3.652,61842.96925787724,60980.00158187724
A_M_1.7999999999999998_1.0_320,COM,0.398549,2.192738,1.806,3.732,4.998,62390.739322877234,60980.00158187724
A_M_1.7999999999999998_1.0_321,COM,1.62376,5.825708,2.893,5.813,4.93,62975.802618877235,60980.00158187724
A_M_1.7999999999999998_1.0_322,COM,1.934503,6.804088,0.639,3.326,4.164,64072.34241887724,60980.00158187724
A_M_1.7999999999999998_1.0_323,COM,0.765758,3.356177,0.377,5.741,4.282,64622.61326187724,60980.00158187724
A_M_1.7999999999999998_1.0_324,COM,1.782679,6.605807,2.751,3.946,3.662,61863.62184087724,60980.00158187724
A_M_1.7999999999999998_1.0_325,COM,1.75539,6.389282,2.54,5.951,3.189,62599.305197877235,60980.00158187724
A_M_1.7999999999999998_1.0_326,COM,1.333793,5.144958,1.757,2.553,3.169,63883.761871877236,60980.00158187724
A_M_1.7999999999999998_1.0_327,COM,0.600146,2.834213,1.664,1.739,2.887,61740.34020287724,60980.00158187724
A_M_1.7999999999999998_1.0_328,COM,1.727245,6.459903,1.689,4.948,2.551,61809.452573877235,60980.00158187724
A_M_1.7999999999999998_1.0_329,COM,1.176307,4.861472,0.904,5.458,4.739,63750.89919387724,60980.00158187724
A_M_1.7999999999999998_1.0_330,COM,0.9665,4.093094,1.565,3.18,3.76,63400.21608187724,60980.00158187724
A_M_1.7999999999999998_1.0_331,COM,0.666603,3.129195,0.72,5.305,1.347,61532.57518287724,60980.00158187724
A_M_1.7999999999999998_1.0_332,COM,0.725635,3.340727,1.226,5.249,2.046,62152.44329387724,60980.00158187724
A_M_1.7999999999999998_1.0_333,COM,2.384094,8.688944,0.656,2.22,4.063,62518.99614587724,60980.00158187724
A_M_1.7999999999999998_1.0_334,COM,1.148058,4.698913,1.117,1.603,4.796,62572.243042877235,60980.00158187724
A_M_1.7999999999999998_1.0_335,COM,1.374488,5.426645,1.216,3.468,3.046,61411.275327877236,60980.00158187724
A_M_1.7999999999999998_1.0_336,COM,1.269333,5.120052,1.484,0.721,3.835,61281.78506487724,60980.00158187724
A_M_1.7999999999999998_1.0_337,COM,0.216628,1.737373,2.149,3.808,4.573,63645.27567887724,60980.00158187724
A_M_1.7999999999999998_1.0_338,COM,2.093584,8.124661,2.414,2.31,0.433,64343.65454187724,60980.00158187724
A_M_1.7999999999999998_1.0_339,COM,1.785561,6.999493,0.868,4.62,4.983,61821.156879877235,60980.00158187724
A_M_1.7999999999999998_1.0_340,COM,0.168633,1.561802,1.84,5.194,3.292,63809.26701887724,60980.00158187724
A_M_1.7999999999999998_1.0_341,COM,0.094084,1.316398,1.645,1.619,5.038,63272.868512877234,60980.00158187724
A_M_1.7999999999999998_1.0_342,COM,1.345569,5.541227,1.201,3.905,3.401,63679.57483187724,60980.00158187724
A_M_1.7999999999999998_1.0_343,COM,1.136719,4.803817,0.816,1.923,3.393,62089.69819987724,60980.00158187724
A_M_1.7999999999999998_1.0_344,COM,1.042221,4.667384,1.914,1.161,4.68,63740.24634387724,60980.00158187724
A_M_1.7999999999999998_1.0_345,COM,2.538177,9.756854,1.19,1.314,5.135,62636.739602877235,60980.00158187724
A_M_1.7999999999999998_1.0_346,COM,1.066006,4.652305,1.963,1.302,4.862,63676.14979287724,60980.00158187724
A_M_1.7999999999999998_1.0_347,COM,2.338716,9.128114,0.175,2.34,3.631,62787.84484487724,60980.00158187724
A_M_1.7999999999999998_1.0_348,COM,1.342428,5.695338,1.156,0.812,4.629,63190.437445877236,60980.00158187724
A_M_1.7999999999999998_1.0_349,COM,0.123904,1.434344,2.091,1.084,5.763,61554.254518877235,60980.00158187724
A_M_1.7999999999999998_1.0_350,COM,1.466223,6.074455,0.791,4.692,4.692,63327.78068287724,60980.00158187724
A_M_1.7999999999999998_1.0_351,COM,3.676761,14.175343,0.877,3.218,3.452,63567.889985877235,60980.00158187724
A_M_1.7999999999999998_1.0_352,COM,0.568061,3.021778,1.362,4.382,3.864,64269.63366387724,60980.00158187724
A_M_1.7999999999999998_1.0_353,COM,0.632695,3.289629,1.098,4.255,3.148,61162.51712787724,60980.00158187724
A_M_1.7999999999999998_1.0_354,COM,0.77777,3.891562,1.398,0.78,4.836,64170.77549087724,60980.00158187724
A_M_1.7999999999999998_1.0_355,COM,2.63699,10.956036,1.865,5.071,4.274,64040.12538887724,60980.00158187724
A_M_1.7999999999999998_1.0_356,COM,0.639367,3.386451,2.858,5.062,4.903,62484.544410877235,60980.00158187724
A_M_1.7999999999999998_1.0_357,COM,0.978544,4.686588,2.134,4.496,1.987,64543.260945877235,60980.00158187724
A_M_1.7999999999999998_1.0_358,COM,1.581382,7.131995,1.826,4.401,1.999,61527.026337877236,60980.00158187724
A_M_1.7999999999999998_1.0_359,COM,0.851599,4.287168,1.923,4.949,2.001,63595.934112877236,60980.00158187724
A_M_1.7999999999999998_1.0_360,COM,0.700685,3.741945,1.176,4.679,4.282,61262.73363887724,60980.00158187724
A_M_1.7999999999999998_1.0_361,COM,1.897861,8.372285,1.266,4.539,1.957,61683.037062877236,60980.00158187724
A_M_1.7999999999999998_1.0_362,COM,1.221712,5.696779,1.421,5.089,4.147,63438.39790587724,60980.00158187724
A_M_1.7999999999999998_1.0_363,COM,1.105307,5.383701,2.397,1.103,4.131,61368.28315487724,60980.00158187724
A_M_1.7999999999999998_1.0_364,COM,1.497555,6.932475,2.23,1.479,4.901,63819.704159877234,60980.00158187724
A_M_1.7999999999999998_1.0_365,COM,1.410229,6.628413,2.425,5.811,2.881,61206.176219877234,60980.00158187724
A_M_1.7999999999999998_1.0_366,COM,1.580854,7.320999,2.031,5.787,2.788,62703.88118687724,60980.00158187724
A_M_1.7999999999999998_1.0_367,COM,0.818421,4.231133,2.218,4.437,4.249,63036.284052877236,60980.00158187724
A_M_1.7999999999999998_1.0_368,COM,1.03665,5.130045,1.235,1.055,2.875,64398.51257287724,60980.00158187724
A_M_1.7999999999999998_1.0_369,COM,1.180212,5.645069,1.671,2.432,4.435,61396.025969877235,60980.00158187724
A_M_1.7999999999999998_1.0_370,COM,1.163774,5.79207,1.898,2.176,4.804,62767.50686787724,60980.00158187724
A_M_1.7999999999999998_1.0_371,COM,1.372582,6.70648,2.29,0.958,4.596,61813.653997877234,60980.00158187724
A_M_1.7999999999999998_1.0_372,COM,1.030495,5.197463,0.955,2.623,3.942,61610.08936187724,60980.00158187724
A_M_1.7999999999999998_1.0_373,COM,0.794491,4.2513,1.849,4.866,1.956,61626.57143087724,60980.00158187724
A_M_1.7999999999999998_1.0_374,COM,1.377933,6.681838,1.014,4.227,2.862,63275.67752387724,60980.00158187724
A_M_1.7999999999999998_1.0_375,COM,0.795981,4.335009,1.655,2.145,3.79,64235.04188187724,60980.00158187724
A_M_1.7999999999999998_1.0_376,COM,0.69364,3.826781,0.76,1.251,2.728,61192.512388877236,60980.00158187724
A_M_1.7999999999999998_1.0_377,COM,2.722863,12.250636,2.016,5.496,2.556,61910.703175877235,60980.00158187724
A_M_1.7999999999999998_1.0_378,COM,0.879551,4.793608,1.423,3.868,1.423,61026.25929687724,60980.00158187724
A_M_1.7999999999999998_1.0_379,COM,0.308698,2.309595,1.05,4.486,1.75,61530.28752787724,60980.00158187724
A_M_1.7999999999999998_1.0_380,COM,0.571006,3.551731,1.512,4.543,4.29,62122.392820877234,60980.00158187724
A_M_1.7999999999999998_1.0_381,COM,1.826087,9.394245,1.654,1.626,2.793,62805.30707987724,60980.00158187724
A_M_1.7999999999999998_1.0_382,COM,2.078129,10.358866,2.119,0.595,3.702,61778.64837387724,60980.00158187724
A_M_1.7999999999999998_1.0_383,COM,1.221519,6.51357,0.813,1.58,2.689,61735.63812387724,60980.00158187724
A_M_1.7999999999999998_1.0_384,COM,0.948432,5.476878,2.959,0.111,3.509,60971.252437877236,60980.00158187724
A_M_1.7999999999999998_1.0_385,COM,0.488995,3.279661,0.89,3.294,3.328,64360.301843877234,60980.00158187724
A_M_1.7999999999999998_1.0_386,COM,1.040938,5.985904,0.952,2.974,3.279,64571.54382387724,60980.00158187724
A_M_1.7999999999999998_1.0_387,COM,1.375272,7.699461,1.733,2.676,3.489,62250.10797187724,60980.00158187724
A_M_1.7999999999999998_1.0_388,COM,0.13384,1.654107,1.768,4.995,2.631,63066.432989877234,60980.00158187724
A_M_1.7999999999999998_1.0_389,COM,1.89643,10.239902,1.707,4.831,1.756,61225.87232587724,60980.00158187724
A_M_1.7999999999999998_1.0_390,COM,0.433437,3.1268,2.301,2.604,3.25,61249.328261877235,60980.00158187724
A_M_1.7999999999999998_1.0_391,COM,0.816575,4.937832,1.965,1.772,2.568,62182.276466877236,60980.00158187724
A_M_1.7999999999999998_1.0_392,COM,1.669317,9.067828,0.945,1.257,1.856,62976.31281587724,60980.00158187724
A_M_1.7999999999999998_1.0_393,COM,0.884572,5.312346,2.181,1.568,1.132,62995.61839187724,60980.00158187724
A_M_1.7999999999999998_1.0_394,COM,1.023728,5.922307,1.188,0.087,2.916,61020.80949387724,60980.00158187724
A_M_1.7999999999999998_1.0_395,COM,1.317434,7.523111,1.17,4.719,2.682,63297.25614987724,60980.00158187724
A_M_1.7999999999999998_1.0_396,COM,1.319439,7.669774,1.571,4.469,1.345,61211.78965087724,60980.00158187724
A_M_1.7999999999999998_1.0_397,COM,0.915555,5.518967,1.241,5.155,4.475,62955.28523787724,60980.00158187724
A_M_1.7999999999999998_1.0_398,COM,0.348325,2.747609,1.406,4.088,2.32,61660.433811877236,60980.00158187724
A_M_1.7999999999999998_1.0_399,COM,1.100702,6.427451,2.447,6.003,5.835,61731.37484587724,60980.00158187724
A_M_1.7999999999999998_1.0_400,COM,0.70716,4.479365,0.603,4.007,2.534,63426.04451387724,60980.00158187724
A_M_1.7999999999999998_1.0_401,COM,0.928995,5.720788,0.949,1.499,4.775,64499.45175087724,60980.00158187724
A_M_1.7999999999999998_1.0_402,COM,1.218947,7.193026,0.938,2.217,3.77,62935.68853087724,60980.00158187724
A_M_1.7999999999999998_1.0_403,COM,1.662498,9.657721,1.899,4.84,1.829,61979.52430387724,60980.00158187724
A_M_1.7999999999999998_1.0_404,COM,1.00018,6.244165,1.74,1.833,4.62,61364.56554787724,60980.00158187724
A_M_1.7999999999999998_1.0_405,COM,14.362168,77.920757,1.391,1.052,4.671,61683.63681887724,60980.00158187724
A_M_1.7999999999999998_1.0_406,COM,1.720931,10.02754,2.123,4.622,1.413,63225.681491877236,60980.00158187724
A_M_1.7999999999999998_1.0_407,COM,1.224744,7.570082,2.489,0.326,3.169,64584.091995877236,60980.00158187724
A_M_1.7999999999999998_1.0_408,COM,1.419655,8.754811,2.666,0.396,3.965,64205.511893877236,60980.00158187724
A_M_1.7999999999999998_1.0_409,COM,0.302416,2.655977,0.766,5.382,4.131,64237.26828787724,60980.00158187724
A_M_1.7999999999999998_1.0_410,COM,2.961699,17.355498,0.556,2.196,3.4,62389.14865287724,60980.00158187724
A_M_1.7999999999999998_1.0_411,COM,1.901175,11.46645,0.581,5.088,4.042,63988.691719877235,60980.00158187724
A_M_1.7999999999999998_1.0_412,COM,1.311198,8.198582,2.246,5.771,2.715,63048.87244187724,60980.00158187724
A_M_1.7999999999999998_1.0_413,COM,2.385135,14.476206,0.938,5.105,4.461,62703.43719587724,60980.00158187724
A_M_1.7999999999999998_1.0_414,COM,1.595767,10.058476,1.498,2.651,4.224,63413.18068887724,60980.00158187724
A_M_1.7999999999999998_1.0_415,COM,0.451589,3.541582,0.877,4.41,1.99,61737.744485877236,60980.00158187724
A_M_1.7999999999999998_1.0_416,COM,1.654758,10.173736,2.365,1.31,3.66,61628.59045987724,60980.00158187724
A_M_1.7999999999999998_1.0_417,COM,1.359097,8.609404,1.355,0.043,3.218,63396.01164587724,60980.00158187724
A_M_1.7999999999999998_1.0_418,COM,1.221506,7.810691,2.19,1.785,3.221,63225.72240587724,60980.00158187724
A_M_1.7999999999999998_1.0_419,COM,1.475732,9.541746,1.582,0.757,3.142,63243.373006877235,60980.00158187724
A_M_1.7999999999999998_1.0_420,COM,0.950305,6.493018,2.305,2.513,2.741,61728.60457887724,60980.00158187724
A_M_1.7999999999999998_1.0_421,COM,1.829087,11.538,2.139,2.535,1.225,64625.61103187724,60980.00158187724
A_M_1.7999999999999998_1.0_422,COM,1.01144,6.955337,1.0,1.0,4.973,62075.75605687724,60980.00158187724
A_M_1.7999999999999998_1.0_423,COM,1.415277,9.360315,2.796,3.666,0.928,61782.94254787724,60980.00158187724
A_M_1.7999999999999998_1.0_424,COM,1.846912,11.838222,2.999,4.252,1.678,61755.06066387724,60980.00158187724
A_M_1.7999999999999998_1.0_425,COM,0.934137,6.505945,2.139,5.354,2.206,60941.094100877235,60980.00158187724
A_M_1.7999999999999998_1.0_426,COM,1.155304,7.966375,0.756,1.961,4.403,63291.34125587724,60980.00158187724
A_M_1.7999999999999998_1.0_427,COM,0.627422,4.862893,2.311,4.278,1.658,63570.498068877234,60980.00158187724
A_M_1.7999999999999998_1.0_428,COM,1.392745,9.491975,1.114,1.213,5.089,63730.718560877234,60980.00158187724
A_M_1.7999999999999998_1.0_429,COM,1.781284,12.211975,1.342,1.925,3.873,61474.149916877235,60980.00158187724
A_M_1.7999999999999998_1.0_430,COM,0.951507,6.935697,1.451,4.409,3.719,61752.868410877236,60980.00158187724
A_M_1.7999999999999998_1.0_431,COM,0.411207,3.619949,0.367,4.23,2.266,62332.73823787724,60980.00158187724
A_M_1.7999999999999998_1.0_432,COM,1.394799,10.071951,1.682,1.434,4.411,62770.50962287724,60980.00158187724
A_M_1.7999999999999998_1.0_433,COM,3.414372,23.613046,1.106,4.215,2.088,64237.503679877234,60980.00158187724
A_M_1.7999999999999998_1.0_434,COM,0.506437,4.423715,2.358,4.028,2.312,62726.311541877236,60980.00158187724
A_M_1.7999999999999998_1.0_435,COM,0.763843,6.322679,2.093,0.336,3.914,63170.98820287724,60980.00158187724
A_M_1.7999999999999998_1.0_436,COM,2.498094,18.568448,0.963,5.221,4.303,64302.33151287724,60980.00158187724
A_M_1.7999999999999998_1.0_437,COM,1.328639,10.460553,2.893,1.367,4.462,63966.109185877234,60980.00158187724
A_M_1.7999999999999998_1.0_438,COM,1.591486,12.523433,1.607,5.73,2.756,64540.664615877235,60980.00158187724
A_M_1.7999999999999998_1.0_439,COM,1.611372,12.744156,1.843,1.43,4.034,63504.35315487724,60980.00158187724
A_M_1.7999999999999998_1.0_440,COM,1.384915,11.05795,1.086,3.515,3.691,63426.71187187724,60980.00158187724
A_M_1.7999999999999998_1.0_441,COM,1.352446,11.134269,0.176,1.669,4.662,62010.99886387724,60980.00158187724
A_M_1.7999999999999998_1.0_442,COM,1.83612,15.151018,0.962,3.693,3.057,62560.692407877235,60980.00158187724
A_M_1.7999999999999998_1.0_443,COM,0.643933,6.063168,1.984,1.255,4.748,62404.16183487724,60980.00158187724
A_M_1.7999999999999998_1.0_444,COM,1.817781,15.904285,1.308,1.264,2.521,62583.86635187724,60980.00158187724
A_M_1.7999999999999998_1.0_445,COM,1.5852,13.923663,0.566,4.346,2.336,61579.62718687724,60980.00158187724
A_M_1.7999999999999998_1.0_446,COM,0.625265,6.422513,2.54,1.074,3.722,61673.83624787724,60980.00158187724
A_M_1.7999999999999998_1.0_447,COM,1.863989,17.178465,1.485,1.443,4.712,61117.64083087724,60980.00158187724
A_M_1.7999999999999998_1.0_448,COM,0.670659,7.12158,2.401,4.354,1.768,61470.93721287724,60980.00158187724
A_M_1.7999999999999998_1.0_449,COM,1.986486,18.766409,2.752,5.895,2.796,61566.70914487724,60980.00158187724
A_M_1.7999999999999998_1.0_450,COM,1.295752,13.051116,2.861,5.836,2.901,64136.977334877236,60980.00158187724
A_M_1.7999999999999998_1.0_451,COM,0.379327,4.562574,0.517,0.71,5.601,61398.80427087724,60980.00158187724
A_M_1.7999999999999998_1.0_452,COM,1.675186,18.835673,2.867,0.61,3.949,64367.23461087724,60980.00158187724
A_M_1.7999999999999998_1.0_453,COM,1.286403,14.763822,2.413,4.532,4.886,63149.06157187724,60980.00158187724
A_M_1.7999999999999998_1.0_454,COM,0.604503,7.525748,2.699,1.779,4.85,61308.96814287724,60980.00158187724
