ObjID,H_r,u-r,g-r,i-r,z-r,y-r,GS
A_M_1.5999999999999999_1.0_0,25.41,2.31,0.73,-0.33,-0.5,-0.68,0.15
A_M_1.5999999999999999_1.0_1,23.05,2.31,0.73,-0.33,-0.5,-0.68,0.15
A_M_1.5999999999999999_1.0_2,22.02,2.31,0.73,-0.33,-0.5,-0.68,0.15
A_M_1.5999999999999999_1.0_3,22.63,2.31,0.73,-0.33,-0.5,-0.68,0.15
A_M_1.5999999999999999_1.0_4,22.24,2.31,0.73,-0.33,-0.5,-0.68,0.15
A_M_1.5999999999999999_1.0_5,24.53,2.31,0.73,-0.33,-0.5,-0.68,0.15
A_M_1.5999999999999999_1.0_6,19.78,2.31,0.73,-0.33,-0.5,-0.68,0.15
A_M_1.5999999999999999_1.0_7,24.76,2.31,0.73,-0.33,-0.5,-0.68,0.15
A_M_1.5999999999999999_1.0_8,25.24,2.31,0.73,-0.33,-0.5,-0.68,0.15
A_M_1.5999999999999999_1.0_9,24.65,2.31,0.73,-0.33,-0.5,-0.68,0.15
A_M_1.5999999999999999_1.0_10,23.85,2.31,0.73,-0.33,-0.5,-0.68,0.15
A_M_1.5999999999999999_1.0_11,24.19,2.31,0.73,-0.33,-0.5,-0.68,0.15
A_M_1.5999999999999999_1.0_12,23.89,2.31,0.73,-0.33,-0.5,-0.68,0.15
A_M_1.5999999999999999_1.0_13,23.41,2.31,0.73,-0.33,-0.5,-0.68,0.15
A_M_1.5999999999999999_1.0_14,22.45,2.31,0.73,-0.33,-0.5,-0.68,0.15
A_M_1.5999999999999999_1.0_15,20.43,2.31,0.73,-0.33,-0.5,-0.68,0.15
A_M_1.5999999999999999_1.0_16,23.8,2.31,0.73,-0.33,-0.5,-0.68,0.15
A_M_1.5999999999999999_1.0_17,24.69,2.31,0.73,-0.33,-0.5,-0.68,0.15
A_M_1.5999999999999999_1.0_18,25.6,2.31,0.73,-0.33,-0.5,-0.68,0.15
A_M_1.5999999999999999_1.0_19,23.79,2.31,0.73,-0.33,-0.5,-0.68,0.15
A_M_1.5999999999999999_1.0_20,24.67,2.31,0.73,-0.33,-0.5,-0.68,0.15
A_M_1.5999999999999999_1.0_21,18.22,2.31,0.73,-0.33,-0.5,-0.68,0.15
A_M_1.5999999999999999_1.0_22,24.63,2.31,0.73,-0.33,-0.5,-0.68,0.15
A_M_1.5999999999999999_1.0_23,25.49,2.31,0.73,-0.33,-0.5,-0.68,0.15
A_M_1.5999999999999999_1.0_24,24.62,2.31,0.73,-0.33,-0.5,-0.68,0.15
A_M_1.5999999999999999_1.0_25,21.5,2.31,0.73,-0.33,-0.5,-0.68,0.15
A_M_1.5999999999999999_1.0_26,25.2,2.31,0.73,-0.33,-0.5,-0.68,0.15
A_M_1.5999999999999999_1.0_27,23.81,2.31,0.73,-0.33,-0.5,-0.68,0.15
A_M_1.5999999999999999_1.0_28,22.75,2.31,0.73,-0.33,-0.5,-0.68,0.15
A_M_1.5999999999999999_1.0_29,23.97,2.31,0.73,-0.33,-0.5,-0.68,0.15
A_M_1.5999999999999999_1.0_30,24.87,2.31,0.73,-0.33,-0.5,-0.68,0.15
A_M_1.5999999999999999_1.0_31,25.49,2.31,0.73,-0.33,-0.5,-0.68,0.15
A_M_1.5999999999999999_1.0_32,24.57,2.31,0.73,-0.33,-0.5,-0.68,0.15
A_M_1.5999999999999999_1.0_33,21.45,2.31,0.73,-0.33,-0.5,-0.68,0.15
A_M_1.5999999999999999_1.0_34,25.54,2.31,0.73,-0.33,-0.5,-0.68,0.15
A_M_1.5999999999999999_1.0_35,25.34,2.31,0.73,-0.33,-0.5,-0.68,0.15
A_M_1.5999999999999999_1.0_36,24.71,2.31,0.73,-0.33,-0.5,-0.68,0.15
A_M_1.5999999999999999_1.0_37,23.34,2.31,0.73,-0.33,-0.5,-0.68,0.15
A_M_1.5999999999999999_1.0_38,23.17,2.31,0.73,-0.33,-0.5,-0.68,0.15
A_M_1.5999999999999999_1.0_39,25.06,2.31,0.73,-0.33,-0.5,-0.68,0.15
A_M_1.5999999999999999_1.0_40,23.96,2.31,0.73,-0.33,-0.5,-0.68,0.15
A_M_1.5999999999999999_1.0_41,24.56,2.31,0.73,-0.33,-0.5,-0.68,0.15
A_M_1.5999999999999999_1.0_42,24.98,2.31,0.73,-0.33,-0.5,-0.68,0.15
A_M_1.5999999999999999_1.0_43,23.46,2.31,0.73,-0.33,-0.5,-0.68,0.15
A_M_1.5999999999999999_1.0_44,25.32,2.31,0.73,-0.33,-0.5,-0.68,0.15
A_M_1.5999999999999999_1.0_45,23.47,2.31,0.73,-0.33,-0.5,-0.68,0.15
A_M_1.5999999999999999_1.0_46,25.18,2.31,0.73,-0.33,-0.5,-0.68,0.15
A_M_1.5999999999999999_1.0_47,21.4,2.31,0.73,-0.33,-0.5,-0.68,0.15
A_M_1.5999999999999999_1.0_48,24.84,2.31,0.73,-0.33,-0.5,-0.68,0.15
A_M_1.5999999999999999_1.0_49,24.94,2.31,0.73,-0.33,-0.5,-0.68,0.15
A_M_1.5999999999999999_1.0_50,23.0,2.31,0.73,-0.33,-0.5,-0.68,0.15
A_M_1.5999999999999999_1.0_51,24.7,2.31,0.73,-0.33,-0.5,-0.68,0.15
A_M_1.5999999999999999_1.0_52,23.08,2.31,0.73,-0.33,-0.5,-0.68,0.15
A_M_1.5999999999999999_1.0_53,25.52,2.31,0.73,-0.33,-0.5,-0.68,0.15
A_M_1.5999999999999999_1.0_54,24.83,2.31,0.73,-0.33,-0.5,-0.68,0.15
A_M_1.5999999999999999_1.0_55,21.65,2.31,0.73,-0.33,-0.5,-0.68,0.15
A_M_1.5999999999999999_1.0_56,25.48,2.31,0.73,-0.33,-0.5,-0.68,0.15
A_M_1.5999999999999999_1.0_57,11.35,2.31,0.73,-0.33,-0.5,-0.68,0.15
A_M_1.5999999999999999_1.0_58,22.4,2.31,0.73,-0.33,-0.5,-0.68,0.15
A_M_1.5999999999999999_1.0_59,25.51,2.31,0.73,-0.33,-0.5,-0.68,0.15
A_M_1.5999999999999999_1.0_60,20.93,2.31,0.73,-0.33,-0.5,-0.68,0.15
A_M_1.5999999999999999_1.0_61,25.51,2.31,0.73,-0.33,-0.5,-0.68,0.15
A_M_1.5999999999999999_1.0_62,24.87,2.31,0.73,-0.33,-0.5,-0.68,0.15
A_M_1.5999999999999999_1.0_63,25.31,2.31,0.73,-0.33,-0.5,-0.68,0.15
A_M_1.5999999999999999_1.0_64,25.13,2.31,0.73,-0.33,-0.5,-0.68,0.15
A_M_1.5999999999999999_1.0_65,24.13,2.31,0.73,-0.33,-0.5,-0.68,0.15
A_M_1.5999999999999999_1.0_66,22.29,2.31,0.73,-0.33,-0.5,-0.68,0.15
A_M_1.5999999999999999_1.0_67,24.84,2.31,0.73,-0.33,-0.5,-0.68,0.15
A_M_1.5999999999999999_1.0_68,23.5,2.31,0.73,-0.33,-0.5,-0.68,0.15
A_M_1.5999999999999999_1.0_69,25.58,2.31,0.73,-0.33,-0.5,-0.68,0.15
A_M_1.5999999999999999_1.0_70,23.37,2.31,0.73,-0.33,-0.5,-0.68,0.15
A_M_1.5999999999999999_1.0_71,25.04,2.31,0.73,-0.33,-0.5,-0.68,0.15
A_M_1.5999999999999999_1.0_72,25.5,2.31,0.73,-0.33,-0.5,-0.68,0.15
A_M_1.5999999999999999_1.0_73,25.56,2.31,0.73,-0.33,-0.5,-0.68,0.15
A_M_1.5999999999999999_1.0_74,24.91,2.31,0.73,-0.33,-0.5,-0.68,0.15
A_M_1.5999999999999999_1.0_75,25.24,2.31,0.73,-0.33,-0.5,-0.68,0.15
A_M_1.5999999999999999_1.0_76,24.78,2.31,0.73,-0.33,-0.5,-0.68,0.15
A_M_1.5999999999999999_1.0_77,15.97,2.31,0.73,-0.33,-0.5,-0.68,0.15
A_M_1.5999999999999999_1.0_78,25.08,2.31,0.73,-0.33,-0.5,-0.68,0.15
A_M_1.5999999999999999_1.0_79,24.67,2.31,0.73,-0.33,-0.5,-0.68,0.15
A_M_1.5999999999999999_1.0_80,22.14,2.31,0.73,-0.33,-0.5,-0.68,0.15
A_M_1.5999999999999999_1.0_81,24.77,2.31,0.73,-0.33,-0.5,-0.68,0.15
A_M_1.5999999999999999_1.0_82,23.84,2.31,0.73,-0.33,-0.5,-0.68,0.15
A_M_1.5999999999999999_1.0_83,23.27,2.31,0.73,-0.33,-0.5,-0.68,0.15
A_M_1.5999999999999999_1.0_84,22.82,2.31,0.73,-0.33,-0.5,-0.68,0.15
A_M_1.5999999999999999_1.0_85,25.22,2.31,0.73,-0.33,-0.5,-0.68,0.15
A_M_1.5999999999999999_1.0_86,24.57,2.31,0.73,-0.33,-0.5,-0.68,0.15
A_M_1.5999999999999999_1.0_87,25.12,2.31,0.73,-0.33,-0.5,-0.68,0.15
A_M_1.5999999999999999_1.0_88,25.14,2.31,0.73,-0.33,-0.5,-0.68,0.15
A_M_1.5999999999999999_1.0_89,24.54,2.31,0.73,-0.33,-0.5,-0.68,0.15
A_M_1.5999999999999999_1.0_90,23.16,2.31,0.73,-0.33,-0.5,-0.68,0.15
A_M_1.5999999999999999_1.0_91,25.17,2.31,0.73,-0.33,-0.5,-0.68,0.15
A_M_1.5999999999999999_1.0_92,23.9,2.31,0.73,-0.33,-0.5,-0.68,0.15
A_M_1.5999999999999999_1.0_93,24.05,2.31,0.73,-0.33,-0.5,-0.68,0.15
A_M_1.5999999999999999_1.0_94,24.66,2.31,0.73,-0.33,-0.5,-0.68,0.15
A_M_1.5999999999999999_1.0_95,25.56,2.31,0.73,-0.33,-0.5,-0.68,0.15
A_M_1.5999999999999999_1.0_96,24.74,2.31,0.73,-0.33,-0.5,-0.68,0.15
A_M_1.5999999999999999_1.0_97,22.88,2.31,0.73,-0.33,-0.5,-0.68,0.15
A_M_1.5999999999999999_1.0_98,24.69,2.31,0.73,-0.33,-0.5,-0.68,0.15
A_M_1.5999999999999999_1.0_99,24.34,2.31,0.73,-0.33,-0.5,-0.68,0.15
A_M_1.5999999999999999_1.0_100,25.5,2.31,0.73,-0.33,-0.5,-0.68,0.15
A_M_1.5999999999999999_1.0_101,22.53,2.31,0.73,-0.33,-0.5,-0.68,0.15
A_M_1.5999999999999999_1.0_102,25.41,2.31,0.73,-0.33,-0.5,-0.68,0.15
A_M_1.5999999999999999_1.0_103,21.54,2.31,0.73,-0.33,-0.5,-0.68,0.15
A_M_1.5999999999999999_1.0_104,22.69,2.31,0.73,-0.33,-0.5,-0.68,0.15
A_M_1.5999999999999999_1.0_105,23.99,2.31,0.73,-0.33,-0.5,-0.68,0.15
A_M_1.5999999999999999_1.0_106,20.57,2.31,0.73,-0.33,-0.5,-0.68,0.15
A_M_1.5999999999999999_1.0_107,24.86,2.31,0.73,-0.33,-0.5,-0.68,0.15
A_M_1.5999999999999999_1.0_108,23.18,2.31,0.73,-0.33,-0.5,-0.68,0.15
A_M_1.5999999999999999_1.0_109,25.39,2.31,0.73,-0.33,-0.5,-0.68,0.15
A_M_1.5999999999999999_1.0_110,24.96,2.31,0.73,-0.33,-0.5,-0.68,0.15
A_M_1.5999999999999999_1.0_111,23.76,2.31,0.73,-0.33,-0.5,-0.68,0.15
A_M_1.5999999999999999_1.0_112,19.43,2.31,0.73,-0.33,-0.5,-0.68,0.15
A_M_1.5999999999999999_1.0_113,25.31,2.31,0.73,-0.33,-0.5,-0.68,0.15
A_M_1.5999999999999999_1.0_114,24.02,2.31,0.73,-0.33,-0.5,-0.68,0.15
A_M_1.5999999999999999_1.0_115,19.56,2.31,0.73,-0.33,-0.5,-0.68,0.15
A_M_1.5999999999999999_1.0_116,21.61,2.31,0.73,-0.33,-0.5,-0.68,0.15
A_M_1.5999999999999999_1.0_117,23.87,2.31,0.73,-0.33,-0.5,-0.68,0.15
A_M_1.5999999999999999_1.0_118,23.27,2.31,0.73,-0.33,-0.5,-0.68,0.15
A_M_1.5999999999999999_1.0_119,23.58,2.31,0.73,-0.33,-0.5,-0.68,0.15
A_M_1.5999999999999999_1.0_120,25.38,2.31,0.73,-0.33,-0.5,-0.68,0.15
A_M_1.5999999999999999_1.0_121,22.19,2.31,0.73,-0.33,-0.5,-0.68,0.15
A_M_1.5999999999999999_1.0_122,22.04,2.31,0.73,-0.33,-0.5,-0.68,0.15
A_M_1.5999999999999999_1.0_123,24.98,2.31,0.73,-0.33,-0.5,-0.68,0.15
A_M_1.5999999999999999_1.0_124,24.12,2.31,0.73,-0.33,-0.5,-0.68,0.15
A_M_1.5999999999999999_1.0_125,22.9,2.31,0.73,-0.33,-0.5,-0.68,0.15
A_M_1.5999999999999999_1.0_126,21.86,2.31,0.73,-0.33,-0.5,-0.68,0.15
A_M_1.5999999999999999_1.0_127,25.02,2.31,0.73,-0.33,-0.5,-0.68,0.15
A_M_1.5999999999999999_1.0_128,25.31,2.31,0.73,-0.33,-0.5,-0.68,0.15
A_M_1.5999999999999999_1.0_129,10.15,2.31,0.73,-0.33,-0.5,-0.68,0.15
A_M_1.5999999999999999_1.0_130,24.7,2.31,0.73,-0.33,-0.5,-0.68,0.15
A_M_1.5999999999999999_1.0_131,23.71,2.31,0.73,-0.33,-0.5,-0.68,0.15
A_M_1.5999999999999999_1.0_132,24.44,2.31,0.73,-0.33,-0.5,-0.68,0.15
A_M_1.5999999999999999_1.0_133,24.87,2.31,0.73,-0.33,-0.5,-0.68,0.15
A_M_1.5999999999999999_1.0_134,25.58,2.31,0.73,-0.33,-0.5,-0.68,0.15
A_M_1.5999999999999999_1.0_135,22.54,2.31,0.73,-0.33,-0.5,-0.68,0.15
A_M_1.5999999999999999_1.0_136,22.75,2.31,0.73,-0.33,-0.5,-0.68,0.15
A_M_1.5999999999999999_1.0_137,21.5,2.31,0.73,-0.33,-0.5,-0.68,0.15
A_M_1.5999999999999999_1.0_138,23.38,2.31,0.73,-0.33,-0.5,-0.68,0.15
A_M_1.5999999999999999_1.0_139,24.39,2.31,0.73,-0.33,-0.5,-0.68,0.15
A_M_1.5999999999999999_1.0_140,19.67,2.31,0.73,-0.33,-0.5,-0.68,0.15
A_M_1.5999999999999999_1.0_141,22.75,2.31,0.73,-0.33,-0.5,-0.68,0.15
A_M_1.5999999999999999_1.0_142,22.92,2.31,0.73,-0.33,-0.5,-0.68,0.15
A_M_1.5999999999999999_1.0_143,25.5,2.31,0.73,-0.33,-0.5,-0.68,0.15
A_M_1.5999999999999999_1.0_144,23.38,2.31,0.73,-0.33,-0.5,-0.68,0.15
A_M_1.5999999999999999_1.0_145,21.87,2.31,0.73,-0.33,-0.5,-0.68,0.15
A_M_1.5999999999999999_1.0_146,19.36,2.31,0.73,-0.33,-0.5,-0.68,0.15
A_M_1.5999999999999999_1.0_147,24.65,2.31,0.73,-0.33,-0.5,-0.68,0.15
A_M_1.5999999999999999_1.0_148,23.34,2.31,0.73,-0.33,-0.5,-0.68,0.15
A_M_1.5999999999999999_1.0_149,25.57,2.31,0.73,-0.33,-0.5,-0.68,0.15
A_M_1.5999999999999999_1.0_150,25.41,2.31,0.73,-0.33,-0.5,-0.68,0.15
A_M_1.5999999999999999_1.0_151,21.68,2.31,0.73,-0.33,-0.5,-0.68,0.15
A_M_1.5999999999999999_1.0_152,19.93,2.31,0.73,-0.33,-0.5,-0.68,0.15
A_M_1.5999999999999999_1.0_153,24.44,2.31,0.73,-0.33,-0.5,-0.68,0.15
A_M_1.5999999999999999_1.0_154,23.99,2.31,0.73,-0.33,-0.5,-0.68,0.15
A_M_1.5999999999999999_1.0_155,23.4,2.31,0.73,-0.33,-0.5,-0.68,0.15
A_M_1.5999999999999999_1.0_156,18.69,2.31,0.73,-0.33,-0.5,-0.68,0.15
A_M_1.5999999999999999_1.0_157,25.23,2.31,0.73,-0.33,-0.5,-0.68,0.15
A_M_1.5999999999999999_1.0_158,23.65,2.31,0.73,-0.33,-0.5,-0.68,0.15
A_M_1.5999999999999999_1.0_159,23.4,2.31,0.73,-0.33,-0.5,-0.68,0.15
A_M_1.5999999999999999_1.0_160,25.32,2.31,0.73,-0.33,-0.5,-0.68,0.15
A_M_1.5999999999999999_1.0_161,25.31,2.31,0.73,-0.33,-0.5,-0.68,0.15
A_M_1.5999999999999999_1.0_162,24.51,2.31,0.73,-0.33,-0.5,-0.68,0.15
A_M_1.5999999999999999_1.0_163,21.46,2.31,0.73,-0.33,-0.5,-0.68,0.15
A_M_1.5999999999999999_1.0_164,25.38,2.31,0.73,-0.33,-0.5,-0.68,0.15
A_M_1.5999999999999999_1.0_165,24.25,2.31,0.73,-0.33,-0.5,-0.68,0.15
A_M_1.5999999999999999_1.0_166,23.49,2.31,0.73,-0.33,-0.5,-0.68,0.15
A_M_1.5999999999999999_1.0_167,24.17,2.31,0.73,-0.33,-0.5,-0.68,0.15
A_M_1.5999999999999999_1.0_168,24.15,2.31,0.73,-0.33,-0.5,-0.68,0.15
A_M_1.5999999999999999_1.0_169,18.87,2.31,0.73,-0.33,-0.5,-0.68,0.15
A_M_1.5999999999999999_1.0_170,25.06,2.31,0.73,-0.33,-0.5,-0.68,0.15
A_M_1.5999999999999999_1.0_171,24.28,2.31,0.73,-0.33,-0.5,-0.68,0.15
A_M_1.5999999999999999_1.0_172,25.23,2.31,0.73,-0.33,-0.5,-0.68,0.15
A_M_1.5999999999999999_1.0_173,24.16,2.31,0.73,-0.33,-0.5,-0.68,0.15
A_M_1.5999999999999999_1.0_174,21.8,2.31,0.73,-0.33,-0.5,-0.68,0.15
A_M_1.5999999999999999_1.0_175,25.47,2.31,0.73,-0.33,-0.5,-0.68,0.15
A_M_1.5999999999999999_1.0_176,25.14,2.31,0.73,-0.33,-0.5,-0.68,0.15
A_M_1.5999999999999999_1.0_177,24.93,2.31,0.73,-0.33,-0.5,-0.68,0.15
A_M_1.5999999999999999_1.0_178,25.34,2.31,0.73,-0.33,-0.5,-0.68,0.15
A_M_1.5999999999999999_1.0_179,18.7,2.31,0.73,-0.33,-0.5,-0.68,0.15
A_M_1.5999999999999999_1.0_180,11.72,2.31,0.73,-0.33,-0.5,-0.68,0.15
A_M_1.5999999999999999_1.0_181,23.76,2.31,0.73,-0.33,-0.5,-0.68,0.15
A_M_1.5999999999999999_1.0_182,22.21,2.31,0.73,-0.33,-0.5,-0.68,0.15
A_M_1.5999999999999999_1.0_183,24.88,2.31,0.73,-0.33,-0.5,-0.68,0.15
A_M_1.5999999999999999_1.0_184,22.68,2.31,0.73,-0.33,-0.5,-0.68,0.15
A_M_1.5999999999999999_1.0_185,24.53,2.31,0.73,-0.33,-0.5,-0.68,0.15
A_M_1.5999999999999999_1.0_186,22.16,2.31,0.73,-0.33,-0.5,-0.68,0.15
A_M_1.5999999999999999_1.0_187,22.71,2.31,0.73,-0.33,-0.5,-0.68,0.15
A_M_1.5999999999999999_1.0_188,24.48,2.31,0.73,-0.33,-0.5,-0.68,0.15
A_M_1.5999999999999999_1.0_189,25.48,2.31,0.73,-0.33,-0.5,-0.68,0.15
A_M_1.5999999999999999_1.0_190,24.69,2.31,0.73,-0.33,-0.5,-0.68,0.15
A_M_1.5999999999999999_1.0_191,25.06,2.31,0.73,-0.33,-0.5,-0.68,0.15
A_M_1.5999999999999999_1.0_192,24.38,2.31,0.73,-0.33,-0.5,-0.68,0.15
A_M_1.5999999999999999_1.0_193,23.15,2.31,0.73,-0.33,-0.5,-0.68,0.15
A_M_1.5999999999999999_1.0_194,21.96,2.31,0.73,-0.33,-0.5,-0.68,0.15
A_M_1.5999999999999999_1.0_195,23.42,2.31,0.73,-0.33,-0.5,-0.68,0.15
A_M_1.5999999999999999_1.0_196,23.51,2.31,0.73,-0.33,-0.5,-0.68,0.15
A_M_1.5999999999999999_1.0_197,13.97,2.31,0.73,-0.33,-0.5,-0.68,0.15
A_M_1.5999999999999999_1.0_198,25.18,2.31,0.73,-0.33,-0.5,-0.68,0.15
A_M_1.5999999999999999_1.0_199,22.45,2.31,0.73,-0.33,-0.5,-0.68,0.15
A_M_1.5999999999999999_1.0_200,20.19,2.31,0.73,-0.33,-0.5,-0.68,0.15
A_M_1.5999999999999999_1.0_201,22.44,2.31,0.73,-0.33,-0.5,-0.68,0.15
A_M_1.5999999999999999_1.0_202,25.43,2.31,0.73,-0.33,-0.5,-0.68,0.15
A_M_1.5999999999999999_1.0_203,24.28,2.31,0.73,-0.33,-0.5,-0.68,0.15
A_M_1.5999999999999999_1.0_204,24.18,2.31,0.73,-0.33,-0.5,-0.68,0.15
A_M_1.5999999999999999_1.0_205,23.61,2.31,0.73,-0.33,-0.5,-0.68,0.15
A_M_1.5999999999999999_1.0_206,24.93,2.31,0.73,-0.33,-0.5,-0.68,0.15
A_M_1.5999999999999999_1.0_207,19.64,2.31,0.73,-0.33,-0.5,-0.68,0.15
A_M_1.5999999999999999_1.0_208,25.41,2.31,0.73,-0.33,-0.5,-0.68,0.15
A_M_1.5999999999999999_1.0_209,25.07,2.31,0.73,-0.33,-0.5,-0.68,0.15
A_M_1.5999999999999999_1.0_210,24.88,2.31,0.73,-0.33,-0.5,-0.68,0.15
A_M_1.5999999999999999_1.0_211,24.08,2.31,0.73,-0.33,-0.5,-0.68,0.15
A_M_1.5999999999999999_1.0_212,22.92,2.31,0.73,-0.33,-0.5,-0.68,0.15
A_M_1.5999999999999999_1.0_213,22.66,2.31,0.73,-0.33,-0.5,-0.68,0.15
A_M_1.5999999999999999_1.0_214,24.73,2.31,0.73,-0.33,-0.5,-0.68,0.15
A_M_1.5999999999999999_1.0_215,23.79,2.31,0.73,-0.33,-0.5,-0.68,0.15
A_M_1.5999999999999999_1.0_216,23.89,2.31,0.73,-0.33,-0.5,-0.68,0.15
A_M_1.5999999999999999_1.0_217,24.18,2.31,0.73,-0.33,-0.5,-0.68,0.15
A_M_1.5999999999999999_1.0_218,25.14,2.31,0.73,-0.33,-0.5,-0.68,0.15
A_M_1.5999999999999999_1.0_219,20.97,2.31,0.73,-0.33,-0.5,-0.68,0.15
A_M_1.5999999999999999_1.0_220,25.49,2.31,0.73,-0.33,-0.5,-0.68,0.15
A_M_1.5999999999999999_1.0_221,22.26,2.31,0.73,-0.33,-0.5,-0.68,0.15
A_M_1.5999999999999999_1.0_222,25.6,2.31,0.73,-0.33,-0.5,-0.68,0.15
A_M_1.5999999999999999_1.0_223,16.95,2.31,0.73,-0.33,-0.5,-0.68,0.15
A_M_1.5999999999999999_1.0_224,19.91,2.31,0.73,-0.33,-0.5,-0.68,0.15
A_M_1.5999999999999999_1.0_225,25.22,2.31,0.73,-0.33,-0.5,-0.68,0.15
A_M_1.5999999999999999_1.0_226,23.92,2.31,0.73,-0.33,-0.5,-0.68,0.15
A_M_1.5999999999999999_1.0_227,24.14,2.31,0.73,-0.33,-0.5,-0.68,0.15
A_M_1.5999999999999999_1.0_228,21.67,2.31,0.73,-0.33,-0.5,-0.68,0.15
A_M_1.5999999999999999_1.0_229,12.15,2.31,0.73,-0.33,-0.5,-0.68,0.15
A_M_1.5999999999999999_1.0_230,21.03,2.31,0.73,-0.33,-0.5,-0.68,0.15
A_M_1.5999999999999999_1.0_231,22.91,2.31,0.73,-0.33,-0.5,-0.68,0.15
A_M_1.5999999999999999_1.0_232,22.55,2.31,0.73,-0.33,-0.5,-0.68,0.15
A_M_1.5999999999999999_1.0_233,25.35,2.31,0.73,-0.33,-0.5,-0.68,0.15
A_M_1.5999999999999999_1.0_234,13.9,2.31,0.73,-0.33,-0.5,-0.68,0.15
A_M_1.5999999999999999_1.0_235,23.42,2.31,0.73,-0.33,-0.5,-0.68,0.15
A_M_1.5999999999999999_1.0_236,21.39,2.31,0.73,-0.33,-0.5,-0.68,0.15
A_M_1.5999999999999999_1.0_237,22.01,2.31,0.73,-0.33,-0.5,-0.68,0.15
A_M_1.5999999999999999_1.0_238,23.87,2.31,0.73,-0.33,-0.5,-0.68,0.15
A_M_1.5999999999999999_1.0_239,23.38,2.31,0.73,-0.33,-0.5,-0.68,0.15
A_M_1.5999999999999999_1.0_240,7.83,2.31,0.73,-0.33,-0.5,-0.68,0.15
A_M_1.5999999999999999_1.0_241,25.51,2.31,0.73,-0.33,-0.5,-0.68,0.15
A_M_1.5999999999999999_1.0_242,23.7,2.31,0.73,-0.33,-0.5,-0.68,0.15
A_M_1.5999999999999999_1.0_243,18.55,2.31,0.73,-0.33,-0.5,-0.68,0.15
A_M_1.5999999999999999_1.0_244,24.54,2.31,0.73,-0.33,-0.5,-0.68,0.15
A_M_1.5999999999999999_1.0_245,23.86,2.31,0.73,-0.33,-0.5,-0.68,0.15
A_M_1.5999999999999999_1.0_246,25.31,2.31,0.73,-0.33,-0.5,-0.68,0.15
A_M_1.5999999999999999_1.0_247,19.5,2.31,0.73,-0.33,-0.5,-0.68,0.15
A_M_1.5999999999999999_1.0_248,24.85,2.31,0.73,-0.33,-0.5,-0.68,0.15
A_M_1.5999999999999999_1.0_249,15.1,2.31,0.73,-0.33,-0.5,-0.68,0.15
A_M_1.5999999999999999_1.0_250,22.1,2.31,0.73,-0.33,-0.5,-0.68,0.15
A_M_1.5999999999999999_1.0_251,22.32,2.31,0.73,-0.33,-0.5,-0.68,0.15
A_M_1.5999999999999999_1.0_252,23.63,2.31,0.73,-0.33,-0.5,-0.68,0.15
A_M_1.5999999999999999_1.0_253,24.84,2.31,0.73,-0.33,-0.5,-0.68,0.15
A_M_1.5999999999999999_1.0_254,24.39,2.31,0.73,-0.33,-0.5,-0.68,0.15
A_M_1.5999999999999999_1.0_255,21.4,2.31,0.73,-0.33,-0.5,-0.68,0.15
A_M_1.5999999999999999_1.0_256,23.13,2.31,0.73,-0.33,-0.5,-0.68,0.15
A_M_1.5999999999999999_1.0_257,22.08,2.31,0.73,-0.33,-0.5,-0.68,0.15
A_M_1.5999999999999999_1.0_258,25.43,2.31,0.73,-0.33,-0.5,-0.68,0.15
A_M_1.5999999999999999_1.0_259,22.22,2.31,0.73,-0.33,-0.5,-0.68,0.15
A_M_1.5999999999999999_1.0_260,21.94,2.31,0.73,-0.33,-0.5,-0.68,0.15
A_M_1.5999999999999999_1.0_261,24.68,2.31,0.73,-0.33,-0.5,-0.68,0.15
A_M_1.5999999999999999_1.0_262,23.16,2.31,0.73,-0.33,-0.5,-0.68,0.15
A_M_1.5999999999999999_1.0_263,23.49,2.31,0.73,-0.33,-0.5,-0.68,0.15
A_M_1.5999999999999999_1.0_264,24.22,2.31,0.73,-0.33,-0.5,-0.68,0.15
A_M_1.5999999999999999_1.0_265,24.22,2.31,0.73,-0.33,-0.5,-0.68,0.15
A_M_1.5999999999999999_1.0_266,25.55,2.31,0.73,-0.33,-0.5,-0.68,0.15
A_M_1.5999999999999999_1.0_267,24.99,2.31,0.73,-0.33,-0.5,-0.68,0.15
A_M_1.5999999999999999_1.0_268,23.17,2.31,0.73,-0.33,-0.5,-0.68,0.15
A_M_1.5999999999999999_1.0_269,22.18,2.31,0.73,-0.33,-0.5,-0.68,0.15
A_M_1.5999999999999999_1.0_270,18.69,2.31,0.73,-0.33,-0.5,-0.68,0.15
A_M_1.5999999999999999_1.0_271,19.66,2.31,0.73,-0.33,-0.5,-0.68,0.15
A_M_1.5999999999999999_1.0_272,15.34,2.31,0.73,-0.33,-0.5,-0.68,0.15
A_M_1.5999999999999999_1.0_273,25.21,2.31,0.73,-0.33,-0.5,-0.68,0.15
A_M_1.5999999999999999_1.0_274,22.05,2.31,0.73,-0.33,-0.5,-0.68,0.15
A_M_1.5999999999999999_1.0_275,23.56,2.31,0.73,-0.33,-0.5,-0.68,0.15
A_M_1.5999999999999999_1.0_276,25.52,2.31,0.73,-0.33,-0.5,-0.68,0.15
A_M_1.5999999999999999_1.0_277,25.36,2.31,0.73,-0.33,-0.5,-0.68,0.15
A_M_1.5999999999999999_1.0_278,23.51,2.31,0.73,-0.33,-0.5,-0.68,0.15
A_M_1.5999999999999999_1.0_279,24.51,2.31,0.73,-0.33,-0.5,-0.68,0.15
A_M_1.5999999999999999_1.0_280,24.76,2.31,0.73,-0.33,-0.5,-0.68,0.15
A_M_1.5999999999999999_1.0_281,22.12,2.31,0.73,-0.33,-0.5,-0.68,0.15
A_M_1.5999999999999999_1.0_282,25.45,2.31,0.73,-0.33,-0.5,-0.68,0.15
A_M_1.5999999999999999_1.0_283,21.0,2.31,0.73,-0.33,-0.5,-0.68,0.15
A_M_1.5999999999999999_1.0_284,24.12,2.31,0.73,-0.33,-0.5,-0.68,0.15
A_M_1.5999999999999999_1.0_285,22.04,2.31,0.73,-0.33,-0.5,-0.68,0.15
A_M_1.5999999999999999_1.0_286,22.15,2.31,0.73,-0.33,-0.5,-0.68,0.15
A_M_1.5999999999999999_1.0_287,21.43,2.31,0.73,-0.33,-0.5,-0.68,0.15
A_M_1.5999999999999999_1.0_288,25.03,2.31,0.73,-0.33,-0.5,-0.68,0.15
A_M_1.5999999999999999_1.0_289,24.13,2.31,0.73,-0.33,-0.5,-0.68,0.15
A_M_1.5999999999999999_1.0_290,25.57,2.31,0.73,-0.33,-0.5,-0.68,0.15
A_M_1.5999999999999999_1.0_291,24.97,2.31,0.73,-0.33,-0.5,-0.68,0.15
A_M_1.5999999999999999_1.0_292,25.23,2.31,0.73,-0.33,-0.5,-0.68,0.15
A_M_1.5999999999999999_1.0_293,25.23,2.31,0.73,-0.33,-0.5,-0.68,0.15
A_M_1.5999999999999999_1.0_294,25.42,2.31,0.73,-0.33,-0.5,-0.68,0.15
A_M_1.5999999999999999_1.0_295,25.23,2.31,0.73,-0.33,-0.5,-0.68,0.15
A_M_1.5999999999999999_1.0_296,23.43,2.31,0.73,-0.33,-0.5,-0.68,0.15
A_M_1.5999999999999999_1.0_297,25.28,2.31,0.73,-0.33,-0.5,-0.68,0.15
A_M_1.5999999999999999_1.0_298,23.94,2.31,0.73,-0.33,-0.5,-0.68,0.15
A_M_1.5999999999999999_1.0_299,24.73,2.31,0.73,-0.33,-0.5,-0.68,0.15
A_M_1.5999999999999999_1.0_300,25.54,2.31,0.73,-0.33,-0.5,-0.68,0.15
A_M_1.5999999999999999_1.0_301,21.78,2.31,0.73,-0.33,-0.5,-0.68,0.15
A_M_1.5999999999999999_1.0_302,24.99,2.31,0.73,-0.33,-0.5,-0.68,0.15
A_M_1.5999999999999999_1.0_303,23.87,2.31,0.73,-0.33,-0.5,-0.68,0.15
A_M_1.5999999999999999_1.0_304,25.57,2.31,0.73,-0.33,-0.5,-0.68,0.15
A_M_1.5999999999999999_1.0_305,24.99,2.31,0.73,-0.33,-0.5,-0.68,0.15
A_M_1.5999999999999999_1.0_306,21.92,2.31,0.73,-0.33,-0.5,-0.68,0.15
A_M_1.5999999999999999_1.0_307,24.85,2.31,0.73,-0.33,-0.5,-0.68,0.15
A_M_1.5999999999999999_1.0_308,21.42,2.31,0.73,-0.33,-0.5,-0.68,0.15
A_M_1.5999999999999999_1.0_309,23.78,2.31,0.73,-0.33,-0.5,-0.68,0.15
A_M_1.5999999999999999_1.0_310,24.99,2.31,0.73,-0.33,-0.5,-0.68,0.15
A_M_1.5999999999999999_1.0_311,24.42,2.31,0.73,-0.33,-0.5,-0.68,0.15
A_M_1.5999999999999999_1.0_312,22.61,2.31,0.73,-0.33,-0.5,-0.68,0.15
A_M_1.5999999999999999_1.0_313,20.87,2.31,0.73,-0.33,-0.5,-0.68,0.15
A_M_1.5999999999999999_1.0_314,23.57,2.31,0.73,-0.33,-0.5,-0.68,0.15
A_M_1.5999999999999999_1.0_315,18.35,2.31,0.73,-0.33,-0.5,-0.68,0.15
