ObjID,H_r,u-r,g-r,i-r,z-r,y-r,GS
A_M_1.0_1.0_0,24.65,2.31,0.73,-0.33,-0.5,-0.68,0.15
A_M_1.0_1.0_1,25.56,2.31,0.73,-0.33,-0.5,-0.68,0.15
A_M_1.0_1.0_2,10.21,2.31,0.73,-0.33,-0.5,-0.68,0.15
A_M_1.0_1.0_3,19.82,2.31,0.73,-0.33,-0.5,-0.68,0.15
A_M_1.0_1.0_4,25.34,2.31,0.73,-0.33,-0.5,-0.68,0.15
A_M_1.0_1.0_5,25.38,2.31,0.73,-0.33,-0.5,-0.68,0.15
A_M_1.0_1.0_6,24.62,2.31,0.73,-0.33,-0.5,-0.68,0.15
A_M_1.0_1.0_7,24.0,2.31,0.73,-0.33,-0.5,-0.68,0.15
A_M_1.0_1.0_8,16.11,2.31,0.73,-0.33,-0.5,-0.68,0.15
A_M_1.0_1.0_9,25.11,2.31,0.73,-0.33,-0.5,-0.68,0.15
A_M_1.0_1.0_10,15.09,2.31,0.73,-0.33,-0.5,-0.68,0.15
A_M_1.0_1.0_11,23.53,2.31,0.73,-0.33,-0.5,-0.68,0.15
A_M_1.0_1.0_12,20.15,2.31,0.73,-0.33,-0.5,-0.68,0.15
A_M_1.0_1.0_13,24.27,2.31,0.73,-0.33,-0.5,-0.68,0.15
A_M_1.0_1.0_14,22.46,2.31,0.73,-0.33,-0.5,-0.68,0.15
A_M_1.0_1.0_15,23.64,2.31,0.73,-0.33,-0.5,-0.68,0.15
A_M_1.0_1.0_16,7.47,2.31,0.73,-0.33,-0.5,-0.68,0.15
A_M_1.0_1.0_17,24.98,2.31,0.73,-0.33,-0.5,-0.68,0.15
A_M_1.0_1.0_18,10.86,2.31,0.73,-0.33,-0.5,-0.68,0.15
A_M_1.0_1.0_19,25.05,2.31,0.73,-0.33,-0.5,-0.68,0.15
A_M_1.0_1.0_20,21.51,2.31,0.73,-0.33,-0.5,-0.68,0.15
A_M_1.0_1.0_21,20.7,2.31,0.73,-0.33,-0.5,-0.68,0.15
A_M_1.0_1.0_22,21.11,2.31,0.73,-0.33,-0.5,-0.68,0.15
A_M_1.0_1.0_23,24.22,2.31,0.73,-0.33,-0.5,-0.68,0.15
A_M_1.0_1.0_24,18.52,2.31,0.73,-0.33,-0.5,-0.68,0.15
A_M_1.0_1.0_25,21.63,2.31,0.73,-0.33,-0.5,-0.68,0.15
A_M_1.0_1.0_26,21.31,2.31,0.73,-0.33,-0.5,-0.68,0.15
A_M_1.0_1.0_27,8.96,2.31,0.73,-0.33,-0.5,-0.68,0.15
A_M_1.0_1.0_28,10.21,2.31,0.73,-0.33,-0.5,-0.68,0.15
A_M_1.0_1.0_29,21.8,2.31,0.73,-0.33,-0.5,-0.68,0.15
A_M_1.0_1.0_30,25.6,2.31,0.73,-0.33,-0.5,-0.68,0.15
A_M_1.0_1.0_31,24.93,2.31,0.73,-0.33,-0.5,-0.68,0.15
A_M_1.0_1.0_32,8.57,2.31,0.73,-0.33,-0.5,-0.68,0.15
A_M_1.0_1.0_33,25.04,2.31,0.73,-0.33,-0.5,-0.68,0.15
A_M_1.0_1.0_34,24.26,2.31,0.73,-0.33,-0.5,-0.68,0.15
A_M_1.0_1.0_35,23.55,2.31,0.73,-0.33,-0.5,-0.68,0.15
A_M_1.0_1.0_36,6.44,2.31,0.73,-0.33,-0.5,-0.68,0.15
A_M_1.0_1.0_37,18.9,2.31,0.73,-0.33,-0.5,-0.68,0.15
A_M_1.0_1.0_38,14.24,2.31,0.73,-0.33,-0.5,-0.68,0.15
A_M_1.0_1.0_39,11.99,2.31,0.73,-0.33,-0.5,-0.68,0.15
A_M_1.0_1.0_40,16.54,2.31,0.73,-0.33,-0.5,-0.68,0.15
A_M_1.0_1.0_41,24.26,2.31,0.73,-0.33,-0.5,-0.68,0.15
A_M_1.0_1.0_42,9.86,2.31,0.73,-0.33,-0.5,-0.68,0.15
A_M_1.0_1.0_43,24.78,2.31,0.73,-0.33,-0.5,-0.68,0.15
A_M_1.0_1.0_44,10.91,2.31,0.73,-0.33,-0.5,-0.68,0.15
A_M_1.0_1.0_45,9.35,2.31,0.73,-0.33,-0.5,-0.68,0.15
A_M_1.0_1.0_46,25.41,2.31,0.73,-0.33,-0.5,-0.68,0.15
A_M_1.0_1.0_47,25.57,2.31,0.73,-0.33,-0.5,-0.68,0.15
A_M_1.0_1.0_48,23.21,2.31,0.73,-0.33,-0.5,-0.68,0.15
A_M_1.0_1.0_49,25.47,2.31,0.73,-0.33,-0.5,-0.68,0.15
A_M_1.0_1.0_50,6.12,2.31,0.73,-0.33,-0.5,-0.68,0.15
A_M_1.0_1.0_51,24.99,2.31,0.73,-0.33,-0.5,-0.68,0.15
A_M_1.0_1.0_52,14.97,2.31,0.73,-0.33,-0.5,-0.68,0.15
A_M_1.0_1.0_53,24.02,2.31,0.73,-0.33,-0.5,-0.68,0.15
A_M_1.0_1.0_54,19.57,2.31,0.73,-0.33,-0.5,-0.68,0.15
A_M_1.0_1.0_55,8.32,2.31,0.73,-0.33,-0.5,-0.68,0.15
A_M_1.0_1.0_56,6.83,2.31,0.73,-0.33,-0.5,-0.68,0.15
A_M_1.0_1.0_57,24.38,2.31,0.73,-0.33,-0.5,-0.68,0.15
A_M_1.0_1.0_58,17.79,2.31,0.73,-0.33,-0.5,-0.68,0.15
A_M_1.0_1.0_59,14.27,2.31,0.73,-0.33,-0.5,-0.68,0.15
A_M_1.0_1.0_60,10.99,2.31,0.73,-0.33,-0.5,-0.68,0.15
A_M_1.0_1.0_61,24.93,2.31,0.73,-0.33,-0.5,-0.68,0.15
A_M_1.0_1.0_62,18.94,2.31,0.73,-0.33,-0.5,-0.68,0.15
A_M_1.0_1.0_63,24.98,2.31,0.73,-0.33,-0.5,-0.68,0.15
A_M_1.0_1.0_64,16.78,2.31,0.73,-0.33,-0.5,-0.68,0.15
A_M_1.0_1.0_65,8.52,2.31,0.73,-0.33,-0.5,-0.68,0.15
A_M_1.0_1.0_66,10.34,2.31,0.73,-0.33,-0.5,-0.68,0.15
A_M_1.0_1.0_67,6.35,2.31,0.73,-0.33,-0.5,-0.68,0.15
A_M_1.0_1.0_68,11.79,2.31,0.73,-0.33,-0.5,-0.68,0.15
A_M_1.0_1.0_69,11.18,2.31,0.73,-0.33,-0.5,-0.68,0.15
A_M_1.0_1.0_70,12.83,2.31,0.73,-0.33,-0.5,-0.68,0.15
A_M_1.0_1.0_71,17.6,2.31,0.73,-0.33,-0.5,-0.68,0.15
A_M_1.0_1.0_72,22.99,2.31,0.73,-0.33,-0.5,-0.68,0.15
A_M_1.0_1.0_73,21.59,2.31,0.73,-0.33,-0.5,-0.68,0.15
A_M_1.0_1.0_74,15.39,2.31,0.73,-0.33,-0.5,-0.68,0.15
A_M_1.0_1.0_75,5.78,2.31,0.73,-0.33,-0.5,-0.68,0.15
A_M_1.0_1.0_76,6.51,2.31,0.73,-0.33,-0.5,-0.68,0.15
A_M_1.0_1.0_77,11.34,2.31,0.73,-0.33,-0.5,-0.68,0.15
A_M_1.0_1.0_78,18.9,2.31,0.73,-0.33,-0.5,-0.68,0.15
A_M_1.0_1.0_79,19.64,2.31,0.73,-0.33,-0.5,-0.68,0.15
A_M_1.0_1.0_80,17.17,2.31,0.73,-0.33,-0.5,-0.68,0.15
A_M_1.0_1.0_81,5.79,2.31,0.73,-0.33,-0.5,-0.68,0.15
A_M_1.0_1.0_82,23.64,2.31,0.73,-0.33,-0.5,-0.68,0.15
A_M_1.0_1.0_83,6.78,2.31,0.73,-0.33,-0.5,-0.68,0.15
A_M_1.0_1.0_84,18.85,2.31,0.73,-0.33,-0.5,-0.68,0.15
A_M_1.0_1.0_85,20.04,2.31,0.73,-0.33,-0.5,-0.68,0.15
A_M_1.0_1.0_86,20.84,2.31,0.73,-0.33,-0.5,-0.68,0.15
A_M_1.0_1.0_87,13.5,2.31,0.73,-0.33,-0.5,-0.68,0.15
A_M_1.0_1.0_88,24.82,2.31,0.73,-0.33,-0.5,-0.68,0.15
A_M_1.0_1.0_89,14.2,2.31,0.73,-0.33,-0.5,-0.68,0.15
A_M_1.0_1.0_90,8.47,2.31,0.73,-0.33,-0.5,-0.68,0.15
A_M_1.0_1.0_91,25.56,2.31,0.73,-0.33,-0.5,-0.68,0.15
A_M_1.0_1.0_92,19.91,2.31,0.73,-0.33,-0.5,-0.68,0.15
A_M_1.0_1.0_93,14.43,2.31,0.73,-0.33,-0.5,-0.68,0.15
A_M_1.0_1.0_94,24.45,2.31,0.73,-0.33,-0.5,-0.68,0.15
A_M_1.0_1.0_95,24.9,2.31,0.73,-0.33,-0.5,-0.68,0.15
A_M_1.0_1.0_96,10.7,2.31,0.73,-0.33,-0.5,-0.68,0.15
A_M_1.0_1.0_97,20.08,2.31,0.73,-0.33,-0.5,-0.68,0.15
A_M_1.0_1.0_98,13.3,2.31,0.73,-0.33,-0.5,-0.68,0.15
A_M_1.0_1.0_99,23.84,2.31,0.73,-0.33,-0.5,-0.68,0.15
A_M_1.0_1.0_100,20.89,2.31,0.73,-0.33,-0.5,-0.68,0.15
A_M_1.0_1.0_101,9.63,2.31,0.73,-0.33,-0.5,-0.68,0.15
A_M_1.0_1.0_102,25.08,2.31,0.73,-0.33,-0.5,-0.68,0.15
A_M_1.0_1.0_103,17.9,2.31,0.73,-0.33,-0.5,-0.68,0.15
A_M_1.0_1.0_104,20.91,2.31,0.73,-0.33,-0.5,-0.68,0.15
A_M_1.0_1.0_105,9.62,2.31,0.73,-0.33,-0.5,-0.68,0.15
A_M_1.0_1.0_106,24.66,2.31,0.73,-0.33,-0.5,-0.68,0.15
A_M_1.0_1.0_107,6.95,2.31,0.73,-0.33,-0.5,-0.68,0.15
A_M_1.0_1.0_108,10.41,2.31,0.73,-0.33,-0.5,-0.68,0.15
A_M_1.0_1.0_109,24.14,2.31,0.73,-0.33,-0.5,-0.68,0.15
A_M_1.0_1.0_110,23.82,2.31,0.73,-0.33,-0.5,-0.68,0.15
A_M_1.0_1.0_111,16.21,2.31,0.73,-0.33,-0.5,-0.68,0.15
A_M_1.0_1.0_112,6.0,2.31,0.73,-0.33,-0.5,-0.68,0.15
A_M_1.0_1.0_113,25.23,2.31,0.73,-0.33,-0.5,-0.68,0.15
A_M_1.0_1.0_114,17.29,2.31,0.73,-0.33,-0.5,-0.68,0.15
A_M_1.0_1.0_115,19.73,2.31,0.73,-0.33,-0.5,-0.68,0.15
A_M_1.0_1.0_116,16.53,2.31,0.73,-0.33,-0.5,-0.68,0.15
A_M_1.0_1.0_117,9.76,2.31,0.73,-0.33,-0.5,-0.68,0.15
A_M_1.0_1.0_118,13.06,2.31,0.73,-0.33,-0.5,-0.68,0.15
A_M_1.0_1.0_119,18.46,2.31,0.73,-0.33,-0.5,-0.68,0.15
A_M_1.0_1.0_120,25.32,2.31,0.73,-0.33,-0.5,-0.68,0.15
A_M_1.0_1.0_121,20.8,2.31,0.73,-0.33,-0.5,-0.68,0.15
A_M_1.0_1.0_122,7.48,2.31,0.73,-0.33,-0.5,-0.68,0.15
A_M_1.0_1.0_123,14.66,2.31,0.73,-0.33,-0.5,-0.68,0.15
A_M_1.0_1.0_124,21.52,2.31,0.73,-0.33,-0.5,-0.68,0.15
A_M_1.0_1.0_125,22.23,2.31,0.73,-0.33,-0.5,-0.68,0.15
A_M_1.0_1.0_126,7.18,2.31,0.73,-0.33,-0.5,-0.68,0.15
A_M_1.0_1.0_127,6.42,2.31,0.73,-0.33,-0.5,-0.68,0.15
A_M_1.0_1.0_128,18.75,2.31,0.73,-0.33,-0.5,-0.68,0.15
A_M_1.0_1.0_129,7.79,2.31,0.73,-0.33,-0.5,-0.68,0.15
A_M_1.0_1.0_130,13.83,2.31,0.73,-0.33,-0.5,-0.68,0.15
A_M_1.0_1.0_131,12.59,2.31,0.73,-0.33,-0.5,-0.68,0.15
A_M_1.0_1.0_132,8.06,2.31,0.73,-0.33,-0.5,-0.68,0.15
A_M_1.0_1.0_133,10.4,2.31,0.73,-0.33,-0.5,-0.68,0.15
A_M_1.0_1.0_134,10.12,2.31,0.73,-0.33,-0.5,-0.68,0.15
A_M_1.0_1.0_135,24.95,2.31,0.73,-0.33,-0.5,-0.68,0.15
A_M_1.0_1.0_136,15.23,2.31,0.73,-0.33,-0.5,-0.68,0.15
A_M_1.0_1.0_137,23.38,2.31,0.73,-0.33,-0.5,-0.68,0.15
A_M_1.0_1.0_138,9.87,2.31,0.73,-0.33,-0.5,-0.68,0.15
A_M_1.0_1.0_139,25.23,2.31,0.73,-0.33,-0.5,-0.68,0.15
A_M_1.0_1.0_140,22.11,2.31,0.73,-0.33,-0.5,-0.68,0.15
A_M_1.0_1.0_141,18.59,2.31,0.73,-0.33,-0.5,-0.68,0.15
A_M_1.0_1.0_142,24.94,2.31,0.73,-0.33,-0.5,-0.68,0.15
A_M_1.0_1.0_143,7.62,2.31,0.73,-0.33,-0.5,-0.68,0.15
A_M_1.0_1.0_144,18.29,2.31,0.73,-0.33,-0.5,-0.68,0.15
A_M_1.0_1.0_145,17.45,2.31,0.73,-0.33,-0.5,-0.68,0.15
A_M_1.0_1.0_146,17.08,2.31,0.73,-0.33,-0.5,-0.68,0.15
A_M_1.0_1.0_147,19.73,2.31,0.73,-0.33,-0.5,-0.68,0.15
A_M_1.0_1.0_148,24.41,2.31,0.73,-0.33,-0.5,-0.68,0.15
A_M_1.0_1.0_149,17.94,2.31,0.73,-0.33,-0.5,-0.68,0.15
A_M_1.0_1.0_150,17.94,2.31,0.73,-0.33,-0.5,-0.68,0.15
A_M_1.0_1.0_151,24.38,2.31,0.73,-0.33,-0.5,-0.68,0.15
A_M_1.0_1.0_152,14.91,2.31,0.73,-0.33,-0.5,-0.68,0.15
A_M_1.0_1.0_153,10.37,2.31,0.73,-0.33,-0.5,-0.68,0.15
A_M_1.0_1.0_154,8.14,2.31,0.73,-0.33,-0.5,-0.68,0.15
A_M_1.0_1.0_155,20.1,2.31,0.73,-0.33,-0.5,-0.68,0.15
A_M_1.0_1.0_156,22.0,2.31,0.73,-0.33,-0.5,-0.68,0.15
A_M_1.0_1.0_157,10.11,2.31,0.73,-0.33,-0.5,-0.68,0.15
A_M_1.0_1.0_158,17.15,2.31,0.73,-0.33,-0.5,-0.68,0.15
A_M_1.0_1.0_159,12.22,2.31,0.73,-0.33,-0.5,-0.68,0.15
A_M_1.0_1.0_160,22.26,2.31,0.73,-0.33,-0.5,-0.68,0.15
A_M_1.0_1.0_161,23.39,2.31,0.73,-0.33,-0.5,-0.68,0.15
A_M_1.0_1.0_162,14.26,2.31,0.73,-0.33,-0.5,-0.68,0.15
A_M_1.0_1.0_163,8.35,2.31,0.73,-0.33,-0.5,-0.68,0.15
A_M_1.0_1.0_164,24.96,2.31,0.73,-0.33,-0.5,-0.68,0.15
A_M_1.0_1.0_165,20.22,2.31,0.73,-0.33,-0.5,-0.68,0.15
A_M_1.0_1.0_166,5.77,2.31,0.73,-0.33,-0.5,-0.68,0.15
A_M_1.0_1.0_167,16.6,2.31,0.73,-0.33,-0.5,-0.68,0.15
A_M_1.0_1.0_168,5.75,2.31,0.73,-0.33,-0.5,-0.68,0.15
