ObjID,H_r,u-r,g-r,i-r,z-r,y-r,GS
A_M_2.1999999999999997_1.0_0,25.41,2.31,0.73,-0.33,-0.5,-0.68,0.15
A_M_2.1999999999999997_1.0_1,25.4,2.31,0.73,-0.33,-0.5,-0.68,0.15
A_M_2.1999999999999997_1.0_2,24.18,2.31,0.73,-0.33,-0.5,-0.68,0.15
A_M_2.1999999999999997_1.0_3,24.06,2.31,0.73,-0.33,-0.5,-0.68,0.15
A_M_2.1999999999999997_1.0_4,25.36,2.31,0.73,-0.33,-0.5,-0.68,0.15
A_M_2.1999999999999997_1.0_5,25.21,2.31,0.73,-0.33,-0.5,-0.68,0.15
A_M_2.1999999999999997_1.0_6,25.34,2.31,0.73,-0.33,-0.5,-0.68,0.15
A_M_2.1999999999999997_1.0_7,23.33,2.31,0.73,-0.33,-0.5,-0.68,0.15
A_M_2.1999999999999997_1.0_8,19.75,2.31,0.73,-0.33,-0.5,-0.68,0.15
A_M_2.1999999999999997_1.0_9,21.03,2.31,0.73,-0.33,-0.5,-0.68,0.15
A_M_2.1999999999999997_1.0_10,23.75,2.31,0.73,-0.33,-0.5,-0.68,0.15
A_M_2.1999999999999997_1.0_11,23.25,2.31,0.73,-0.33,-0.5,-0.68,0.15
A_M_2.1999999999999997_1.0_12,23.62,2.31,0.73,-0.33,-0.5,-0.68,0.15
A_M_2.1999999999999997_1.0_13,24.54,2.31,0.73,-0.33,-0.5,-0.68,0.15
A_M_2.1999999999999997_1.0_14,25.14,2.31,0.73,-0.33,-0.5,-0.68,0.15
A_M_2.1999999999999997_1.0_15,25.57,2.31,0.73,-0.33,-0.5,-0.68,0.15
A_M_2.1999999999999997_1.0_16,22.28,2.31,0.73,-0.33,-0.5,-0.68,0.15
A_M_2.1999999999999997_1.0_17,25.49,2.31,0.73,-0.33,-0.5,-0.68,0.15
A_M_2.1999999999999997_1.0_18,23.69,2.31,0.73,-0.33,-0.5,-0.68,0.15
A_M_2.1999999999999997_1.0_19,24.48,2.31,0.73,-0.33,-0.5,-0.68,0.15
A_M_2.1999999999999997_1.0_20,25.05,2.31,0.73,-0.33,-0.5,-0.68,0.15
A_M_2.1999999999999997_1.0_21,21.69,2.31,0.73,-0.33,-0.5,-0.68,0.15
A_M_2.1999999999999997_1.0_22,24.66,2.31,0.73,-0.33,-0.5,-0.68,0.15
A_M_2.1999999999999997_1.0_23,24.31,2.31,0.73,-0.33,-0.5,-0.68,0.15
A_M_2.1999999999999997_1.0_24,24.9,2.31,0.73,-0.33,-0.5,-0.68,0.15
A_M_2.1999999999999997_1.0_25,24.96,2.31,0.73,-0.33,-0.5,-0.68,0.15
A_M_2.1999999999999997_1.0_26,25.61,2.31,0.73,-0.33,-0.5,-0.68,0.15
A_M_2.1999999999999997_1.0_27,24.99,2.31,0.73,-0.33,-0.5,-0.68,0.15
A_M_2.1999999999999997_1.0_28,24.29,2.31,0.73,-0.33,-0.5,-0.68,0.15
A_M_2.1999999999999997_1.0_29,24.63,2.31,0.73,-0.33,-0.5,-0.68,0.15
A_M_2.1999999999999997_1.0_30,22.84,2.31,0.73,-0.33,-0.5,-0.68,0.15
A_M_2.1999999999999997_1.0_31,22.23,2.31,0.73,-0.33,-0.5,-0.68,0.15
A_M_2.1999999999999997_1.0_32,24.12,2.31,0.73,-0.33,-0.5,-0.68,0.15
A_M_2.1999999999999997_1.0_33,23.8,2.31,0.73,-0.33,-0.5,-0.68,0.15
A_M_2.1999999999999997_1.0_34,24.48,2.31,0.73,-0.33,-0.5,-0.68,0.15
A_M_2.1999999999999997_1.0_35,25.58,2.31,0.73,-0.33,-0.5,-0.68,0.15
A_M_2.1999999999999997_1.0_36,23.92,2.31,0.73,-0.33,-0.5,-0.68,0.15
A_M_2.1999999999999997_1.0_37,21.96,2.31,0.73,-0.33,-0.5,-0.68,0.15
A_M_2.1999999999999997_1.0_38,25.22,2.31,0.73,-0.33,-0.5,-0.68,0.15
A_M_2.1999999999999997_1.0_39,25.24,2.31,0.73,-0.33,-0.5,-0.68,0.15
A_M_2.1999999999999997_1.0_40,25.16,2.31,0.73,-0.33,-0.5,-0.68,0.15
A_M_2.1999999999999997_1.0_41,25.56,2.31,0.73,-0.33,-0.5,-0.68,0.15
A_M_2.1999999999999997_1.0_42,23.51,2.31,0.73,-0.33,-0.5,-0.68,0.15
A_M_2.1999999999999997_1.0_43,20.88,2.31,0.73,-0.33,-0.5,-0.68,0.15
A_M_2.1999999999999997_1.0_44,24.85,2.31,0.73,-0.33,-0.5,-0.68,0.15
A_M_2.1999999999999997_1.0_45,24.5,2.31,0.73,-0.33,-0.5,-0.68,0.15
A_M_2.1999999999999997_1.0_46,25.32,2.31,0.73,-0.33,-0.5,-0.68,0.15
A_M_2.1999999999999997_1.0_47,25.3,2.31,0.73,-0.33,-0.5,-0.68,0.15
A_M_2.1999999999999997_1.0_48,24.21,2.31,0.73,-0.33,-0.5,-0.68,0.15
A_M_2.1999999999999997_1.0_49,23.37,2.31,0.73,-0.33,-0.5,-0.68,0.15
A_M_2.1999999999999997_1.0_50,24.98,2.31,0.73,-0.33,-0.5,-0.68,0.15
A_M_2.1999999999999997_1.0_51,25.18,2.31,0.73,-0.33,-0.5,-0.68,0.15
A_M_2.1999999999999997_1.0_52,25.61,2.31,0.73,-0.33,-0.5,-0.68,0.15
A_M_2.1999999999999997_1.0_53,25.43,2.31,0.73,-0.33,-0.5,-0.68,0.15
A_M_2.1999999999999997_1.0_54,23.96,2.31,0.73,-0.33,-0.5,-0.68,0.15
A_M_2.1999999999999997_1.0_55,25.14,2.31,0.73,-0.33,-0.5,-0.68,0.15
A_M_2.1999999999999997_1.0_56,23.66,2.31,0.73,-0.33,-0.5,-0.68,0.15
A_M_2.1999999999999997_1.0_57,22.16,2.31,0.73,-0.33,-0.5,-0.68,0.15
A_M_2.1999999999999997_1.0_58,25.54,2.31,0.73,-0.33,-0.5,-0.68,0.15
A_M_2.1999999999999997_1.0_59,24.14,2.31,0.73,-0.33,-0.5,-0.68,0.15
A_M_2.1999999999999997_1.0_60,23.07,2.31,0.73,-0.33,-0.5,-0.68,0.15
A_M_2.1999999999999997_1.0_61,25.47,2.31,0.73,-0.33,-0.5,-0.68,0.15
A_M_2.1999999999999997_1.0_62,22.67,2.31,0.73,-0.33,-0.5,-0.68,0.15
A_M_2.1999999999999997_1.0_63,25.45,2.31,0.73,-0.33,-0.5,-0.68,0.15
A_M_2.1999999999999997_1.0_64,23.36,2.31,0.73,-0.33,-0.5,-0.68,0.15
A_M_2.1999999999999997_1.0_65,23.65,2.31,0.73,-0.33,-0.5,-0.68,0.15
A_M_2.1999999999999997_1.0_66,25.48,2.31,0.73,-0.33,-0.5,-0.68,0.15
A_M_2.1999999999999997_1.0_67,24.97,2.31,0.73,-0.33,-0.5,-0.68,0.15
A_M_2.1999999999999997_1.0_68,24.41,2.31,0.73,-0.33,-0.5,-0.68,0.15
A_M_2.1999999999999997_1.0_69,24.18,2.31,0.73,-0.33,-0.5,-0.68,0.15
A_M_2.1999999999999997_1.0_70,24.41,2.31,0.73,-0.33,-0.5,-0.68,0.15
A_M_2.1999999999999997_1.0_71,25.06,2.31,0.73,-0.33,-0.5,-0.68,0.15
A_M_2.1999999999999997_1.0_72,24.76,2.31,0.73,-0.33,-0.5,-0.68,0.15
A_M_2.1999999999999997_1.0_73,24.41,2.31,0.73,-0.33,-0.5,-0.68,0.15
A_M_2.1999999999999997_1.0_74,22.38,2.31,0.73,-0.33,-0.5,-0.68,0.15
A_M_2.1999999999999997_1.0_75,25.36,2.31,0.73,-0.33,-0.5,-0.68,0.15
A_M_2.1999999999999997_1.0_76,24.97,2.31,0.73,-0.33,-0.5,-0.68,0.15
A_M_2.1999999999999997_1.0_77,24.35,2.31,0.73,-0.33,-0.5,-0.68,0.15
A_M_2.1999999999999997_1.0_78,16.59,2.31,0.73,-0.33,-0.5,-0.68,0.15
A_M_2.1999999999999997_1.0_79,25.06,2.31,0.73,-0.33,-0.5,-0.68,0.15
A_M_2.1999999999999997_1.0_80,23.97,2.31,0.73,-0.33,-0.5,-0.68,0.15
A_M_2.1999999999999997_1.0_81,24.26,2.31,0.73,-0.33,-0.5,-0.68,0.15
A_M_2.1999999999999997_1.0_82,24.41,2.31,0.73,-0.33,-0.5,-0.68,0.15
A_M_2.1999999999999997_1.0_83,24.04,2.31,0.73,-0.33,-0.5,-0.68,0.15
A_M_2.1999999999999997_1.0_84,24.88,2.31,0.73,-0.33,-0.5,-0.68,0.15
A_M_2.1999999999999997_1.0_85,24.75,2.31,0.73,-0.33,-0.5,-0.68,0.15
A_M_2.1999999999999997_1.0_86,25.49,2.31,0.73,-0.33,-0.5,-0.68,0.15
A_M_2.1999999999999997_1.0_87,24.94,2.31,0.73,-0.33,-0.5,-0.68,0.15
A_M_2.1999999999999997_1.0_88,25.13,2.31,0.73,-0.33,-0.5,-0.68,0.15
A_M_2.1999999999999997_1.0_89,24.62,2.31,0.73,-0.33,-0.5,-0.68,0.15
A_M_2.1999999999999997_1.0_90,24.41,2.31,0.73,-0.33,-0.5,-0.68,0.15
A_M_2.1999999999999997_1.0_91,24.9,2.31,0.73,-0.33,-0.5,-0.68,0.15
A_M_2.1999999999999997_1.0_92,25.35,2.31,0.73,-0.33,-0.5,-0.68,0.15
A_M_2.1999999999999997_1.0_93,23.91,2.31,0.73,-0.33,-0.5,-0.68,0.15
A_M_2.1999999999999997_1.0_94,25.38,2.31,0.73,-0.33,-0.5,-0.68,0.15
A_M_2.1999999999999997_1.0_95,25.36,2.31,0.73,-0.33,-0.5,-0.68,0.15
A_M_2.1999999999999997_1.0_96,24.95,2.31,0.73,-0.33,-0.5,-0.68,0.15
A_M_2.1999999999999997_1.0_97,25.19,2.31,0.73,-0.33,-0.5,-0.68,0.15
A_M_2.1999999999999997_1.0_98,24.67,2.31,0.73,-0.33,-0.5,-0.68,0.15
A_M_2.1999999999999997_1.0_99,23.59,2.31,0.73,-0.33,-0.5,-0.68,0.15
A_M_2.1999999999999997_1.0_100,25.39,2.31,0.73,-0.33,-0.5,-0.68,0.15
A_M_2.1999999999999997_1.0_101,25.27,2.31,0.73,-0.33,-0.5,-0.68,0.15
A_M_2.1999999999999997_1.0_102,23.88,2.31,0.73,-0.33,-0.5,-0.68,0.15
A_M_2.1999999999999997_1.0_103,25.6,2.31,0.73,-0.33,-0.5,-0.68,0.15
A_M_2.1999999999999997_1.0_104,25.18,2.31,0.73,-0.33,-0.5,-0.68,0.15
A_M_2.1999999999999997_1.0_105,25.3,2.31,0.73,-0.33,-0.5,-0.68,0.15
A_M_2.1999999999999997_1.0_106,23.42,2.31,0.73,-0.33,-0.5,-0.68,0.15
A_M_2.1999999999999997_1.0_107,25.38,2.31,0.73,-0.33,-0.5,-0.68,0.15
A_M_2.1999999999999997_1.0_108,24.87,2.31,0.73,-0.33,-0.5,-0.68,0.15
A_M_2.1999999999999997_1.0_109,21.41,2.31,0.73,-0.33,-0.5,-0.68,0.15
A_M_2.1999999999999997_1.0_110,23.9,2.31,0.73,-0.33,-0.5,-0.68,0.15
A_M_2.1999999999999997_1.0_111,24.92,2.31,0.73,-0.33,-0.5,-0.68,0.15
A_M_2.1999999999999997_1.0_112,25.54,2.31,0.73,-0.33,-0.5,-0.68,0.15
A_M_2.1999999999999997_1.0_113,25.61,2.31,0.73,-0.33,-0.5,-0.68,0.15
A_M_2.1999999999999997_1.0_114,24.15,2.31,0.73,-0.33,-0.5,-0.68,0.15
A_M_2.1999999999999997_1.0_115,24.61,2.31,0.73,-0.33,-0.5,-0.68,0.15
A_M_2.1999999999999997_1.0_116,25.17,2.31,0.73,-0.33,-0.5,-0.68,0.15
A_M_2.1999999999999997_1.0_117,24.27,2.31,0.73,-0.33,-0.5,-0.68,0.15
A_M_2.1999999999999997_1.0_118,21.62,2.31,0.73,-0.33,-0.5,-0.68,0.15
A_M_2.1999999999999997_1.0_119,25.56,2.31,0.73,-0.33,-0.5,-0.68,0.15
A_M_2.1999999999999997_1.0_120,24.71,2.31,0.73,-0.33,-0.5,-0.68,0.15
A_M_2.1999999999999997_1.0_121,24.08,2.31,0.73,-0.33,-0.5,-0.68,0.15
A_M_2.1999999999999997_1.0_122,23.26,2.31,0.73,-0.33,-0.5,-0.68,0.15
A_M_2.1999999999999997_1.0_123,22.8,2.31,0.73,-0.33,-0.5,-0.68,0.15
A_M_2.1999999999999997_1.0_124,24.3,2.31,0.73,-0.33,-0.5,-0.68,0.15
A_M_2.1999999999999997_1.0_125,24.96,2.31,0.73,-0.33,-0.5,-0.68,0.15
A_M_2.1999999999999997_1.0_126,25.36,2.31,0.73,-0.33,-0.5,-0.68,0.15
A_M_2.1999999999999997_1.0_127,25.47,2.31,0.73,-0.33,-0.5,-0.68,0.15
A_M_2.1999999999999997_1.0_128,25.08,2.31,0.73,-0.33,-0.5,-0.68,0.15
A_M_2.1999999999999997_1.0_129,24.28,2.31,0.73,-0.33,-0.5,-0.68,0.15
A_M_2.1999999999999997_1.0_130,25.45,2.31,0.73,-0.33,-0.5,-0.68,0.15
A_M_2.1999999999999997_1.0_131,22.8,2.31,0.73,-0.33,-0.5,-0.68,0.15
A_M_2.1999999999999997_1.0_132,23.96,2.31,0.73,-0.33,-0.5,-0.68,0.15
A_M_2.1999999999999997_1.0_133,25.39,2.31,0.73,-0.33,-0.5,-0.68,0.15
A_M_2.1999999999999997_1.0_134,25.21,2.31,0.73,-0.33,-0.5,-0.68,0.15
A_M_2.1999999999999997_1.0_135,24.96,2.31,0.73,-0.33,-0.5,-0.68,0.15
A_M_2.1999999999999997_1.0_136,24.82,2.31,0.73,-0.33,-0.5,-0.68,0.15
A_M_2.1999999999999997_1.0_137,25.41,2.31,0.73,-0.33,-0.5,-0.68,0.15
A_M_2.1999999999999997_1.0_138,23.49,2.31,0.73,-0.33,-0.5,-0.68,0.15
A_M_2.1999999999999997_1.0_139,24.65,2.31,0.73,-0.33,-0.5,-0.68,0.15
A_M_2.1999999999999997_1.0_140,24.35,2.31,0.73,-0.33,-0.5,-0.68,0.15
A_M_2.1999999999999997_1.0_141,25.28,2.31,0.73,-0.33,-0.5,-0.68,0.15
A_M_2.1999999999999997_1.0_142,24.79,2.31,0.73,-0.33,-0.5,-0.68,0.15
A_M_2.1999999999999997_1.0_143,25.43,2.31,0.73,-0.33,-0.5,-0.68,0.15
A_M_2.1999999999999997_1.0_144,22.08,2.31,0.73,-0.33,-0.5,-0.68,0.15
A_M_2.1999999999999997_1.0_145,24.75,2.31,0.73,-0.33,-0.5,-0.68,0.15
A_M_2.1999999999999997_1.0_146,24.32,2.31,0.73,-0.33,-0.5,-0.68,0.15
A_M_2.1999999999999997_1.0_147,24.43,2.31,0.73,-0.33,-0.5,-0.68,0.15
A_M_2.1999999999999997_1.0_148,24.94,2.31,0.73,-0.33,-0.5,-0.68,0.15
A_M_2.1999999999999997_1.0_149,25.08,2.31,0.73,-0.33,-0.5,-0.68,0.15
A_M_2.1999999999999997_1.0_150,24.3,2.31,0.73,-0.33,-0.5,-0.68,0.15
A_M_2.1999999999999997_1.0_151,24.95,2.31,0.73,-0.33,-0.5,-0.68,0.15
A_M_2.1999999999999997_1.0_152,25.15,2.31,0.73,-0.33,-0.5,-0.68,0.15
A_M_2.1999999999999997_1.0_153,24.92,2.31,0.73,-0.33,-0.5,-0.68,0.15
A_M_2.1999999999999997_1.0_154,25.34,2.31,0.73,-0.33,-0.5,-0.68,0.15
A_M_2.1999999999999997_1.0_155,25.15,2.31,0.73,-0.33,-0.5,-0.68,0.15
A_M_2.1999999999999997_1.0_156,24.55,2.31,0.73,-0.33,-0.5,-0.68,0.15
A_M_2.1999999999999997_1.0_157,19.76,2.31,0.73,-0.33,-0.5,-0.68,0.15
A_M_2.1999999999999997_1.0_158,24.03,2.31,0.73,-0.33,-0.5,-0.68,0.15
A_M_2.1999999999999997_1.0_159,24.32,2.31,0.73,-0.33,-0.5,-0.68,0.15
A_M_2.1999999999999997_1.0_160,24.33,2.31,0.73,-0.33,-0.5,-0.68,0.15
A_M_2.1999999999999997_1.0_161,25.32,2.31,0.73,-0.33,-0.5,-0.68,0.15
A_M_2.1999999999999997_1.0_162,24.86,2.31,0.73,-0.33,-0.5,-0.68,0.15
A_M_2.1999999999999997_1.0_163,23.87,2.31,0.73,-0.33,-0.5,-0.68,0.15
A_M_2.1999999999999997_1.0_164,23.34,2.31,0.73,-0.33,-0.5,-0.68,0.15
A_M_2.1999999999999997_1.0_165,24.72,2.31,0.73,-0.33,-0.5,-0.68,0.15
A_M_2.1999999999999997_1.0_166,24.75,2.31,0.73,-0.33,-0.5,-0.68,0.15
A_M_2.1999999999999997_1.0_167,25.44,2.31,0.73,-0.33,-0.5,-0.68,0.15
A_M_2.1999999999999997_1.0_168,21.98,2.31,0.73,-0.33,-0.5,-0.68,0.15
A_M_2.1999999999999997_1.0_169,23.77,2.31,0.73,-0.33,-0.5,-0.68,0.15
A_M_2.1999999999999997_1.0_170,24.02,2.31,0.73,-0.33,-0.5,-0.68,0.15
A_M_2.1999999999999997_1.0_171,25.11,2.31,0.73,-0.33,-0.5,-0.68,0.15
A_M_2.1999999999999997_1.0_172,25.47,2.31,0.73,-0.33,-0.5,-0.68,0.15
A_M_2.1999999999999997_1.0_173,25.26,2.31,0.73,-0.33,-0.5,-0.68,0.15
A_M_2.1999999999999997_1.0_174,21.41,2.31,0.73,-0.33,-0.5,-0.68,0.15
A_M_2.1999999999999997_1.0_175,24.47,2.31,0.73,-0.33,-0.5,-0.68,0.15
A_M_2.1999999999999997_1.0_176,25.3,2.31,0.73,-0.33,-0.5,-0.68,0.15
A_M_2.1999999999999997_1.0_177,25.4,2.31,0.73,-0.33,-0.5,-0.68,0.15
A_M_2.1999999999999997_1.0_178,24.96,2.31,0.73,-0.33,-0.5,-0.68,0.15
A_M_2.1999999999999997_1.0_179,23.29,2.31,0.73,-0.33,-0.5,-0.68,0.15
A_M_2.1999999999999997_1.0_180,22.28,2.31,0.73,-0.33,-0.5,-0.68,0.15
A_M_2.1999999999999997_1.0_181,24.89,2.31,0.73,-0.33,-0.5,-0.68,0.15
A_M_2.1999999999999997_1.0_182,24.98,2.31,0.73,-0.33,-0.5,-0.68,0.15
A_M_2.1999999999999997_1.0_183,22.25,2.31,0.73,-0.33,-0.5,-0.68,0.15
A_M_2.1999999999999997_1.0_184,25.56,2.31,0.73,-0.33,-0.5,-0.68,0.15
A_M_2.1999999999999997_1.0_185,25.4,2.31,0.73,-0.33,-0.5,-0.68,0.15
A_M_2.1999999999999997_1.0_186,24.06,2.31,0.73,-0.33,-0.5,-0.68,0.15
A_M_2.1999999999999997_1.0_187,24.5,2.31,0.73,-0.33,-0.5,-0.68,0.15
A_M_2.1999999999999997_1.0_188,25.32,2.31,0.73,-0.33,-0.5,-0.68,0.15
A_M_2.1999999999999997_1.0_189,25.56,2.31,0.73,-0.33,-0.5,-0.68,0.15
A_M_2.1999999999999997_1.0_190,24.79,2.31,0.73,-0.33,-0.5,-0.68,0.15
A_M_2.1999999999999997_1.0_191,25.57,2.31,0.73,-0.33,-0.5,-0.68,0.15
A_M_2.1999999999999997_1.0_192,24.38,2.31,0.73,-0.33,-0.5,-0.68,0.15
A_M_2.1999999999999997_1.0_193,24.87,2.31,0.73,-0.33,-0.5,-0.68,0.15
A_M_2.1999999999999997_1.0_194,24.66,2.31,0.73,-0.33,-0.5,-0.68,0.15
A_M_2.1999999999999997_1.0_195,24.58,2.31,0.73,-0.33,-0.5,-0.68,0.15
A_M_2.1999999999999997_1.0_196,22.4,2.31,0.73,-0.33,-0.5,-0.68,0.15
A_M_2.1999999999999997_1.0_197,25.6,2.31,0.73,-0.33,-0.5,-0.68,0.15
A_M_2.1999999999999997_1.0_198,19.11,2.31,0.73,-0.33,-0.5,-0.68,0.15
A_M_2.1999999999999997_1.0_199,25.37,2.31,0.73,-0.33,-0.5,-0.68,0.15
A_M_2.1999999999999997_1.0_200,25.16,2.31,0.73,-0.33,-0.5,-0.68,0.15
A_M_2.1999999999999997_1.0_201,24.38,2.31,0.73,-0.33,-0.5,-0.68,0.15
A_M_2.1999999999999997_1.0_202,22.52,2.31,0.73,-0.33,-0.5,-0.68,0.15
A_M_2.1999999999999997_1.0_203,23.96,2.31,0.73,-0.33,-0.5,-0.68,0.15
A_M_2.1999999999999997_1.0_204,24.91,2.31,0.73,-0.33,-0.5,-0.68,0.15
A_M_2.1999999999999997_1.0_205,25.52,2.31,0.73,-0.33,-0.5,-0.68,0.15
A_M_2.1999999999999997_1.0_206,24.32,2.31,0.73,-0.33,-0.5,-0.68,0.15
A_M_2.1999999999999997_1.0_207,25.27,2.31,0.73,-0.33,-0.5,-0.68,0.15
A_M_2.1999999999999997_1.0_208,24.68,2.31,0.73,-0.33,-0.5,-0.68,0.15
A_M_2.1999999999999997_1.0_209,25.08,2.31,0.73,-0.33,-0.5,-0.68,0.15
A_M_2.1999999999999997_1.0_210,25.24,2.31,0.73,-0.33,-0.5,-0.68,0.15
A_M_2.1999999999999997_1.0_211,24.85,2.31,0.73,-0.33,-0.5,-0.68,0.15
A_M_2.1999999999999997_1.0_212,24.78,2.31,0.73,-0.33,-0.5,-0.68,0.15
A_M_2.1999999999999997_1.0_213,24.93,2.31,0.73,-0.33,-0.5,-0.68,0.15
A_M_2.1999999999999997_1.0_214,24.12,2.31,0.73,-0.33,-0.5,-0.68,0.15
A_M_2.1999999999999997_1.0_215,22.23,2.31,0.73,-0.33,-0.5,-0.68,0.15
A_M_2.1999999999999997_1.0_216,24.44,2.31,0.73,-0.33,-0.5,-0.68,0.15
A_M_2.1999999999999997_1.0_217,25.43,2.31,0.73,-0.33,-0.5,-0.68,0.15
A_M_2.1999999999999997_1.0_218,24.94,2.31,0.73,-0.33,-0.5,-0.68,0.15
A_M_2.1999999999999997_1.0_219,24.9,2.31,0.73,-0.33,-0.5,-0.68,0.15
A_M_2.1999999999999997_1.0_220,23.7,2.31,0.73,-0.33,-0.5,-0.68,0.15
A_M_2.1999999999999997_1.0_221,25.49,2.31,0.73,-0.33,-0.5,-0.68,0.15
A_M_2.1999999999999997_1.0_222,25.35,2.31,0.73,-0.33,-0.5,-0.68,0.15
A_M_2.1999999999999997_1.0_223,21.89,2.31,0.73,-0.33,-0.5,-0.68,0.15
A_M_2.1999999999999997_1.0_224,25.5,2.31,0.73,-0.33,-0.5,-0.68,0.15
A_M_2.1999999999999997_1.0_225,25.43,2.31,0.73,-0.33,-0.5,-0.68,0.15
A_M_2.1999999999999997_1.0_226,25.39,2.31,0.73,-0.33,-0.5,-0.68,0.15
A_M_2.1999999999999997_1.0_227,24.53,2.31,0.73,-0.33,-0.5,-0.68,0.15
A_M_2.1999999999999997_1.0_228,25.45,2.31,0.73,-0.33,-0.5,-0.68,0.15
A_M_2.1999999999999997_1.0_229,19.45,2.31,0.73,-0.33,-0.5,-0.68,0.15
A_M_2.1999999999999997_1.0_230,25.59,2.31,0.73,-0.33,-0.5,-0.68,0.15
A_M_2.1999999999999997_1.0_231,21.66,2.31,0.73,-0.33,-0.5,-0.68,0.15
A_M_2.1999999999999997_1.0_232,23.18,2.31,0.73,-0.33,-0.5,-0.68,0.15
A_M_2.1999999999999997_1.0_233,25.44,2.31,0.73,-0.33,-0.5,-0.68,0.15
A_M_2.1999999999999997_1.0_234,25.23,2.31,0.73,-0.33,-0.5,-0.68,0.15
A_M_2.1999999999999997_1.0_235,25.0,2.31,0.73,-0.33,-0.5,-0.68,0.15
A_M_2.1999999999999997_1.0_236,25.21,2.31,0.73,-0.33,-0.5,-0.68,0.15
A_M_2.1999999999999997_1.0_237,21.74,2.31,0.73,-0.33,-0.5,-0.68,0.15
A_M_2.1999999999999997_1.0_238,24.55,2.31,0.73,-0.33,-0.5,-0.68,0.15
A_M_2.1999999999999997_1.0_239,20.89,2.31,0.73,-0.33,-0.5,-0.68,0.15
A_M_2.1999999999999997_1.0_240,25.01,2.31,0.73,-0.33,-0.5,-0.68,0.15
A_M_2.1999999999999997_1.0_241,24.27,2.31,0.73,-0.33,-0.5,-0.68,0.15
A_M_2.1999999999999997_1.0_242,23.73,2.31,0.73,-0.33,-0.5,-0.68,0.15
A_M_2.1999999999999997_1.0_243,25.47,2.31,0.73,-0.33,-0.5,-0.68,0.15
A_M_2.1999999999999997_1.0_244,22.83,2.31,0.73,-0.33,-0.5,-0.68,0.15
A_M_2.1999999999999997_1.0_245,18.81,2.31,0.73,-0.33,-0.5,-0.68,0.15
A_M_2.1999999999999997_1.0_246,25.42,2.31,0.73,-0.33,-0.5,-0.68,0.15
A_M_2.1999999999999997_1.0_247,25.46,2.31,0.73,-0.33,-0.5,-0.68,0.15
A_M_2.1999999999999997_1.0_248,25.12,2.31,0.73,-0.33,-0.5,-0.68,0.15
A_M_2.1999999999999997_1.0_249,24.9,2.31,0.73,-0.33,-0.5,-0.68,0.15
A_M_2.1999999999999997_1.0_250,24.6,2.31,0.73,-0.33,-0.5,-0.68,0.15
A_M_2.1999999999999997_1.0_251,24.39,2.31,0.73,-0.33,-0.5,-0.68,0.15
A_M_2.1999999999999997_1.0_252,24.1,2.31,0.73,-0.33,-0.5,-0.68,0.15
A_M_2.1999999999999997_1.0_253,24.17,2.31,0.73,-0.33,-0.5,-0.68,0.15
A_M_2.1999999999999997_1.0_254,25.44,2.31,0.73,-0.33,-0.5,-0.68,0.15
A_M_2.1999999999999997_1.0_255,25.59,2.31,0.73,-0.33,-0.5,-0.68,0.15
A_M_2.1999999999999997_1.0_256,24.66,2.31,0.73,-0.33,-0.5,-0.68,0.15
A_M_2.1999999999999997_1.0_257,25.4,2.31,0.73,-0.33,-0.5,-0.68,0.15
A_M_2.1999999999999997_1.0_258,25.04,2.31,0.73,-0.33,-0.5,-0.68,0.15
A_M_2.1999999999999997_1.0_259,24.39,2.31,0.73,-0.33,-0.5,-0.68,0.15
A_M_2.1999999999999997_1.0_260,24.89,2.31,0.73,-0.33,-0.5,-0.68,0.15
A_M_2.1999999999999997_1.0_261,24.92,2.31,0.73,-0.33,-0.5,-0.68,0.15
A_M_2.1999999999999997_1.0_262,23.11,2.31,0.73,-0.33,-0.5,-0.68,0.15
A_M_2.1999999999999997_1.0_263,24.94,2.31,0.73,-0.33,-0.5,-0.68,0.15
A_M_2.1999999999999997_1.0_264,24.64,2.31,0.73,-0.33,-0.5,-0.68,0.15
A_M_2.1999999999999997_1.0_265,23.84,2.31,0.73,-0.33,-0.5,-0.68,0.15
A_M_2.1999999999999997_1.0_266,24.27,2.31,0.73,-0.33,-0.5,-0.68,0.15
A_M_2.1999999999999997_1.0_267,24.73,2.31,0.73,-0.33,-0.5,-0.68,0.15
A_M_2.1999999999999997_1.0_268,24.75,2.31,0.73,-0.33,-0.5,-0.68,0.15
A_M_2.1999999999999997_1.0_269,25.16,2.31,0.73,-0.33,-0.5,-0.68,0.15
A_M_2.1999999999999997_1.0_270,19.71,2.31,0.73,-0.33,-0.5,-0.68,0.15
A_M_2.1999999999999997_1.0_271,24.51,2.31,0.73,-0.33,-0.5,-0.68,0.15
A_M_2.1999999999999997_1.0_272,23.51,2.31,0.73,-0.33,-0.5,-0.68,0.15
A_M_2.1999999999999997_1.0_273,25.59,2.31,0.73,-0.33,-0.5,-0.68,0.15
A_M_2.1999999999999997_1.0_274,25.1,2.31,0.73,-0.33,-0.5,-0.68,0.15
A_M_2.1999999999999997_1.0_275,25.42,2.31,0.73,-0.33,-0.5,-0.68,0.15
A_M_2.1999999999999997_1.0_276,24.77,2.31,0.73,-0.33,-0.5,-0.68,0.15
A_M_2.1999999999999997_1.0_277,24.46,2.31,0.73,-0.33,-0.5,-0.68,0.15
A_M_2.1999999999999997_1.0_278,22.46,2.31,0.73,-0.33,-0.5,-0.68,0.15
A_M_2.1999999999999997_1.0_279,21.37,2.31,0.73,-0.33,-0.5,-0.68,0.15
A_M_2.1999999999999997_1.0_280,25.22,2.31,0.73,-0.33,-0.5,-0.68,0.15
A_M_2.1999999999999997_1.0_281,18.19,2.31,0.73,-0.33,-0.5,-0.68,0.15
A_M_2.1999999999999997_1.0_282,23.95,2.31,0.73,-0.33,-0.5,-0.68,0.15
A_M_2.1999999999999997_1.0_283,24.38,2.31,0.73,-0.33,-0.5,-0.68,0.15
A_M_2.1999999999999997_1.0_284,24.9,2.31,0.73,-0.33,-0.5,-0.68,0.15
A_M_2.1999999999999997_1.0_285,25.27,2.31,0.73,-0.33,-0.5,-0.68,0.15
A_M_2.1999999999999997_1.0_286,25.02,2.31,0.73,-0.33,-0.5,-0.68,0.15
A_M_2.1999999999999997_1.0_287,24.99,2.31,0.73,-0.33,-0.5,-0.68,0.15
A_M_2.1999999999999997_1.0_288,23.93,2.31,0.73,-0.33,-0.5,-0.68,0.15
A_M_2.1999999999999997_1.0_289,25.38,2.31,0.73,-0.33,-0.5,-0.68,0.15
A_M_2.1999999999999997_1.0_290,24.96,2.31,0.73,-0.33,-0.5,-0.68,0.15
A_M_2.1999999999999997_1.0_291,24.7,2.31,0.73,-0.33,-0.5,-0.68,0.15
A_M_2.1999999999999997_1.0_292,25.26,2.31,0.73,-0.33,-0.5,-0.68,0.15
A_M_2.1999999999999997_1.0_293,25.0,2.31,0.73,-0.33,-0.5,-0.68,0.15
A_M_2.1999999999999997_1.0_294,24.33,2.31,0.73,-0.33,-0.5,-0.68,0.15
A_M_2.1999999999999997_1.0_295,21.11,2.31,0.73,-0.33,-0.5,-0.68,0.15
A_M_2.1999999999999997_1.0_296,25.04,2.31,0.73,-0.33,-0.5,-0.68,0.15
A_M_2.1999999999999997_1.0_297,25.21,2.31,0.73,-0.33,-0.5,-0.68,0.15
A_M_2.1999999999999997_1.0_298,23.88,2.31,0.73,-0.33,-0.5,-0.68,0.15
A_M_2.1999999999999997_1.0_299,24.32,2.31,0.73,-0.33,-0.5,-0.68,0.15
A_M_2.1999999999999997_1.0_300,25.42,2.31,0.73,-0.33,-0.5,-0.68,0.15
A_M_2.1999999999999997_1.0_301,23.8,2.31,0.73,-0.33,-0.5,-0.68,0.15
A_M_2.1999999999999997_1.0_302,24.53,2.31,0.73,-0.33,-0.5,-0.68,0.15
A_M_2.1999999999999997_1.0_303,24.45,2.31,0.73,-0.33,-0.5,-0.68,0.15
A_M_2.1999999999999997_1.0_304,22.29,2.31,0.73,-0.33,-0.5,-0.68,0.15
A_M_2.1999999999999997_1.0_305,25.42,2.31,0.73,-0.33,-0.5,-0.68,0.15
A_M_2.1999999999999997_1.0_306,21.62,2.31,0.73,-0.33,-0.5,-0.68,0.15
A_M_2.1999999999999997_1.0_307,24.49,2.31,0.73,-0.33,-0.5,-0.68,0.15
A_M_2.1999999999999997_1.0_308,14.64,2.31,0.73,-0.33,-0.5,-0.68,0.15
A_M_2.1999999999999997_1.0_309,25.48,2.31,0.73,-0.33,-0.5,-0.68,0.15
A_M_2.1999999999999997_1.0_310,15.7,2.31,0.73,-0.33,-0.5,-0.68,0.15
A_M_2.1999999999999997_1.0_311,22.8,2.31,0.73,-0.33,-0.5,-0.68,0.15
A_M_2.1999999999999997_1.0_312,25.38,2.31,0.73,-0.33,-0.5,-0.68,0.15
A_M_2.1999999999999997_1.0_313,25.4,2.31,0.73,-0.33,-0.5,-0.68,0.15
A_M_2.1999999999999997_1.0_314,25.02,2.31,0.73,-0.33,-0.5,-0.68,0.15
A_M_2.1999999999999997_1.0_315,21.71,2.31,0.73,-0.33,-0.5,-0.68,0.15
A_M_2.1999999999999997_1.0_316,24.48,2.31,0.73,-0.33,-0.5,-0.68,0.15
A_M_2.1999999999999997_1.0_317,21.71,2.31,0.73,-0.33,-0.5,-0.68,0.15
A_M_2.1999999999999997_1.0_318,24.77,2.31,0.73,-0.33,-0.5,-0.68,0.15
A_M_2.1999999999999997_1.0_319,23.22,2.31,0.73,-0.33,-0.5,-0.68,0.15
A_M_2.1999999999999997_1.0_320,25.43,2.31,0.73,-0.33,-0.5,-0.68,0.15
A_M_2.1999999999999997_1.0_321,23.83,2.31,0.73,-0.33,-0.5,-0.68,0.15
A_M_2.1999999999999997_1.0_322,24.9,2.31,0.73,-0.33,-0.5,-0.68,0.15
A_M_2.1999999999999997_1.0_323,22.73,2.31,0.73,-0.33,-0.5,-0.68,0.15
A_M_2.1999999999999997_1.0_324,21.99,2.31,0.73,-0.33,-0.5,-0.68,0.15
A_M_2.1999999999999997_1.0_325,24.11,2.31,0.73,-0.33,-0.5,-0.68,0.15
A_M_2.1999999999999997_1.0_326,23.72,2.31,0.73,-0.33,-0.5,-0.68,0.15
A_M_2.1999999999999997_1.0_327,21.09,2.31,0.73,-0.33,-0.5,-0.68,0.15
A_M_2.1999999999999997_1.0_328,24.8,2.31,0.73,-0.33,-0.5,-0.68,0.15
A_M_2.1999999999999997_1.0_329,21.9,2.31,0.73,-0.33,-0.5,-0.68,0.15
A_M_2.1999999999999997_1.0_330,23.31,2.31,0.73,-0.33,-0.5,-0.68,0.15
A_M_2.1999999999999997_1.0_331,24.82,2.31,0.73,-0.33,-0.5,-0.68,0.15
A_M_2.1999999999999997_1.0_332,25.28,2.31,0.73,-0.33,-0.5,-0.68,0.15
A_M_2.1999999999999997_1.0_333,24.33,2.31,0.73,-0.33,-0.5,-0.68,0.15
A_M_2.1999999999999997_1.0_334,23.55,2.31,0.73,-0.33,-0.5,-0.68,0.15
A_M_2.1999999999999997_1.0_335,25.29,2.31,0.73,-0.33,-0.5,-0.68,0.15
A_M_2.1999999999999997_1.0_336,24.87,2.31,0.73,-0.33,-0.5,-0.68,0.15
A_M_2.1999999999999997_1.0_337,21.5,2.31,0.73,-0.33,-0.5,-0.68,0.15
A_M_2.1999999999999997_1.0_338,25.37,2.31,0.73,-0.33,-0.5,-0.68,0.15
A_M_2.1999999999999997_1.0_339,25.42,2.31,0.73,-0.33,-0.5,-0.68,0.15
A_M_2.1999999999999997_1.0_340,24.04,2.31,0.73,-0.33,-0.5,-0.68,0.15
A_M_2.1999999999999997_1.0_341,24.07,2.31,0.73,-0.33,-0.5,-0.68,0.15
A_M_2.1999999999999997_1.0_342,24.41,2.31,0.73,-0.33,-0.5,-0.68,0.15
A_M_2.1999999999999997_1.0_343,22.38,2.31,0.73,-0.33,-0.5,-0.68,0.15
A_M_2.1999999999999997_1.0_344,24.56,2.31,0.73,-0.33,-0.5,-0.68,0.15
A_M_2.1999999999999997_1.0_345,25.52,2.31,0.73,-0.33,-0.5,-0.68,0.15
A_M_2.1999999999999997_1.0_346,25.34,2.31,0.73,-0.33,-0.5,-0.68,0.15
A_M_2.1999999999999997_1.0_347,25.4,2.31,0.73,-0.33,-0.5,-0.68,0.15
A_M_2.1999999999999997_1.0_348,25.58,2.31,0.73,-0.33,-0.5,-0.68,0.15
A_M_2.1999999999999997_1.0_349,25.19,2.31,0.73,-0.33,-0.5,-0.68,0.15
A_M_2.1999999999999997_1.0_350,24.59,2.31,0.73,-0.33,-0.5,-0.68,0.15
A_M_2.1999999999999997_1.0_351,24.59,2.31,0.73,-0.33,-0.5,-0.68,0.15
A_M_2.1999999999999997_1.0_352,25.24,2.31,0.73,-0.33,-0.5,-0.68,0.15
A_M_2.1999999999999997_1.0_353,25.32,2.31,0.73,-0.33,-0.5,-0.68,0.15
A_M_2.1999999999999997_1.0_354,21.82,2.31,0.73,-0.33,-0.5,-0.68,0.15
A_M_2.1999999999999997_1.0_355,20.99,2.31,0.73,-0.33,-0.5,-0.68,0.15
A_M_2.1999999999999997_1.0_356,25.29,2.31,0.73,-0.33,-0.5,-0.68,0.15
A_M_2.1999999999999997_1.0_357,24.58,2.31,0.73,-0.33,-0.5,-0.68,0.15
A_M_2.1999999999999997_1.0_358,23.5,2.31,0.73,-0.33,-0.5,-0.68,0.15
A_M_2.1999999999999997_1.0_359,23.84,2.31,0.73,-0.33,-0.5,-0.68,0.15
A_M_2.1999999999999997_1.0_360,25.47,2.31,0.73,-0.33,-0.5,-0.68,0.15
A_M_2.1999999999999997_1.0_361,25.35,2.31,0.73,-0.33,-0.5,-0.68,0.15
A_M_2.1999999999999997_1.0_362,24.77,2.31,0.73,-0.33,-0.5,-0.68,0.15
A_M_2.1999999999999997_1.0_363,24.46,2.31,0.73,-0.33,-0.5,-0.68,0.15
A_M_2.1999999999999997_1.0_364,25.07,2.31,0.73,-0.33,-0.5,-0.68,0.15
A_M_2.1999999999999997_1.0_365,24.83,2.31,0.73,-0.33,-0.5,-0.68,0.15
A_M_2.1999999999999997_1.0_366,25.36,2.31,0.73,-0.33,-0.5,-0.68,0.15
A_M_2.1999999999999997_1.0_367,25.57,2.31,0.73,-0.33,-0.5,-0.68,0.15
A_M_2.1999999999999997_1.0_368,25.6,2.31,0.73,-0.33,-0.5,-0.68,0.15
A_M_2.1999999999999997_1.0_369,23.73,2.31,0.73,-0.33,-0.5,-0.68,0.15
A_M_2.1999999999999997_1.0_370,25.54,2.31,0.73,-0.33,-0.5,-0.68,0.15
A_M_2.1999999999999997_1.0_371,25.12,2.31,0.73,-0.33,-0.5,-0.68,0.15
A_M_2.1999999999999997_1.0_372,25.29,2.31,0.73,-0.33,-0.5,-0.68,0.15
A_M_2.1999999999999997_1.0_373,24.1,2.31,0.73,-0.33,-0.5,-0.68,0.15
A_M_2.1999999999999997_1.0_374,18.32,2.31,0.73,-0.33,-0.5,-0.68,0.15
A_M_2.1999999999999997_1.0_375,25.02,2.31,0.73,-0.33,-0.5,-0.68,0.15
A_M_2.1999999999999997_1.0_376,25.16,2.31,0.73,-0.33,-0.5,-0.68,0.15
A_M_2.1999999999999997_1.0_377,24.37,2.31,0.73,-0.33,-0.5,-0.68,0.15
A_M_2.1999999999999997_1.0_378,23.57,2.31,0.73,-0.33,-0.5,-0.68,0.15
A_M_2.1999999999999997_1.0_379,24.71,2.31,0.73,-0.33,-0.5,-0.68,0.15
A_M_2.1999999999999997_1.0_380,25.28,2.31,0.73,-0.33,-0.5,-0.68,0.15
A_M_2.1999999999999997_1.0_381,23.3,2.31,0.73,-0.33,-0.5,-0.68,0.15
A_M_2.1999999999999997_1.0_382,24.62,2.31,0.73,-0.33,-0.5,-0.68,0.15
A_M_2.1999999999999997_1.0_383,25.5,2.31,0.73,-0.33,-0.5,-0.68,0.15
A_M_2.1999999999999997_1.0_384,25.28,2.31,0.73,-0.33,-0.5,-0.68,0.15
A_M_2.1999999999999997_1.0_385,25.52,2.31,0.73,-0.33,-0.5,-0.68,0.15
A_M_2.1999999999999997_1.0_386,25.28,2.31,0.73,-0.33,-0.5,-0.68,0.15
A_M_2.1999999999999997_1.0_387,25.33,2.31,0.73,-0.33,-0.5,-0.68,0.15
A_M_2.1999999999999997_1.0_388,23.73,2.31,0.73,-0.33,-0.5,-0.68,0.15
A_M_2.1999999999999997_1.0_389,22.14,2.31,0.73,-0.33,-0.5,-0.68,0.15
A_M_2.1999999999999997_1.0_390,24.64,2.31,0.73,-0.33,-0.5,-0.68,0.15
A_M_2.1999999999999997_1.0_391,24.2,2.31,0.73,-0.33,-0.5,-0.68,0.15
A_M_2.1999999999999997_1.0_392,24.85,2.31,0.73,-0.33,-0.5,-0.68,0.15
A_M_2.1999999999999997_1.0_393,25.52,2.31,0.73,-0.33,-0.5,-0.68,0.15
A_M_2.1999999999999997_1.0_394,24.86,2.31,0.73,-0.33,-0.5,-0.68,0.15
A_M_2.1999999999999997_1.0_395,24.37,2.31,0.73,-0.33,-0.5,-0.68,0.15
A_M_2.1999999999999997_1.0_396,25.24,2.31,0.73,-0.33,-0.5,-0.68,0.15
A_M_2.1999999999999997_1.0_397,23.03,2.31,0.73,-0.33,-0.5,-0.68,0.15
A_M_2.1999999999999997_1.0_398,23.53,2.31,0.73,-0.33,-0.5,-0.68,0.15
A_M_2.1999999999999997_1.0_399,25.12,2.31,0.73,-0.33,-0.5,-0.68,0.15
A_M_2.1999999999999997_1.0_400,25.05,2.31,0.73,-0.33,-0.5,-0.68,0.15
A_M_2.1999999999999997_1.0_401,23.45,2.31,0.73,-0.33,-0.5,-0.68,0.15
A_M_2.1999999999999997_1.0_402,24.14,2.31,0.73,-0.33,-0.5,-0.68,0.15
A_M_2.1999999999999997_1.0_403,25.16,2.31,0.73,-0.33,-0.5,-0.68,0.15
A_M_2.1999999999999997_1.0_404,24.14,2.31,0.73,-0.33,-0.5,-0.68,0.15
A_M_2.1999999999999997_1.0_405,23.34,2.31,0.73,-0.33,-0.5,-0.68,0.15
A_M_2.1999999999999997_1.0_406,25.17,2.31,0.73,-0.33,-0.5,-0.68,0.15
A_M_2.1999999999999997_1.0_407,24.71,2.31,0.73,-0.33,-0.5,-0.68,0.15
A_M_2.1999999999999997_1.0_408,23.47,2.31,0.73,-0.33,-0.5,-0.68,0.15
A_M_2.1999999999999997_1.0_409,23.74,2.31,0.73,-0.33,-0.5,-0.68,0.15
A_M_2.1999999999999997_1.0_410,25.29,2.31,0.73,-0.33,-0.5,-0.68,0.15
A_M_2.1999999999999997_1.0_411,25.52,2.31,0.73,-0.33,-0.5,-0.68,0.15
A_M_2.1999999999999997_1.0_412,23.79,2.31,0.73,-0.33,-0.5,-0.68,0.15
A_M_2.1999999999999997_1.0_413,25.44,2.31,0.73,-0.33,-0.5,-0.68,0.15
A_M_2.1999999999999997_1.0_414,23.89,2.31,0.73,-0.33,-0.5,-0.68,0.15
A_M_2.1999999999999997_1.0_415,25.46,2.31,0.73,-0.33,-0.5,-0.68,0.15
A_M_2.1999999999999997_1.0_416,23.88,2.31,0.73,-0.33,-0.5,-0.68,0.15
A_M_2.1999999999999997_1.0_417,25.35,2.31,0.73,-0.33,-0.5,-0.68,0.15
A_M_2.1999999999999997_1.0_418,23.71,2.31,0.73,-0.33,-0.5,-0.68,0.15
A_M_2.1999999999999997_1.0_419,24.84,2.31,0.73,-0.33,-0.5,-0.68,0.15
A_M_2.1999999999999997_1.0_420,23.48,2.31,0.73,-0.33,-0.5,-0.68,0.15
A_M_2.1999999999999997_1.0_421,23.39,2.31,0.73,-0.33,-0.5,-0.68,0.15
A_M_2.1999999999999997_1.0_422,25.55,2.31,0.73,-0.33,-0.5,-0.68,0.15
A_M_2.1999999999999997_1.0_423,25.46,2.31,0.73,-0.33,-0.5,-0.68,0.15
A_M_2.1999999999999997_1.0_424,21.75,2.31,0.73,-0.33,-0.5,-0.68,0.15
A_M_2.1999999999999997_1.0_425,25.2,2.31,0.73,-0.33,-0.5,-0.68,0.15
A_M_2.1999999999999997_1.0_426,18.03,2.31,0.73,-0.33,-0.5,-0.68,0.15
A_M_2.1999999999999997_1.0_427,25.61,2.31,0.73,-0.33,-0.5,-0.68,0.15
A_M_2.1999999999999997_1.0_428,24.94,2.31,0.73,-0.33,-0.5,-0.68,0.15
A_M_2.1999999999999997_1.0_429,25.04,2.31,0.73,-0.33,-0.5,-0.68,0.15
A_M_2.1999999999999997_1.0_430,23.95,2.31,0.73,-0.33,-0.5,-0.68,0.15
A_M_2.1999999999999997_1.0_431,25.01,2.31,0.73,-0.33,-0.5,-0.68,0.15
A_M_2.1999999999999997_1.0_432,23.96,2.31,0.73,-0.33,-0.5,-0.68,0.15
A_M_2.1999999999999997_1.0_433,25.14,2.31,0.73,-0.33,-0.5,-0.68,0.15
A_M_2.1999999999999997_1.0_434,25.43,2.31,0.73,-0.33,-0.5,-0.68,0.15
A_M_2.1999999999999997_1.0_435,24.06,2.31,0.73,-0.33,-0.5,-0.68,0.15
A_M_2.1999999999999997_1.0_436,24.83,2.31,0.73,-0.33,-0.5,-0.68,0.15
A_M_2.1999999999999997_1.0_437,23.92,2.31,0.73,-0.33,-0.5,-0.68,0.15
A_M_2.1999999999999997_1.0_438,25.26,2.31,0.73,-0.33,-0.5,-0.68,0.15
A_M_2.1999999999999997_1.0_439,25.56,2.31,0.73,-0.33,-0.5,-0.68,0.15
A_M_2.1999999999999997_1.0_440,24.79,2.31,0.73,-0.33,-0.5,-0.68,0.15
A_M_2.1999999999999997_1.0_441,25.24,2.31,0.73,-0.33,-0.5,-0.68,0.15
A_M_2.1999999999999997_1.0_442,23.26,2.31,0.73,-0.33,-0.5,-0.68,0.15
A_M_2.1999999999999997_1.0_443,24.54,2.31,0.73,-0.33,-0.5,-0.68,0.15
A_M_2.1999999999999997_1.0_444,23.1,2.31,0.73,-0.33,-0.5,-0.68,0.15
A_M_2.1999999999999997_1.0_445,25.25,2.31,0.73,-0.33,-0.5,-0.68,0.15
A_M_2.1999999999999997_1.0_446,24.6,2.31,0.73,-0.33,-0.5,-0.68,0.15
A_M_2.1999999999999997_1.0_447,24.34,2.31,0.73,-0.33,-0.5,-0.68,0.15
A_M_2.1999999999999997_1.0_448,25.45,2.31,0.73,-0.33,-0.5,-0.68,0.15
A_M_2.1999999999999997_1.0_449,24.35,2.31,0.73,-0.33,-0.5,-0.68,0.15
A_M_2.1999999999999997_1.0_450,24.71,2.31,0.73,-0.33,-0.5,-0.68,0.15
A_M_2.1999999999999997_1.0_451,24.03,2.31,0.73,-0.33,-0.5,-0.68,0.15
A_M_2.1999999999999997_1.0_452,24.94,2.31,0.73,-0.33,-0.5,-0.68,0.15
A_M_2.1999999999999997_1.0_453,24.37,2.31,0.73,-0.33,-0.5,-0.68,0.15
A_M_2.1999999999999997_1.0_454,25.49,2.31,0.73,-0.33,-0.5,-0.68,0.15
A_M_2.1999999999999997_1.0_455,22.95,2.31,0.73,-0.33,-0.5,-0.68,0.15
A_M_2.1999999999999997_1.0_456,25.12,2.31,0.73,-0.33,-0.5,-0.68,0.15
A_M_2.1999999999999997_1.0_457,24.57,2.31,0.73,-0.33,-0.5,-0.68,0.15
A_M_2.1999999999999997_1.0_458,25.26,2.31,0.73,-0.33,-0.5,-0.68,0.15
A_M_2.1999999999999997_1.0_459,25.31,2.31,0.73,-0.33,-0.5,-0.68,0.15
A_M_2.1999999999999997_1.0_460,23.02,2.31,0.73,-0.33,-0.5,-0.68,0.15
A_M_2.1999999999999997_1.0_461,25.1,2.31,0.73,-0.33,-0.5,-0.68,0.15
A_M_2.1999999999999997_1.0_462,25.3,2.31,0.73,-0.33,-0.5,-0.68,0.15
A_M_2.1999999999999997_1.0_463,23.39,2.31,0.73,-0.33,-0.5,-0.68,0.15
A_M_2.1999999999999997_1.0_464,19.52,2.31,0.73,-0.33,-0.5,-0.68,0.15
A_M_2.1999999999999997_1.0_465,23.98,2.31,0.73,-0.33,-0.5,-0.68,0.15
A_M_2.1999999999999997_1.0_466,25.47,2.31,0.73,-0.33,-0.5,-0.68,0.15
A_M_2.1999999999999997_1.0_467,23.67,2.31,0.73,-0.33,-0.5,-0.68,0.15
A_M_2.1999999999999997_1.0_468,24.57,2.31,0.73,-0.33,-0.5,-0.68,0.15
A_M_2.1999999999999997_1.0_469,23.78,2.31,0.73,-0.33,-0.5,-0.68,0.15
A_M_2.1999999999999997_1.0_470,24.56,2.31,0.73,-0.33,-0.5,-0.68,0.15
A_M_2.1999999999999997_1.0_471,25.45,2.31,0.73,-0.33,-0.5,-0.68,0.15
A_M_2.1999999999999997_1.0_472,25.44,2.31,0.73,-0.33,-0.5,-0.68,0.15
A_M_2.1999999999999997_1.0_473,25.53,2.31,0.73,-0.33,-0.5,-0.68,0.15
A_M_2.1999999999999997_1.0_474,21.93,2.31,0.73,-0.33,-0.5,-0.68,0.15
A_M_2.1999999999999997_1.0_475,25.26,2.31,0.73,-0.33,-0.5,-0.68,0.15
A_M_2.1999999999999997_1.0_476,25.28,2.31,0.73,-0.33,-0.5,-0.68,0.15
A_M_2.1999999999999997_1.0_477,23.23,2.31,0.73,-0.33,-0.5,-0.68,0.15
A_M_2.1999999999999997_1.0_478,25.56,2.31,0.73,-0.33,-0.5,-0.68,0.15
A_M_2.1999999999999997_1.0_479,25.45,2.31,0.73,-0.33,-0.5,-0.68,0.15
A_M_2.1999999999999997_1.0_480,24.84,2.31,0.73,-0.33,-0.5,-0.68,0.15
A_M_2.1999999999999997_1.0_481,25.43,2.31,0.73,-0.33,-0.5,-0.68,0.15
A_M_2.1999999999999997_1.0_482,24.46,2.31,0.73,-0.33,-0.5,-0.68,0.15
A_M_2.1999999999999997_1.0_483,25.46,2.31,0.73,-0.33,-0.5,-0.68,0.15
A_M_2.1999999999999997_1.0_484,25.17,2.31,0.73,-0.33,-0.5,-0.68,0.15
A_M_2.1999999999999997_1.0_485,24.41,2.31,0.73,-0.33,-0.5,-0.68,0.15
A_M_2.1999999999999997_1.0_486,22.17,2.31,0.73,-0.33,-0.5,-0.68,0.15
A_M_2.1999999999999997_1.0_487,25.24,2.31,0.73,-0.33,-0.5,-0.68,0.15
A_M_2.1999999999999997_1.0_488,24.21,2.31,0.73,-0.33,-0.5,-0.68,0.15
A_M_2.1999999999999997_1.0_489,25.26,2.31,0.73,-0.33,-0.5,-0.68,0.15
A_M_2.1999999999999997_1.0_490,25.55,2.31,0.73,-0.33,-0.5,-0.68,0.15
A_M_2.1999999999999997_1.0_491,24.52,2.31,0.73,-0.33,-0.5,-0.68,0.15
A_M_2.1999999999999997_1.0_492,25.04,2.31,0.73,-0.33,-0.5,-0.68,0.15
A_M_2.1999999999999997_1.0_493,24.94,2.31,0.73,-0.33,-0.5,-0.68,0.15
A_M_2.1999999999999997_1.0_494,25.56,2.31,0.73,-0.33,-0.5,-0.68,0.15
A_M_2.1999999999999997_1.0_495,24.52,2.31,0.73,-0.33,-0.5,-0.68,0.15
A_M_2.1999999999999997_1.0_496,23.02,2.31,0.73,-0.33,-0.5,-0.68,0.15
A_M_2.1999999999999997_1.0_497,24.79,2.31,0.73,-0.33,-0.5,-0.68,0.15
A_M_2.1999999999999997_1.0_498,24.88,2.31,0.73,-0.33,-0.5,-0.68,0.15
A_M_2.1999999999999997_1.0_499,22.19,2.31,0.73,-0.33,-0.5,-0.68,0.15
A_M_2.1999999999999997_1.0_500,24.58,2.31,0.73,-0.33,-0.5,-0.68,0.15
A_M_2.1999999999999997_1.0_501,23.95,2.31,0.73,-0.33,-0.5,-0.68,0.15
A_M_2.1999999999999997_1.0_502,22.42,2.31,0.73,-0.33,-0.5,-0.68,0.15
A_M_2.1999999999999997_1.0_503,25.54,2.31,0.73,-0.33,-0.5,-0.68,0.15
A_M_2.1999999999999997_1.0_504,25.43,2.31,0.73,-0.33,-0.5,-0.68,0.15
A_M_2.1999999999999997_1.0_505,23.63,2.31,0.73,-0.33,-0.5,-0.68,0.15
A_M_2.1999999999999997_1.0_506,25.3,2.31,0.73,-0.33,-0.5,-0.68,0.15
A_M_2.1999999999999997_1.0_507,20.59,2.31,0.73,-0.33,-0.5,-0.68,0.15
A_M_2.1999999999999997_1.0_508,25.56,2.31,0.73,-0.33,-0.5,-0.68,0.15
A_M_2.1999999999999997_1.0_509,24.65,2.31,0.73,-0.33,-0.5,-0.68,0.15
A_M_2.1999999999999997_1.0_510,24.56,2.31,0.73,-0.33,-0.5,-0.68,0.15
A_M_2.1999999999999997_1.0_511,25.09,2.31,0.73,-0.33,-0.5,-0.68,0.15
A_M_2.1999999999999997_1.0_512,25.41,2.31,0.73,-0.33,-0.5,-0.68,0.15
A_M_2.1999999999999997_1.0_513,23.59,2.31,0.73,-0.33,-0.5,-0.68,0.15
A_M_2.1999999999999997_1.0_514,24.43,2.31,0.73,-0.33,-0.5,-0.68,0.15
A_M_2.1999999999999997_1.0_515,22.58,2.31,0.73,-0.33,-0.5,-0.68,0.15
A_M_2.1999999999999997_1.0_516,23.4,2.31,0.73,-0.33,-0.5,-0.68,0.15
A_M_2.1999999999999997_1.0_517,24.86,2.31,0.73,-0.33,-0.5,-0.68,0.15
A_M_2.1999999999999997_1.0_518,24.23,2.31,0.73,-0.33,-0.5,-0.68,0.15
A_M_2.1999999999999997_1.0_519,23.18,2.31,0.73,-0.33,-0.5,-0.68,0.15
A_M_2.1999999999999997_1.0_520,25.14,2.31,0.73,-0.33,-0.5,-0.68,0.15
A_M_2.1999999999999997_1.0_521,24.56,2.31,0.73,-0.33,-0.5,-0.68,0.15
A_M_2.1999999999999997_1.0_522,24.88,2.31,0.73,-0.33,-0.5,-0.68,0.15
A_M_2.1999999999999997_1.0_523,25.36,2.31,0.73,-0.33,-0.5,-0.68,0.15
A_M_2.1999999999999997_1.0_524,25.47,2.31,0.73,-0.33,-0.5,-0.68,0.15
A_M_2.1999999999999997_1.0_525,25.09,2.31,0.73,-0.33,-0.5,-0.68,0.15
A_M_2.1999999999999997_1.0_526,24.72,2.31,0.73,-0.33,-0.5,-0.68,0.15
A_M_2.1999999999999997_1.0_527,24.08,2.31,0.73,-0.33,-0.5,-0.68,0.15
A_M_2.1999999999999997_1.0_528,25.11,2.31,0.73,-0.33,-0.5,-0.68,0.15
A_M_2.1999999999999997_1.0_529,23.89,2.31,0.73,-0.33,-0.5,-0.68,0.15
A_M_2.1999999999999997_1.0_530,25.3,2.31,0.73,-0.33,-0.5,-0.68,0.15
A_M_2.1999999999999997_1.0_531,25.28,2.31,0.73,-0.33,-0.5,-0.68,0.15
A_M_2.1999999999999997_1.0_532,23.64,2.31,0.73,-0.33,-0.5,-0.68,0.15
A_M_2.1999999999999997_1.0_533,24.14,2.31,0.73,-0.33,-0.5,-0.68,0.15
A_M_2.1999999999999997_1.0_534,25.57,2.31,0.73,-0.33,-0.5,-0.68,0.15
A_M_2.1999999999999997_1.0_535,23.83,2.31,0.73,-0.33,-0.5,-0.68,0.15
A_M_2.1999999999999997_1.0_536,24.43,2.31,0.73,-0.33,-0.5,-0.68,0.15
A_M_2.1999999999999997_1.0_537,25.03,2.31,0.73,-0.33,-0.5,-0.68,0.15
A_M_2.1999999999999997_1.0_538,25.57,2.31,0.73,-0.33,-0.5,-0.68,0.15
A_M_2.1999999999999997_1.0_539,24.71,2.31,0.73,-0.33,-0.5,-0.68,0.15
A_M_2.1999999999999997_1.0_540,24.21,2.31,0.73,-0.33,-0.5,-0.68,0.15
A_M_2.1999999999999997_1.0_541,25.6,2.31,0.73,-0.33,-0.5,-0.68,0.15
A_M_2.1999999999999997_1.0_542,22.94,2.31,0.73,-0.33,-0.5,-0.68,0.15
A_M_2.1999999999999997_1.0_543,25.02,2.31,0.73,-0.33,-0.5,-0.68,0.15
A_M_2.1999999999999997_1.0_544,25.46,2.31,0.73,-0.33,-0.5,-0.68,0.15
A_M_2.1999999999999997_1.0_545,25.0,2.31,0.73,-0.33,-0.5,-0.68,0.15
A_M_2.1999999999999997_1.0_546,24.19,2.31,0.73,-0.33,-0.5,-0.68,0.15
A_M_2.1999999999999997_1.0_547,25.48,2.31,0.73,-0.33,-0.5,-0.68,0.15
A_M_2.1999999999999997_1.0_548,23.27,2.31,0.73,-0.33,-0.5,-0.68,0.15
A_M_2.1999999999999997_1.0_549,24.62,2.31,0.73,-0.33,-0.5,-0.68,0.15
A_M_2.1999999999999997_1.0_550,24.05,2.31,0.73,-0.33,-0.5,-0.68,0.15
A_M_2.1999999999999997_1.0_551,24.96,2.31,0.73,-0.33,-0.5,-0.68,0.15
A_M_2.1999999999999997_1.0_552,23.64,2.31,0.73,-0.33,-0.5,-0.68,0.15
A_M_2.1999999999999997_1.0_553,24.05,2.31,0.73,-0.33,-0.5,-0.68,0.15
A_M_2.1999999999999997_1.0_554,25.3,2.31,0.73,-0.33,-0.5,-0.68,0.15
A_M_2.1999999999999997_1.0_555,24.48,2.31,0.73,-0.33,-0.5,-0.68,0.15
A_M_2.1999999999999997_1.0_556,21.61,2.31,0.73,-0.33,-0.5,-0.68,0.15
A_M_2.1999999999999997_1.0_557,23.6,2.31,0.73,-0.33,-0.5,-0.68,0.15
A_M_2.1999999999999997_1.0_558,25.49,2.31,0.73,-0.33,-0.5,-0.68,0.15
A_M_2.1999999999999997_1.0_559,24.81,2.31,0.73,-0.33,-0.5,-0.68,0.15
A_M_2.1999999999999997_1.0_560,22.35,2.31,0.73,-0.33,-0.5,-0.68,0.15
A_M_2.1999999999999997_1.0_561,25.21,2.31,0.73,-0.33,-0.5,-0.68,0.15
A_M_2.1999999999999997_1.0_562,25.12,2.31,0.73,-0.33,-0.5,-0.68,0.15
A_M_2.1999999999999997_1.0_563,22.88,2.31,0.73,-0.33,-0.5,-0.68,0.15
A_M_2.1999999999999997_1.0_564,24.94,2.31,0.73,-0.33,-0.5,-0.68,0.15
A_M_2.1999999999999997_1.0_565,24.97,2.31,0.73,-0.33,-0.5,-0.68,0.15
A_M_2.1999999999999997_1.0_566,25.51,2.31,0.73,-0.33,-0.5,-0.68,0.15
A_M_2.1999999999999997_1.0_567,25.47,2.31,0.73,-0.33,-0.5,-0.68,0.15
A_M_2.1999999999999997_1.0_568,24.75,2.31,0.73,-0.33,-0.5,-0.68,0.15
A_M_2.1999999999999997_1.0_569,24.29,2.31,0.73,-0.33,-0.5,-0.68,0.15
A_M_2.1999999999999997_1.0_570,24.84,2.31,0.73,-0.33,-0.5,-0.68,0.15
A_M_2.1999999999999997_1.0_571,22.41,2.31,0.73,-0.33,-0.5,-0.68,0.15
A_M_2.1999999999999997_1.0_572,22.11,2.31,0.73,-0.33,-0.5,-0.68,0.15
A_M_2.1999999999999997_1.0_573,25.38,2.31,0.73,-0.33,-0.5,-0.68,0.15
A_M_2.1999999999999997_1.0_574,24.11,2.31,0.73,-0.33,-0.5,-0.68,0.15
A_M_2.1999999999999997_1.0_575,24.8,2.31,0.73,-0.33,-0.5,-0.68,0.15
A_M_2.1999999999999997_1.0_576,25.61,2.31,0.73,-0.33,-0.5,-0.68,0.15
A_M_2.1999999999999997_1.0_577,24.14,2.31,0.73,-0.33,-0.5,-0.68,0.15
A_M_2.1999999999999997_1.0_578,25.53,2.31,0.73,-0.33,-0.5,-0.68,0.15
A_M_2.1999999999999997_1.0_579,21.33,2.31,0.73,-0.33,-0.5,-0.68,0.15
A_M_2.1999999999999997_1.0_580,25.07,2.31,0.73,-0.33,-0.5,-0.68,0.15
A_M_2.1999999999999997_1.0_581,25.19,2.31,0.73,-0.33,-0.5,-0.68,0.15
A_M_2.1999999999999997_1.0_582,24.24,2.31,0.73,-0.33,-0.5,-0.68,0.15
A_M_2.1999999999999997_1.0_583,25.49,2.31,0.73,-0.33,-0.5,-0.68,0.15
A_M_2.1999999999999997_1.0_584,24.07,2.31,0.73,-0.33,-0.5,-0.68,0.15
A_M_2.1999999999999997_1.0_585,25.43,2.31,0.73,-0.33,-0.5,-0.68,0.15
A_M_2.1999999999999997_1.0_586,25.52,2.31,0.73,-0.33,-0.5,-0.68,0.15
A_M_2.1999999999999997_1.0_587,24.27,2.31,0.73,-0.33,-0.5,-0.68,0.15
A_M_2.1999999999999997_1.0_588,23.86,2.31,0.73,-0.33,-0.5,-0.68,0.15
A_M_2.1999999999999997_1.0_589,17.38,2.31,0.73,-0.33,-0.5,-0.68,0.15
A_M_2.1999999999999997_1.0_590,23.85,2.31,0.73,-0.33,-0.5,-0.68,0.15
A_M_2.1999999999999997_1.0_591,23.13,2.31,0.73,-0.33,-0.5,-0.68,0.15
A_M_2.1999999999999997_1.0_592,24.81,2.31,0.73,-0.33,-0.5,-0.68,0.15
A_M_2.1999999999999997_1.0_593,23.0,2.31,0.73,-0.33,-0.5,-0.68,0.15
A_M_2.1999999999999997_1.0_594,22.14,2.31,0.73,-0.33,-0.5,-0.68,0.15
A_M_2.1999999999999997_1.0_595,25.03,2.31,0.73,-0.33,-0.5,-0.68,0.15
A_M_2.1999999999999997_1.0_596,24.08,2.31,0.73,-0.33,-0.5,-0.68,0.15
A_M_2.1999999999999997_1.0_597,24.78,2.31,0.73,-0.33,-0.5,-0.68,0.15
A_M_2.1999999999999997_1.0_598,24.99,2.31,0.73,-0.33,-0.5,-0.68,0.15
A_M_2.1999999999999997_1.0_599,25.49,2.31,0.73,-0.33,-0.5,-0.68,0.15
A_M_2.1999999999999997_1.0_600,25.18,2.31,0.73,-0.33,-0.5,-0.68,0.15
A_M_2.1999999999999997_1.0_601,25.02,2.31,0.73,-0.33,-0.5,-0.68,0.15
A_M_2.1999999999999997_1.0_602,25.0,2.31,0.73,-0.33,-0.5,-0.68,0.15
A_M_2.1999999999999997_1.0_603,23.62,2.31,0.73,-0.33,-0.5,-0.68,0.15
A_M_2.1999999999999997_1.0_604,25.32,2.31,0.73,-0.33,-0.5,-0.68,0.15
A_M_2.1999999999999997_1.0_605,24.43,2.31,0.73,-0.33,-0.5,-0.68,0.15
A_M_2.1999999999999997_1.0_606,24.06,2.31,0.73,-0.33,-0.5,-0.68,0.15
A_M_2.1999999999999997_1.0_607,23.06,2.31,0.73,-0.33,-0.5,-0.68,0.15
A_M_2.1999999999999997_1.0_608,23.95,2.31,0.73,-0.33,-0.5,-0.68,0.15
A_M_2.1999999999999997_1.0_609,25.28,2.31,0.73,-0.33,-0.5,-0.68,0.15
A_M_2.1999999999999997_1.0_610,25.23,2.31,0.73,-0.33,-0.5,-0.68,0.15
A_M_2.1999999999999997_1.0_611,23.75,2.31,0.73,-0.33,-0.5,-0.68,0.15
A_M_2.1999999999999997_1.0_612,25.44,2.31,0.73,-0.33,-0.5,-0.68,0.15
A_M_2.1999999999999997_1.0_613,24.76,2.31,0.73,-0.33,-0.5,-0.68,0.15
A_M_2.1999999999999997_1.0_614,25.2,2.31,0.73,-0.33,-0.5,-0.68,0.15
A_M_2.1999999999999997_1.0_615,25.52,2.31,0.73,-0.33,-0.5,-0.68,0.15
A_M_2.1999999999999997_1.0_616,25.12,2.31,0.73,-0.33,-0.5,-0.68,0.15
A_M_2.1999999999999997_1.0_617,24.6,2.31,0.73,-0.33,-0.5,-0.68,0.15
A_M_2.1999999999999997_1.0_618,24.98,2.31,0.73,-0.33,-0.5,-0.68,0.15
A_M_2.1999999999999997_1.0_619,25.39,2.31,0.73,-0.33,-0.5,-0.68,0.15
A_M_2.1999999999999997_1.0_620,21.15,2.31,0.73,-0.33,-0.5,-0.68,0.15
A_M_2.1999999999999997_1.0_621,24.56,2.31,0.73,-0.33,-0.5,-0.68,0.15
A_M_2.1999999999999997_1.0_622,24.94,2.31,0.73,-0.33,-0.5,-0.68,0.15
A_M_2.1999999999999997_1.0_623,23.16,2.31,0.73,-0.33,-0.5,-0.68,0.15
A_M_2.1999999999999997_1.0_624,25.48,2.31,0.73,-0.33,-0.5,-0.68,0.15
A_M_2.1999999999999997_1.0_625,24.03,2.31,0.73,-0.33,-0.5,-0.68,0.15
A_M_2.1999999999999997_1.0_626,24.41,2.31,0.73,-0.33,-0.5,-0.68,0.15
A_M_2.1999999999999997_1.0_627,25.36,2.31,0.73,-0.33,-0.5,-0.68,0.15
A_M_2.1999999999999997_1.0_628,25.58,2.31,0.73,-0.33,-0.5,-0.68,0.15
A_M_2.1999999999999997_1.0_629,25.33,2.31,0.73,-0.33,-0.5,-0.68,0.15
A_M_2.1999999999999997_1.0_630,24.79,2.31,0.73,-0.33,-0.5,-0.68,0.15
A_M_2.1999999999999997_1.0_631,20.04,2.31,0.73,-0.33,-0.5,-0.68,0.15
A_M_2.1999999999999997_1.0_632,25.59,2.31,0.73,-0.33,-0.5,-0.68,0.15
A_M_2.1999999999999997_1.0_633,24.38,2.31,0.73,-0.33,-0.5,-0.68,0.15
A_M_2.1999999999999997_1.0_634,24.16,2.31,0.73,-0.33,-0.5,-0.68,0.15
A_M_2.1999999999999997_1.0_635,25.22,2.31,0.73,-0.33,-0.5,-0.68,0.15
A_M_2.1999999999999997_1.0_636,24.59,2.31,0.73,-0.33,-0.5,-0.68,0.15
A_M_2.1999999999999997_1.0_637,24.19,2.31,0.73,-0.33,-0.5,-0.68,0.15
A_M_2.1999999999999997_1.0_638,24.95,2.31,0.73,-0.33,-0.5,-0.68,0.15
A_M_2.1999999999999997_1.0_639,21.34,2.31,0.73,-0.33,-0.5,-0.68,0.15
A_M_2.1999999999999997_1.0_640,24.03,2.31,0.73,-0.33,-0.5,-0.68,0.15
A_M_2.1999999999999997_1.0_641,23.36,2.31,0.73,-0.33,-0.5,-0.68,0.15
A_M_2.1999999999999997_1.0_642,25.47,2.31,0.73,-0.33,-0.5,-0.68,0.15
A_M_2.1999999999999997_1.0_643,24.77,2.31,0.73,-0.33,-0.5,-0.68,0.15
A_M_2.1999999999999997_1.0_644,24.77,2.31,0.73,-0.33,-0.5,-0.68,0.15
A_M_2.1999999999999997_1.0_645,24.55,2.31,0.73,-0.33,-0.5,-0.68,0.15
A_M_2.1999999999999997_1.0_646,23.17,2.31,0.73,-0.33,-0.5,-0.68,0.15
A_M_2.1999999999999997_1.0_647,24.9,2.31,0.73,-0.33,-0.5,-0.68,0.15
A_M_2.1999999999999997_1.0_648,20.26,2.31,0.73,-0.33,-0.5,-0.68,0.15
A_M_2.1999999999999997_1.0_649,25.25,2.31,0.73,-0.33,-0.5,-0.68,0.15
A_M_2.1999999999999997_1.0_650,25.11,2.31,0.73,-0.33,-0.5,-0.68,0.15
A_M_2.1999999999999997_1.0_651,17.95,2.31,0.73,-0.33,-0.5,-0.68,0.15
A_M_2.1999999999999997_1.0_652,24.59,2.31,0.73,-0.33,-0.5,-0.68,0.15
A_M_2.1999999999999997_1.0_653,24.98,2.31,0.73,-0.33,-0.5,-0.68,0.15
A_M_2.1999999999999997_1.0_654,25.18,2.31,0.73,-0.33,-0.5,-0.68,0.15
A_M_2.1999999999999997_1.0_655,21.29,2.31,0.73,-0.33,-0.5,-0.68,0.15
A_M_2.1999999999999997_1.0_656,25.58,2.31,0.73,-0.33,-0.5,-0.68,0.15
A_M_2.1999999999999997_1.0_657,21.59,2.31,0.73,-0.33,-0.5,-0.68,0.15
A_M_2.1999999999999997_1.0_658,25.55,2.31,0.73,-0.33,-0.5,-0.68,0.15
A_M_2.1999999999999997_1.0_659,23.48,2.31,0.73,-0.33,-0.5,-0.68,0.15
A_M_2.1999999999999997_1.0_660,25.49,2.31,0.73,-0.33,-0.5,-0.68,0.15
A_M_2.1999999999999997_1.0_661,24.43,2.31,0.73,-0.33,-0.5,-0.68,0.15
A_M_2.1999999999999997_1.0_662,25.59,2.31,0.73,-0.33,-0.5,-0.68,0.15
A_M_2.1999999999999997_1.0_663,23.15,2.31,0.73,-0.33,-0.5,-0.68,0.15
A_M_2.1999999999999997_1.0_664,25.35,2.31,0.73,-0.33,-0.5,-0.68,0.15
A_M_2.1999999999999997_1.0_665,25.49,2.31,0.73,-0.33,-0.5,-0.68,0.15
A_M_2.1999999999999997_1.0_666,25.37,2.31,0.73,-0.33,-0.5,-0.68,0.15
A_M_2.1999999999999997_1.0_667,24.64,2.31,0.73,-0.33,-0.5,-0.68,0.15
A_M_2.1999999999999997_1.0_668,24.8,2.31,0.73,-0.33,-0.5,-0.68,0.15
A_M_2.1999999999999997_1.0_669,23.29,2.31,0.73,-0.33,-0.5,-0.68,0.15
A_M_2.1999999999999997_1.0_670,24.98,2.31,0.73,-0.33,-0.5,-0.68,0.15
A_M_2.1999999999999997_1.0_671,24.85,2.31,0.73,-0.33,-0.5,-0.68,0.15
A_M_2.1999999999999997_1.0_672,24.56,2.31,0.73,-0.33,-0.5,-0.68,0.15
A_M_2.1999999999999997_1.0_673,22.68,2.31,0.73,-0.33,-0.5,-0.68,0.15
A_M_2.1999999999999997_1.0_674,24.45,2.31,0.73,-0.33,-0.5,-0.68,0.15
A_M_2.1999999999999997_1.0_675,25.57,2.31,0.73,-0.33,-0.5,-0.68,0.15
A_M_2.1999999999999997_1.0_676,24.92,2.31,0.73,-0.33,-0.5,-0.68,0.15
A_M_2.1999999999999997_1.0_677,23.78,2.31,0.73,-0.33,-0.5,-0.68,0.15
A_M_2.1999999999999997_1.0_678,25.06,2.31,0.73,-0.33,-0.5,-0.68,0.15
A_M_2.1999999999999997_1.0_679,24.82,2.31,0.73,-0.33,-0.5,-0.68,0.15
A_M_2.1999999999999997_1.0_680,24.83,2.31,0.73,-0.33,-0.5,-0.68,0.15
A_M_2.1999999999999997_1.0_681,25.24,2.31,0.73,-0.33,-0.5,-0.68,0.15
A_M_2.1999999999999997_1.0_682,21.66,2.31,0.73,-0.33,-0.5,-0.68,0.15
A_M_2.1999999999999997_1.0_683,25.31,2.31,0.73,-0.33,-0.5,-0.68,0.15
A_M_2.1999999999999997_1.0_684,24.36,2.31,0.73,-0.33,-0.5,-0.68,0.15
A_M_2.1999999999999997_1.0_685,25.02,2.31,0.73,-0.33,-0.5,-0.68,0.15
A_M_2.1999999999999997_1.0_686,25.13,2.31,0.73,-0.33,-0.5,-0.68,0.15
A_M_2.1999999999999997_1.0_687,24.46,2.31,0.73,-0.33,-0.5,-0.68,0.15
A_M_2.1999999999999997_1.0_688,20.86,2.31,0.73,-0.33,-0.5,-0.68,0.15
A_M_2.1999999999999997_1.0_689,25.41,2.31,0.73,-0.33,-0.5,-0.68,0.15
A_M_2.1999999999999997_1.0_690,25.34,2.31,0.73,-0.33,-0.5,-0.68,0.15
A_M_2.1999999999999997_1.0_691,22.0,2.31,0.73,-0.33,-0.5,-0.68,0.15
A_M_2.1999999999999997_1.0_692,25.57,2.31,0.73,-0.33,-0.5,-0.68,0.15
A_M_2.1999999999999997_1.0_693,24.55,2.31,0.73,-0.33,-0.5,-0.68,0.15
A_M_2.1999999999999997_1.0_694,25.21,2.31,0.73,-0.33,-0.5,-0.68,0.15
A_M_2.1999999999999997_1.0_695,25.24,2.31,0.73,-0.33,-0.5,-0.68,0.15
A_M_2.1999999999999997_1.0_696,25.2,2.31,0.73,-0.33,-0.5,-0.68,0.15
A_M_2.1999999999999997_1.0_697,24.54,2.31,0.73,-0.33,-0.5,-0.68,0.15
A_M_2.1999999999999997_1.0_698,24.01,2.31,0.73,-0.33,-0.5,-0.68,0.15
A_M_2.1999999999999997_1.0_699,24.37,2.31,0.73,-0.33,-0.5,-0.68,0.15
A_M_2.1999999999999997_1.0_700,24.17,2.31,0.73,-0.33,-0.5,-0.68,0.15
A_M_2.1999999999999997_1.0_701,25.55,2.31,0.73,-0.33,-0.5,-0.68,0.15
A_M_2.1999999999999997_1.0_702,22.85,2.31,0.73,-0.33,-0.5,-0.68,0.15
A_M_2.1999999999999997_1.0_703,21.36,2.31,0.73,-0.33,-0.5,-0.68,0.15
A_M_2.1999999999999997_1.0_704,25.24,2.31,0.73,-0.33,-0.5,-0.68,0.15
A_M_2.1999999999999997_1.0_705,23.97,2.31,0.73,-0.33,-0.5,-0.68,0.15
A_M_2.1999999999999997_1.0_706,25.1,2.31,0.73,-0.33,-0.5,-0.68,0.15
A_M_2.1999999999999997_1.0_707,25.56,2.31,0.73,-0.33,-0.5,-0.68,0.15
A_M_2.1999999999999997_1.0_708,25.02,2.31,0.73,-0.33,-0.5,-0.68,0.15
A_M_2.1999999999999997_1.0_709,25.24,2.31,0.73,-0.33,-0.5,-0.68,0.15
A_M_2.1999999999999997_1.0_710,20.19,2.31,0.73,-0.33,-0.5,-0.68,0.15
A_M_2.1999999999999997_1.0_711,24.32,2.31,0.73,-0.33,-0.5,-0.68,0.15
A_M_2.1999999999999997_1.0_712,25.08,2.31,0.73,-0.33,-0.5,-0.68,0.15
A_M_2.1999999999999997_1.0_713,23.81,2.31,0.73,-0.33,-0.5,-0.68,0.15
A_M_2.1999999999999997_1.0_714,24.32,2.31,0.73,-0.33,-0.5,-0.68,0.15
A_M_2.1999999999999997_1.0_715,25.6,2.31,0.73,-0.33,-0.5,-0.68,0.15
A_M_2.1999999999999997_1.0_716,23.28,2.31,0.73,-0.33,-0.5,-0.68,0.15
A_M_2.1999999999999997_1.0_717,23.72,2.31,0.73,-0.33,-0.5,-0.68,0.15
A_M_2.1999999999999997_1.0_718,22.09,2.31,0.73,-0.33,-0.5,-0.68,0.15
A_M_2.1999999999999997_1.0_719,25.55,2.31,0.73,-0.33,-0.5,-0.68,0.15
A_M_2.1999999999999997_1.0_720,25.45,2.31,0.73,-0.33,-0.5,-0.68,0.15
A_M_2.1999999999999997_1.0_721,24.25,2.31,0.73,-0.33,-0.5,-0.68,0.15
A_M_2.1999999999999997_1.0_722,24.59,2.31,0.73,-0.33,-0.5,-0.68,0.15
A_M_2.1999999999999997_1.0_723,22.95,2.31,0.73,-0.33,-0.5,-0.68,0.15
A_M_2.1999999999999997_1.0_724,23.02,2.31,0.73,-0.33,-0.5,-0.68,0.15
A_M_2.1999999999999997_1.0_725,23.96,2.31,0.73,-0.33,-0.5,-0.68,0.15
A_M_2.1999999999999997_1.0_726,25.38,2.31,0.73,-0.33,-0.5,-0.68,0.15
A_M_2.1999999999999997_1.0_727,22.4,2.31,0.73,-0.33,-0.5,-0.68,0.15
A_M_2.1999999999999997_1.0_728,25.13,2.31,0.73,-0.33,-0.5,-0.68,0.15
A_M_2.1999999999999997_1.0_729,25.22,2.31,0.73,-0.33,-0.5,-0.68,0.15
A_M_2.1999999999999997_1.0_730,24.3,2.31,0.73,-0.33,-0.5,-0.68,0.15
A_M_2.1999999999999997_1.0_731,22.85,2.31,0.73,-0.33,-0.5,-0.68,0.15
A_M_2.1999999999999997_1.0_732,21.08,2.31,0.73,-0.33,-0.5,-0.68,0.15
A_M_2.1999999999999997_1.0_733,24.58,2.31,0.73,-0.33,-0.5,-0.68,0.15
A_M_2.1999999999999997_1.0_734,19.25,2.31,0.73,-0.33,-0.5,-0.68,0.15
A_M_2.1999999999999997_1.0_735,25.49,2.31,0.73,-0.33,-0.5,-0.68,0.15
A_M_2.1999999999999997_1.0_736,25.2,2.31,0.73,-0.33,-0.5,-0.68,0.15
A_M_2.1999999999999997_1.0_737,24.74,2.31,0.73,-0.33,-0.5,-0.68,0.15
A_M_2.1999999999999997_1.0_738,24.84,2.31,0.73,-0.33,-0.5,-0.68,0.15
A_M_2.1999999999999997_1.0_739,25.18,2.31,0.73,-0.33,-0.5,-0.68,0.15
A_M_2.1999999999999997_1.0_740,24.0,2.31,0.73,-0.33,-0.5,-0.68,0.15
A_M_2.1999999999999997_1.0_741,25.28,2.31,0.73,-0.33,-0.5,-0.68,0.15
A_M_2.1999999999999997_1.0_742,24.09,2.31,0.73,-0.33,-0.5,-0.68,0.15
A_M_2.1999999999999997_1.0_743,25.11,2.31,0.73,-0.33,-0.5,-0.68,0.15
A_M_2.1999999999999997_1.0_744,23.23,2.31,0.73,-0.33,-0.5,-0.68,0.15
A_M_2.1999999999999997_1.0_745,22.57,2.31,0.73,-0.33,-0.5,-0.68,0.15
A_M_2.1999999999999997_1.0_746,25.25,2.31,0.73,-0.33,-0.5,-0.68,0.15
A_M_2.1999999999999997_1.0_747,24.85,2.31,0.73,-0.33,-0.5,-0.68,0.15
A_M_2.1999999999999997_1.0_748,22.68,2.31,0.73,-0.33,-0.5,-0.68,0.15
A_M_2.1999999999999997_1.0_749,24.64,2.31,0.73,-0.33,-0.5,-0.68,0.15
A_M_2.1999999999999997_1.0_750,23.6,2.31,0.73,-0.33,-0.5,-0.68,0.15
A_M_2.1999999999999997_1.0_751,24.59,2.31,0.73,-0.33,-0.5,-0.68,0.15
A_M_2.1999999999999997_1.0_752,24.64,2.31,0.73,-0.33,-0.5,-0.68,0.15
A_M_2.1999999999999997_1.0_753,25.49,2.31,0.73,-0.33,-0.5,-0.68,0.15
A_M_2.1999999999999997_1.0_754,23.6,2.31,0.73,-0.33,-0.5,-0.68,0.15
A_M_2.1999999999999997_1.0_755,23.23,2.31,0.73,-0.33,-0.5,-0.68,0.15
A_M_2.1999999999999997_1.0_756,21.92,2.31,0.73,-0.33,-0.5,-0.68,0.15
A_M_2.1999999999999997_1.0_757,24.69,2.31,0.73,-0.33,-0.5,-0.68,0.15
A_M_2.1999999999999997_1.0_758,25.39,2.31,0.73,-0.33,-0.5,-0.68,0.15
A_M_2.1999999999999997_1.0_759,24.28,2.31,0.73,-0.33,-0.5,-0.68,0.15
A_M_2.1999999999999997_1.0_760,25.22,2.31,0.73,-0.33,-0.5,-0.68,0.15
A_M_2.1999999999999997_1.0_761,25.18,2.31,0.73,-0.33,-0.5,-0.68,0.15
A_M_2.1999999999999997_1.0_762,24.93,2.31,0.73,-0.33,-0.5,-0.68,0.15
A_M_2.1999999999999997_1.0_763,24.58,2.31,0.73,-0.33,-0.5,-0.68,0.15
A_M_2.1999999999999997_1.0_764,25.46,2.31,0.73,-0.33,-0.5,-0.68,0.15
A_M_2.1999999999999997_1.0_765,24.6,2.31,0.73,-0.33,-0.5,-0.68,0.15
A_M_2.1999999999999997_1.0_766,25.23,2.31,0.73,-0.33,-0.5,-0.68,0.15
A_M_2.1999999999999997_1.0_767,24.23,2.31,0.73,-0.33,-0.5,-0.68,0.15
A_M_2.1999999999999997_1.0_768,24.96,2.31,0.73,-0.33,-0.5,-0.68,0.15
A_M_2.1999999999999997_1.0_769,24.38,2.31,0.73,-0.33,-0.5,-0.68,0.15
A_M_2.1999999999999997_1.0_770,23.59,2.31,0.73,-0.33,-0.5,-0.68,0.15
A_M_2.1999999999999997_1.0_771,25.6,2.31,0.73,-0.33,-0.5,-0.68,0.15
A_M_2.1999999999999997_1.0_772,24.91,2.31,0.73,-0.33,-0.5,-0.68,0.15
A_M_2.1999999999999997_1.0_773,25.06,2.31,0.73,-0.33,-0.5,-0.68,0.15
A_M_2.1999999999999997_1.0_774,24.98,2.31,0.73,-0.33,-0.5,-0.68,0.15
A_M_2.1999999999999997_1.0_775,24.65,2.31,0.73,-0.33,-0.5,-0.68,0.15
A_M_2.1999999999999997_1.0_776,19.77,2.31,0.73,-0.33,-0.5,-0.68,0.15
A_M_2.1999999999999997_1.0_777,24.46,2.31,0.73,-0.33,-0.5,-0.68,0.15
A_M_2.1999999999999997_1.0_778,23.29,2.31,0.73,-0.33,-0.5,-0.68,0.15
A_M_2.1999999999999997_1.0_779,24.11,2.31,0.73,-0.33,-0.5,-0.68,0.15
A_M_2.1999999999999997_1.0_780,25.41,2.31,0.73,-0.33,-0.5,-0.68,0.15
A_M_2.1999999999999997_1.0_781,25.58,2.31,0.73,-0.33,-0.5,-0.68,0.15
A_M_2.1999999999999997_1.0_782,22.61,2.31,0.73,-0.33,-0.5,-0.68,0.15
A_M_2.1999999999999997_1.0_783,22.42,2.31,0.73,-0.33,-0.5,-0.68,0.15
A_M_2.1999999999999997_1.0_784,24.05,2.31,0.73,-0.33,-0.5,-0.68,0.15
A_M_2.1999999999999997_1.0_785,24.21,2.31,0.73,-0.33,-0.5,-0.68,0.15
A_M_2.1999999999999997_1.0_786,23.29,2.31,0.73,-0.33,-0.5,-0.68,0.15
A_M_2.1999999999999997_1.0_787,24.25,2.31,0.73,-0.33,-0.5,-0.68,0.15
A_M_2.1999999999999997_1.0_788,25.38,2.31,0.73,-0.33,-0.5,-0.68,0.15
A_M_2.1999999999999997_1.0_789,25.34,2.31,0.73,-0.33,-0.5,-0.68,0.15
A_M_2.1999999999999997_1.0_790,23.97,2.31,0.73,-0.33,-0.5,-0.68,0.15
A_M_2.1999999999999997_1.0_791,24.74,2.31,0.73,-0.33,-0.5,-0.68,0.15
A_M_2.1999999999999997_1.0_792,25.44,2.31,0.73,-0.33,-0.5,-0.68,0.15
A_M_2.1999999999999997_1.0_793,24.96,2.31,0.73,-0.33,-0.5,-0.68,0.15
A_M_2.1999999999999997_1.0_794,24.89,2.31,0.73,-0.33,-0.5,-0.68,0.15
A_M_2.1999999999999997_1.0_795,24.44,2.31,0.73,-0.33,-0.5,-0.68,0.15
A_M_2.1999999999999997_1.0_796,24.67,2.31,0.73,-0.33,-0.5,-0.68,0.15
A_M_2.1999999999999997_1.0_797,20.59,2.31,0.73,-0.33,-0.5,-0.68,0.15
A_M_2.1999999999999997_1.0_798,21.81,2.31,0.73,-0.33,-0.5,-0.68,0.15
A_M_2.1999999999999997_1.0_799,23.84,2.31,0.73,-0.33,-0.5,-0.68,0.15
A_M_2.1999999999999997_1.0_800,25.53,2.31,0.73,-0.33,-0.5,-0.68,0.15
A_M_2.1999999999999997_1.0_801,25.61,2.31,0.73,-0.33,-0.5,-0.68,0.15
A_M_2.1999999999999997_1.0_802,21.25,2.31,0.73,-0.33,-0.5,-0.68,0.15
A_M_2.1999999999999997_1.0_803,25.1,2.31,0.73,-0.33,-0.5,-0.68,0.15
A_M_2.1999999999999997_1.0_804,25.56,2.31,0.73,-0.33,-0.5,-0.68,0.15
A_M_2.1999999999999997_1.0_805,23.53,2.31,0.73,-0.33,-0.5,-0.68,0.15
A_M_2.1999999999999997_1.0_806,24.9,2.31,0.73,-0.33,-0.5,-0.68,0.15
A_M_2.1999999999999997_1.0_807,25.22,2.31,0.73,-0.33,-0.5,-0.68,0.15
A_M_2.1999999999999997_1.0_808,24.66,2.31,0.73,-0.33,-0.5,-0.68,0.15
A_M_2.1999999999999997_1.0_809,25.16,2.31,0.73,-0.33,-0.5,-0.68,0.15
A_M_2.1999999999999997_1.0_810,25.07,2.31,0.73,-0.33,-0.5,-0.68,0.15
A_M_2.1999999999999997_1.0_811,25.28,2.31,0.73,-0.33,-0.5,-0.68,0.15
A_M_2.1999999999999997_1.0_812,24.43,2.31,0.73,-0.33,-0.5,-0.68,0.15
A_M_2.1999999999999997_1.0_813,22.5,2.31,0.73,-0.33,-0.5,-0.68,0.15
A_M_2.1999999999999997_1.0_814,25.29,2.31,0.73,-0.33,-0.5,-0.68,0.15
A_M_2.1999999999999997_1.0_815,25.54,2.31,0.73,-0.33,-0.5,-0.68,0.15
A_M_2.1999999999999997_1.0_816,24.15,2.31,0.73,-0.33,-0.5,-0.68,0.15
A_M_2.1999999999999997_1.0_817,25.27,2.31,0.73,-0.33,-0.5,-0.68,0.15
A_M_2.1999999999999997_1.0_818,25.04,2.31,0.73,-0.33,-0.5,-0.68,0.15
A_M_2.1999999999999997_1.0_819,23.18,2.31,0.73,-0.33,-0.5,-0.68,0.15
A_M_2.1999999999999997_1.0_820,25.06,2.31,0.73,-0.33,-0.5,-0.68,0.15
A_M_2.1999999999999997_1.0_821,25.21,2.31,0.73,-0.33,-0.5,-0.68,0.15
A_M_2.1999999999999997_1.0_822,21.6,2.31,0.73,-0.33,-0.5,-0.68,0.15
A_M_2.1999999999999997_1.0_823,24.62,2.31,0.73,-0.33,-0.5,-0.68,0.15
A_M_2.1999999999999997_1.0_824,25.05,2.31,0.73,-0.33,-0.5,-0.68,0.15
A_M_2.1999999999999997_1.0_825,24.99,2.31,0.73,-0.33,-0.5,-0.68,0.15
A_M_2.1999999999999997_1.0_826,24.47,2.31,0.73,-0.33,-0.5,-0.68,0.15
A_M_2.1999999999999997_1.0_827,24.68,2.31,0.73,-0.33,-0.5,-0.68,0.15
A_M_2.1999999999999997_1.0_828,24.72,2.31,0.73,-0.33,-0.5,-0.68,0.15
A_M_2.1999999999999997_1.0_829,24.79,2.31,0.73,-0.33,-0.5,-0.68,0.15
A_M_2.1999999999999997_1.0_830,20.46,2.31,0.73,-0.33,-0.5,-0.68,0.15
A_M_2.1999999999999997_1.0_831,25.11,2.31,0.73,-0.33,-0.5,-0.68,0.15
A_M_2.1999999999999997_1.0_832,22.91,2.31,0.73,-0.33,-0.5,-0.68,0.15
A_M_2.1999999999999997_1.0_833,20.88,2.31,0.73,-0.33,-0.5,-0.68,0.15
A_M_2.1999999999999997_1.0_834,23.07,2.31,0.73,-0.33,-0.5,-0.68,0.15
A_M_2.1999999999999997_1.0_835,17.99,2.31,0.73,-0.33,-0.5,-0.68,0.15
A_M_2.1999999999999997_1.0_836,25.13,2.31,0.73,-0.33,-0.5,-0.68,0.15
A_M_2.1999999999999997_1.0_837,25.48,2.31,0.73,-0.33,-0.5,-0.68,0.15
A_M_2.1999999999999997_1.0_838,25.4,2.31,0.73,-0.33,-0.5,-0.68,0.15
A_M_2.1999999999999997_1.0_839,23.19,2.31,0.73,-0.33,-0.5,-0.68,0.15
A_M_2.1999999999999997_1.0_840,25.36,2.31,0.73,-0.33,-0.5,-0.68,0.15
A_M_2.1999999999999997_1.0_841,23.93,2.31,0.73,-0.33,-0.5,-0.68,0.15
A_M_2.1999999999999997_1.0_842,24.13,2.31,0.73,-0.33,-0.5,-0.68,0.15
A_M_2.1999999999999997_1.0_843,24.17,2.31,0.73,-0.33,-0.5,-0.68,0.15
A_M_2.1999999999999997_1.0_844,24.88,2.31,0.73,-0.33,-0.5,-0.68,0.15
A_M_2.1999999999999997_1.0_845,25.16,2.31,0.73,-0.33,-0.5,-0.68,0.15
A_M_2.1999999999999997_1.0_846,25.32,2.31,0.73,-0.33,-0.5,-0.68,0.15
A_M_2.1999999999999997_1.0_847,23.9,2.31,0.73,-0.33,-0.5,-0.68,0.15
A_M_2.1999999999999997_1.0_848,21.46,2.31,0.73,-0.33,-0.5,-0.68,0.15
A_M_2.1999999999999997_1.0_849,23.93,2.31,0.73,-0.33,-0.5,-0.68,0.15
A_M_2.1999999999999997_1.0_850,23.86,2.31,0.73,-0.33,-0.5,-0.68,0.15
A_M_2.1999999999999997_1.0_851,23.39,2.31,0.73,-0.33,-0.5,-0.68,0.15
A_M_2.1999999999999997_1.0_852,23.44,2.31,0.73,-0.33,-0.5,-0.68,0.15
A_M_2.1999999999999997_1.0_853,25.27,2.31,0.73,-0.33,-0.5,-0.68,0.15
A_M_2.1999999999999997_1.0_854,24.95,2.31,0.73,-0.33,-0.5,-0.68,0.15
A_M_2.1999999999999997_1.0_855,25.34,2.31,0.73,-0.33,-0.5,-0.68,0.15
A_M_2.1999999999999997_1.0_856,25.37,2.31,0.73,-0.33,-0.5,-0.68,0.15
A_M_2.1999999999999997_1.0_857,25.22,2.31,0.73,-0.33,-0.5,-0.68,0.15
A_M_2.1999999999999997_1.0_858,23.67,2.31,0.73,-0.33,-0.5,-0.68,0.15
A_M_2.1999999999999997_1.0_859,25.21,2.31,0.73,-0.33,-0.5,-0.68,0.15
A_M_2.1999999999999997_1.0_860,24.93,2.31,0.73,-0.33,-0.5,-0.68,0.15
A_M_2.1999999999999997_1.0_861,16.2,2.31,0.73,-0.33,-0.5,-0.68,0.15
A_M_2.1999999999999997_1.0_862,24.91,2.31,0.73,-0.33,-0.5,-0.68,0.15
A_M_2.1999999999999997_1.0_863,24.32,2.31,0.73,-0.33,-0.5,-0.68,0.15
A_M_2.1999999999999997_1.0_864,25.36,2.31,0.73,-0.33,-0.5,-0.68,0.15
A_M_2.1999999999999997_1.0_865,25.57,2.31,0.73,-0.33,-0.5,-0.68,0.15
A_M_2.1999999999999997_1.0_866,23.6,2.31,0.73,-0.33,-0.5,-0.68,0.15
A_M_2.1999999999999997_1.0_867,25.29,2.31,0.73,-0.33,-0.5,-0.68,0.15
A_M_2.1999999999999997_1.0_868,23.26,2.31,0.73,-0.33,-0.5,-0.68,0.15
A_M_2.1999999999999997_1.0_869,25.62,2.31,0.73,-0.33,-0.5,-0.68,0.15
A_M_2.1999999999999997_1.0_870,25.02,2.31,0.73,-0.33,-0.5,-0.68,0.15
A_M_2.1999999999999997_1.0_871,23.92,2.31,0.73,-0.33,-0.5,-0.68,0.15
A_M_2.1999999999999997_1.0_872,24.97,2.31,0.73,-0.33,-0.5,-0.68,0.15
A_M_2.1999999999999997_1.0_873,22.61,2.31,0.73,-0.33,-0.5,-0.68,0.15
A_M_2.1999999999999997_1.0_874,24.79,2.31,0.73,-0.33,-0.5,-0.68,0.15
A_M_2.1999999999999997_1.0_875,24.66,2.31,0.73,-0.33,-0.5,-0.68,0.15
A_M_2.1999999999999997_1.0_876,18.92,2.31,0.73,-0.33,-0.5,-0.68,0.15
A_M_2.1999999999999997_1.0_877,25.62,2.31,0.73,-0.33,-0.5,-0.68,0.15
A_M_2.1999999999999997_1.0_878,25.34,2.31,0.73,-0.33,-0.5,-0.68,0.15
A_M_2.1999999999999997_1.0_879,24.14,2.31,0.73,-0.33,-0.5,-0.68,0.15
A_M_2.1999999999999997_1.0_880,23.17,2.31,0.73,-0.33,-0.5,-0.68,0.15
A_M_2.1999999999999997_1.0_881,24.53,2.31,0.73,-0.33,-0.5,-0.68,0.15
A_M_2.1999999999999997_1.0_882,24.89,2.31,0.73,-0.33,-0.5,-0.68,0.15
A_M_2.1999999999999997_1.0_883,25.19,2.31,0.73,-0.33,-0.5,-0.68,0.15
A_M_2.1999999999999997_1.0_884,25.55,2.31,0.73,-0.33,-0.5,-0.68,0.15
A_M_2.1999999999999997_1.0_885,25.17,2.31,0.73,-0.33,-0.5,-0.68,0.15
A_M_2.1999999999999997_1.0_886,25.28,2.31,0.73,-0.33,-0.5,-0.68,0.15
A_M_2.1999999999999997_1.0_887,20.38,2.31,0.73,-0.33,-0.5,-0.68,0.15
A_M_2.1999999999999997_1.0_888,24.8,2.31,0.73,-0.33,-0.5,-0.68,0.15
A_M_2.1999999999999997_1.0_889,24.62,2.31,0.73,-0.33,-0.5,-0.68,0.15
A_M_2.1999999999999997_1.0_890,23.12,2.31,0.73,-0.33,-0.5,-0.68,0.15
A_M_2.1999999999999997_1.0_891,23.65,2.31,0.73,-0.33,-0.5,-0.68,0.15
A_M_2.1999999999999997_1.0_892,25.6,2.31,0.73,-0.33,-0.5,-0.68,0.15
A_M_2.1999999999999997_1.0_893,22.98,2.31,0.73,-0.33,-0.5,-0.68,0.15
A_M_2.1999999999999997_1.0_894,23.63,2.31,0.73,-0.33,-0.5,-0.68,0.15
A_M_2.1999999999999997_1.0_895,25.34,2.31,0.73,-0.33,-0.5,-0.68,0.15
A_M_2.1999999999999997_1.0_896,25.59,2.31,0.73,-0.33,-0.5,-0.68,0.15
A_M_2.1999999999999997_1.0_897,23.06,2.31,0.73,-0.33,-0.5,-0.68,0.15
A_M_2.1999999999999997_1.0_898,25.28,2.31,0.73,-0.33,-0.5,-0.68,0.15
A_M_2.1999999999999997_1.0_899,25.01,2.31,0.73,-0.33,-0.5,-0.68,0.15
A_M_2.1999999999999997_1.0_900,25.38,2.31,0.73,-0.33,-0.5,-0.68,0.15
A_M_2.1999999999999997_1.0_901,24.99,2.31,0.73,-0.33,-0.5,-0.68,0.15
A_M_2.1999999999999997_1.0_902,25.3,2.31,0.73,-0.33,-0.5,-0.68,0.15
A_M_2.1999999999999997_1.0_903,25.18,2.31,0.73,-0.33,-0.5,-0.68,0.15
A_M_2.1999999999999997_1.0_904,24.82,2.31,0.73,-0.33,-0.5,-0.68,0.15
A_M_2.1999999999999997_1.0_905,24.45,2.31,0.73,-0.33,-0.5,-0.68,0.15
A_M_2.1999999999999997_1.0_906,25.45,2.31,0.73,-0.33,-0.5,-0.68,0.15
A_M_2.1999999999999997_1.0_907,25.13,2.31,0.73,-0.33,-0.5,-0.68,0.15
A_M_2.1999999999999997_1.0_908,24.53,2.31,0.73,-0.33,-0.5,-0.68,0.15
A_M_2.1999999999999997_1.0_909,25.1,2.31,0.73,-0.33,-0.5,-0.68,0.15
A_M_2.1999999999999997_1.0_910,25.39,2.31,0.73,-0.33,-0.5,-0.68,0.15
A_M_2.1999999999999997_1.0_911,25.54,2.31,0.73,-0.33,-0.5,-0.68,0.15
A_M_2.1999999999999997_1.0_912,24.44,2.31,0.73,-0.33,-0.5,-0.68,0.15
A_M_2.1999999999999997_1.0_913,24.69,2.31,0.73,-0.33,-0.5,-0.68,0.15
A_M_2.1999999999999997_1.0_914,25.35,2.31,0.73,-0.33,-0.5,-0.68,0.15
A_M_2.1999999999999997_1.0_915,25.39,2.31,0.73,-0.33,-0.5,-0.68,0.15
A_M_2.1999999999999997_1.0_916,25.02,2.31,0.73,-0.33,-0.5,-0.68,0.15
A_M_2.1999999999999997_1.0_917,25.44,2.31,0.73,-0.33,-0.5,-0.68,0.15
A_M_2.1999999999999997_1.0_918,21.69,2.31,0.73,-0.33,-0.5,-0.68,0.15
A_M_2.1999999999999997_1.0_919,25.45,2.31,0.73,-0.33,-0.5,-0.68,0.15
A_M_2.1999999999999997_1.0_920,22.59,2.31,0.73,-0.33,-0.5,-0.68,0.15
A_M_2.1999999999999997_1.0_921,25.12,2.31,0.73,-0.33,-0.5,-0.68,0.15
A_M_2.1999999999999997_1.0_922,23.74,2.31,0.73,-0.33,-0.5,-0.68,0.15
A_M_2.1999999999999997_1.0_923,25.45,2.31,0.73,-0.33,-0.5,-0.68,0.15
A_M_2.1999999999999997_1.0_924,25.53,2.31,0.73,-0.33,-0.5,-0.68,0.15
A_M_2.1999999999999997_1.0_925,24.17,2.31,0.73,-0.33,-0.5,-0.68,0.15
A_M_2.1999999999999997_1.0_926,24.68,2.31,0.73,-0.33,-0.5,-0.68,0.15
A_M_2.1999999999999997_1.0_927,24.4,2.31,0.73,-0.33,-0.5,-0.68,0.15
A_M_2.1999999999999997_1.0_928,23.29,2.31,0.73,-0.33,-0.5,-0.68,0.15
A_M_2.1999999999999997_1.0_929,23.2,2.31,0.73,-0.33,-0.5,-0.68,0.15
A_M_2.1999999999999997_1.0_930,17.05,2.31,0.73,-0.33,-0.5,-0.68,0.15
A_M_2.1999999999999997_1.0_931,24.68,2.31,0.73,-0.33,-0.5,-0.68,0.15
A_M_2.1999999999999997_1.0_932,23.17,2.31,0.73,-0.33,-0.5,-0.68,0.15
A_M_2.1999999999999997_1.0_933,23.32,2.31,0.73,-0.33,-0.5,-0.68,0.15
A_M_2.1999999999999997_1.0_934,23.8,2.31,0.73,-0.33,-0.5,-0.68,0.15
A_M_2.1999999999999997_1.0_935,24.89,2.31,0.73,-0.33,-0.5,-0.68,0.15
A_M_2.1999999999999997_1.0_936,24.42,2.31,0.73,-0.33,-0.5,-0.68,0.15
A_M_2.1999999999999997_1.0_937,24.37,2.31,0.73,-0.33,-0.5,-0.68,0.15
A_M_2.1999999999999997_1.0_938,23.71,2.31,0.73,-0.33,-0.5,-0.68,0.15
A_M_2.1999999999999997_1.0_939,25.33,2.31,0.73,-0.33,-0.5,-0.68,0.15
A_M_2.1999999999999997_1.0_940,23.25,2.31,0.73,-0.33,-0.5,-0.68,0.15
A_M_2.1999999999999997_1.0_941,25.12,2.31,0.73,-0.33,-0.5,-0.68,0.15
A_M_2.1999999999999997_1.0_942,25.42,2.31,0.73,-0.33,-0.5,-0.68,0.15
A_M_2.1999999999999997_1.0_943,22.58,2.31,0.73,-0.33,-0.5,-0.68,0.15
A_M_2.1999999999999997_1.0_944,24.39,2.31,0.73,-0.33,-0.5,-0.68,0.15
A_M_2.1999999999999997_1.0_945,24.86,2.31,0.73,-0.33,-0.5,-0.68,0.15
A_M_2.1999999999999997_1.0_946,24.62,2.31,0.73,-0.33,-0.5,-0.68,0.15
A_M_2.1999999999999997_1.0_947,24.09,2.31,0.73,-0.33,-0.5,-0.68,0.15
A_M_2.1999999999999997_1.0_948,22.33,2.31,0.73,-0.33,-0.5,-0.68,0.15
A_M_2.1999999999999997_1.0_949,25.31,2.31,0.73,-0.33,-0.5,-0.68,0.15
A_M_2.1999999999999997_1.0_950,25.44,2.31,0.73,-0.33,-0.5,-0.68,0.15
A_M_2.1999999999999997_1.0_951,25.48,2.31,0.73,-0.33,-0.5,-0.68,0.15
A_M_2.1999999999999997_1.0_952,25.41,2.31,0.73,-0.33,-0.5,-0.68,0.15
A_M_2.1999999999999997_1.0_953,25.61,2.31,0.73,-0.33,-0.5,-0.68,0.15
A_M_2.1999999999999997_1.0_954,20.07,2.31,0.73,-0.33,-0.5,-0.68,0.15
A_M_2.1999999999999997_1.0_955,24.23,2.31,0.73,-0.33,-0.5,-0.68,0.15
A_M_2.1999999999999997_1.0_956,24.35,2.31,0.73,-0.33,-0.5,-0.68,0.15
A_M_2.1999999999999997_1.0_957,25.22,2.31,0.73,-0.33,-0.5,-0.68,0.15
A_M_2.1999999999999997_1.0_958,25.4,2.31,0.73,-0.33,-0.5,-0.68,0.15
A_M_2.1999999999999997_1.0_959,24.95,2.31,0.73,-0.33,-0.5,-0.68,0.15
A_M_2.1999999999999997_1.0_960,25.42,2.31,0.73,-0.33,-0.5,-0.68,0.15
A_M_2.1999999999999997_1.0_961,23.71,2.31,0.73,-0.33,-0.5,-0.68,0.15
A_M_2.1999999999999997_1.0_962,23.1,2.31,0.73,-0.33,-0.5,-0.68,0.15
A_M_2.1999999999999997_1.0_963,21.2,2.31,0.73,-0.33,-0.5,-0.68,0.15
A_M_2.1999999999999997_1.0_964,20.31,2.31,0.73,-0.33,-0.5,-0.68,0.15
A_M_2.1999999999999997_1.0_965,25.25,2.31,0.73,-0.33,-0.5,-0.68,0.15
A_M_2.1999999999999997_1.0_966,25.32,2.31,0.73,-0.33,-0.5,-0.68,0.15
A_M_2.1999999999999997_1.0_967,25.52,2.31,0.73,-0.33,-0.5,-0.68,0.15
A_M_2.1999999999999997_1.0_968,23.92,2.31,0.73,-0.33,-0.5,-0.68,0.15
A_M_2.1999999999999997_1.0_969,24.87,2.31,0.73,-0.33,-0.5,-0.68,0.15
A_M_2.1999999999999997_1.0_970,23.52,2.31,0.73,-0.33,-0.5,-0.68,0.15
A_M_2.1999999999999997_1.0_971,23.85,2.31,0.73,-0.33,-0.5,-0.68,0.15
A_M_2.1999999999999997_1.0_972,23.12,2.31,0.73,-0.33,-0.5,-0.68,0.15
A_M_2.1999999999999997_1.0_973,21.35,2.31,0.73,-0.33,-0.5,-0.68,0.15
A_M_2.1999999999999997_1.0_974,24.51,2.31,0.73,-0.33,-0.5,-0.68,0.15
A_M_2.1999999999999997_1.0_975,25.01,2.31,0.73,-0.33,-0.5,-0.68,0.15
A_M_2.1999999999999997_1.0_976,24.99,2.31,0.73,-0.33,-0.5,-0.68,0.15
A_M_2.1999999999999997_1.0_977,23.73,2.31,0.73,-0.33,-0.5,-0.68,0.15
A_M_2.1999999999999997_1.0_978,24.99,2.31,0.73,-0.33,-0.5,-0.68,0.15
A_M_2.1999999999999997_1.0_979,24.97,2.31,0.73,-0.33,-0.5,-0.68,0.15
A_M_2.1999999999999997_1.0_980,23.91,2.31,0.73,-0.33,-0.5,-0.68,0.15
A_M_2.1999999999999997_1.0_981,25.36,2.31,0.73,-0.33,-0.5,-0.68,0.15
A_M_2.1999999999999997_1.0_982,24.66,2.31,0.73,-0.33,-0.5,-0.68,0.15
A_M_2.1999999999999997_1.0_983,22.27,2.31,0.73,-0.33,-0.5,-0.68,0.15
A_M_2.1999999999999997_1.0_984,25.43,2.31,0.73,-0.33,-0.5,-0.68,0.15
A_M_2.1999999999999997_1.0_985,24.97,2.31,0.73,-0.33,-0.5,-0.68,0.15
A_M_2.1999999999999997_1.0_986,24.55,2.31,0.73,-0.33,-0.5,-0.68,0.15
A_M_2.1999999999999997_1.0_987,25.47,2.31,0.73,-0.33,-0.5,-0.68,0.15
A_M_2.1999999999999997_1.0_988,25.03,2.31,0.73,-0.33,-0.5,-0.68,0.15
A_M_2.1999999999999997_1.0_989,23.01,2.31,0.73,-0.33,-0.5,-0.68,0.15
A_M_2.1999999999999997_1.0_990,25.51,2.31,0.73,-0.33,-0.5,-0.68,0.15
A_M_2.1999999999999997_1.0_991,25.5,2.31,0.73,-0.33,-0.5,-0.68,0.15
A_M_2.1999999999999997_1.0_992,25.48,2.31,0.73,-0.33,-0.5,-0.68,0.15
A_M_2.1999999999999997_1.0_993,25.16,2.31,0.73,-0.33,-0.5,-0.68,0.15
A_M_2.1999999999999997_1.0_994,25.0,2.31,0.73,-0.33,-0.5,-0.68,0.15
A_M_2.1999999999999997_1.0_995,25.61,2.31,0.73,-0.33,-0.5,-0.68,0.15
A_M_2.1999999999999997_1.0_996,23.57,2.31,0.73,-0.33,-0.5,-0.68,0.15
A_M_2.1999999999999997_1.0_997,24.73,2.31,0.73,-0.33,-0.5,-0.68,0.15
A_M_2.1999999999999997_1.0_998,25.53,2.31,0.73,-0.33,-0.5,-0.68,0.15
A_M_2.1999999999999997_1.0_999,24.66,2.31,0.73,-0.33,-0.5,-0.68,0.15
A_M_2.1999999999999997_1.0_1000,21.32,2.31,0.73,-0.33,-0.5,-0.68,0.15
A_M_2.1999999999999997_1.0_1001,24.69,2.31,0.73,-0.33,-0.5,-0.68,0.15
A_M_2.1999999999999997_1.0_1002,25.2,2.31,0.73,-0.33,-0.5,-0.68,0.15
A_M_2.1999999999999997_1.0_1003,21.74,2.31,0.73,-0.33,-0.5,-0.68,0.15
A_M_2.1999999999999997_1.0_1004,24.97,2.31,0.73,-0.33,-0.5,-0.68,0.15
A_M_2.1999999999999997_1.0_1005,24.0,2.31,0.73,-0.33,-0.5,-0.68,0.15
A_M_2.1999999999999997_1.0_1006,25.52,2.31,0.73,-0.33,-0.5,-0.68,0.15
A_M_2.1999999999999997_1.0_1007,24.51,2.31,0.73,-0.33,-0.5,-0.68,0.15
A_M_2.1999999999999997_1.0_1008,24.51,2.31,0.73,-0.33,-0.5,-0.68,0.15
A_M_2.1999999999999997_1.0_1009,25.18,2.31,0.73,-0.33,-0.5,-0.68,0.15
A_M_2.1999999999999997_1.0_1010,24.55,2.31,0.73,-0.33,-0.5,-0.68,0.15
A_M_2.1999999999999997_1.0_1011,25.24,2.31,0.73,-0.33,-0.5,-0.68,0.15
A_M_2.1999999999999997_1.0_1012,21.57,2.31,0.73,-0.33,-0.5,-0.68,0.15
A_M_2.1999999999999997_1.0_1013,24.37,2.31,0.73,-0.33,-0.5,-0.68,0.15
A_M_2.1999999999999997_1.0_1014,22.45,2.31,0.73,-0.33,-0.5,-0.68,0.15
A_M_2.1999999999999997_1.0_1015,25.33,2.31,0.73,-0.33,-0.5,-0.68,0.15
A_M_2.1999999999999997_1.0_1016,24.27,2.31,0.73,-0.33,-0.5,-0.68,0.15
A_M_2.1999999999999997_1.0_1017,25.43,2.31,0.73,-0.33,-0.5,-0.68,0.15
A_M_2.1999999999999997_1.0_1018,25.59,2.31,0.73,-0.33,-0.5,-0.68,0.15
A_M_2.1999999999999997_1.0_1019,25.53,2.31,0.73,-0.33,-0.5,-0.68,0.15
A_M_2.1999999999999997_1.0_1020,24.67,2.31,0.73,-0.33,-0.5,-0.68,0.15
A_M_2.1999999999999997_1.0_1021,22.91,2.31,0.73,-0.33,-0.5,-0.68,0.15
A_M_2.1999999999999997_1.0_1022,24.33,2.31,0.73,-0.33,-0.5,-0.68,0.15
A_M_2.1999999999999997_1.0_1023,24.38,2.31,0.73,-0.33,-0.5,-0.68,0.15
A_M_2.1999999999999997_1.0_1024,22.76,2.31,0.73,-0.33,-0.5,-0.68,0.15
A_M_2.1999999999999997_1.0_1025,25.2,2.31,0.73,-0.33,-0.5,-0.68,0.15
A_M_2.1999999999999997_1.0_1026,25.0,2.31,0.73,-0.33,-0.5,-0.68,0.15
A_M_2.1999999999999997_1.0_1027,24.04,2.31,0.73,-0.33,-0.5,-0.68,0.15
A_M_2.1999999999999997_1.0_1028,25.47,2.31,0.73,-0.33,-0.5,-0.68,0.15
A_M_2.1999999999999997_1.0_1029,24.52,2.31,0.73,-0.33,-0.5,-0.68,0.15
A_M_2.1999999999999997_1.0_1030,25.48,2.31,0.73,-0.33,-0.5,-0.68,0.15
A_M_2.1999999999999997_1.0_1031,25.35,2.31,0.73,-0.33,-0.5,-0.68,0.15
A_M_2.1999999999999997_1.0_1032,23.94,2.31,0.73,-0.33,-0.5,-0.68,0.15
A_M_2.1999999999999997_1.0_1033,25.54,2.31,0.73,-0.33,-0.5,-0.68,0.15
A_M_2.1999999999999997_1.0_1034,22.43,2.31,0.73,-0.33,-0.5,-0.68,0.15
A_M_2.1999999999999997_1.0_1035,25.44,2.31,0.73,-0.33,-0.5,-0.68,0.15
A_M_2.1999999999999997_1.0_1036,24.34,2.31,0.73,-0.33,-0.5,-0.68,0.15
A_M_2.1999999999999997_1.0_1037,22.89,2.31,0.73,-0.33,-0.5,-0.68,0.15
A_M_2.1999999999999997_1.0_1038,24.51,2.31,0.73,-0.33,-0.5,-0.68,0.15
A_M_2.1999999999999997_1.0_1039,25.59,2.31,0.73,-0.33,-0.5,-0.68,0.15
A_M_2.1999999999999997_1.0_1040,22.13,2.31,0.73,-0.33,-0.5,-0.68,0.15
A_M_2.1999999999999997_1.0_1041,25.52,2.31,0.73,-0.33,-0.5,-0.68,0.15
A_M_2.1999999999999997_1.0_1042,25.27,2.31,0.73,-0.33,-0.5,-0.68,0.15
A_M_2.1999999999999997_1.0_1043,25.01,2.31,0.73,-0.33,-0.5,-0.68,0.15
A_M_2.1999999999999997_1.0_1044,24.59,2.31,0.73,-0.33,-0.5,-0.68,0.15
A_M_2.1999999999999997_1.0_1045,23.8,2.31,0.73,-0.33,-0.5,-0.68,0.15
A_M_2.1999999999999997_1.0_1046,24.25,2.31,0.73,-0.33,-0.5,-0.68,0.15
A_M_2.1999999999999997_1.0_1047,19.67,2.31,0.73,-0.33,-0.5,-0.68,0.15
A_M_2.1999999999999997_1.0_1048,23.65,2.31,0.73,-0.33,-0.5,-0.68,0.15
A_M_2.1999999999999997_1.0_1049,24.56,2.31,0.73,-0.33,-0.5,-0.68,0.15
A_M_2.1999999999999997_1.0_1050,25.57,2.31,0.73,-0.33,-0.5,-0.68,0.15
A_M_2.1999999999999997_1.0_1051,24.59,2.31,0.73,-0.33,-0.5,-0.68,0.15
A_M_2.1999999999999997_1.0_1052,25.4,2.31,0.73,-0.33,-0.5,-0.68,0.15
A_M_2.1999999999999997_1.0_1053,25.41,2.31,0.73,-0.33,-0.5,-0.68,0.15
A_M_2.1999999999999997_1.0_1054,23.77,2.31,0.73,-0.33,-0.5,-0.68,0.15
A_M_2.1999999999999997_1.0_1055,24.85,2.31,0.73,-0.33,-0.5,-0.68,0.15
A_M_2.1999999999999997_1.0_1056,23.01,2.31,0.73,-0.33,-0.5,-0.68,0.15
A_M_2.1999999999999997_1.0_1057,24.7,2.31,0.73,-0.33,-0.5,-0.68,0.15
A_M_2.1999999999999997_1.0_1058,25.46,2.31,0.73,-0.33,-0.5,-0.68,0.15
A_M_2.1999999999999997_1.0_1059,24.72,2.31,0.73,-0.33,-0.5,-0.68,0.15
A_M_2.1999999999999997_1.0_1060,24.91,2.31,0.73,-0.33,-0.5,-0.68,0.15
A_M_2.1999999999999997_1.0_1061,23.69,2.31,0.73,-0.33,-0.5,-0.68,0.15
A_M_2.1999999999999997_1.0_1062,24.51,2.31,0.73,-0.33,-0.5,-0.68,0.15
A_M_2.1999999999999997_1.0_1063,21.31,2.31,0.73,-0.33,-0.5,-0.68,0.15
A_M_2.1999999999999997_1.0_1064,25.1,2.31,0.73,-0.33,-0.5,-0.68,0.15
A_M_2.1999999999999997_1.0_1065,21.98,2.31,0.73,-0.33,-0.5,-0.68,0.15
A_M_2.1999999999999997_1.0_1066,25.23,2.31,0.73,-0.33,-0.5,-0.68,0.15
A_M_2.1999999999999997_1.0_1067,25.39,2.31,0.73,-0.33,-0.5,-0.68,0.15
A_M_2.1999999999999997_1.0_1068,23.14,2.31,0.73,-0.33,-0.5,-0.68,0.15
A_M_2.1999999999999997_1.0_1069,24.81,2.31,0.73,-0.33,-0.5,-0.68,0.15
A_M_2.1999999999999997_1.0_1070,25.01,2.31,0.73,-0.33,-0.5,-0.68,0.15
A_M_2.1999999999999997_1.0_1071,22.85,2.31,0.73,-0.33,-0.5,-0.68,0.15
A_M_2.1999999999999997_1.0_1072,24.69,2.31,0.73,-0.33,-0.5,-0.68,0.15
A_M_2.1999999999999997_1.0_1073,20.5,2.31,0.73,-0.33,-0.5,-0.68,0.15
A_M_2.1999999999999997_1.0_1074,21.22,2.31,0.73,-0.33,-0.5,-0.68,0.15
A_M_2.1999999999999997_1.0_1075,25.51,2.31,0.73,-0.33,-0.5,-0.68,0.15
A_M_2.1999999999999997_1.0_1076,23.91,2.31,0.73,-0.33,-0.5,-0.68,0.15
A_M_2.1999999999999997_1.0_1077,25.37,2.31,0.73,-0.33,-0.5,-0.68,0.15
A_M_2.1999999999999997_1.0_1078,24.52,2.31,0.73,-0.33,-0.5,-0.68,0.15
A_M_2.1999999999999997_1.0_1079,25.26,2.31,0.73,-0.33,-0.5,-0.68,0.15
A_M_2.1999999999999997_1.0_1080,25.41,2.31,0.73,-0.33,-0.5,-0.68,0.15
A_M_2.1999999999999997_1.0_1081,25.18,2.31,0.73,-0.33,-0.5,-0.68,0.15
A_M_2.1999999999999997_1.0_1082,24.55,2.31,0.73,-0.33,-0.5,-0.68,0.15
A_M_2.1999999999999997_1.0_1083,25.19,2.31,0.73,-0.33,-0.5,-0.68,0.15
A_M_2.1999999999999997_1.0_1084,25.39,2.31,0.73,-0.33,-0.5,-0.68,0.15
A_M_2.1999999999999997_1.0_1085,23.55,2.31,0.73,-0.33,-0.5,-0.68,0.15
A_M_2.1999999999999997_1.0_1086,24.64,2.31,0.73,-0.33,-0.5,-0.68,0.15
A_M_2.1999999999999997_1.0_1087,25.52,2.31,0.73,-0.33,-0.5,-0.68,0.15
A_M_2.1999999999999997_1.0_1088,25.17,2.31,0.73,-0.33,-0.5,-0.68,0.15
A_M_2.1999999999999997_1.0_1089,24.19,2.31,0.73,-0.33,-0.5,-0.68,0.15
A_M_2.1999999999999997_1.0_1090,23.44,2.31,0.73,-0.33,-0.5,-0.68,0.15
A_M_2.1999999999999997_1.0_1091,23.91,2.31,0.73,-0.33,-0.5,-0.68,0.15
A_M_2.1999999999999997_1.0_1092,25.28,2.31,0.73,-0.33,-0.5,-0.68,0.15
A_M_2.1999999999999997_1.0_1093,24.76,2.31,0.73,-0.33,-0.5,-0.68,0.15
A_M_2.1999999999999997_1.0_1094,25.18,2.31,0.73,-0.33,-0.5,-0.68,0.15
A_M_2.1999999999999997_1.0_1095,23.31,2.31,0.73,-0.33,-0.5,-0.68,0.15
A_M_2.1999999999999997_1.0_1096,23.56,2.31,0.73,-0.33,-0.5,-0.68,0.15
A_M_2.1999999999999997_1.0_1097,23.69,2.31,0.73,-0.33,-0.5,-0.68,0.15
A_M_2.1999999999999997_1.0_1098,25.33,2.31,0.73,-0.33,-0.5,-0.68,0.15
A_M_2.1999999999999997_1.0_1099,25.57,2.31,0.73,-0.33,-0.5,-0.68,0.15
A_M_2.1999999999999997_1.0_1100,24.86,2.31,0.73,-0.33,-0.5,-0.68,0.15
A_M_2.1999999999999997_1.0_1101,23.44,2.31,0.73,-0.33,-0.5,-0.68,0.15
A_M_2.1999999999999997_1.0_1102,25.55,2.31,0.73,-0.33,-0.5,-0.68,0.15
A_M_2.1999999999999997_1.0_1103,24.01,2.31,0.73,-0.33,-0.5,-0.68,0.15
A_M_2.1999999999999997_1.0_1104,24.38,2.31,0.73,-0.33,-0.5,-0.68,0.15
A_M_2.1999999999999997_1.0_1105,25.3,2.31,0.73,-0.33,-0.5,-0.68,0.15
A_M_2.1999999999999997_1.0_1106,21.4,2.31,0.73,-0.33,-0.5,-0.68,0.15
A_M_2.1999999999999997_1.0_1107,22.53,2.31,0.73,-0.33,-0.5,-0.68,0.15
A_M_2.1999999999999997_1.0_1108,21.95,2.31,0.73,-0.33,-0.5,-0.68,0.15
A_M_2.1999999999999997_1.0_1109,23.35,2.31,0.73,-0.33,-0.5,-0.68,0.15
A_M_2.1999999999999997_1.0_1110,24.94,2.31,0.73,-0.33,-0.5,-0.68,0.15
A_M_2.1999999999999997_1.0_1111,23.36,2.31,0.73,-0.33,-0.5,-0.68,0.15
A_M_2.1999999999999997_1.0_1112,25.13,2.31,0.73,-0.33,-0.5,-0.68,0.15
A_M_2.1999999999999997_1.0_1113,24.72,2.31,0.73,-0.33,-0.5,-0.68,0.15
A_M_2.1999999999999997_1.0_1114,22.92,2.31,0.73,-0.33,-0.5,-0.68,0.15
A_M_2.1999999999999997_1.0_1115,23.8,2.31,0.73,-0.33,-0.5,-0.68,0.15
A_M_2.1999999999999997_1.0_1116,24.88,2.31,0.73,-0.33,-0.5,-0.68,0.15
A_M_2.1999999999999997_1.0_1117,21.53,2.31,0.73,-0.33,-0.5,-0.68,0.15
A_M_2.1999999999999997_1.0_1118,23.54,2.31,0.73,-0.33,-0.5,-0.68,0.15
A_M_2.1999999999999997_1.0_1119,21.87,2.31,0.73,-0.33,-0.5,-0.68,0.15
A_M_2.1999999999999997_1.0_1120,25.39,2.31,0.73,-0.33,-0.5,-0.68,0.15
