ObjID,FORMAT,q,e,inc,node,argPeri,t_p_MJD_TDB,epochMJD_TDB
A_M_1.7999999999999998_1.0_0,COM,0.214959,1.000977,2.524,3.526,1.095,63035.289185877235,60980.00158187724
A_M_1.7999999999999998_1.0_1,COM,1.301906,1.012109,1.39,4.015,5.34,64538.29059987724,60980.00158187724
A_M_1.7999999999999998_1.0_2,COM,0.017318,1.000317,0.38,3.052,6.054,64335.60804487724,60980.00158187724
A_M_1.7999999999999998_1.0_3,COM,0.573904,1.013467,1.095,5.745,0.486,63928.151896877236,60980.00158187724
A_M_1.7999999999999998_1.0_4,COM,0.746988,1.018261,1.423,1.243,5.932,64677.44211287724,60980.00158187724
A_M_1.7999999999999998_1.0_5,COM,0.41829,1.025274,0.614,5.152,5.336,63687.99133787724,60980.00158187724
A_M_1.7999999999999998_1.0_6,COM,0.970586,1.057371,2.283,6.103,1.732,60976.30295087724,60980.00158187724
A_M_1.7999999999999998_1.0_7,COM,0.835534,1.061318,2.31,0.265,1.232,61022.64459087724,60980.00158187724
A_M_1.7999999999999998_1.0_8,COM,0.864432,1.067136,1.102,5.768,0.714,61749.67819687724,60980.00158187724
A_M_1.7999999999999998_1.0_9,COM,3.386865,1.252881,2.823,3.47,4.989,63205.49254087724,60980.00158187724
A_M_1.7999999999999998_1.0_10,COM,1.506218,1.17265,2.025,1.35,1.649,61601.49027687724,60980.00158187724
A_M_1.7999999999999998_1.0_11,COM,1.305479,1.139813,2.286,5.264,5.505,64517.75403787724,60980.00158187724
A_M_1.7999999999999998_1.0_12,COM,0.164638,1.017413,2.792,1.961,4.099,62324.460182877236,60980.00158187724
A_M_1.7999999999999998_1.0_13,COM,0.16652,1.017014,2.105,6.099,3.31,61982.38396187724,60980.00158187724
A_M_1.7999999999999998_1.0_14,COM,0.802532,1.086668,1.197,2.473,2.743,63158.17405687724,60980.00158187724
A_M_1.7999999999999998_1.0_15,COM,0.115163,1.013059,2.602,0.712,1.569,63231.18668587724,60980.00158187724
A_M_1.7999999999999998_1.0_16,COM,0.143882,1.01578,0.753,4.621,1.52,63263.49116587724,60980.00158187724
A_M_1.7999999999999998_1.0_17,COM,0.843745,1.106401,1.401,1.736,0.744,64486.030608877234,60980.00158187724
A_M_1.7999999999999998_1.0_18,COM,1.138396,1.157621,2.053,3.131,4.179,61290.823790877235,60980.00158187724
A_M_1.7999999999999998_1.0_19,COM,1.193071,1.194937,0.376,4.984,4.595,64005.040304877235,60980.00158187724
A_M_1.7999999999999998_1.0_20,COM,0.749401,1.104066,1.753,6.266,3.625,62572.48595687724,60980.00158187724
A_M_1.7999999999999998_1.0_21,COM,1.201825,1.173752,0.83,3.314,5.644,64167.60367587724,60980.00158187724
A_M_1.7999999999999998_1.0_22,COM,1.416424,1.218931,0.602,5.313,0.428,64109.847879877234,60980.00158187724
A_M_1.7999999999999998_1.0_23,COM,1.024393,1.195702,1.518,3.152,3.383,63701.90237887724,60980.00158187724
A_M_1.7999999999999998_1.0_24,COM,0.753186,1.138751,0.078,4.156,3.349,61844.84838787724,60980.00158187724
A_M_1.7999999999999998_1.0_25,COM,1.644414,1.302262,2.163,0.617,3.173,62493.363462877234,60980.00158187724
A_M_1.7999999999999998_1.0_26,COM,0.4444,1.085036,2.178,5.168,2.492,61590.17522187724,60980.00158187724
A_M_1.7999999999999998_1.0_27,COM,1.325243,1.227648,1.963,1.033,3.668,61815.084431877236,60980.00158187724
A_M_1.7999999999999998_1.0_28,COM,1.083172,1.224827,2.075,1.471,2.073,63970.80076687724,60980.00158187724
A_M_1.7999999999999998_1.0_29,COM,2.186347,1.468689,0.338,2.011,3.023,64459.241821877236,60980.00158187724
A_M_1.7999999999999998_1.0_30,COM,0.361601,1.072098,1.384,2.41,3.54,61606.520038877235,60980.00158187724
A_M_1.7999999999999998_1.0_31,COM,0.160126,1.032573,1.481,2.898,4.446,64247.66698887724,60980.00158187724
A_M_1.7999999999999998_1.0_32,COM,1.332063,1.258274,0.782,1.816,4.639,62570.28099087724,60980.00158187724
A_M_1.7999999999999998_1.0_33,COM,0.612991,1.137586,1.274,4.061,2.015,61272.365376877235,60980.00158187724
A_M_1.7999999999999998_1.0_34,COM,0.058974,1.013918,1.711,6.085,4.267,61783.843754877234,60980.00158187724
A_M_1.7999999999999998_1.0_35,COM,1.230178,1.355981,1.508,5.106,4.473,61767.393596877235,60980.00158187724
A_M_1.7999999999999998_1.0_36,COM,0.966567,1.255704,1.251,0.453,5.935,62269.32264287724,60980.00158187724
A_M_1.7999999999999998_1.0_37,COM,0.688468,1.192459,1.384,1.996,3.711,63917.850010877235,60980.00158187724
A_M_1.7999999999999998_1.0_38,COM,0.484166,1.133952,1.314,2.015,1.006,62841.98494487724,60980.00158187724
A_M_1.7999999999999998_1.0_39,COM,0.963426,1.260787,2.18,5.225,4.603,63230.254474877234,60980.00158187724
A_M_1.7999999999999998_1.0_40,COM,0.530375,1.137125,1.289,0.066,2.613,64113.94970087724,60980.00158187724
A_M_1.7999999999999998_1.0_41,COM,1.174359,1.357853,1.407,0.889,3.882,62280.110689877234,60980.00158187724
A_M_1.7999999999999998_1.0_42,COM,0.215083,1.065713,2.13,2.476,3.202,63116.990918877236,60980.00158187724
A_M_1.7999999999999998_1.0_43,COM,1.678992,1.547084,1.942,4.058,5.873,62791.30287187724,60980.00158187724
A_M_1.7999999999999998_1.0_44,COM,0.662114,1.203591,0.408,1.438,5.341,61194.521779877236,60980.00158187724
A_M_1.7999999999999998_1.0_45,COM,1.440102,1.455689,2.814,3.535,2.362,62904.88387687724,60980.00158187724
A_M_1.7999999999999998_1.0_46,COM,1.343947,1.450216,1.24,3.022,5.35,62116.95823487724,60980.00158187724
A_M_1.7999999999999998_1.0_47,COM,0.385863,1.130543,0.771,5.465,0.994,63217.49335787724,60980.00158187724
A_M_1.7999999999999998_1.0_48,COM,1.314628,1.433449,2.143,3.445,3.44,62342.812547877234,60980.00158187724
A_M_1.7999999999999998_1.0_49,COM,0.394894,1.145085,1.852,5.332,0.079,61805.316399877236,60980.00158187724
A_M_1.7999999999999998_1.0_50,COM,1.235203,1.427771,1.116,2.359,5.291,62959.20107587724,60980.00158187724
A_M_1.7999999999999998_1.0_51,COM,1.247265,1.509261,1.453,2.109,3.086,61188.762776877236,60980.00158187724
A_M_1.7999999999999998_1.0_52,COM,1.4007,1.550958,1.382,2.25,4.982,62761.34098887724,60980.00158187724
A_M_1.7999999999999998_1.0_53,COM,0.928146,1.356052,1.566,0.708,3.935,61632.926933877236,60980.00158187724
A_M_1.7999999999999998_1.0_54,COM,1.526949,1.620342,2.192,1.711,4.838,63899.14521387724,60980.00158187724
A_M_1.7999999999999998_1.0_55,COM,1.271337,1.476024,1.595,1.565,4.117,63516.26400587724,60980.00158187724
A_M_1.7999999999999998_1.0_56,COM,2.109637,1.924986,1.788,6.1,1.839,62008.454143877236,60980.00158187724
A_M_1.7999999999999998_1.0_57,COM,0.610689,1.261412,2.045,4.573,1.515,64171.96733187724,60980.00158187724
A_M_1.7999999999999998_1.0_58,COM,1.105403,1.488772,1.641,0.239,4.948,61849.90224887724,60980.00158187724
A_M_1.7999999999999998_1.0_59,COM,0.084662,1.036123,1.482,5.689,4.416,63877.72151787724,60980.00158187724
A_M_1.7999999999999998_1.0_60,COM,0.329098,1.139491,1.527,6.269,5.013,63891.898282877235,60980.00158187724
A_M_1.7999999999999998_1.0_61,COM,0.414016,1.183048,1.513,4.562,5.295,62079.960285877234,60980.00158187724
A_M_1.7999999999999998_1.0_62,COM,0.671402,1.306506,2.513,2.787,5.502,61664.37325587724,60980.00158187724
A_M_1.7999999999999998_1.0_63,COM,2.429759,2.190462,2.279,1.233,5.212,64328.011206877236,60980.00158187724
A_M_1.7999999999999998_1.0_64,COM,1.141609,1.557218,0.955,0.925,5.511,64199.733372877236,60980.00158187724
A_M_1.7999999999999998_1.0_65,COM,0.08035,1.039915,1.649,6.087,4.634,64127.63724687724,60980.00158187724
A_M_1.7999999999999998_1.0_66,COM,1.342544,1.667163,1.152,5.554,3.34,63654.823941877235,60980.00158187724
A_M_1.7999999999999998_1.0_67,COM,1.9181,1.886023,1.45,3.474,2.035,61120.42092987724,60980.00158187724
A_M_1.7999999999999998_1.0_68,COM,0.821299,1.393713,1.554,4.682,3.395,63398.38413487724,60980.00158187724
A_M_1.7999999999999998_1.0_69,COM,2.347987,2.157212,1.526,1.384,0.631,63569.99180087724,60980.00158187724
A_M_1.7999999999999998_1.0_70,COM,0.050909,1.02546,2.555,0.209,6.112,63961.696598877235,60980.00158187724
A_M_1.7999999999999998_1.0_71,COM,0.159212,1.083892,2.053,6.22,0.177,61481.10317787724,60980.00158187724
A_M_1.7999999999999998_1.0_72,COM,0.481249,1.250323,1.966,6.118,5.306,61552.042214877234,60980.00158187724
A_M_1.7999999999999998_1.0_73,COM,1.524117,1.800385,1.44,5.152,1.876,62520.618537877235,60980.00158187724
A_M_1.7999999999999998_1.0_74,COM,0.803872,1.433132,2.104,4.294,2.894,64233.912292877234,60980.00158187724
A_M_1.7999999999999998_1.0_75,COM,2.644786,2.470512,1.408,1.899,4.952,61842.92178187724,60980.00158187724
A_M_1.7999999999999998_1.0_76,COM,1.815419,2.054056,1.626,3.945,2.652,62089.80336587724,60980.00158187724
A_M_1.7999999999999998_1.0_77,COM,0.867099,1.518956,1.107,3.237,3.749,61774.763010877236,60980.00158187724
A_M_1.7999999999999998_1.0_78,COM,1.231163,1.721403,1.458,2.931,1.891,61858.23285187724,60980.00158187724
A_M_1.7999999999999998_1.0_79,COM,1.232721,1.722472,0.719,1.277,2.171,63437.56704787724,60980.00158187724
A_M_1.7999999999999998_1.0_80,COM,1.377787,1.779242,0.592,4.18,4.655,64668.53550387724,60980.00158187724
A_M_1.7999999999999998_1.0_81,COM,0.171978,1.112106,1.159,0.255,3.513,61468.39859687724,60980.00158187724
A_M_1.7999999999999998_1.0_82,COM,1.110132,1.703025,0.93,3.081,4.411,61299.78107087724,60980.00158187724
A_M_1.7999999999999998_1.0_83,COM,1.114105,1.687191,1.595,3.349,4.147,60942.872918877234,60980.00158187724
A_M_1.7999999999999998_1.0_84,COM,1.168446,1.776228,2.593,3.871,1.496,64482.501144877235,60980.00158187724
A_M_1.7999999999999998_1.0_85,COM,0.735266,1.506579,1.009,1.545,5.244,61464.56151187724,60980.00158187724
A_M_1.7999999999999998_1.0_86,COM,0.537344,1.380471,2.607,0.265,4.011,61308.30797987724,60980.00158187724
A_M_1.7999999999999998_1.0_87,COM,0.533213,1.353213,2.363,4.531,4.803,64043.247772877236,60980.00158187724
A_M_1.7999999999999998_1.0_88,COM,0.549845,1.403662,1.856,4.904,2.23,61318.331676877235,60980.00158187724
A_M_1.7999999999999998_1.0_89,COM,2.707885,2.942229,2.529,5.441,3.859,61545.16338487724,60980.00158187724
A_M_1.7999999999999998_1.0_90,COM,1.820181,2.36777,2.284,3.788,2.672,62687.029470877234,60980.00158187724
A_M_1.7999999999999998_1.0_91,COM,1.123774,1.841505,2.53,0.424,2.557,62468.47156787724,60980.00158187724
A_M_1.7999999999999998_1.0_92,COM,0.128622,1.091441,2.537,1.544,1.742,63385.144027877235,60980.00158187724
A_M_1.7999999999999998_1.0_93,COM,0.61679,1.439147,1.034,2.707,5.066,62124.446986877236,60980.00158187724
A_M_1.7999999999999998_1.0_94,COM,0.338559,1.244245,1.503,0.953,4.746,62842.446191877236,60980.00158187724
A_M_1.7999999999999998_1.0_95,COM,1.492354,2.142764,1.602,2.141,4.431,63353.944558877236,60980.00158187724
A_M_1.7999999999999998_1.0_96,COM,0.858879,1.628938,1.7,0.857,5.052,61960.94931387724,60980.00158187724
A_M_1.7999999999999998_1.0_97,COM,1.607267,2.142161,1.197,2.192,4.916,61326.16148387724,60980.00158187724
A_M_1.7999999999999998_1.0_98,COM,0.462734,1.374458,1.336,5.216,3.609,61174.96892087724,60980.00158187724
A_M_1.7999999999999998_1.0_99,COM,0.312447,1.256441,0.219,2.842,5.885,61162.25237887724,60980.00158187724
A_M_1.7999999999999998_1.0_100,COM,0.051003,1.04173,0.955,1.91,4.702,64641.91580587724,60980.00158187724
A_M_1.7999999999999998_1.0_101,COM,0.526718,1.417958,2.211,0.22,3.874,62034.700146877236,60980.00158187724
A_M_1.7999999999999998_1.0_102,COM,1.404475,2.089818,1.571,2.3,5.195,62515.202635877235,60980.00158187724
A_M_1.7999999999999998_1.0_103,COM,0.612379,1.474348,0.904,3.283,2.958,63316.29173487724,60980.00158187724
A_M_1.7999999999999998_1.0_104,COM,0.861616,1.725235,1.419,0.773,4.797,62114.76968287724,60980.00158187724
A_M_1.7999999999999998_1.0_105,COM,0.880257,1.737644,2.8,2.119,6.225,61918.63893887724,60980.00158187724
A_M_1.7999999999999998_1.0_106,COM,3.904268,4.416883,0.84,3.185,0.451,62454.15633287724,60980.00158187724
A_M_1.7999999999999998_1.0_107,COM,1.716054,2.524021,2.515,3.769,3.891,64032.190211877234,60980.00158187724
A_M_1.7999999999999998_1.0_108,COM,0.874523,1.726584,1.138,6.15,3.454,63766.00013087724,60980.00158187724
A_M_1.7999999999999998_1.0_109,COM,1.604874,2.348917,2.463,1.589,5.573,62742.66901387724,60980.00158187724
A_M_1.7999999999999998_1.0_110,COM,1.21692,2.043248,0.598,3.057,0.541,63519.20772287724,60980.00158187724
A_M_1.7999999999999998_1.0_111,COM,1.482106,2.227115,2.868,6.058,4.466,64193.22883287724,60980.00158187724
A_M_1.7999999999999998_1.0_112,COM,1.398474,2.275891,0.594,5.332,3.023,63799.938474877235,60980.00158187724
A_M_1.7999999999999998_1.0_113,COM,0.453954,1.419118,2.189,5.869,4.667,61997.780050877234,60980.00158187724
A_M_1.7999999999999998_1.0_114,COM,0.869474,1.797677,0.693,4.414,2.482,60956.86586187724,60980.00158187724
A_M_1.7999999999999998_1.0_115,COM,1.22827,2.147645,1.79,2.627,3.289,64076.47730687724,60980.00158187724
A_M_1.7999999999999998_1.0_116,COM,1.5091,2.429111,0.871,1.592,4.792,62139.528440877235,60980.00158187724
A_M_1.7999999999999998_1.0_117,COM,0.182396,1.167771,1.396,4.616,5.504,62516.642157877235,60980.00158187724
A_M_1.7999999999999998_1.0_118,COM,1.081747,1.972858,2.034,2.351,5.166,61075.91043487724,60980.00158187724
A_M_1.7999999999999998_1.0_119,COM,1.850018,2.835057,1.381,4.201,4.97,63412.98476087724,60980.00158187724
A_M_1.7999999999999998_1.0_120,COM,1.171264,2.193676,1.939,4.445,0.883,62398.72158687724,60980.00158187724
A_M_1.7999999999999998_1.0_121,COM,1.907584,2.854914,1.267,1.58,3.394,62913.304231877235,60980.00158187724
A_M_1.7999999999999998_1.0_122,COM,1.0426,2.005007,1.674,2.486,6.204,64387.23607187724,60980.00158187724
A_M_1.7999999999999998_1.0_123,COM,1.270765,2.234753,1.262,1.875,6.276,61239.88271887724,60980.00158187724
A_M_1.7999999999999998_1.0_124,COM,3.816057,4.853226,2.761,1.624,1.255,62812.21745287724,60980.00158187724
A_M_1.7999999999999998_1.0_125,COM,1.051897,2.049245,2.304,5.609,3.167,64262.522402877235,60980.00158187724
A_M_1.7999999999999998_1.0_126,COM,1.59327,2.606621,2.615,1.917,5.702,62200.29248387724,60980.00158187724
A_M_1.7999999999999998_1.0_127,COM,1.324307,2.320633,0.869,5.119,3.764,62329.423984877234,60980.00158187724
A_M_1.7999999999999998_1.0_128,COM,2.149116,3.148464,1.216,2.496,3.776,63384.371565877234,60980.00158187724
A_M_1.7999999999999998_1.0_129,COM,0.241293,1.25755,1.03,4.102,2.761,62171.452425877236,60980.00158187724
A_M_1.7999999999999998_1.0_130,COM,0.530753,1.565449,2.137,2.499,2.276,64500.57936687724,60980.00158187724
A_M_1.7999999999999998_1.0_131,COM,1.713572,2.799233,1.855,3.21,1.501,61068.202076877235,60980.00158187724
A_M_1.7999999999999998_1.0_132,COM,1.802633,2.9362,2.692,1.144,1.757,61155.037314877234,60980.00158187724
A_M_1.7999999999999998_1.0_133,COM,0.654863,1.700636,2.277,3.445,1.593,64390.254968877234,60980.00158187724
A_M_1.7999999999999998_1.0_134,COM,1.306363,2.370663,2.951,1.688,4.28,63577.527303877236,60980.00158187724
A_M_1.7999999999999998_1.0_135,COM,0.986151,2.049711,1.422,5.972,4.743,63316.39713087724,60980.00158187724
A_M_1.7999999999999998_1.0_136,COM,0.067953,1.072539,1.987,2.082,4.701,61114.27382687724,60980.00158187724
A_M_1.7999999999999998_1.0_137,COM,1.449367,2.494238,2.384,2.395,2.774,63987.81462487724,60980.00158187724
A_M_1.7999999999999998_1.0_138,COM,0.725302,1.787881,2.935,3.165,4.004,63104.54854987724,60980.00158187724
A_M_1.7999999999999998_1.0_139,COM,0.248986,1.260875,0.287,2.516,2.978,64450.719376877234,60980.00158187724
A_M_1.7999999999999998_1.0_140,COM,1.036672,2.096541,1.185,0.435,2.113,62301.154168877234,60980.00158187724
A_M_1.7999999999999998_1.0_141,COM,1.192576,2.378211,0.791,1.529,4.635,61542.76845387724,60980.00158187724
A_M_1.7999999999999998_1.0_142,COM,1.512568,2.672707,1.885,2.303,3.108,64526.50337287724,60980.00158187724
A_M_1.7999999999999998_1.0_143,COM,1.170612,2.293687,0.811,1.528,4.359,64352.92404387724,60980.00158187724
A_M_1.7999999999999998_1.0_144,COM,0.930151,2.02928,2.362,4.224,3.703,63264.635686877235,60980.00158187724
A_M_1.7999999999999998_1.0_145,COM,2.106249,3.395649,2.646,2.507,5.663,61150.82769687724,60980.00158187724
A_M_1.7999999999999998_1.0_146,COM,1.301145,2.451949,1.389,0.077,3.104,61855.52991487724,60980.00158187724
A_M_1.7999999999999998_1.0_147,COM,0.513618,1.593115,0.976,1.909,4.247,64511.78458187724,60980.00158187724
A_M_1.7999999999999998_1.0_148,COM,1.284147,2.397696,2.675,0.082,4.687,63970.766531877234,60980.00158187724
A_M_1.7999999999999998_1.0_149,COM,1.240594,2.368012,0.471,1.277,2.293,63548.444473877236,60980.00158187724
A_M_1.7999999999999998_1.0_150,COM,1.635858,2.986425,2.391,2.104,3.883,63254.39051187724,60980.00158187724
A_M_1.7999999999999998_1.0_151,COM,1.432675,2.743201,1.689,4.451,3.766,63357.945842877234,60980.00158187724
A_M_1.7999999999999998_1.0_152,COM,1.241651,2.493716,1.046,3.676,2.561,62075.141106877236,60980.00158187724
A_M_1.7999999999999998_1.0_153,COM,1.194175,2.408338,0.973,1.46,5.301,62264.00972987724,60980.00158187724
A_M_1.7999999999999998_1.0_154,COM,1.046759,2.292052,1.668,2.341,3.31,63315.423813877234,60980.00158187724
A_M_1.7999999999999998_1.0_155,COM,1.377672,2.78365,0.815,4.568,2.484,61561.04083087724,60980.00158187724
A_M_1.7999999999999998_1.0_156,COM,1.33346,2.728886,0.887,1.143,3.283,63152.44650587724,60980.00158187724
A_M_1.7999999999999998_1.0_157,COM,1.283502,2.672685,1.565,3.476,3.56,62716.957708877235,60980.00158187724
A_M_1.7999999999999998_1.0_158,COM,0.500782,1.654202,1.225,5.593,0.074,64536.87068287724,60980.00158187724
A_M_1.7999999999999998_1.0_159,COM,1.177794,2.516635,2.656,0.35,5.064,60950.37898687724,60980.00158187724
A_M_1.7999999999999998_1.0_160,COM,0.037438,1.048352,1.538,3.781,5.493,64562.12880587724,60980.00158187724
A_M_1.7999999999999998_1.0_161,COM,0.46948,1.610153,1.55,3.903,3.645,62433.19863587724,60980.00158187724
A_M_1.7999999999999998_1.0_162,COM,0.565133,1.733423,0.052,4.645,2.791,62371.10268787724,60980.00158187724
A_M_1.7999999999999998_1.0_163,COM,0.721467,1.909701,2.6,4.907,5.159,61673.83016887724,60980.00158187724
A_M_1.7999999999999998_1.0_164,COM,0.496555,1.671875,0.745,4.262,1.843,63692.21774287724,60980.00158187724
A_M_1.7999999999999998_1.0_165,COM,0.613725,1.806386,2.272,2.278,3.32,62148.22413987724,60980.00158187724
A_M_1.7999999999999998_1.0_166,COM,1.275468,2.687544,0.814,4.295,5.581,63966.18399387724,60980.00158187724
A_M_1.7999999999999998_1.0_167,COM,1.330582,2.786736,0.777,4.066,2.849,64533.41200987724,60980.00158187724
A_M_1.7999999999999998_1.0_168,COM,0.654278,1.882444,0.739,5.462,2.726,61159.78964887724,60980.00158187724
A_M_1.7999999999999998_1.0_169,COM,1.31357,2.785887,2.401,5.591,2.561,62555.43631987724,60980.00158187724
A_M_1.7999999999999998_1.0_170,COM,0.69272,1.951443,1.799,2.211,5.875,61045.39094187724,60980.00158187724
A_M_1.7999999999999998_1.0_171,COM,1.163052,2.609246,1.361,5.336,4.397,62860.33484387724,60980.00158187724
A_M_1.7999999999999998_1.0_172,COM,1.029462,2.354491,0.937,0.229,5.411,63378.94927287724,60980.00158187724
A_M_1.7999999999999998_1.0_173,COM,1.489854,3.025892,2.481,1.131,3.838,60988.061686877234,60980.00158187724
A_M_1.7999999999999998_1.0_174,COM,1.498296,3.007963,2.13,2.515,4.343,61271.97048087724,60980.00158187724
A_M_1.7999999999999998_1.0_175,COM,1.935181,3.637732,1.683,5.64,3.447,62146.26501987724,60980.00158187724
A_M_1.7999999999999998_1.0_176,COM,2.15223,3.860017,1.246,1.368,4.125,62351.588147877235,60980.00158187724
A_M_1.7999999999999998_1.0_177,COM,1.222728,2.757664,2.59,2.77,1.247,63804.12385187724,60980.00158187724
A_M_1.7999999999999998_1.0_178,COM,1.777257,3.508075,0.741,0.067,3.175,63427.725824877234,60980.00158187724
A_M_1.7999999999999998_1.0_179,COM,1.926079,3.781277,1.551,5.646,3.648,63618.26293287724,60980.00158187724
A_M_1.7999999999999998_1.0_180,COM,1.242934,2.725262,1.671,2.603,3.782,64469.91928887724,60980.00158187724
A_M_1.7999999999999998_1.0_181,COM,1.628614,3.376141,2.888,2.086,5.238,63726.045075877235,60980.00158187724
A_M_1.7999999999999998_1.0_182,COM,1.103758,2.6114,1.549,4.716,4.09,64420.789146877236,60980.00158187724
A_M_1.7999999999999998_1.0_183,COM,1.543373,3.249921,0.692,4.253,1.761,62272.04340487724,60980.00158187724
A_M_1.7999999999999998_1.0_184,COM,0.192859,1.280462,1.461,4.63,2.756,63655.136374877235,60980.00158187724
A_M_1.7999999999999998_1.0_185,COM,0.534919,1.745251,0.424,4.518,4.523,63069.64304787724,60980.00158187724
A_M_1.7999999999999998_1.0_186,COM,1.087508,2.613397,2.016,0.461,3.379,63875.02733387724,60980.00158187724
A_M_1.7999999999999998_1.0_187,COM,0.981208,2.517009,0.406,5.166,0.808,64045.35266887724,60980.00158187724
A_M_1.7999999999999998_1.0_188,COM,1.235194,2.870156,0.075,1.518,0.179,61153.496479877234,60980.00158187724
A_M_1.7999999999999998_1.0_189,COM,1.355079,3.012235,1.764,2.071,3.048,64610.741106877234,60980.00158187724
A_M_1.7999999999999998_1.0_190,COM,0.802236,2.183608,1.371,0.18,2.725,63119.39121587724,60980.00158187724
A_M_1.7999999999999998_1.0_191,COM,0.632935,1.949701,1.533,3.422,3.167,64654.23253987724,60980.00158187724
A_M_1.7999999999999998_1.0_192,COM,0.322004,1.493665,1.989,4.126,2.564,64135.456551877236,60980.00158187724
A_M_1.7999999999999998_1.0_193,COM,0.123385,1.183292,2.22,4.473,1.939,60976.61610187724,60980.00158187724
A_M_1.7999999999999998_1.0_194,COM,0.496821,1.786973,2.45,4.772,3.109,61227.61440687724,60980.00158187724
A_M_1.7999999999999998_1.0_195,COM,0.903091,2.458844,1.555,2.233,4.13,62404.74757287724,60980.00158187724
A_M_1.7999999999999998_1.0_196,COM,1.663311,3.583417,1.394,5.007,1.473,63921.06219987724,60980.00158187724
A_M_1.7999999999999998_1.0_197,COM,0.421016,1.68623,2.096,5.905,3.185,63247.31580087724,60980.00158187724
A_M_1.7999999999999998_1.0_198,COM,1.455682,3.363487,1.381,0.76,2.99,63178.64871687724,60980.00158187724
A_M_1.7999999999999998_1.0_199,COM,1.135557,2.785707,1.961,0.764,3.366,61562.149185877235,60980.00158187724
A_M_1.7999999999999998_1.0_200,COM,1.458989,3.345793,2.296,4.011,1.389,62473.504903877234,60980.00158187724
A_M_1.7999999999999998_1.0_201,COM,0.681843,2.104,1.635,4.391,3.076,64590.08454287724,60980.00158187724
A_M_1.7999999999999998_1.0_202,COM,0.698875,2.128011,1.477,5.361,4.046,62924.17448987724,60980.00158187724
A_M_1.7999999999999998_1.0_203,COM,0.138383,1.220529,0.648,4.822,2.809,62103.74477887724,60980.00158187724
A_M_1.7999999999999998_1.0_204,COM,0.777451,2.244538,0.821,2.256,3.78,63652.70142087724,60980.00158187724
A_M_1.7999999999999998_1.0_205,COM,0.606071,1.969291,0.931,4.423,4.999,61432.01540987724,60980.00158187724
A_M_1.7999999999999998_1.0_206,COM,0.719737,2.130809,1.725,2.932,1.313,61239.44676287724,60980.00158187724
A_M_1.7999999999999998_1.0_207,COM,1.545254,3.546558,0.624,6.007,0.341,64557.92420887724,60980.00158187724
A_M_1.7999999999999998_1.0_208,COM,1.659223,3.735314,0.257,0.618,4.622,62713.75405287724,60980.00158187724
A_M_1.7999999999999998_1.0_209,COM,1.490361,3.53264,1.017,4.858,4.796,64502.04483187724,60980.00158187724
A_M_1.7999999999999998_1.0_210,COM,1.599248,3.669073,1.227,3.812,1.533,62462.03373687724,60980.00158187724
A_M_1.7999999999999998_1.0_211,COM,1.583527,3.638162,2.243,1.843,5.873,63038.30555687724,60980.00158187724
A_M_1.7999999999999998_1.0_212,COM,1.066663,2.829244,1.238,2.305,3.87,63463.264620877235,60980.00158187724
A_M_1.7999999999999998_1.0_213,COM,1.306059,3.197107,1.475,2.401,4.469,62515.09939287724,60980.00158187724
A_M_1.7999999999999998_1.0_214,COM,2.408124,5.090084,0.75,0.539,3.233,64289.18846887724,60980.00158187724
A_M_1.7999999999999998_1.0_215,COM,0.948444,2.584052,2.225,0.552,4.217,62719.152882877235,60980.00158187724
A_M_1.7999999999999998_1.0_216,COM,1.803952,4.067114,1.59,1.558,3.758,64508.08571287724,60980.00158187724
A_M_1.7999999999999998_1.0_217,COM,0.444882,1.750146,2.11,1.319,2.535,63901.560747877236,60980.00158187724
A_M_1.7999999999999998_1.0_218,COM,1.270144,3.169892,0.65,6.101,5.951,62031.15957187724,60980.00158187724
A_M_1.7999999999999998_1.0_219,COM,0.616827,2.101215,2.623,0.405,3.402,61591.02773987724,60980.00158187724
A_M_1.7999999999999998_1.0_220,COM,1.651182,3.975794,1.946,4.432,1.21,63376.267610877236,60980.00158187724
A_M_1.7999999999999998_1.0_221,COM,1.32286,3.359252,1.878,4.987,5.446,62097.634331877234,60980.00158187724
A_M_1.7999999999999998_1.0_222,COM,1.301754,3.440661,1.162,2.475,4.536,64108.186902877234,60980.00158187724
A_M_1.7999999999999998_1.0_223,COM,1.06788,3.006168,1.114,5.027,5.315,63526.017567877236,60980.00158187724
A_M_1.7999999999999998_1.0_224,COM,1.362566,3.54306,1.577,3.611,3.724,61962.60890287724,60980.00158187724
A_M_1.7999999999999998_1.0_225,COM,1.46898,3.761333,2.174,6.183,3.415,63925.38834887724,60980.00158187724
A_M_1.7999999999999998_1.0_226,COM,1.880557,4.682118,1.174,5.467,2.543,61870.534632877236,60980.00158187724
A_M_1.7999999999999998_1.0_227,COM,0.915101,2.817664,2.2,4.449,4.771,63806.30258387724,60980.00158187724
A_M_1.7999999999999998_1.0_228,COM,0.573347,2.090921,1.308,2.649,3.496,63569.389877877235,60980.00158187724
A_M_1.7999999999999998_1.0_229,COM,1.117535,3.153476,1.59,1.668,4.05,62420.72078887724,60980.00158187724
A_M_1.7999999999999998_1.0_230,COM,0.979679,3.028363,0.918,2.065,4.502,61590.79717387724,60980.00158187724
A_M_1.7999999999999998_1.0_231,COM,1.44018,3.955755,1.274,5.521,4.021,62969.13494187724,60980.00158187724
A_M_1.7999999999999998_1.0_232,COM,1.350602,3.701836,1.724,3.993,3.574,62236.100422877236,60980.00158187724
A_M_1.7999999999999998_1.0_233,COM,2.351913,5.907819,0.74,3.972,2.498,64118.57210887724,60980.00158187724
A_M_1.7999999999999998_1.0_234,COM,0.721576,2.461431,1.26,3.861,4.528,63627.082066877236,60980.00158187724
A_M_1.7999999999999998_1.0_235,COM,0.041322,1.084838,2.064,0.16,4.588,61455.34067787724,60980.00158187724
A_M_1.7999999999999998_1.0_236,COM,1.423747,3.885952,2.348,6.106,4.015,61767.897312877234,60980.00158187724
A_M_1.7999999999999998_1.0_237,COM,1.117252,3.352502,2.422,1.678,4.036,64599.41726987724,60980.00158187724
A_M_1.7999999999999998_1.0_238,COM,1.581647,4.379764,1.211,3.696,4.033,61125.72278487724,60980.00158187724
A_M_1.7999999999999998_1.0_239,COM,1.209833,3.599051,1.144,4.831,3.028,62144.35321987724,60980.00158187724
A_M_1.7999999999999998_1.0_240,COM,0.965579,3.024312,1.16,5.941,3.108,61825.485480877236,60980.00158187724
A_M_1.7999999999999998_1.0_241,COM,0.689186,2.482327,0.804,2.811,3.861,64121.18519587724,60980.00158187724
A_M_1.7999999999999998_1.0_242,COM,0.875364,2.839419,0.533,2.156,4.944,61458.351877877234,60980.00158187724
A_M_1.7999999999999998_1.0_243,COM,0.787248,2.674476,2.868,5.682,2.999,61861.33361887724,60980.00158187724
A_M_1.7999999999999998_1.0_244,COM,4.169256,10.103154,0.918,4.756,4.292,61032.41665487724,60980.00158187724
A_M_1.7999999999999998_1.0_245,COM,0.899682,2.926448,0.272,3.047,3.691,61123.06535787724,60980.00158187724
A_M_1.7999999999999998_1.0_246,COM,1.995571,5.36455,1.678,0.157,2.59,61554.55127187724,60980.00158187724
A_M_1.7999999999999998_1.0_247,COM,1.371646,3.963965,1.511,4.123,2.579,61962.922141877236,60980.00158187724
A_M_1.7999999999999998_1.0_248,COM,0.707669,2.55674,0.208,3.509,2.493,63672.47921387724,60980.00158187724
A_M_1.7999999999999998_1.0_249,COM,1.091667,3.442259,2.036,2.032,5.213,61244.080797877235,60980.00158187724
A_M_1.7999999999999998_1.0_250,COM,0.791562,2.78281,2.849,2.147,2.196,63740.38387687724,60980.00158187724
A_M_1.7999999999999998_1.0_251,COM,0.080487,1.177415,2.502,5.593,5.952,62875.35232687724,60980.00158187724
A_M_1.7999999999999998_1.0_252,COM,1.429205,4.166564,2.398,2.031,2.196,63272.76420787724,60980.00158187724
A_M_1.7999999999999998_1.0_253,COM,1.369105,4.086517,1.595,4.944,2.55,62256.344462877234,60980.00158187724
A_M_1.7999999999999998_1.0_254,COM,1.369105,4.086517,1.595,4.944,2.55,62256.344462877234,60980.00158187724
A_M_1.7999999999999998_1.0_255,COM,1.962613,5.479019,2.135,4.539,2.995,63385.11348187724,60980.00158187724
A_M_1.7999999999999998_1.0_256,COM,1.204909,3.737286,0.929,3.206,2.471,61303.471677877234,60980.00158187724
A_M_1.7999999999999998_1.0_257,COM,0.428258,1.959781,1.125,3.674,4.577,64596.281860877236,60980.00158187724
A_M_1.7999999999999998_1.0_258,COM,1.220107,3.725825,0.899,0.771,5.643,62079.88290587724,60980.00158187724
A_M_1.7999999999999998_1.0_259,COM,0.688336,2.622267,1.697,3.681,4.199,64260.36880687724,60980.00158187724
A_M_1.7999999999999998_1.0_260,COM,0.859544,3.026313,0.471,4.091,2.722,62446.583032877235,60980.00158187724
A_M_1.7999999999999998_1.0_261,COM,0.56372,2.340505,2.121,4.989,2.453,63884.508109877235,60980.00158187724
A_M_1.7999999999999998_1.0_262,COM,1.14753,3.671842,1.447,3.802,1.905,62916.945762877236,60980.00158187724
A_M_1.7999999999999998_1.0_263,COM,1.499933,4.475982,1.038,4.862,3.412,61665.83941987724,60980.00158187724
A_M_1.7999999999999998_1.0_264,COM,0.069875,1.165053,0.846,4.433,2.666,63086.52255987724,60980.00158187724
A_M_1.7999999999999998_1.0_265,COM,0.647545,2.498227,1.327,2.177,1.532,62245.441851877236,60980.00158187724
A_M_1.7999999999999998_1.0_266,COM,1.211086,3.824003,1.234,3.379,3.443,61580.73383287724,60980.00158187724
A_M_1.7999999999999998_1.0_267,COM,1.234971,3.932388,0.891,4.59,2.897,62854.74952187724,60980.00158187724
A_M_1.7999999999999998_1.0_268,COM,1.356132,4.314317,2.039,0.046,0.105,62105.307754877234,60980.00158187724
A_M_1.7999999999999998_1.0_269,COM,1.526305,4.675359,0.186,2.59,2.235,63373.02036387724,60980.00158187724
A_M_1.7999999999999998_1.0_270,COM,1.212752,3.95675,0.847,6.255,6.189,63962.89150787724,60980.00158187724
A_M_1.7999999999999998_1.0_271,COM,0.522363,2.271706,1.326,2.951,3.362,64311.06373987724,60980.00158187724
A_M_1.7999999999999998_1.0_272,COM,1.387905,4.421839,2.223,4.556,3.582,64019.82829487724,60980.00158187724
A_M_1.7999999999999998_1.0_273,COM,1.605835,4.935916,1.761,5.874,3.802,61724.34440687724,60980.00158187724
A_M_1.7999999999999998_1.0_274,COM,2.39667,6.91186,2.687,5.185,1.755,64354.095111877235,60980.00158187724
A_M_1.7999999999999998_1.0_275,COM,0.147704,1.356981,1.14,0.644,5.89,64362.88327287724,60980.00158187724
A_M_1.7999999999999998_1.0_276,COM,1.073483,3.766349,2.266,1.628,5.577,61267.39960687724,60980.00158187724
A_M_1.7999999999999998_1.0_277,COM,1.481153,4.784349,2.844,4.205,1.987,61931.355300877236,60980.00158187724
A_M_1.7999999999999998_1.0_278,COM,0.097808,1.250553,2.319,1.552,3.71,62816.50150587724,60980.00158187724
A_M_1.7999999999999998_1.0_279,COM,1.882692,5.874622,2.552,1.889,0.253,63841.901249877235,60980.00158187724
A_M_1.7999999999999998_1.0_280,COM,1.069197,3.884986,0.852,2.178,1.052,62053.679149877236,60980.00158187724
A_M_1.7999999999999998_1.0_281,COM,0.951948,3.496546,2.42,5.326,2.186,62617.09060587724,60980.00158187724
A_M_1.7999999999999998_1.0_282,COM,1.290172,4.494746,1.366,0.692,3.413,61188.74002487724,60980.00158187724
A_M_1.7999999999999998_1.0_283,COM,0.631448,2.711688,0.481,4.885,1.659,61985.945371877235,60980.00158187724
A_M_1.7999999999999998_1.0_284,COM,0.965033,3.577274,1.071,5.696,2.089,62279.438989877235,60980.00158187724
A_M_1.7999999999999998_1.0_285,COM,0.480377,2.260268,2.117,0.831,2.996,61942.32399987724,60980.00158187724
A_M_1.7999999999999998_1.0_286,COM,2.082395,6.529573,0.055,3.203,2.823,63714.00313887724,60980.00158187724
A_M_1.7999999999999998_1.0_287,COM,1.47435,5.098665,1.273,4.698,5.092,62744.763611877235,60980.00158187724
A_M_1.7999999999999998_1.0_288,COM,1.044527,3.912981,1.646,4.467,3.163,63964.71954687724,60980.00158187724
A_M_1.7999999999999998_1.0_289,COM,1.39048,4.814457,2.836,3.055,0.603,63591.13026187724,60980.00158187724
A_M_1.7999999999999998_1.0_290,COM,1.451329,4.987443,1.694,4.69,2.154,63836.032975877235,60980.00158187724
A_M_1.7999999999999998_1.0_291,COM,1.9311,6.280312,2.305,4.395,2.281,64413.64633587724,60980.00158187724
A_M_1.7999999999999998_1.0_292,COM,0.434609,2.213526,0.526,5.804,1.185,61383.45829487724,60980.00158187724
A_M_1.7999999999999998_1.0_293,COM,1.555183,5.224062,1.514,4.493,3.806,62588.440213877235,60980.00158187724
A_M_1.7999999999999998_1.0_294,COM,0.893714,3.482948,1.717,5.182,2.839,64499.184687877234,60980.00158187724
A_M_1.7999999999999998_1.0_295,COM,0.957198,3.660677,2.546,2.549,0.957,61676.20892687724,60980.00158187724
A_M_1.7999999999999998_1.0_296,COM,1.225027,4.45408,1.865,2.039,2.744,62909.01301487724,60980.00158187724
A_M_1.7999999999999998_1.0_297,COM,0.527222,2.489523,1.443,1.529,3.184,61104.65039987724,60980.00158187724
A_M_1.7999999999999998_1.0_298,COM,1.339858,4.909225,2.716,1.922,4.883,62996.21651587724,60980.00158187724
A_M_1.7999999999999998_1.0_299,COM,1.24986,4.654179,1.757,4.604,2.887,61934.637666877235,60980.00158187724
A_M_1.7999999999999998_1.0_300,COM,1.059514,4.033751,1.514,1.16,4.963,63558.792108877235,60980.00158187724
A_M_1.7999999999999998_1.0_301,COM,1.145825,4.313003,0.639,1.018,4.872,62150.350331877235,60980.00158187724
A_M_1.7999999999999998_1.0_302,COM,1.699026,5.834237,1.678,2.853,3.908,63757.030178877234,60980.00158187724
A_M_1.7999999999999998_1.0_303,COM,1.279614,4.748038,2.686,1.724,3.309,64006.55327487724,60980.00158187724
A_M_1.7999999999999998_1.0_304,COM,0.808526,3.346043,2.741,1.918,0.714,64635.345795877234,60980.00158187724
A_M_1.7999999999999998_1.0_305,COM,0.658459,2.907333,1.728,5.053,2.586,62293.47419987724,60980.00158187724
A_M_1.7999999999999998_1.0_306,COM,0.238405,1.691698,2.621,5.913,3.175,64055.53959987724,60980.00158187724
A_M_1.7999999999999998_1.0_307,COM,1.471767,5.657092,1.342,1.11,4.769,62507.35312187724,60980.00158187724
A_M_1.7999999999999998_1.0_308,COM,0.929015,3.936953,1.361,5.245,2.782,63191.968861877234,60980.00158187724
A_M_1.7999999999999998_1.0_309,COM,1.375868,5.48256,2.109,3.248,3.343,61514.96645287724,60980.00158187724
A_M_1.7999999999999998_1.0_310,COM,0.801785,3.632707,1.689,0.995,3.43,64540.23336487724,60980.00158187724
A_M_1.7999999999999998_1.0_311,COM,2.117839,7.758503,0.546,0.866,5.775,62485.17883587724,60980.00158187724
A_M_1.7999999999999998_1.0_312,COM,0.331597,2.081593,1.22,4.607,1.239,63759.666613877234,60980.00158187724
A_M_1.7999999999999998_1.0_313,COM,0.203464,1.688573,2.328,1.027,4.065,63342.03649687724,60980.00158187724
A_M_1.7999999999999998_1.0_314,COM,1.197396,5.011752,1.921,5.706,5.813,60978.317899877235,60980.00158187724
A_M_1.7999999999999998_1.0_315,COM,1.601812,6.294602,2.093,4.569,1.551,61503.51571187724,60980.00158187724
A_M_1.7999999999999998_1.0_316,COM,2.114193,8.204003,1.704,4.86,2.638,61381.13124787724,60980.00158187724
A_M_1.7999999999999998_1.0_317,COM,1.153049,4.952813,2.446,5.96,3.136,61271.89052987724,60980.00158187724
A_M_1.7999999999999998_1.0_318,COM,1.086177,4.807192,0.335,3.028,3.108,63879.57469687724,60980.00158187724
A_M_1.7999999999999998_1.0_319,COM,0.568833,2.966513,1.014,1.285,2.693,63528.43117187724,60980.00158187724
A_M_1.7999999999999998_1.0_320,COM,3.893554,14.482161,1.911,5.178,2.787,61418.46646187724,60980.00158187724
A_M_1.7999999999999998_1.0_321,COM,1.474016,6.156106,1.095,1.162,2.294,61563.67582087724,60980.00158187724
A_M_1.7999999999999998_1.0_322,COM,0.783231,3.701191,2.197,3.117,3.415,64424.15978887724,60980.00158187724
A_M_1.7999999999999998_1.0_323,COM,0.521668,2.796322,2.053,2.111,2.459,61577.63609287724,60980.00158187724
A_M_1.7999999999999998_1.0_324,COM,1.204303,5.167123,1.766,1.69,2.254,62649.35337687724,60980.00158187724
A_M_1.7999999999999998_1.0_325,COM,3.790154,14.158757,1.707,3.12,0.701,62665.102199877234,60980.00158187724
A_M_1.7999999999999998_1.0_326,COM,2.009163,8.089152,2.456,0.137,3.144,64159.66684087724,60980.00158187724
A_M_1.7999999999999998_1.0_327,COM,0.7262,3.650824,2.731,5.453,2.161,62885.283468877235,60980.00158187724
A_M_1.7999999999999998_1.0_328,COM,4.213017,16.402377,1.188,4.612,1.547,63323.79898387724,60980.00158187724
A_M_1.7999999999999998_1.0_329,COM,0.597115,3.147175,0.702,1.957,4.156,64536.82481487724,60980.00158187724
A_M_1.7999999999999998_1.0_330,COM,0.222601,1.801085,1.835,4.248,3.819,62107.63208387724,60980.00158187724
A_M_1.7999999999999998_1.0_331,COM,0.799937,3.918855,1.922,1.721,4.42,64143.69575087724,60980.00158187724
A_M_1.7999999999999998_1.0_332,COM,1.622541,6.82265,0.981,1.747,3.477,62132.539936877234,60980.00158187724
A_M_1.7999999999999998_1.0_333,COM,1.384663,6.071527,1.448,5.394,4.029,63031.42055787724,60980.00158187724
A_M_1.7999999999999998_1.0_334,COM,1.036408,4.707312,0.71,4.021,1.279,62685.49728487724,60980.00158187724
A_M_1.7999999999999998_1.0_335,COM,0.735804,3.66439,1.579,4.632,1.652,61437.57240887724,60980.00158187724
A_M_1.7999999999999998_1.0_336,COM,2.957509,11.530181,2.552,5.853,2.584,63655.09258487724,60980.00158187724
A_M_1.7999999999999998_1.0_337,COM,0.899952,4.206302,1.215,6.15,2.642,63790.56950687724,60980.00158187724
A_M_1.7999999999999998_1.0_338,COM,0.51607,2.933512,1.246,5.031,4.026,62760.96803987724,60980.00158187724
A_M_1.7999999999999998_1.0_339,COM,0.735519,3.753525,0.856,1.957,4.365,61877.63787287724,60980.00158187724
A_M_1.7999999999999998_1.0_340,COM,0.516301,2.906842,2.086,1.609,4.749,63814.781130877236,60980.00158187724
A_M_1.7999999999999998_1.0_341,COM,1.409771,6.281043,0.745,3.13,3.494,61019.76777187724,60980.00158187724
A_M_1.7999999999999998_1.0_342,COM,1.364694,6.155589,1.838,0.381,3.45,61233.354825877235,60980.00158187724
A_M_1.7999999999999998_1.0_343,COM,1.341284,6.138243,1.376,4.363,4.159,64273.64186987724,60980.00158187724
A_M_1.7999999999999998_1.0_344,COM,1.232958,5.776407,0.553,5.291,5.772,62724.131261877235,60980.00158187724
A_M_1.7999999999999998_1.0_345,COM,0.684218,3.738565,2.566,4.187,1.125,61564.14273187724,60980.00158187724
A_M_1.7999999999999998_1.0_346,COM,1.29891,6.187208,1.681,6.032,2.693,61768.786736877235,60980.00158187724
A_M_1.7999999999999998_1.0_347,COM,1.038117,5.191375,2.63,1.46,4.567,63075.59615987724,60980.00158187724
A_M_1.7999999999999998_1.0_348,COM,0.388338,2.531888,0.724,2.497,0.738,62714.20079487724,60980.00158187724
A_M_1.7999999999999998_1.0_349,COM,1.203145,5.783846,2.018,3.046,0.731,63848.79523987724,60980.00158187724
A_M_1.7999999999999998_1.0_350,COM,1.123064,5.605479,1.662,4.007,3.483,62273.48418287724,60980.00158187724
A_M_1.7999999999999998_1.0_351,COM,2.132086,9.800825,1.161,1.791,4.485,63862.55033087724,60980.00158187724
A_M_1.7999999999999998_1.0_352,COM,0.968154,5.013311,2.388,2.119,2.592,63430.638976877235,60980.00158187724
A_M_1.7999999999999998_1.0_353,COM,1.404479,6.797156,1.104,6.085,2.761,61356.369335877236,60980.00158187724
A_M_1.7999999999999998_1.0_354,COM,1.200946,6.023241,2.023,3.219,4.265,61107.229976877235,60980.00158187724
A_M_1.7999999999999998_1.0_355,COM,1.430845,7.173689,2.004,2.103,1.821,64546.26873587724,60980.00158187724
A_M_1.7999999999999998_1.0_356,COM,7.774507,34.558526,2.65,1.121,4.687,62753.12696987724,60980.00158187724
A_M_1.7999999999999998_1.0_357,COM,0.767237,4.295842,2.687,4.61,1.712,63124.21855787724,60980.00158187724
A_M_1.7999999999999998_1.0_358,COM,1.062264,5.531877,2.465,4.8,5.238,63802.71771187724,60980.00158187724
A_M_1.7999999999999998_1.0_359,COM,1.214844,6.382619,2.421,1.88,4.202,63251.01345187724,60980.00158187724
A_M_1.7999999999999998_1.0_360,COM,0.855665,4.737844,0.65,2.416,3.818,61775.41656487724,60980.00158187724
A_M_1.7999999999999998_1.0_361,COM,0.503781,3.29691,1.873,1.548,5.253,64543.63561387724,60980.00158187724
A_M_1.7999999999999998_1.0_362,COM,0.992149,5.531244,2.159,5.188,2.963,63933.11527887724,60980.00158187724
A_M_1.7999999999999998_1.0_363,COM,0.826611,4.733299,1.295,0.996,2.13,61975.01029087724,60980.00158187724
A_M_1.7999999999999998_1.0_364,COM,1.288688,7.125026,1.663,2.716,3.415,63241.747214877236,60980.00158187724
A_M_1.7999999999999998_1.0_365,COM,1.090604,6.171581,2.368,3.391,0.568,62887.46486087724,60980.00158187724
A_M_1.7999999999999998_1.0_366,COM,1.420107,7.680653,0.699,3.51,0.144,61368.070610877236,60980.00158187724
A_M_1.7999999999999998_1.0_367,COM,1.321508,7.255517,0.958,5.43,2.862,62811.05404787724,60980.00158187724
A_M_1.7999999999999998_1.0_368,COM,0.780671,4.683689,1.609,4.166,1.902,61177.96268987724,60980.00158187724
A_M_1.7999999999999998_1.0_369,COM,0.420733,3.017775,1.006,4.157,2.411,62536.93631587724,60980.00158187724
A_M_1.7999999999999998_1.0_370,COM,1.443169,8.054099,1.168,5.056,4.098,63158.20378587724,60980.00158187724
A_M_1.7999999999999998_1.0_371,COM,0.657205,4.260784,1.383,2.084,4.403,63553.75969287724,60980.00158187724
A_M_1.7999999999999998_1.0_372,COM,1.209826,7.068127,1.804,0.768,2.437,63521.586574877234,60980.00158187724
A_M_1.7999999999999998_1.0_373,COM,0.726461,4.602056,0.373,4.128,1.999,63170.602522877234,60980.00158187724
A_M_1.7999999999999998_1.0_374,COM,1.417865,8.031238,0.634,5.287,1.171,60972.01693287724,60980.00158187724
A_M_1.7999999999999998_1.0_375,COM,0.63065,4.142532,1.789,1.485,4.91,64031.80402187724,60980.00158187724
A_M_1.7999999999999998_1.0_376,COM,1.92051,10.949326,1.162,2.653,3.86,64648.45925187724,60980.00158187724
A_M_1.7999999999999998_1.0_377,COM,1.122641,6.839012,1.455,2.17,4.185,61936.60224087724,60980.00158187724
A_M_1.7999999999999998_1.0_378,COM,0.723377,4.719749,1.494,1.073,4.604,63563.04569487724,60980.00158187724
A_M_1.7999999999999998_1.0_379,COM,1.073451,6.504474,0.616,3.296,3.278,62972.370366877236,60980.00158187724
A_M_1.7999999999999998_1.0_380,COM,0.854122,5.490198,1.789,5.178,4.94,63809.628787877235,60980.00158187724
A_M_1.7999999999999998_1.0_381,COM,0.331266,2.771163,2.264,2.506,2.682,63181.07846487724,60980.00158187724
A_M_1.7999999999999998_1.0_382,COM,0.043979,1.238171,2.797,1.251,5.092,62960.75049387724,60980.00158187724
A_M_1.7999999999999998_1.0_383,COM,0.993731,6.342052,2.289,1.626,5.007,61160.258170877234,60980.00158187724
A_M_1.7999999999999998_1.0_384,COM,2.071576,12.249045,2.69,4.6,1.595,62735.88995887724,60980.00158187724
A_M_1.7999999999999998_1.0_385,COM,1.123426,7.144388,1.994,4.472,4.353,63300.704896877236,60980.00158187724
A_M_1.7999999999999998_1.0_386,COM,1.42891,8.98821,0.86,2.353,4.1,64439.159521877235,60980.00158187724
A_M_1.7999999999999998_1.0_387,COM,0.65564,4.784441,1.175,3.05,3.976,62141.55966587724,60980.00158187724
A_M_1.7999999999999998_1.0_388,COM,0.678172,4.874691,1.127,2.073,3.924,63502.35876387724,60980.00158187724
A_M_1.7999999999999998_1.0_389,COM,0.875637,6.204084,0.833,3.876,2.999,64008.95643687724,60980.00158187724
A_M_1.7999999999999998_1.0_390,COM,0.956248,6.605984,2.688,5.18,2.696,63033.32674887724,60980.00158187724
A_M_1.7999999999999998_1.0_391,COM,1.177317,7.90688,2.508,1.684,4.286,61176.56208587724,60980.00158187724
A_M_1.7999999999999998_1.0_392,COM,0.492699,3.972047,2.897,3.392,0.221,64597.10792587724,60980.00158187724
A_M_1.7999999999999998_1.0_393,COM,0.662989,5.148275,2.226,0.701,3.258,64024.298150877235,60980.00158187724
A_M_1.7999999999999998_1.0_394,COM,1.517874,10.784129,0.319,1.794,4.562,64585.206697877235,60980.00158187724
A_M_1.7999999999999998_1.0_395,COM,1.368563,9.892083,2.771,5.557,2.516,62157.220156877236,60980.00158187724
A_M_1.7999999999999998_1.0_396,COM,1.2053,8.785923,2.174,6.026,3.065,63323.34751087724,60980.00158187724
A_M_1.7999999999999998_1.0_397,COM,0.436488,3.911389,0.735,1.825,2.177,61824.42457787724,60980.00158187724
A_M_1.7999999999999998_1.0_398,COM,0.769896,6.13336,2.841,0.428,3.722,64448.621243877235,60980.00158187724
A_M_1.7999999999999998_1.0_399,COM,1.345788,9.992087,0.861,2.757,1.138,61655.641941877235,60980.00158187724
A_M_1.7999999999999998_1.0_400,COM,2.664229,19.729969,2.002,5.263,2.422,64533.88228787724,60980.00158187724
A_M_1.7999999999999998_1.0_401,COM,0.364894,3.53843,2.614,6.029,3.184,62313.18657287724,60980.00158187724
A_M_1.7999999999999998_1.0_402,COM,1.453203,11.214794,0.26,5.096,1.318,63211.231224877236,60980.00158187724
A_M_1.7999999999999998_1.0_403,COM,1.20886,9.759749,1.154,2.997,3.07,61092.80811487724,60980.00158187724
A_M_1.7999999999999998_1.0_404,COM,0.528406,4.852669,0.33,2.49,3.943,64412.34550687724,60980.00158187724
A_M_1.7999999999999998_1.0_405,COM,0.970946,8.0334,1.705,4.487,1.586,61095.84716987724,60980.00158187724
A_M_1.7999999999999998_1.0_406,COM,0.691977,6.07481,0.871,2.923,3.942,61728.95664687724,60980.00158187724
A_M_1.7999999999999998_1.0_407,COM,2.566259,20.354424,0.123,3.505,3.356,62948.10416387724,60980.00158187724
A_M_1.7999999999999998_1.0_408,COM,0.659241,5.915749,2.522,4.47,1.655,61522.48782487724,60980.00158187724
A_M_1.7999999999999998_1.0_409,COM,1.689685,13.505854,1.21,5.003,1.718,62058.599191877234,60980.00158187724
A_M_1.7999999999999998_1.0_410,COM,2.285298,18.228892,1.031,4.27,2.665,61540.50971587724,60980.00158187724
A_M_1.7999999999999998_1.0_411,COM,1.76139,14.065091,2.12,1.496,3.747,61102.927255877235,60980.00158187724
A_M_1.7999999999999998_1.0_412,COM,3.205666,25.369578,1.61,1.386,4.118,64107.53758787724,60980.00158187724
A_M_1.7999999999999998_1.0_413,COM,0.900074,8.120984,0.984,2.704,4.012,63270.984614877234,60980.00158187724
A_M_1.7999999999999998_1.0_414,COM,1.014905,8.951836,0.906,1.618,4.539,63019.51914787724,60980.00158187724
A_M_1.7999999999999998_1.0_415,COM,0.816753,7.698537,0.842,1.774,4.482,63049.72897087724,60980.00158187724
A_M_1.7999999999999998_1.0_416,COM,0.916179,8.577223,1.69,1.306,3.652,61655.61837687724,60980.00158187724
A_M_1.7999999999999998_1.0_417,COM,1.984944,18.252279,2.039,1.128,2.918,62585.890441877236,60980.00158187724
A_M_1.7999999999999998_1.0_418,COM,0.847087,8.797024,2.114,4.44,1.548,61549.32956387724,60980.00158187724
A_M_1.7999999999999998_1.0_419,COM,0.806383,8.754845,1.302,4.806,2.16,61074.42208787724,60980.00158187724
A_M_1.7999999999999998_1.0_420,COM,0.101112,2.037155,0.709,3.586,3.748,62868.18696487724,60980.00158187724
A_M_1.7999999999999998_1.0_421,COM,0.776986,9.342804,2.636,4.65,1.792,63640.58090987724,60980.00158187724
A_M_1.7999999999999998_1.0_422,COM,0.600382,7.472737,0.618,1.738,4.559,63108.77275587724,60980.00158187724
A_M_1.7999999999999998_1.0_423,COM,1.208251,14.323041,1.052,4.724,1.17,62750.893428877236,60980.00158187724
