ObjID,H_r,u-r,g-r,i-r,z-r,y-r,GS
A_M_1.9999999999999998_1.0_0,24.38,2.31,0.73,-0.33,-0.5,-0.68,0.15
A_M_1.9999999999999998_1.0_1,22.89,2.31,0.73,-0.33,-0.5,-0.68,0.15
A_M_1.9999999999999998_1.0_2,25.61,2.31,0.73,-0.33,-0.5,-0.68,0.15
A_M_1.9999999999999998_1.0_3,24.94,2.31,0.73,-0.33,-0.5,-0.68,0.15
A_M_1.9999999999999998_1.0_4,24.76,2.31,0.73,-0.33,-0.5,-0.68,0.15
A_M_1.9999999999999998_1.0_5,25.46,2.31,0.73,-0.33,-0.5,-0.68,0.15
A_M_1.9999999999999998_1.0_6,25.11,2.31,0.73,-0.33,-0.5,-0.68,0.15
A_M_1.9999999999999998_1.0_7,23.32,2.31,0.73,-0.33,-0.5,-0.68,0.15
A_M_1.9999999999999998_1.0_8,25.01,2.31,0.73,-0.33,-0.5,-0.68,0.15
A_M_1.9999999999999998_1.0_9,16.6,2.31,0.73,-0.33,-0.5,-0.68,0.15
A_M_1.9999999999999998_1.0_10,23.11,2.31,0.73,-0.33,-0.5,-0.68,0.15
A_M_1.9999999999999998_1.0_11,23.24,2.31,0.73,-0.33,-0.5,-0.68,0.15
A_M_1.9999999999999998_1.0_12,21.78,2.31,0.73,-0.33,-0.5,-0.68,0.15
A_M_1.9999999999999998_1.0_13,25.22,2.31,0.73,-0.33,-0.5,-0.68,0.15
A_M_1.9999999999999998_1.0_14,23.04,2.31,0.73,-0.33,-0.5,-0.68,0.15
A_M_1.9999999999999998_1.0_15,23.01,2.31,0.73,-0.33,-0.5,-0.68,0.15
A_M_1.9999999999999998_1.0_16,25.08,2.31,0.73,-0.33,-0.5,-0.68,0.15
A_M_1.9999999999999998_1.0_17,24.57,2.31,0.73,-0.33,-0.5,-0.68,0.15
A_M_1.9999999999999998_1.0_18,25.32,2.31,0.73,-0.33,-0.5,-0.68,0.15
A_M_1.9999999999999998_1.0_19,24.02,2.31,0.73,-0.33,-0.5,-0.68,0.15
A_M_1.9999999999999998_1.0_20,24.49,2.31,0.73,-0.33,-0.5,-0.68,0.15
A_M_1.9999999999999998_1.0_21,25.6,2.31,0.73,-0.33,-0.5,-0.68,0.15
A_M_1.9999999999999998_1.0_22,24.69,2.31,0.73,-0.33,-0.5,-0.68,0.15
A_M_1.9999999999999998_1.0_23,24.9,2.31,0.73,-0.33,-0.5,-0.68,0.15
A_M_1.9999999999999998_1.0_24,24.84,2.31,0.73,-0.33,-0.5,-0.68,0.15
A_M_1.9999999999999998_1.0_25,24.69,2.31,0.73,-0.33,-0.5,-0.68,0.15
A_M_1.9999999999999998_1.0_26,25.57,2.31,0.73,-0.33,-0.5,-0.68,0.15
A_M_1.9999999999999998_1.0_27,25.43,2.31,0.73,-0.33,-0.5,-0.68,0.15
A_M_1.9999999999999998_1.0_28,24.73,2.31,0.73,-0.33,-0.5,-0.68,0.15
A_M_1.9999999999999998_1.0_29,25.0,2.31,0.73,-0.33,-0.5,-0.68,0.15
A_M_1.9999999999999998_1.0_30,22.35,2.31,0.73,-0.33,-0.5,-0.68,0.15
A_M_1.9999999999999998_1.0_31,25.46,2.31,0.73,-0.33,-0.5,-0.68,0.15
A_M_1.9999999999999998_1.0_32,22.55,2.31,0.73,-0.33,-0.5,-0.68,0.15
A_M_1.9999999999999998_1.0_33,24.22,2.31,0.73,-0.33,-0.5,-0.68,0.15
A_M_1.9999999999999998_1.0_34,25.52,2.31,0.73,-0.33,-0.5,-0.68,0.15
A_M_1.9999999999999998_1.0_35,25.43,2.31,0.73,-0.33,-0.5,-0.68,0.15
A_M_1.9999999999999998_1.0_36,25.28,2.31,0.73,-0.33,-0.5,-0.68,0.15
A_M_1.9999999999999998_1.0_37,24.22,2.31,0.73,-0.33,-0.5,-0.68,0.15
A_M_1.9999999999999998_1.0_38,23.52,2.31,0.73,-0.33,-0.5,-0.68,0.15
A_M_1.9999999999999998_1.0_39,25.58,2.31,0.73,-0.33,-0.5,-0.68,0.15
A_M_1.9999999999999998_1.0_40,23.55,2.31,0.73,-0.33,-0.5,-0.68,0.15
A_M_1.9999999999999998_1.0_41,21.53,2.31,0.73,-0.33,-0.5,-0.68,0.15
A_M_1.9999999999999998_1.0_42,23.61,2.31,0.73,-0.33,-0.5,-0.68,0.15
A_M_1.9999999999999998_1.0_43,25.14,2.31,0.73,-0.33,-0.5,-0.68,0.15
A_M_1.9999999999999998_1.0_44,24.13,2.31,0.73,-0.33,-0.5,-0.68,0.15
A_M_1.9999999999999998_1.0_45,21.95,2.31,0.73,-0.33,-0.5,-0.68,0.15
A_M_1.9999999999999998_1.0_46,23.88,2.31,0.73,-0.33,-0.5,-0.68,0.15
A_M_1.9999999999999998_1.0_47,25.31,2.31,0.73,-0.33,-0.5,-0.68,0.15
A_M_1.9999999999999998_1.0_48,25.57,2.31,0.73,-0.33,-0.5,-0.68,0.15
A_M_1.9999999999999998_1.0_49,16.39,2.31,0.73,-0.33,-0.5,-0.68,0.15
A_M_1.9999999999999998_1.0_50,25.22,2.31,0.73,-0.33,-0.5,-0.68,0.15
A_M_1.9999999999999998_1.0_51,21.37,2.31,0.73,-0.33,-0.5,-0.68,0.15
A_M_1.9999999999999998_1.0_52,23.89,2.31,0.73,-0.33,-0.5,-0.68,0.15
A_M_1.9999999999999998_1.0_53,24.26,2.31,0.73,-0.33,-0.5,-0.68,0.15
A_M_1.9999999999999998_1.0_54,25.43,2.31,0.73,-0.33,-0.5,-0.68,0.15
A_M_1.9999999999999998_1.0_55,23.78,2.31,0.73,-0.33,-0.5,-0.68,0.15
A_M_1.9999999999999998_1.0_56,24.1,2.31,0.73,-0.33,-0.5,-0.68,0.15
A_M_1.9999999999999998_1.0_57,25.17,2.31,0.73,-0.33,-0.5,-0.68,0.15
A_M_1.9999999999999998_1.0_58,22.22,2.31,0.73,-0.33,-0.5,-0.68,0.15
A_M_1.9999999999999998_1.0_59,25.18,2.31,0.73,-0.33,-0.5,-0.68,0.15
A_M_1.9999999999999998_1.0_60,25.34,2.31,0.73,-0.33,-0.5,-0.68,0.15
A_M_1.9999999999999998_1.0_61,25.22,2.31,0.73,-0.33,-0.5,-0.68,0.15
A_M_1.9999999999999998_1.0_62,25.29,2.31,0.73,-0.33,-0.5,-0.68,0.15
A_M_1.9999999999999998_1.0_63,22.4,2.31,0.73,-0.33,-0.5,-0.68,0.15
A_M_1.9999999999999998_1.0_64,25.27,2.31,0.73,-0.33,-0.5,-0.68,0.15
A_M_1.9999999999999998_1.0_65,25.59,2.31,0.73,-0.33,-0.5,-0.68,0.15
A_M_1.9999999999999998_1.0_66,21.82,2.31,0.73,-0.33,-0.5,-0.68,0.15
A_M_1.9999999999999998_1.0_67,24.81,2.31,0.73,-0.33,-0.5,-0.68,0.15
A_M_1.9999999999999998_1.0_68,25.39,2.31,0.73,-0.33,-0.5,-0.68,0.15
A_M_1.9999999999999998_1.0_69,24.42,2.31,0.73,-0.33,-0.5,-0.68,0.15
A_M_1.9999999999999998_1.0_70,24.78,2.31,0.73,-0.33,-0.5,-0.68,0.15
A_M_1.9999999999999998_1.0_71,25.06,2.31,0.73,-0.33,-0.5,-0.68,0.15
A_M_1.9999999999999998_1.0_72,25.52,2.31,0.73,-0.33,-0.5,-0.68,0.15
A_M_1.9999999999999998_1.0_73,25.18,2.31,0.73,-0.33,-0.5,-0.68,0.15
A_M_1.9999999999999998_1.0_74,23.45,2.31,0.73,-0.33,-0.5,-0.68,0.15
A_M_1.9999999999999998_1.0_75,25.24,2.31,0.73,-0.33,-0.5,-0.68,0.15
A_M_1.9999999999999998_1.0_76,24.96,2.31,0.73,-0.33,-0.5,-0.68,0.15
A_M_1.9999999999999998_1.0_77,20.76,2.31,0.73,-0.33,-0.5,-0.68,0.15
A_M_1.9999999999999998_1.0_78,25.6,2.31,0.73,-0.33,-0.5,-0.68,0.15
A_M_1.9999999999999998_1.0_79,25.29,2.31,0.73,-0.33,-0.5,-0.68,0.15
A_M_1.9999999999999998_1.0_80,24.56,2.31,0.73,-0.33,-0.5,-0.68,0.15
A_M_1.9999999999999998_1.0_81,25.39,2.31,0.73,-0.33,-0.5,-0.68,0.15
A_M_1.9999999999999998_1.0_82,25.43,2.31,0.73,-0.33,-0.5,-0.68,0.15
A_M_1.9999999999999998_1.0_83,25.42,2.31,0.73,-0.33,-0.5,-0.68,0.15
A_M_1.9999999999999998_1.0_84,25.25,2.31,0.73,-0.33,-0.5,-0.68,0.15
A_M_1.9999999999999998_1.0_85,25.21,2.31,0.73,-0.33,-0.5,-0.68,0.15
A_M_1.9999999999999998_1.0_86,25.03,2.31,0.73,-0.33,-0.5,-0.68,0.15
A_M_1.9999999999999998_1.0_87,25.52,2.31,0.73,-0.33,-0.5,-0.68,0.15
A_M_1.9999999999999998_1.0_88,24.15,2.31,0.73,-0.33,-0.5,-0.68,0.15
A_M_1.9999999999999998_1.0_89,23.3,2.31,0.73,-0.33,-0.5,-0.68,0.15
A_M_1.9999999999999998_1.0_90,24.07,2.31,0.73,-0.33,-0.5,-0.68,0.15
A_M_1.9999999999999998_1.0_91,22.73,2.31,0.73,-0.33,-0.5,-0.68,0.15
A_M_1.9999999999999998_1.0_92,25.04,2.31,0.73,-0.33,-0.5,-0.68,0.15
A_M_1.9999999999999998_1.0_93,19.21,2.31,0.73,-0.33,-0.5,-0.68,0.15
A_M_1.9999999999999998_1.0_94,25.18,2.31,0.73,-0.33,-0.5,-0.68,0.15
A_M_1.9999999999999998_1.0_95,23.3,2.31,0.73,-0.33,-0.5,-0.68,0.15
A_M_1.9999999999999998_1.0_96,25.57,2.31,0.73,-0.33,-0.5,-0.68,0.15
A_M_1.9999999999999998_1.0_97,24.33,2.31,0.73,-0.33,-0.5,-0.68,0.15
A_M_1.9999999999999998_1.0_98,25.14,2.31,0.73,-0.33,-0.5,-0.68,0.15
A_M_1.9999999999999998_1.0_99,23.62,2.31,0.73,-0.33,-0.5,-0.68,0.15
A_M_1.9999999999999998_1.0_100,25.21,2.31,0.73,-0.33,-0.5,-0.68,0.15
A_M_1.9999999999999998_1.0_101,22.31,2.31,0.73,-0.33,-0.5,-0.68,0.15
A_M_1.9999999999999998_1.0_102,25.51,2.31,0.73,-0.33,-0.5,-0.68,0.15
A_M_1.9999999999999998_1.0_103,24.68,2.31,0.73,-0.33,-0.5,-0.68,0.15
A_M_1.9999999999999998_1.0_104,22.89,2.31,0.73,-0.33,-0.5,-0.68,0.15
A_M_1.9999999999999998_1.0_105,25.47,2.31,0.73,-0.33,-0.5,-0.68,0.15
A_M_1.9999999999999998_1.0_106,24.73,2.31,0.73,-0.33,-0.5,-0.68,0.15
A_M_1.9999999999999998_1.0_107,22.83,2.31,0.73,-0.33,-0.5,-0.68,0.15
A_M_1.9999999999999998_1.0_108,25.18,2.31,0.73,-0.33,-0.5,-0.68,0.15
A_M_1.9999999999999998_1.0_109,21.88,2.31,0.73,-0.33,-0.5,-0.68,0.15
A_M_1.9999999999999998_1.0_110,23.98,2.31,0.73,-0.33,-0.5,-0.68,0.15
A_M_1.9999999999999998_1.0_111,24.85,2.31,0.73,-0.33,-0.5,-0.68,0.15
A_M_1.9999999999999998_1.0_112,24.66,2.31,0.73,-0.33,-0.5,-0.68,0.15
A_M_1.9999999999999998_1.0_113,25.22,2.31,0.73,-0.33,-0.5,-0.68,0.15
A_M_1.9999999999999998_1.0_114,24.68,2.31,0.73,-0.33,-0.5,-0.68,0.15
A_M_1.9999999999999998_1.0_115,24.0,2.31,0.73,-0.33,-0.5,-0.68,0.15
A_M_1.9999999999999998_1.0_116,22.99,2.31,0.73,-0.33,-0.5,-0.68,0.15
A_M_1.9999999999999998_1.0_117,25.18,2.31,0.73,-0.33,-0.5,-0.68,0.15
A_M_1.9999999999999998_1.0_118,24.81,2.31,0.73,-0.33,-0.5,-0.68,0.15
A_M_1.9999999999999998_1.0_119,21.19,2.31,0.73,-0.33,-0.5,-0.68,0.15
A_M_1.9999999999999998_1.0_120,24.18,2.31,0.73,-0.33,-0.5,-0.68,0.15
A_M_1.9999999999999998_1.0_121,25.41,2.31,0.73,-0.33,-0.5,-0.68,0.15
A_M_1.9999999999999998_1.0_122,24.6,2.31,0.73,-0.33,-0.5,-0.68,0.15
A_M_1.9999999999999998_1.0_123,23.11,2.31,0.73,-0.33,-0.5,-0.68,0.15
A_M_1.9999999999999998_1.0_124,23.68,2.31,0.73,-0.33,-0.5,-0.68,0.15
A_M_1.9999999999999998_1.0_125,24.57,2.31,0.73,-0.33,-0.5,-0.68,0.15
A_M_1.9999999999999998_1.0_126,24.78,2.31,0.73,-0.33,-0.5,-0.68,0.15
A_M_1.9999999999999998_1.0_127,24.68,2.31,0.73,-0.33,-0.5,-0.68,0.15
A_M_1.9999999999999998_1.0_128,22.93,2.31,0.73,-0.33,-0.5,-0.68,0.15
A_M_1.9999999999999998_1.0_129,24.42,2.31,0.73,-0.33,-0.5,-0.68,0.15
A_M_1.9999999999999998_1.0_130,24.85,2.31,0.73,-0.33,-0.5,-0.68,0.15
A_M_1.9999999999999998_1.0_131,25.22,2.31,0.73,-0.33,-0.5,-0.68,0.15
A_M_1.9999999999999998_1.0_132,21.8,2.31,0.73,-0.33,-0.5,-0.68,0.15
A_M_1.9999999999999998_1.0_133,19.43,2.31,0.73,-0.33,-0.5,-0.68,0.15
A_M_1.9999999999999998_1.0_134,25.08,2.31,0.73,-0.33,-0.5,-0.68,0.15
A_M_1.9999999999999998_1.0_135,23.37,2.31,0.73,-0.33,-0.5,-0.68,0.15
A_M_1.9999999999999998_1.0_136,22.93,2.31,0.73,-0.33,-0.5,-0.68,0.15
A_M_1.9999999999999998_1.0_137,21.97,2.31,0.73,-0.33,-0.5,-0.68,0.15
A_M_1.9999999999999998_1.0_138,25.39,2.31,0.73,-0.33,-0.5,-0.68,0.15
A_M_1.9999999999999998_1.0_139,23.81,2.31,0.73,-0.33,-0.5,-0.68,0.15
A_M_1.9999999999999998_1.0_140,25.43,2.31,0.73,-0.33,-0.5,-0.68,0.15
A_M_1.9999999999999998_1.0_141,23.7,2.31,0.73,-0.33,-0.5,-0.68,0.15
A_M_1.9999999999999998_1.0_142,24.44,2.31,0.73,-0.33,-0.5,-0.68,0.15
A_M_1.9999999999999998_1.0_143,23.41,2.31,0.73,-0.33,-0.5,-0.68,0.15
A_M_1.9999999999999998_1.0_144,25.53,2.31,0.73,-0.33,-0.5,-0.68,0.15
A_M_1.9999999999999998_1.0_145,25.57,2.31,0.73,-0.33,-0.5,-0.68,0.15
A_M_1.9999999999999998_1.0_146,24.94,2.31,0.73,-0.33,-0.5,-0.68,0.15
A_M_1.9999999999999998_1.0_147,24.91,2.31,0.73,-0.33,-0.5,-0.68,0.15
A_M_1.9999999999999998_1.0_148,23.75,2.31,0.73,-0.33,-0.5,-0.68,0.15
A_M_1.9999999999999998_1.0_149,25.15,2.31,0.73,-0.33,-0.5,-0.68,0.15
A_M_1.9999999999999998_1.0_150,24.92,2.31,0.73,-0.33,-0.5,-0.68,0.15
A_M_1.9999999999999998_1.0_151,25.56,2.31,0.73,-0.33,-0.5,-0.68,0.15
A_M_1.9999999999999998_1.0_152,24.62,2.31,0.73,-0.33,-0.5,-0.68,0.15
A_M_1.9999999999999998_1.0_153,25.05,2.31,0.73,-0.33,-0.5,-0.68,0.15
A_M_1.9999999999999998_1.0_154,24.92,2.31,0.73,-0.33,-0.5,-0.68,0.15
A_M_1.9999999999999998_1.0_155,25.62,2.31,0.73,-0.33,-0.5,-0.68,0.15
A_M_1.9999999999999998_1.0_156,25.42,2.31,0.73,-0.33,-0.5,-0.68,0.15
A_M_1.9999999999999998_1.0_157,22.26,2.31,0.73,-0.33,-0.5,-0.68,0.15
A_M_1.9999999999999998_1.0_158,25.39,2.31,0.73,-0.33,-0.5,-0.68,0.15
A_M_1.9999999999999998_1.0_159,25.14,2.31,0.73,-0.33,-0.5,-0.68,0.15
A_M_1.9999999999999998_1.0_160,25.19,2.31,0.73,-0.33,-0.5,-0.68,0.15
A_M_1.9999999999999998_1.0_161,22.82,2.31,0.73,-0.33,-0.5,-0.68,0.15
A_M_1.9999999999999998_1.0_162,24.92,2.31,0.73,-0.33,-0.5,-0.68,0.15
A_M_1.9999999999999998_1.0_163,23.91,2.31,0.73,-0.33,-0.5,-0.68,0.15
A_M_1.9999999999999998_1.0_164,24.52,2.31,0.73,-0.33,-0.5,-0.68,0.15
A_M_1.9999999999999998_1.0_165,25.53,2.31,0.73,-0.33,-0.5,-0.68,0.15
A_M_1.9999999999999998_1.0_166,24.41,2.31,0.73,-0.33,-0.5,-0.68,0.15
A_M_1.9999999999999998_1.0_167,24.98,2.31,0.73,-0.33,-0.5,-0.68,0.15
A_M_1.9999999999999998_1.0_168,22.46,2.31,0.73,-0.33,-0.5,-0.68,0.15
A_M_1.9999999999999998_1.0_169,21.56,2.31,0.73,-0.33,-0.5,-0.68,0.15
A_M_1.9999999999999998_1.0_170,19.62,2.31,0.73,-0.33,-0.5,-0.68,0.15
A_M_1.9999999999999998_1.0_171,23.7,2.31,0.73,-0.33,-0.5,-0.68,0.15
A_M_1.9999999999999998_1.0_172,23.84,2.31,0.73,-0.33,-0.5,-0.68,0.15
A_M_1.9999999999999998_1.0_173,23.91,2.31,0.73,-0.33,-0.5,-0.68,0.15
A_M_1.9999999999999998_1.0_174,24.4,2.31,0.73,-0.33,-0.5,-0.68,0.15
A_M_1.9999999999999998_1.0_175,24.23,2.31,0.73,-0.33,-0.5,-0.68,0.15
A_M_1.9999999999999998_1.0_176,22.73,2.31,0.73,-0.33,-0.5,-0.68,0.15
A_M_1.9999999999999998_1.0_177,22.25,2.31,0.73,-0.33,-0.5,-0.68,0.15
A_M_1.9999999999999998_1.0_178,25.39,2.31,0.73,-0.33,-0.5,-0.68,0.15
A_M_1.9999999999999998_1.0_179,25.61,2.31,0.73,-0.33,-0.5,-0.68,0.15
A_M_1.9999999999999998_1.0_180,20.67,2.31,0.73,-0.33,-0.5,-0.68,0.15
A_M_1.9999999999999998_1.0_181,24.86,2.31,0.73,-0.33,-0.5,-0.68,0.15
A_M_1.9999999999999998_1.0_182,22.98,2.31,0.73,-0.33,-0.5,-0.68,0.15
A_M_1.9999999999999998_1.0_183,25.36,2.31,0.73,-0.33,-0.5,-0.68,0.15
A_M_1.9999999999999998_1.0_184,25.45,2.31,0.73,-0.33,-0.5,-0.68,0.15
A_M_1.9999999999999998_1.0_185,25.35,2.31,0.73,-0.33,-0.5,-0.68,0.15
A_M_1.9999999999999998_1.0_186,23.07,2.31,0.73,-0.33,-0.5,-0.68,0.15
A_M_1.9999999999999998_1.0_187,25.61,2.31,0.73,-0.33,-0.5,-0.68,0.15
A_M_1.9999999999999998_1.0_188,24.53,2.31,0.73,-0.33,-0.5,-0.68,0.15
A_M_1.9999999999999998_1.0_189,22.76,2.31,0.73,-0.33,-0.5,-0.68,0.15
A_M_1.9999999999999998_1.0_190,24.83,2.31,0.73,-0.33,-0.5,-0.68,0.15
A_M_1.9999999999999998_1.0_191,25.27,2.31,0.73,-0.33,-0.5,-0.68,0.15
A_M_1.9999999999999998_1.0_192,24.83,2.31,0.73,-0.33,-0.5,-0.68,0.15
A_M_1.9999999999999998_1.0_193,24.94,2.31,0.73,-0.33,-0.5,-0.68,0.15
A_M_1.9999999999999998_1.0_194,22.94,2.31,0.73,-0.33,-0.5,-0.68,0.15
A_M_1.9999999999999998_1.0_195,24.29,2.31,0.73,-0.33,-0.5,-0.68,0.15
A_M_1.9999999999999998_1.0_196,25.06,2.31,0.73,-0.33,-0.5,-0.68,0.15
A_M_1.9999999999999998_1.0_197,25.16,2.31,0.73,-0.33,-0.5,-0.68,0.15
A_M_1.9999999999999998_1.0_198,25.39,2.31,0.73,-0.33,-0.5,-0.68,0.15
A_M_1.9999999999999998_1.0_199,24.52,2.31,0.73,-0.33,-0.5,-0.68,0.15
A_M_1.9999999999999998_1.0_200,24.22,2.31,0.73,-0.33,-0.5,-0.68,0.15
A_M_1.9999999999999998_1.0_201,24.85,2.31,0.73,-0.33,-0.5,-0.68,0.15
A_M_1.9999999999999998_1.0_202,22.65,2.31,0.73,-0.33,-0.5,-0.68,0.15
A_M_1.9999999999999998_1.0_203,25.22,2.31,0.73,-0.33,-0.5,-0.68,0.15
A_M_1.9999999999999998_1.0_204,25.28,2.31,0.73,-0.33,-0.5,-0.68,0.15
A_M_1.9999999999999998_1.0_205,24.04,2.31,0.73,-0.33,-0.5,-0.68,0.15
A_M_1.9999999999999998_1.0_206,25.55,2.31,0.73,-0.33,-0.5,-0.68,0.15
A_M_1.9999999999999998_1.0_207,25.36,2.31,0.73,-0.33,-0.5,-0.68,0.15
A_M_1.9999999999999998_1.0_208,25.16,2.31,0.73,-0.33,-0.5,-0.68,0.15
A_M_1.9999999999999998_1.0_209,24.25,2.31,0.73,-0.33,-0.5,-0.68,0.15
A_M_1.9999999999999998_1.0_210,25.48,2.31,0.73,-0.33,-0.5,-0.68,0.15
A_M_1.9999999999999998_1.0_211,21.77,2.31,0.73,-0.33,-0.5,-0.68,0.15
A_M_1.9999999999999998_1.0_212,24.81,2.31,0.73,-0.33,-0.5,-0.68,0.15
A_M_1.9999999999999998_1.0_213,24.01,2.31,0.73,-0.33,-0.5,-0.68,0.15
A_M_1.9999999999999998_1.0_214,25.17,2.31,0.73,-0.33,-0.5,-0.68,0.15
A_M_1.9999999999999998_1.0_215,25.11,2.31,0.73,-0.33,-0.5,-0.68,0.15
A_M_1.9999999999999998_1.0_216,24.35,2.31,0.73,-0.33,-0.5,-0.68,0.15
A_M_1.9999999999999998_1.0_217,22.18,2.31,0.73,-0.33,-0.5,-0.68,0.15
A_M_1.9999999999999998_1.0_218,24.76,2.31,0.73,-0.33,-0.5,-0.68,0.15
A_M_1.9999999999999998_1.0_219,20.56,2.31,0.73,-0.33,-0.5,-0.68,0.15
A_M_1.9999999999999998_1.0_220,25.31,2.31,0.73,-0.33,-0.5,-0.68,0.15
A_M_1.9999999999999998_1.0_221,24.96,2.31,0.73,-0.33,-0.5,-0.68,0.15
A_M_1.9999999999999998_1.0_222,25.06,2.31,0.73,-0.33,-0.5,-0.68,0.15
A_M_1.9999999999999998_1.0_223,25.07,2.31,0.73,-0.33,-0.5,-0.68,0.15
A_M_1.9999999999999998_1.0_224,22.48,2.31,0.73,-0.33,-0.5,-0.68,0.15
A_M_1.9999999999999998_1.0_225,22.15,2.31,0.73,-0.33,-0.5,-0.68,0.15
A_M_1.9999999999999998_1.0_226,24.35,2.31,0.73,-0.33,-0.5,-0.68,0.15
A_M_1.9999999999999998_1.0_227,24.48,2.31,0.73,-0.33,-0.5,-0.68,0.15
A_M_1.9999999999999998_1.0_228,22.06,2.31,0.73,-0.33,-0.5,-0.68,0.15
A_M_1.9999999999999998_1.0_229,25.4,2.31,0.73,-0.33,-0.5,-0.68,0.15
A_M_1.9999999999999998_1.0_230,23.73,2.31,0.73,-0.33,-0.5,-0.68,0.15
A_M_1.9999999999999998_1.0_231,24.81,2.31,0.73,-0.33,-0.5,-0.68,0.15
A_M_1.9999999999999998_1.0_232,23.79,2.31,0.73,-0.33,-0.5,-0.68,0.15
A_M_1.9999999999999998_1.0_233,24.27,2.31,0.73,-0.33,-0.5,-0.68,0.15
A_M_1.9999999999999998_1.0_234,25.53,2.31,0.73,-0.33,-0.5,-0.68,0.15
A_M_1.9999999999999998_1.0_235,23.72,2.31,0.73,-0.33,-0.5,-0.68,0.15
A_M_1.9999999999999998_1.0_236,24.49,2.31,0.73,-0.33,-0.5,-0.68,0.15
A_M_1.9999999999999998_1.0_237,25.25,2.31,0.73,-0.33,-0.5,-0.68,0.15
A_M_1.9999999999999998_1.0_238,25.36,2.31,0.73,-0.33,-0.5,-0.68,0.15
A_M_1.9999999999999998_1.0_239,25.3,2.31,0.73,-0.33,-0.5,-0.68,0.15
A_M_1.9999999999999998_1.0_240,24.33,2.31,0.73,-0.33,-0.5,-0.68,0.15
A_M_1.9999999999999998_1.0_241,24.01,2.31,0.73,-0.33,-0.5,-0.68,0.15
A_M_1.9999999999999998_1.0_242,23.89,2.31,0.73,-0.33,-0.5,-0.68,0.15
A_M_1.9999999999999998_1.0_243,21.0,2.31,0.73,-0.33,-0.5,-0.68,0.15
A_M_1.9999999999999998_1.0_244,25.44,2.31,0.73,-0.33,-0.5,-0.68,0.15
A_M_1.9999999999999998_1.0_245,25.26,2.31,0.73,-0.33,-0.5,-0.68,0.15
A_M_1.9999999999999998_1.0_246,24.92,2.31,0.73,-0.33,-0.5,-0.68,0.15
A_M_1.9999999999999998_1.0_247,25.22,2.31,0.73,-0.33,-0.5,-0.68,0.15
A_M_1.9999999999999998_1.0_248,24.44,2.31,0.73,-0.33,-0.5,-0.68,0.15
A_M_1.9999999999999998_1.0_249,24.33,2.31,0.73,-0.33,-0.5,-0.68,0.15
A_M_1.9999999999999998_1.0_250,24.97,2.31,0.73,-0.33,-0.5,-0.68,0.15
A_M_1.9999999999999998_1.0_251,23.22,2.31,0.73,-0.33,-0.5,-0.68,0.15
A_M_1.9999999999999998_1.0_252,24.97,2.31,0.73,-0.33,-0.5,-0.68,0.15
A_M_1.9999999999999998_1.0_253,25.6,2.31,0.73,-0.33,-0.5,-0.68,0.15
A_M_1.9999999999999998_1.0_254,24.32,2.31,0.73,-0.33,-0.5,-0.68,0.15
A_M_1.9999999999999998_1.0_255,24.81,2.31,0.73,-0.33,-0.5,-0.68,0.15
A_M_1.9999999999999998_1.0_256,25.49,2.31,0.73,-0.33,-0.5,-0.68,0.15
A_M_1.9999999999999998_1.0_257,25.19,2.31,0.73,-0.33,-0.5,-0.68,0.15
A_M_1.9999999999999998_1.0_258,24.19,2.31,0.73,-0.33,-0.5,-0.68,0.15
A_M_1.9999999999999998_1.0_259,24.85,2.31,0.73,-0.33,-0.5,-0.68,0.15
A_M_1.9999999999999998_1.0_260,23.37,2.31,0.73,-0.33,-0.5,-0.68,0.15
A_M_1.9999999999999998_1.0_261,24.95,2.31,0.73,-0.33,-0.5,-0.68,0.15
A_M_1.9999999999999998_1.0_262,24.33,2.31,0.73,-0.33,-0.5,-0.68,0.15
A_M_1.9999999999999998_1.0_263,22.46,2.31,0.73,-0.33,-0.5,-0.68,0.15
A_M_1.9999999999999998_1.0_264,21.98,2.31,0.73,-0.33,-0.5,-0.68,0.15
A_M_1.9999999999999998_1.0_265,20.26,2.31,0.73,-0.33,-0.5,-0.68,0.15
A_M_1.9999999999999998_1.0_266,24.75,2.31,0.73,-0.33,-0.5,-0.68,0.15
A_M_1.9999999999999998_1.0_267,22.83,2.31,0.73,-0.33,-0.5,-0.68,0.15
A_M_1.9999999999999998_1.0_268,25.37,2.31,0.73,-0.33,-0.5,-0.68,0.15
A_M_1.9999999999999998_1.0_269,24.51,2.31,0.73,-0.33,-0.5,-0.68,0.15
A_M_1.9999999999999998_1.0_270,24.87,2.31,0.73,-0.33,-0.5,-0.68,0.15
A_M_1.9999999999999998_1.0_271,25.57,2.31,0.73,-0.33,-0.5,-0.68,0.15
A_M_1.9999999999999998_1.0_272,25.57,2.31,0.73,-0.33,-0.5,-0.68,0.15
A_M_1.9999999999999998_1.0_273,24.78,2.31,0.73,-0.33,-0.5,-0.68,0.15
A_M_1.9999999999999998_1.0_274,20.96,2.31,0.73,-0.33,-0.5,-0.68,0.15
A_M_1.9999999999999998_1.0_275,25.44,2.31,0.73,-0.33,-0.5,-0.68,0.15
A_M_1.9999999999999998_1.0_276,23.46,2.31,0.73,-0.33,-0.5,-0.68,0.15
A_M_1.9999999999999998_1.0_277,25.41,2.31,0.73,-0.33,-0.5,-0.68,0.15
A_M_1.9999999999999998_1.0_278,25.09,2.31,0.73,-0.33,-0.5,-0.68,0.15
A_M_1.9999999999999998_1.0_279,25.33,2.31,0.73,-0.33,-0.5,-0.68,0.15
A_M_1.9999999999999998_1.0_280,20.93,2.31,0.73,-0.33,-0.5,-0.68,0.15
A_M_1.9999999999999998_1.0_281,16.7,2.31,0.73,-0.33,-0.5,-0.68,0.15
A_M_1.9999999999999998_1.0_282,24.22,2.31,0.73,-0.33,-0.5,-0.68,0.15
A_M_1.9999999999999998_1.0_283,24.25,2.31,0.73,-0.33,-0.5,-0.68,0.15
A_M_1.9999999999999998_1.0_284,24.22,2.31,0.73,-0.33,-0.5,-0.68,0.15
A_M_1.9999999999999998_1.0_285,19.87,2.31,0.73,-0.33,-0.5,-0.68,0.15
A_M_1.9999999999999998_1.0_286,19.51,2.31,0.73,-0.33,-0.5,-0.68,0.15
A_M_1.9999999999999998_1.0_287,23.44,2.31,0.73,-0.33,-0.5,-0.68,0.15
A_M_1.9999999999999998_1.0_288,23.88,2.31,0.73,-0.33,-0.5,-0.68,0.15
A_M_1.9999999999999998_1.0_289,23.29,2.31,0.73,-0.33,-0.5,-0.68,0.15
A_M_1.9999999999999998_1.0_290,23.75,2.31,0.73,-0.33,-0.5,-0.68,0.15
A_M_1.9999999999999998_1.0_291,24.81,2.31,0.73,-0.33,-0.5,-0.68,0.15
A_M_1.9999999999999998_1.0_292,16.81,2.31,0.73,-0.33,-0.5,-0.68,0.15
A_M_1.9999999999999998_1.0_293,25.22,2.31,0.73,-0.33,-0.5,-0.68,0.15
A_M_1.9999999999999998_1.0_294,25.22,2.31,0.73,-0.33,-0.5,-0.68,0.15
A_M_1.9999999999999998_1.0_295,24.46,2.31,0.73,-0.33,-0.5,-0.68,0.15
A_M_1.9999999999999998_1.0_296,25.06,2.31,0.73,-0.33,-0.5,-0.68,0.15
A_M_1.9999999999999998_1.0_297,25.4,2.31,0.73,-0.33,-0.5,-0.68,0.15
A_M_1.9999999999999998_1.0_298,25.61,2.31,0.73,-0.33,-0.5,-0.68,0.15
A_M_1.9999999999999998_1.0_299,25.24,2.31,0.73,-0.33,-0.5,-0.68,0.15
A_M_1.9999999999999998_1.0_300,23.51,2.31,0.73,-0.33,-0.5,-0.68,0.15
A_M_1.9999999999999998_1.0_301,21.5,2.31,0.73,-0.33,-0.5,-0.68,0.15
A_M_1.9999999999999998_1.0_302,25.19,2.31,0.73,-0.33,-0.5,-0.68,0.15
A_M_1.9999999999999998_1.0_303,23.31,2.31,0.73,-0.33,-0.5,-0.68,0.15
A_M_1.9999999999999998_1.0_304,24.68,2.31,0.73,-0.33,-0.5,-0.68,0.15
A_M_1.9999999999999998_1.0_305,23.67,2.31,0.73,-0.33,-0.5,-0.68,0.15
A_M_1.9999999999999998_1.0_306,24.99,2.31,0.73,-0.33,-0.5,-0.68,0.15
A_M_1.9999999999999998_1.0_307,23.24,2.31,0.73,-0.33,-0.5,-0.68,0.15
A_M_1.9999999999999998_1.0_308,25.43,2.31,0.73,-0.33,-0.5,-0.68,0.15
A_M_1.9999999999999998_1.0_309,25.44,2.31,0.73,-0.33,-0.5,-0.68,0.15
A_M_1.9999999999999998_1.0_310,25.24,2.31,0.73,-0.33,-0.5,-0.68,0.15
A_M_1.9999999999999998_1.0_311,24.98,2.31,0.73,-0.33,-0.5,-0.68,0.15
A_M_1.9999999999999998_1.0_312,24.18,2.31,0.73,-0.33,-0.5,-0.68,0.15
A_M_1.9999999999999998_1.0_313,21.72,2.31,0.73,-0.33,-0.5,-0.68,0.15
A_M_1.9999999999999998_1.0_314,22.1,2.31,0.73,-0.33,-0.5,-0.68,0.15
A_M_1.9999999999999998_1.0_315,25.45,2.31,0.73,-0.33,-0.5,-0.68,0.15
A_M_1.9999999999999998_1.0_316,25.13,2.31,0.73,-0.33,-0.5,-0.68,0.15
A_M_1.9999999999999998_1.0_317,24.31,2.31,0.73,-0.33,-0.5,-0.68,0.15
A_M_1.9999999999999998_1.0_318,16.98,2.31,0.73,-0.33,-0.5,-0.68,0.15
A_M_1.9999999999999998_1.0_319,23.29,2.31,0.73,-0.33,-0.5,-0.68,0.15
A_M_1.9999999999999998_1.0_320,23.9,2.31,0.73,-0.33,-0.5,-0.68,0.15
A_M_1.9999999999999998_1.0_321,24.55,2.31,0.73,-0.33,-0.5,-0.68,0.15
A_M_1.9999999999999998_1.0_322,25.46,2.31,0.73,-0.33,-0.5,-0.68,0.15
A_M_1.9999999999999998_1.0_323,21.86,2.31,0.73,-0.33,-0.5,-0.68,0.15
A_M_1.9999999999999998_1.0_324,25.24,2.31,0.73,-0.33,-0.5,-0.68,0.15
A_M_1.9999999999999998_1.0_325,25.47,2.31,0.73,-0.33,-0.5,-0.68,0.15
A_M_1.9999999999999998_1.0_326,22.86,2.31,0.73,-0.33,-0.5,-0.68,0.15
A_M_1.9999999999999998_1.0_327,24.42,2.31,0.73,-0.33,-0.5,-0.68,0.15
A_M_1.9999999999999998_1.0_328,25.21,2.31,0.73,-0.33,-0.5,-0.68,0.15
A_M_1.9999999999999998_1.0_329,24.91,2.31,0.73,-0.33,-0.5,-0.68,0.15
A_M_1.9999999999999998_1.0_330,25.01,2.31,0.73,-0.33,-0.5,-0.68,0.15
A_M_1.9999999999999998_1.0_331,25.5,2.31,0.73,-0.33,-0.5,-0.68,0.15
A_M_1.9999999999999998_1.0_332,24.37,2.31,0.73,-0.33,-0.5,-0.68,0.15
A_M_1.9999999999999998_1.0_333,25.18,2.31,0.73,-0.33,-0.5,-0.68,0.15
A_M_1.9999999999999998_1.0_334,25.02,2.31,0.73,-0.33,-0.5,-0.68,0.15
A_M_1.9999999999999998_1.0_335,24.35,2.31,0.73,-0.33,-0.5,-0.68,0.15
A_M_1.9999999999999998_1.0_336,24.75,2.31,0.73,-0.33,-0.5,-0.68,0.15
A_M_1.9999999999999998_1.0_337,25.38,2.31,0.73,-0.33,-0.5,-0.68,0.15
A_M_1.9999999999999998_1.0_338,24.73,2.31,0.73,-0.33,-0.5,-0.68,0.15
A_M_1.9999999999999998_1.0_339,22.92,2.31,0.73,-0.33,-0.5,-0.68,0.15
A_M_1.9999999999999998_1.0_340,7.88,2.31,0.73,-0.33,-0.5,-0.68,0.15
A_M_1.9999999999999998_1.0_341,24.01,2.31,0.73,-0.33,-0.5,-0.68,0.15
A_M_1.9999999999999998_1.0_342,24.92,2.31,0.73,-0.33,-0.5,-0.68,0.15
A_M_1.9999999999999998_1.0_343,24.97,2.31,0.73,-0.33,-0.5,-0.68,0.15
A_M_1.9999999999999998_1.0_344,24.19,2.31,0.73,-0.33,-0.5,-0.68,0.15
A_M_1.9999999999999998_1.0_345,25.4,2.31,0.73,-0.33,-0.5,-0.68,0.15
A_M_1.9999999999999998_1.0_346,24.87,2.31,0.73,-0.33,-0.5,-0.68,0.15
A_M_1.9999999999999998_1.0_347,22.21,2.31,0.73,-0.33,-0.5,-0.68,0.15
A_M_1.9999999999999998_1.0_348,24.96,2.31,0.73,-0.33,-0.5,-0.68,0.15
A_M_1.9999999999999998_1.0_349,23.18,2.31,0.73,-0.33,-0.5,-0.68,0.15
A_M_1.9999999999999998_1.0_350,25.27,2.31,0.73,-0.33,-0.5,-0.68,0.15
A_M_1.9999999999999998_1.0_351,25.61,2.31,0.73,-0.33,-0.5,-0.68,0.15
A_M_1.9999999999999998_1.0_352,24.37,2.31,0.73,-0.33,-0.5,-0.68,0.15
A_M_1.9999999999999998_1.0_353,22.85,2.31,0.73,-0.33,-0.5,-0.68,0.15
A_M_1.9999999999999998_1.0_354,24.48,2.31,0.73,-0.33,-0.5,-0.68,0.15
A_M_1.9999999999999998_1.0_355,24.84,2.31,0.73,-0.33,-0.5,-0.68,0.15
A_M_1.9999999999999998_1.0_356,21.3,2.31,0.73,-0.33,-0.5,-0.68,0.15
A_M_1.9999999999999998_1.0_357,24.78,2.31,0.73,-0.33,-0.5,-0.68,0.15
A_M_1.9999999999999998_1.0_358,25.56,2.31,0.73,-0.33,-0.5,-0.68,0.15
A_M_1.9999999999999998_1.0_359,24.3,2.31,0.73,-0.33,-0.5,-0.68,0.15
A_M_1.9999999999999998_1.0_360,24.88,2.31,0.73,-0.33,-0.5,-0.68,0.15
A_M_1.9999999999999998_1.0_361,24.52,2.31,0.73,-0.33,-0.5,-0.68,0.15
A_M_1.9999999999999998_1.0_362,25.38,2.31,0.73,-0.33,-0.5,-0.68,0.15
A_M_1.9999999999999998_1.0_363,23.88,2.31,0.73,-0.33,-0.5,-0.68,0.15
A_M_1.9999999999999998_1.0_364,23.56,2.31,0.73,-0.33,-0.5,-0.68,0.15
A_M_1.9999999999999998_1.0_365,25.58,2.31,0.73,-0.33,-0.5,-0.68,0.15
A_M_1.9999999999999998_1.0_366,25.15,2.31,0.73,-0.33,-0.5,-0.68,0.15
A_M_1.9999999999999998_1.0_367,25.0,2.31,0.73,-0.33,-0.5,-0.68,0.15
A_M_1.9999999999999998_1.0_368,24.77,2.31,0.73,-0.33,-0.5,-0.68,0.15
A_M_1.9999999999999998_1.0_369,22.68,2.31,0.73,-0.33,-0.5,-0.68,0.15
A_M_1.9999999999999998_1.0_370,21.27,2.31,0.73,-0.33,-0.5,-0.68,0.15
A_M_1.9999999999999998_1.0_371,20.94,2.31,0.73,-0.33,-0.5,-0.68,0.15
A_M_1.9999999999999998_1.0_372,25.42,2.31,0.73,-0.33,-0.5,-0.68,0.15
A_M_1.9999999999999998_1.0_373,20.27,2.31,0.73,-0.33,-0.5,-0.68,0.15
A_M_1.9999999999999998_1.0_374,25.31,2.31,0.73,-0.33,-0.5,-0.68,0.15
A_M_1.9999999999999998_1.0_375,25.51,2.31,0.73,-0.33,-0.5,-0.68,0.15
A_M_1.9999999999999998_1.0_376,22.21,2.31,0.73,-0.33,-0.5,-0.68,0.15
A_M_1.9999999999999998_1.0_377,24.14,2.31,0.73,-0.33,-0.5,-0.68,0.15
A_M_1.9999999999999998_1.0_378,25.17,2.31,0.73,-0.33,-0.5,-0.68,0.15
A_M_1.9999999999999998_1.0_379,24.67,2.31,0.73,-0.33,-0.5,-0.68,0.15
A_M_1.9999999999999998_1.0_380,25.32,2.31,0.73,-0.33,-0.5,-0.68,0.15
A_M_1.9999999999999998_1.0_381,25.04,2.31,0.73,-0.33,-0.5,-0.68,0.15
A_M_1.9999999999999998_1.0_382,24.48,2.31,0.73,-0.33,-0.5,-0.68,0.15
A_M_1.9999999999999998_1.0_383,24.38,2.31,0.73,-0.33,-0.5,-0.68,0.15
A_M_1.9999999999999998_1.0_384,24.71,2.31,0.73,-0.33,-0.5,-0.68,0.15
A_M_1.9999999999999998_1.0_385,24.42,2.31,0.73,-0.33,-0.5,-0.68,0.15
A_M_1.9999999999999998_1.0_386,20.58,2.31,0.73,-0.33,-0.5,-0.68,0.15
A_M_1.9999999999999998_1.0_387,25.49,2.31,0.73,-0.33,-0.5,-0.68,0.15
A_M_1.9999999999999998_1.0_388,24.2,2.31,0.73,-0.33,-0.5,-0.68,0.15
A_M_1.9999999999999998_1.0_389,25.36,2.31,0.73,-0.33,-0.5,-0.68,0.15
A_M_1.9999999999999998_1.0_390,23.11,2.31,0.73,-0.33,-0.5,-0.68,0.15
A_M_1.9999999999999998_1.0_391,24.68,2.31,0.73,-0.33,-0.5,-0.68,0.15
A_M_1.9999999999999998_1.0_392,24.05,2.31,0.73,-0.33,-0.5,-0.68,0.15
A_M_1.9999999999999998_1.0_393,24.94,2.31,0.73,-0.33,-0.5,-0.68,0.15
A_M_1.9999999999999998_1.0_394,24.35,2.31,0.73,-0.33,-0.5,-0.68,0.15
A_M_1.9999999999999998_1.0_395,23.17,2.31,0.73,-0.33,-0.5,-0.68,0.15
A_M_1.9999999999999998_1.0_396,25.37,2.31,0.73,-0.33,-0.5,-0.68,0.15
A_M_1.9999999999999998_1.0_397,24.36,2.31,0.73,-0.33,-0.5,-0.68,0.15
A_M_1.9999999999999998_1.0_398,21.1,2.31,0.73,-0.33,-0.5,-0.68,0.15
A_M_1.9999999999999998_1.0_399,25.39,2.31,0.73,-0.33,-0.5,-0.68,0.15
A_M_1.9999999999999998_1.0_400,24.23,2.31,0.73,-0.33,-0.5,-0.68,0.15
A_M_1.9999999999999998_1.0_401,25.47,2.31,0.73,-0.33,-0.5,-0.68,0.15
A_M_1.9999999999999998_1.0_402,22.79,2.31,0.73,-0.33,-0.5,-0.68,0.15
A_M_1.9999999999999998_1.0_403,25.22,2.31,0.73,-0.33,-0.5,-0.68,0.15
A_M_1.9999999999999998_1.0_404,25.19,2.31,0.73,-0.33,-0.5,-0.68,0.15
A_M_1.9999999999999998_1.0_405,23.14,2.31,0.73,-0.33,-0.5,-0.68,0.15
A_M_1.9999999999999998_1.0_406,22.92,2.31,0.73,-0.33,-0.5,-0.68,0.15
A_M_1.9999999999999998_1.0_407,24.66,2.31,0.73,-0.33,-0.5,-0.68,0.15
A_M_1.9999999999999998_1.0_408,25.52,2.31,0.73,-0.33,-0.5,-0.68,0.15
A_M_1.9999999999999998_1.0_409,20.73,2.31,0.73,-0.33,-0.5,-0.68,0.15
A_M_1.9999999999999998_1.0_410,23.62,2.31,0.73,-0.33,-0.5,-0.68,0.15
A_M_1.9999999999999998_1.0_411,21.7,2.31,0.73,-0.33,-0.5,-0.68,0.15
A_M_1.9999999999999998_1.0_412,25.51,2.31,0.73,-0.33,-0.5,-0.68,0.15
A_M_1.9999999999999998_1.0_413,25.27,2.31,0.73,-0.33,-0.5,-0.68,0.15
A_M_1.9999999999999998_1.0_414,25.61,2.31,0.73,-0.33,-0.5,-0.68,0.15
A_M_1.9999999999999998_1.0_415,25.56,2.31,0.73,-0.33,-0.5,-0.68,0.15
A_M_1.9999999999999998_1.0_416,21.2,2.31,0.73,-0.33,-0.5,-0.68,0.15
A_M_1.9999999999999998_1.0_417,23.88,2.31,0.73,-0.33,-0.5,-0.68,0.15
A_M_1.9999999999999998_1.0_418,25.62,2.31,0.73,-0.33,-0.5,-0.68,0.15
A_M_1.9999999999999998_1.0_419,25.4,2.31,0.73,-0.33,-0.5,-0.68,0.15
A_M_1.9999999999999998_1.0_420,22.25,2.31,0.73,-0.33,-0.5,-0.68,0.15
A_M_1.9999999999999998_1.0_421,23.73,2.31,0.73,-0.33,-0.5,-0.68,0.15
A_M_1.9999999999999998_1.0_422,24.86,2.31,0.73,-0.33,-0.5,-0.68,0.15
A_M_1.9999999999999998_1.0_423,23.95,2.31,0.73,-0.33,-0.5,-0.68,0.15
A_M_1.9999999999999998_1.0_424,24.65,2.31,0.73,-0.33,-0.5,-0.68,0.15
A_M_1.9999999999999998_1.0_425,24.72,2.31,0.73,-0.33,-0.5,-0.68,0.15
A_M_1.9999999999999998_1.0_426,23.91,2.31,0.73,-0.33,-0.5,-0.68,0.15
A_M_1.9999999999999998_1.0_427,25.43,2.31,0.73,-0.33,-0.5,-0.68,0.15
A_M_1.9999999999999998_1.0_428,24.01,2.31,0.73,-0.33,-0.5,-0.68,0.15
A_M_1.9999999999999998_1.0_429,25.55,2.31,0.73,-0.33,-0.5,-0.68,0.15
A_M_1.9999999999999998_1.0_430,24.55,2.31,0.73,-0.33,-0.5,-0.68,0.15
A_M_1.9999999999999998_1.0_431,25.25,2.31,0.73,-0.33,-0.5,-0.68,0.15
A_M_1.9999999999999998_1.0_432,25.6,2.31,0.73,-0.33,-0.5,-0.68,0.15
A_M_1.9999999999999998_1.0_433,22.53,2.31,0.73,-0.33,-0.5,-0.68,0.15
A_M_1.9999999999999998_1.0_434,23.72,2.31,0.73,-0.33,-0.5,-0.68,0.15
A_M_1.9999999999999998_1.0_435,25.27,2.31,0.73,-0.33,-0.5,-0.68,0.15
A_M_1.9999999999999998_1.0_436,25.08,2.31,0.73,-0.33,-0.5,-0.68,0.15
A_M_1.9999999999999998_1.0_437,20.73,2.31,0.73,-0.33,-0.5,-0.68,0.15
A_M_1.9999999999999998_1.0_438,25.38,2.31,0.73,-0.33,-0.5,-0.68,0.15
A_M_1.9999999999999998_1.0_439,24.35,2.31,0.73,-0.33,-0.5,-0.68,0.15
A_M_1.9999999999999998_1.0_440,25.14,2.31,0.73,-0.33,-0.5,-0.68,0.15
A_M_1.9999999999999998_1.0_441,25.02,2.31,0.73,-0.33,-0.5,-0.68,0.15
A_M_1.9999999999999998_1.0_442,25.47,2.31,0.73,-0.33,-0.5,-0.68,0.15
A_M_1.9999999999999998_1.0_443,24.36,2.31,0.73,-0.33,-0.5,-0.68,0.15
A_M_1.9999999999999998_1.0_444,23.23,2.31,0.73,-0.33,-0.5,-0.68,0.15
A_M_1.9999999999999998_1.0_445,24.13,2.31,0.73,-0.33,-0.5,-0.68,0.15
A_M_1.9999999999999998_1.0_446,24.88,2.31,0.73,-0.33,-0.5,-0.68,0.15
A_M_1.9999999999999998_1.0_447,23.77,2.31,0.73,-0.33,-0.5,-0.68,0.15
A_M_1.9999999999999998_1.0_448,24.92,2.31,0.73,-0.33,-0.5,-0.68,0.15
A_M_1.9999999999999998_1.0_449,24.98,2.31,0.73,-0.33,-0.5,-0.68,0.15
A_M_1.9999999999999998_1.0_450,19.51,2.31,0.73,-0.33,-0.5,-0.68,0.15
A_M_1.9999999999999998_1.0_451,25.04,2.31,0.73,-0.33,-0.5,-0.68,0.15
A_M_1.9999999999999998_1.0_452,23.58,2.31,0.73,-0.33,-0.5,-0.68,0.15
A_M_1.9999999999999998_1.0_453,25.19,2.31,0.73,-0.33,-0.5,-0.68,0.15
A_M_1.9999999999999998_1.0_454,23.19,2.31,0.73,-0.33,-0.5,-0.68,0.15
A_M_1.9999999999999998_1.0_455,22.9,2.31,0.73,-0.33,-0.5,-0.68,0.15
A_M_1.9999999999999998_1.0_456,24.44,2.31,0.73,-0.33,-0.5,-0.68,0.15
A_M_1.9999999999999998_1.0_457,24.65,2.31,0.73,-0.33,-0.5,-0.68,0.15
A_M_1.9999999999999998_1.0_458,24.57,2.31,0.73,-0.33,-0.5,-0.68,0.15
A_M_1.9999999999999998_1.0_459,20.37,2.31,0.73,-0.33,-0.5,-0.68,0.15
A_M_1.9999999999999998_1.0_460,25.13,2.31,0.73,-0.33,-0.5,-0.68,0.15
A_M_1.9999999999999998_1.0_461,24.97,2.31,0.73,-0.33,-0.5,-0.68,0.15
A_M_1.9999999999999998_1.0_462,25.19,2.31,0.73,-0.33,-0.5,-0.68,0.15
A_M_1.9999999999999998_1.0_463,25.54,2.31,0.73,-0.33,-0.5,-0.68,0.15
A_M_1.9999999999999998_1.0_464,25.31,2.31,0.73,-0.33,-0.5,-0.68,0.15
A_M_1.9999999999999998_1.0_465,24.78,2.31,0.73,-0.33,-0.5,-0.68,0.15
A_M_1.9999999999999998_1.0_466,25.38,2.31,0.73,-0.33,-0.5,-0.68,0.15
A_M_1.9999999999999998_1.0_467,25.01,2.31,0.73,-0.33,-0.5,-0.68,0.15
A_M_1.9999999999999998_1.0_468,22.25,2.31,0.73,-0.33,-0.5,-0.68,0.15
A_M_1.9999999999999998_1.0_469,25.42,2.31,0.73,-0.33,-0.5,-0.68,0.15
A_M_1.9999999999999998_1.0_470,23.53,2.31,0.73,-0.33,-0.5,-0.68,0.15
A_M_1.9999999999999998_1.0_471,22.31,2.31,0.73,-0.33,-0.5,-0.68,0.15
A_M_1.9999999999999998_1.0_472,25.05,2.31,0.73,-0.33,-0.5,-0.68,0.15
A_M_1.9999999999999998_1.0_473,23.81,2.31,0.73,-0.33,-0.5,-0.68,0.15
A_M_1.9999999999999998_1.0_474,22.25,2.31,0.73,-0.33,-0.5,-0.68,0.15
A_M_1.9999999999999998_1.0_475,22.97,2.31,0.73,-0.33,-0.5,-0.68,0.15
A_M_1.9999999999999998_1.0_476,24.61,2.31,0.73,-0.33,-0.5,-0.68,0.15
A_M_1.9999999999999998_1.0_477,24.18,2.31,0.73,-0.33,-0.5,-0.68,0.15
A_M_1.9999999999999998_1.0_478,24.32,2.31,0.73,-0.33,-0.5,-0.68,0.15
A_M_1.9999999999999998_1.0_479,24.42,2.31,0.73,-0.33,-0.5,-0.68,0.15
A_M_1.9999999999999998_1.0_480,22.15,2.31,0.73,-0.33,-0.5,-0.68,0.15
A_M_1.9999999999999998_1.0_481,25.26,2.31,0.73,-0.33,-0.5,-0.68,0.15
A_M_1.9999999999999998_1.0_482,22.86,2.31,0.73,-0.33,-0.5,-0.68,0.15
A_M_1.9999999999999998_1.0_483,22.17,2.31,0.73,-0.33,-0.5,-0.68,0.15
A_M_1.9999999999999998_1.0_484,24.52,2.31,0.73,-0.33,-0.5,-0.68,0.15
A_M_1.9999999999999998_1.0_485,21.91,2.31,0.73,-0.33,-0.5,-0.68,0.15
A_M_1.9999999999999998_1.0_486,22.77,2.31,0.73,-0.33,-0.5,-0.68,0.15
A_M_1.9999999999999998_1.0_487,23.64,2.31,0.73,-0.33,-0.5,-0.68,0.15
A_M_1.9999999999999998_1.0_488,23.57,2.31,0.73,-0.33,-0.5,-0.68,0.15
A_M_1.9999999999999998_1.0_489,23.94,2.31,0.73,-0.33,-0.5,-0.68,0.15
A_M_1.9999999999999998_1.0_490,24.8,2.31,0.73,-0.33,-0.5,-0.68,0.15
A_M_1.9999999999999998_1.0_491,24.43,2.31,0.73,-0.33,-0.5,-0.68,0.15
A_M_1.9999999999999998_1.0_492,25.47,2.31,0.73,-0.33,-0.5,-0.68,0.15
A_M_1.9999999999999998_1.0_493,23.78,2.31,0.73,-0.33,-0.5,-0.68,0.15
A_M_1.9999999999999998_1.0_494,25.34,2.31,0.73,-0.33,-0.5,-0.68,0.15
A_M_1.9999999999999998_1.0_495,22.71,2.31,0.73,-0.33,-0.5,-0.68,0.15
A_M_1.9999999999999998_1.0_496,24.63,2.31,0.73,-0.33,-0.5,-0.68,0.15
A_M_1.9999999999999998_1.0_497,25.19,2.31,0.73,-0.33,-0.5,-0.68,0.15
A_M_1.9999999999999998_1.0_498,25.1,2.31,0.73,-0.33,-0.5,-0.68,0.15
A_M_1.9999999999999998_1.0_499,24.4,2.31,0.73,-0.33,-0.5,-0.68,0.15
A_M_1.9999999999999998_1.0_500,25.1,2.31,0.73,-0.33,-0.5,-0.68,0.15
A_M_1.9999999999999998_1.0_501,25.28,2.31,0.73,-0.33,-0.5,-0.68,0.15
A_M_1.9999999999999998_1.0_502,25.5,2.31,0.73,-0.33,-0.5,-0.68,0.15
A_M_1.9999999999999998_1.0_503,21.99,2.31,0.73,-0.33,-0.5,-0.68,0.15
A_M_1.9999999999999998_1.0_504,23.69,2.31,0.73,-0.33,-0.5,-0.68,0.15
A_M_1.9999999999999998_1.0_505,25.24,2.31,0.73,-0.33,-0.5,-0.68,0.15
A_M_1.9999999999999998_1.0_506,22.59,2.31,0.73,-0.33,-0.5,-0.68,0.15
A_M_1.9999999999999998_1.0_507,25.4,2.31,0.73,-0.33,-0.5,-0.68,0.15
A_M_1.9999999999999998_1.0_508,24.99,2.31,0.73,-0.33,-0.5,-0.68,0.15
A_M_1.9999999999999998_1.0_509,24.08,2.31,0.73,-0.33,-0.5,-0.68,0.15
A_M_1.9999999999999998_1.0_510,24.63,2.31,0.73,-0.33,-0.5,-0.68,0.15
A_M_1.9999999999999998_1.0_511,24.28,2.31,0.73,-0.33,-0.5,-0.68,0.15
A_M_1.9999999999999998_1.0_512,24.62,2.31,0.73,-0.33,-0.5,-0.68,0.15
A_M_1.9999999999999998_1.0_513,24.41,2.31,0.73,-0.33,-0.5,-0.68,0.15
A_M_1.9999999999999998_1.0_514,24.56,2.31,0.73,-0.33,-0.5,-0.68,0.15
A_M_1.9999999999999998_1.0_515,20.36,2.31,0.73,-0.33,-0.5,-0.68,0.15
A_M_1.9999999999999998_1.0_516,24.15,2.31,0.73,-0.33,-0.5,-0.68,0.15
A_M_1.9999999999999998_1.0_517,19.3,2.31,0.73,-0.33,-0.5,-0.68,0.15
A_M_1.9999999999999998_1.0_518,25.12,2.31,0.73,-0.33,-0.5,-0.68,0.15
A_M_1.9999999999999998_1.0_519,24.47,2.31,0.73,-0.33,-0.5,-0.68,0.15
A_M_1.9999999999999998_1.0_520,23.41,2.31,0.73,-0.33,-0.5,-0.68,0.15
A_M_1.9999999999999998_1.0_521,24.95,2.31,0.73,-0.33,-0.5,-0.68,0.15
A_M_1.9999999999999998_1.0_522,24.53,2.31,0.73,-0.33,-0.5,-0.68,0.15
A_M_1.9999999999999998_1.0_523,22.97,2.31,0.73,-0.33,-0.5,-0.68,0.15
A_M_1.9999999999999998_1.0_524,25.54,2.31,0.73,-0.33,-0.5,-0.68,0.15
A_M_1.9999999999999998_1.0_525,25.37,2.31,0.73,-0.33,-0.5,-0.68,0.15
A_M_1.9999999999999998_1.0_526,20.3,2.31,0.73,-0.33,-0.5,-0.68,0.15
A_M_1.9999999999999998_1.0_527,24.01,2.31,0.73,-0.33,-0.5,-0.68,0.15
A_M_1.9999999999999998_1.0_528,25.32,2.31,0.73,-0.33,-0.5,-0.68,0.15
A_M_1.9999999999999998_1.0_529,22.78,2.31,0.73,-0.33,-0.5,-0.68,0.15
A_M_1.9999999999999998_1.0_530,24.75,2.31,0.73,-0.33,-0.5,-0.68,0.15
A_M_1.9999999999999998_1.0_531,23.47,2.31,0.73,-0.33,-0.5,-0.68,0.15
A_M_1.9999999999999998_1.0_532,25.53,2.31,0.73,-0.33,-0.5,-0.68,0.15
A_M_1.9999999999999998_1.0_533,25.32,2.31,0.73,-0.33,-0.5,-0.68,0.15
A_M_1.9999999999999998_1.0_534,25.02,2.31,0.73,-0.33,-0.5,-0.68,0.15
A_M_1.9999999999999998_1.0_535,25.06,2.31,0.73,-0.33,-0.5,-0.68,0.15
A_M_1.9999999999999998_1.0_536,25.55,2.31,0.73,-0.33,-0.5,-0.68,0.15
A_M_1.9999999999999998_1.0_537,25.18,2.31,0.73,-0.33,-0.5,-0.68,0.15
A_M_1.9999999999999998_1.0_538,25.34,2.31,0.73,-0.33,-0.5,-0.68,0.15
A_M_1.9999999999999998_1.0_539,20.84,2.31,0.73,-0.33,-0.5,-0.68,0.15
A_M_1.9999999999999998_1.0_540,25.23,2.31,0.73,-0.33,-0.5,-0.68,0.15
A_M_1.9999999999999998_1.0_541,24.88,2.31,0.73,-0.33,-0.5,-0.68,0.15
A_M_1.9999999999999998_1.0_542,22.89,2.31,0.73,-0.33,-0.5,-0.68,0.15
A_M_1.9999999999999998_1.0_543,24.68,2.31,0.73,-0.33,-0.5,-0.68,0.15
A_M_1.9999999999999998_1.0_544,25.22,2.31,0.73,-0.33,-0.5,-0.68,0.15
A_M_1.9999999999999998_1.0_545,23.74,2.31,0.73,-0.33,-0.5,-0.68,0.15
A_M_1.9999999999999998_1.0_546,23.79,2.31,0.73,-0.33,-0.5,-0.68,0.15
A_M_1.9999999999999998_1.0_547,21.96,2.31,0.73,-0.33,-0.5,-0.68,0.15
A_M_1.9999999999999998_1.0_548,25.59,2.31,0.73,-0.33,-0.5,-0.68,0.15
A_M_1.9999999999999998_1.0_549,25.39,2.31,0.73,-0.33,-0.5,-0.68,0.15
A_M_1.9999999999999998_1.0_550,25.16,2.31,0.73,-0.33,-0.5,-0.68,0.15
A_M_1.9999999999999998_1.0_551,23.21,2.31,0.73,-0.33,-0.5,-0.68,0.15
A_M_1.9999999999999998_1.0_552,25.4,2.31,0.73,-0.33,-0.5,-0.68,0.15
A_M_1.9999999999999998_1.0_553,24.77,2.31,0.73,-0.33,-0.5,-0.68,0.15
A_M_1.9999999999999998_1.0_554,25.48,2.31,0.73,-0.33,-0.5,-0.68,0.15
A_M_1.9999999999999998_1.0_555,17.15,2.31,0.73,-0.33,-0.5,-0.68,0.15
A_M_1.9999999999999998_1.0_556,23.69,2.31,0.73,-0.33,-0.5,-0.68,0.15
A_M_1.9999999999999998_1.0_557,24.27,2.31,0.73,-0.33,-0.5,-0.68,0.15
A_M_1.9999999999999998_1.0_558,24.66,2.31,0.73,-0.33,-0.5,-0.68,0.15
A_M_1.9999999999999998_1.0_559,23.06,2.31,0.73,-0.33,-0.5,-0.68,0.15
A_M_1.9999999999999998_1.0_560,21.98,2.31,0.73,-0.33,-0.5,-0.68,0.15
A_M_1.9999999999999998_1.0_561,19.65,2.31,0.73,-0.33,-0.5,-0.68,0.15
A_M_1.9999999999999998_1.0_562,24.89,2.31,0.73,-0.33,-0.5,-0.68,0.15
A_M_1.9999999999999998_1.0_563,25.18,2.31,0.73,-0.33,-0.5,-0.68,0.15
A_M_1.9999999999999998_1.0_564,23.98,2.31,0.73,-0.33,-0.5,-0.68,0.15
A_M_1.9999999999999998_1.0_565,25.41,2.31,0.73,-0.33,-0.5,-0.68,0.15
A_M_1.9999999999999998_1.0_566,25.56,2.31,0.73,-0.33,-0.5,-0.68,0.15
A_M_1.9999999999999998_1.0_567,25.41,2.31,0.73,-0.33,-0.5,-0.68,0.15
A_M_1.9999999999999998_1.0_568,25.19,2.31,0.73,-0.33,-0.5,-0.68,0.15
A_M_1.9999999999999998_1.0_569,25.08,2.31,0.73,-0.33,-0.5,-0.68,0.15
A_M_1.9999999999999998_1.0_570,24.94,2.31,0.73,-0.33,-0.5,-0.68,0.15
A_M_1.9999999999999998_1.0_571,25.29,2.31,0.73,-0.33,-0.5,-0.68,0.15
A_M_1.9999999999999998_1.0_572,22.72,2.31,0.73,-0.33,-0.5,-0.68,0.15
A_M_1.9999999999999998_1.0_573,24.69,2.31,0.73,-0.33,-0.5,-0.68,0.15
A_M_1.9999999999999998_1.0_574,21.48,2.31,0.73,-0.33,-0.5,-0.68,0.15
A_M_1.9999999999999998_1.0_575,24.97,2.31,0.73,-0.33,-0.5,-0.68,0.15
A_M_1.9999999999999998_1.0_576,25.58,2.31,0.73,-0.33,-0.5,-0.68,0.15
A_M_1.9999999999999998_1.0_577,25.36,2.31,0.73,-0.33,-0.5,-0.68,0.15
A_M_1.9999999999999998_1.0_578,23.57,2.31,0.73,-0.33,-0.5,-0.68,0.15
A_M_1.9999999999999998_1.0_579,23.45,2.31,0.73,-0.33,-0.5,-0.68,0.15
A_M_1.9999999999999998_1.0_580,22.62,2.31,0.73,-0.33,-0.5,-0.68,0.15
A_M_1.9999999999999998_1.0_581,24.19,2.31,0.73,-0.33,-0.5,-0.68,0.15
A_M_1.9999999999999998_1.0_582,23.65,2.31,0.73,-0.33,-0.5,-0.68,0.15
A_M_1.9999999999999998_1.0_583,23.73,2.31,0.73,-0.33,-0.5,-0.68,0.15
A_M_1.9999999999999998_1.0_584,25.33,2.31,0.73,-0.33,-0.5,-0.68,0.15
A_M_1.9999999999999998_1.0_585,25.58,2.31,0.73,-0.33,-0.5,-0.68,0.15
A_M_1.9999999999999998_1.0_586,25.37,2.31,0.73,-0.33,-0.5,-0.68,0.15
A_M_1.9999999999999998_1.0_587,24.66,2.31,0.73,-0.33,-0.5,-0.68,0.15
A_M_1.9999999999999998_1.0_588,25.03,2.31,0.73,-0.33,-0.5,-0.68,0.15
A_M_1.9999999999999998_1.0_589,25.05,2.31,0.73,-0.33,-0.5,-0.68,0.15
A_M_1.9999999999999998_1.0_590,23.7,2.31,0.73,-0.33,-0.5,-0.68,0.15
A_M_1.9999999999999998_1.0_591,25.35,2.31,0.73,-0.33,-0.5,-0.68,0.15
A_M_1.9999999999999998_1.0_592,23.29,2.31,0.73,-0.33,-0.5,-0.68,0.15
A_M_1.9999999999999998_1.0_593,25.17,2.31,0.73,-0.33,-0.5,-0.68,0.15
A_M_1.9999999999999998_1.0_594,22.88,2.31,0.73,-0.33,-0.5,-0.68,0.15
A_M_1.9999999999999998_1.0_595,21.08,2.31,0.73,-0.33,-0.5,-0.68,0.15
A_M_1.9999999999999998_1.0_596,23.41,2.31,0.73,-0.33,-0.5,-0.68,0.15
A_M_1.9999999999999998_1.0_597,22.98,2.31,0.73,-0.33,-0.5,-0.68,0.15
A_M_1.9999999999999998_1.0_598,18.55,2.31,0.73,-0.33,-0.5,-0.68,0.15
A_M_1.9999999999999998_1.0_599,24.41,2.31,0.73,-0.33,-0.5,-0.68,0.15
A_M_1.9999999999999998_1.0_600,24.39,2.31,0.73,-0.33,-0.5,-0.68,0.15
A_M_1.9999999999999998_1.0_601,25.61,2.31,0.73,-0.33,-0.5,-0.68,0.15
A_M_1.9999999999999998_1.0_602,23.99,2.31,0.73,-0.33,-0.5,-0.68,0.15
A_M_1.9999999999999998_1.0_603,24.57,2.31,0.73,-0.33,-0.5,-0.68,0.15
A_M_1.9999999999999998_1.0_604,25.35,2.31,0.73,-0.33,-0.5,-0.68,0.15
A_M_1.9999999999999998_1.0_605,21.2,2.31,0.73,-0.33,-0.5,-0.68,0.15
A_M_1.9999999999999998_1.0_606,23.2,2.31,0.73,-0.33,-0.5,-0.68,0.15
A_M_1.9999999999999998_1.0_607,24.94,2.31,0.73,-0.33,-0.5,-0.68,0.15
A_M_1.9999999999999998_1.0_608,25.5,2.31,0.73,-0.33,-0.5,-0.68,0.15
A_M_1.9999999999999998_1.0_609,22.91,2.31,0.73,-0.33,-0.5,-0.68,0.15
A_M_1.9999999999999998_1.0_610,22.69,2.31,0.73,-0.33,-0.5,-0.68,0.15
A_M_1.9999999999999998_1.0_611,24.58,2.31,0.73,-0.33,-0.5,-0.68,0.15
A_M_1.9999999999999998_1.0_612,25.24,2.31,0.73,-0.33,-0.5,-0.68,0.15
A_M_1.9999999999999998_1.0_613,24.38,2.31,0.73,-0.33,-0.5,-0.68,0.15
A_M_1.9999999999999998_1.0_614,22.97,2.31,0.73,-0.33,-0.5,-0.68,0.15
A_M_1.9999999999999998_1.0_615,24.96,2.31,0.73,-0.33,-0.5,-0.68,0.15
A_M_1.9999999999999998_1.0_616,23.5,2.31,0.73,-0.33,-0.5,-0.68,0.15
A_M_1.9999999999999998_1.0_617,25.46,2.31,0.73,-0.33,-0.5,-0.68,0.15
A_M_1.9999999999999998_1.0_618,23.86,2.31,0.73,-0.33,-0.5,-0.68,0.15
A_M_1.9999999999999998_1.0_619,25.44,2.31,0.73,-0.33,-0.5,-0.68,0.15
A_M_1.9999999999999998_1.0_620,25.32,2.31,0.73,-0.33,-0.5,-0.68,0.15
A_M_1.9999999999999998_1.0_621,20.45,2.31,0.73,-0.33,-0.5,-0.68,0.15
A_M_1.9999999999999998_1.0_622,22.7,2.31,0.73,-0.33,-0.5,-0.68,0.15
A_M_1.9999999999999998_1.0_623,24.85,2.31,0.73,-0.33,-0.5,-0.68,0.15
A_M_1.9999999999999998_1.0_624,25.43,2.31,0.73,-0.33,-0.5,-0.68,0.15
A_M_1.9999999999999998_1.0_625,25.14,2.31,0.73,-0.33,-0.5,-0.68,0.15
A_M_1.9999999999999998_1.0_626,24.49,2.31,0.73,-0.33,-0.5,-0.68,0.15
A_M_1.9999999999999998_1.0_627,23.45,2.31,0.73,-0.33,-0.5,-0.68,0.15
A_M_1.9999999999999998_1.0_628,20.1,2.31,0.73,-0.33,-0.5,-0.68,0.15
A_M_1.9999999999999998_1.0_629,23.63,2.31,0.73,-0.33,-0.5,-0.68,0.15
A_M_1.9999999999999998_1.0_630,21.56,2.31,0.73,-0.33,-0.5,-0.68,0.15
A_M_1.9999999999999998_1.0_631,25.55,2.31,0.73,-0.33,-0.5,-0.68,0.15
A_M_1.9999999999999998_1.0_632,19.09,2.31,0.73,-0.33,-0.5,-0.68,0.15
A_M_1.9999999999999998_1.0_633,22.38,2.31,0.73,-0.33,-0.5,-0.68,0.15
A_M_1.9999999999999998_1.0_634,25.18,2.31,0.73,-0.33,-0.5,-0.68,0.15
A_M_1.9999999999999998_1.0_635,24.27,2.31,0.73,-0.33,-0.5,-0.68,0.15
A_M_1.9999999999999998_1.0_636,25.14,2.31,0.73,-0.33,-0.5,-0.68,0.15
A_M_1.9999999999999998_1.0_637,24.91,2.31,0.73,-0.33,-0.5,-0.68,0.15
A_M_1.9999999999999998_1.0_638,22.83,2.31,0.73,-0.33,-0.5,-0.68,0.15
A_M_1.9999999999999998_1.0_639,24.92,2.31,0.73,-0.33,-0.5,-0.68,0.15
A_M_1.9999999999999998_1.0_640,24.88,2.31,0.73,-0.33,-0.5,-0.68,0.15
A_M_1.9999999999999998_1.0_641,24.64,2.31,0.73,-0.33,-0.5,-0.68,0.15
A_M_1.9999999999999998_1.0_642,24.58,2.31,0.73,-0.33,-0.5,-0.68,0.15
A_M_1.9999999999999998_1.0_643,21.45,2.31,0.73,-0.33,-0.5,-0.68,0.15
A_M_1.9999999999999998_1.0_644,25.48,2.31,0.73,-0.33,-0.5,-0.68,0.15
A_M_1.9999999999999998_1.0_645,25.29,2.31,0.73,-0.33,-0.5,-0.68,0.15
A_M_1.9999999999999998_1.0_646,23.5,2.31,0.73,-0.33,-0.5,-0.68,0.15
A_M_1.9999999999999998_1.0_647,25.62,2.31,0.73,-0.33,-0.5,-0.68,0.15
A_M_1.9999999999999998_1.0_648,24.61,2.31,0.73,-0.33,-0.5,-0.68,0.15
A_M_1.9999999999999998_1.0_649,25.18,2.31,0.73,-0.33,-0.5,-0.68,0.15
A_M_1.9999999999999998_1.0_650,24.75,2.31,0.73,-0.33,-0.5,-0.68,0.15
A_M_1.9999999999999998_1.0_651,25.38,2.31,0.73,-0.33,-0.5,-0.68,0.15
A_M_1.9999999999999998_1.0_652,23.23,2.31,0.73,-0.33,-0.5,-0.68,0.15
A_M_1.9999999999999998_1.0_653,24.0,2.31,0.73,-0.33,-0.5,-0.68,0.15
A_M_1.9999999999999998_1.0_654,20.76,2.31,0.73,-0.33,-0.5,-0.68,0.15
A_M_1.9999999999999998_1.0_655,22.65,2.31,0.73,-0.33,-0.5,-0.68,0.15
A_M_1.9999999999999998_1.0_656,24.32,2.31,0.73,-0.33,-0.5,-0.68,0.15
A_M_1.9999999999999998_1.0_657,25.46,2.31,0.73,-0.33,-0.5,-0.68,0.15
A_M_1.9999999999999998_1.0_658,23.23,2.31,0.73,-0.33,-0.5,-0.68,0.15
A_M_1.9999999999999998_1.0_659,23.26,2.31,0.73,-0.33,-0.5,-0.68,0.15
A_M_1.9999999999999998_1.0_660,24.67,2.31,0.73,-0.33,-0.5,-0.68,0.15
A_M_1.9999999999999998_1.0_661,18.88,2.31,0.73,-0.33,-0.5,-0.68,0.15
A_M_1.9999999999999998_1.0_662,24.08,2.31,0.73,-0.33,-0.5,-0.68,0.15
A_M_1.9999999999999998_1.0_663,25.6,2.31,0.73,-0.33,-0.5,-0.68,0.15
A_M_1.9999999999999998_1.0_664,24.62,2.31,0.73,-0.33,-0.5,-0.68,0.15
A_M_1.9999999999999998_1.0_665,25.13,2.31,0.73,-0.33,-0.5,-0.68,0.15
A_M_1.9999999999999998_1.0_666,25.54,2.31,0.73,-0.33,-0.5,-0.68,0.15
A_M_1.9999999999999998_1.0_667,24.49,2.31,0.73,-0.33,-0.5,-0.68,0.15
A_M_1.9999999999999998_1.0_668,24.62,2.31,0.73,-0.33,-0.5,-0.68,0.15
A_M_1.9999999999999998_1.0_669,25.18,2.31,0.73,-0.33,-0.5,-0.68,0.15
A_M_1.9999999999999998_1.0_670,24.81,2.31,0.73,-0.33,-0.5,-0.68,0.15
A_M_1.9999999999999998_1.0_671,24.56,2.31,0.73,-0.33,-0.5,-0.68,0.15
A_M_1.9999999999999998_1.0_672,23.51,2.31,0.73,-0.33,-0.5,-0.68,0.15
A_M_1.9999999999999998_1.0_673,23.2,2.31,0.73,-0.33,-0.5,-0.68,0.15
A_M_1.9999999999999998_1.0_674,24.06,2.31,0.73,-0.33,-0.5,-0.68,0.15
A_M_1.9999999999999998_1.0_675,25.27,2.31,0.73,-0.33,-0.5,-0.68,0.15
A_M_1.9999999999999998_1.0_676,23.85,2.31,0.73,-0.33,-0.5,-0.68,0.15
A_M_1.9999999999999998_1.0_677,25.46,2.31,0.73,-0.33,-0.5,-0.68,0.15
A_M_1.9999999999999998_1.0_678,24.71,2.31,0.73,-0.33,-0.5,-0.68,0.15
A_M_1.9999999999999998_1.0_679,24.87,2.31,0.73,-0.33,-0.5,-0.68,0.15
A_M_1.9999999999999998_1.0_680,25.33,2.31,0.73,-0.33,-0.5,-0.68,0.15
A_M_1.9999999999999998_1.0_681,22.45,2.31,0.73,-0.33,-0.5,-0.68,0.15
A_M_1.9999999999999998_1.0_682,25.5,2.31,0.73,-0.33,-0.5,-0.68,0.15
A_M_1.9999999999999998_1.0_683,24.37,2.31,0.73,-0.33,-0.5,-0.68,0.15
A_M_1.9999999999999998_1.0_684,22.34,2.31,0.73,-0.33,-0.5,-0.68,0.15
