ObjID,FORMAT,q,e,inc,node,argPeri,t_p_MJD_TDB,epochMJD_TDB
A_M_1.9999999999999998_1.0_0,COM,0.139084,1.00029,2.113,5.106,2.195,64256.040433877235,60980.00158187724
A_M_1.9999999999999998_1.0_1,COM,0.488351,1.006206,2.207,4.507,2.929,62946.216841877234,60980.00158187724
A_M_1.9999999999999998_1.0_2,COM,1.295732,1.033136,2.891,3.656,4.321,64380.104526877236,60980.00158187724
A_M_1.9999999999999998_1.0_3,COM,0.72086,1.020825,2.582,6.037,1.02,63841.59662087724,60980.00158187724
A_M_1.9999999999999998_1.0_4,COM,1.596403,1.03512,1.964,3.932,5.157,63851.27118287724,60980.00158187724
A_M_1.9999999999999998_1.0_5,COM,1.367856,1.045092,1.372,3.821,0.468,64366.73172587724,60980.00158187724
A_M_1.9999999999999998_1.0_6,COM,1.620285,1.087598,1.013,5.977,0.302,63044.67260187724,60980.00158187724
A_M_1.9999999999999998_1.0_7,COM,0.226926,1.010091,2.148,4.536,3.944,63364.447974877236,60980.00158187724
A_M_1.9999999999999998_1.0_8,COM,0.157949,1.007622,1.027,0.189,0.637,63469.686520877236,60980.00158187724
A_M_1.9999999999999998_1.0_9,COM,1.018398,1.043156,2.82,3.59,1.704,61376.87575487724,60980.00158187724
A_M_1.9999999999999998_1.0_10,COM,0.392654,1.025736,1.734,1.856,0.637,62942.869760877235,60980.00158187724
A_M_1.9999999999999998_1.0_11,COM,0.872549,1.054434,2.788,5.992,2.699,61538.637582877236,60980.00158187724
A_M_1.9999999999999998_1.0_12,COM,1.412133,1.09184,2.252,4.503,0.209,63142.16136687724,60980.00158187724
A_M_1.9999999999999998_1.0_13,COM,0.704414,1.048365,2.07,0.726,2.947,63014.224238877236,60980.00158187724
A_M_1.9999999999999998_1.0_14,COM,0.000816,1.00006,0.919,1.687,2.565,64614.782910877235,60980.00158187724
A_M_1.9999999999999998_1.0_15,COM,0.664449,1.054056,2.545,5.289,1.351,61881.25626787724,60980.00158187724
A_M_1.9999999999999998_1.0_16,COM,1.10475,1.084766,1.744,6.238,0.765,60973.955326877236,60980.00158187724
A_M_1.9999999999999998_1.0_17,COM,0.865323,1.066826,1.652,2.78,5.097,63027.77228687724,60980.00158187724
A_M_1.9999999999999998_1.0_18,COM,0.256782,1.023655,1.435,2.811,3.202,61408.91707687724,60980.00158187724
A_M_1.9999999999999998_1.0_19,COM,1.333407,1.113132,2.358,4.639,2.723,62986.56589487724,60980.00158187724
A_M_1.9999999999999998_1.0_20,COM,0.650028,1.053729,2.73,0.598,1.693,61903.98704087724,60980.00158187724
A_M_1.9999999999999998_1.0_21,COM,0.425916,1.046588,1.326,0.65,5.195,62840.42397787724,60980.00158187724
A_M_1.9999999999999998_1.0_22,COM,1.122398,1.126515,1.299,3.003,2.036,63990.919194877235,60980.00158187724
A_M_1.9999999999999998_1.0_23,COM,0.918689,1.096024,1.641,4.781,2.241,64217.159951877235,60980.00158187724
A_M_1.9999999999999998_1.0_24,COM,1.189191,1.138297,0.386,4.785,4.044,61670.221722877235,60980.00158187724
A_M_1.9999999999999998_1.0_25,COM,0.557187,1.0753,0.244,0.171,0.156,62626.37314387724,60980.00158187724
A_M_1.9999999999999998_1.0_26,COM,1.046823,1.130184,1.666,6.032,0.562,64470.869806877236,60980.00158187724
A_M_1.9999999999999998_1.0_27,COM,0.655067,1.076026,1.702,5.46,1.323,62569.723895877236,60980.00158187724
A_M_1.9999999999999998_1.0_28,COM,0.687795,1.094547,1.686,2.78,3.164,62924.91911987724,60980.00158187724
A_M_1.9999999999999998_1.0_29,COM,0.671733,1.107776,1.205,0.571,1.051,62183.86216487724,60980.00158187724
A_M_1.9999999999999998_1.0_30,COM,0.044771,1.0071,2.973,1.848,2.788,62102.580559877235,60980.00158187724
A_M_1.9999999999999998_1.0_31,COM,0.645615,1.104632,1.493,5.222,1.042,63584.246546877235,60980.00158187724
A_M_1.9999999999999998_1.0_32,COM,0.058176,1.008369,0.729,2.078,1.459,63012.61027987724,60980.00158187724
A_M_1.9999999999999998_1.0_33,COM,1.746366,1.286105,0.145,0.956,5.671,61158.349433877236,60980.00158187724
A_M_1.9999999999999998_1.0_34,COM,1.62901,1.307972,0.507,1.199,3.986,64452.241968877235,60980.00158187724
A_M_1.9999999999999998_1.0_35,COM,0.196035,1.037529,0.749,5.263,4.49,61081.284891877236,60980.00158187724
A_M_1.9999999999999998_1.0_36,COM,1.183655,1.214073,1.875,4.308,4.338,61011.75292387724,60980.00158187724
A_M_1.9999999999999998_1.0_37,COM,1.261566,1.24542,0.809,2.907,5.703,63608.02159087724,60980.00158187724
A_M_1.9999999999999998_1.0_38,COM,1.521485,1.321505,0.487,3.134,0.424,61706.718521877236,60980.00158187724
A_M_1.9999999999999998_1.0_39,COM,1.747701,1.383987,2.231,2.642,3.557,63664.55710387724,60980.00158187724
A_M_1.9999999999999998_1.0_40,COM,1.489017,1.291276,2.108,5.696,5.179,61931.681334877234,60980.00158187724
A_M_1.9999999999999998_1.0_41,COM,0.774332,1.156916,2.167,6.254,1.418,62062.40654287724,60980.00158187724
A_M_1.9999999999999998_1.0_42,COM,1.289924,1.295172,1.899,4.435,4.626,64056.858802877236,60980.00158187724
A_M_1.9999999999999998_1.0_43,COM,1.446268,1.353851,1.003,0.109,2.966,61258.25083387724,60980.00158187724
A_M_1.9999999999999998_1.0_44,COM,0.37778,1.091101,2.136,0.793,4.865,61145.575959877235,60980.00158187724
A_M_1.9999999999999998_1.0_45,COM,1.171344,1.29276,1.412,2.138,2.46,64173.84725187724,60980.00158187724
A_M_1.9999999999999998_1.0_46,COM,0.888689,1.206136,1.958,2.605,4.051,62557.67267187724,60980.00158187724
A_M_1.9999999999999998_1.0_47,COM,1.136342,1.255573,0.818,5.064,0.784,63808.90070487724,60980.00158187724
A_M_1.9999999999999998_1.0_48,COM,1.200998,1.280585,1.813,2.409,3.083,64577.40117987724,60980.00158187724
A_M_1.9999999999999998_1.0_49,COM,0.326743,1.082655,0.871,1.594,6.2,63074.76534087724,60980.00158187724
A_M_1.9999999999999998_1.0_50,COM,0.958556,1.258734,2.844,5.848,4.289,61194.97702287724,60980.00158187724
A_M_1.9999999999999998_1.0_51,COM,1.273737,1.362057,1.87,0.732,4.115,64396.81189187724,60980.00158187724
A_M_1.9999999999999998_1.0_52,COM,0.622239,1.170379,1.782,4.108,4.62,62347.30874087724,60980.00158187724
A_M_1.9999999999999998_1.0_53,COM,1.438788,1.415697,1.794,4.876,2.552,64075.336792877235,60980.00158187724
A_M_1.9999999999999998_1.0_54,COM,1.297424,1.374474,2.078,5.141,5.43,63388.24311787724,60980.00158187724
A_M_1.9999999999999998_1.0_55,COM,2.588767,1.712081,1.786,2.448,4.896,62663.917409877235,60980.00158187724
A_M_1.9999999999999998_1.0_56,COM,0.131141,1.042195,1.02,0.356,5.132,63949.56168187724,60980.00158187724
A_M_1.9999999999999998_1.0_57,COM,1.387742,1.425537,1.1,4.925,0.142,64518.067968877236,60980.00158187724
A_M_1.9999999999999998_1.0_58,COM,0.09106,1.028102,1.448,4.091,4.522,63443.64603987724,60980.00158187724
A_M_1.9999999999999998_1.0_59,COM,0.854546,1.279752,0.182,0.26,6.044,62130.41144787724,60980.00158187724
A_M_1.9999999999999998_1.0_60,COM,1.379486,1.427131,1.191,2.087,0.437,61305.80252587724,60980.00158187724
A_M_1.9999999999999998_1.0_61,COM,1.717855,1.519943,0.846,4.39,2.555,64554.205647877236,60980.00158187724
A_M_1.9999999999999998_1.0_62,COM,1.627812,1.502528,1.131,4.048,4.526,62610.45945687724,60980.00158187724
A_M_1.9999999999999998_1.0_63,COM,1.331759,1.445201,0.965,4.753,3.591,61568.73976387724,60980.00158187724
A_M_1.9999999999999998_1.0_64,COM,1.382126,1.506217,1.01,5.752,4.249,63175.45846587724,60980.00158187724
A_M_1.9999999999999998_1.0_65,COM,0.765081,1.258339,0.195,4.629,1.339,62151.932908877236,60980.00158187724
A_M_1.9999999999999998_1.0_66,COM,0.289883,1.099612,0.487,5.085,1.263,64340.64990387724,60980.00158187724
A_M_1.9999999999999998_1.0_67,COM,0.717984,1.261809,1.449,0.299,4.69,61558.814207877236,60980.00158187724
A_M_1.9999999999999998_1.0_68,COM,1.50185,1.510763,0.537,6.181,2.137,61381.61332787724,60980.00158187724
A_M_1.9999999999999998_1.0_69,COM,0.876305,1.289948,1.153,5.048,1.825,62113.32777587724,60980.00158187724
A_M_1.9999999999999998_1.0_70,COM,0.995786,1.361771,1.774,5.433,3.794,64513.87650687724,60980.00158187724
A_M_1.9999999999999998_1.0_71,COM,0.576201,1.202645,1.401,0.589,5.546,62425.968028877236,60980.00158187724
A_M_1.9999999999999998_1.0_72,COM,0.142589,1.058065,2.372,2.333,3.619,63192.07530887724,60980.00158187724
A_M_1.9999999999999998_1.0_73,COM,0.291544,1.118725,1.178,4.307,4.296,61874.888997877235,60980.00158187724
A_M_1.9999999999999998_1.0_74,COM,1.047532,1.425002,1.194,3.665,4.532,64058.501724877235,60980.00158187724
A_M_1.9999999999999998_1.0_75,COM,1.17304,1.477655,1.093,5.205,3.753,63193.47542487724,60980.00158187724
A_M_1.9999999999999998_1.0_76,COM,1.3848,1.529938,0.44,3.85,4.742,62463.37266887724,60980.00158187724
A_M_1.9999999999999998_1.0_77,COM,0.35747,1.136345,0.826,0.035,4.308,64471.957925877236,60980.00158187724
A_M_1.9999999999999998_1.0_78,COM,0.922128,1.37828,1.576,2.178,4.888,62855.20488587724,60980.00158187724
A_M_1.9999999999999998_1.0_79,COM,0.793938,1.310778,0.972,4.748,4.714,63227.299137877235,60980.00158187724
A_M_1.9999999999999998_1.0_80,COM,0.579854,1.217544,0.856,3.344,4.117,61590.67397087724,60980.00158187724
A_M_1.9999999999999998_1.0_81,COM,0.344903,1.132331,1.756,0.637,5.71,62503.94781887724,60980.00158187724
A_M_1.9999999999999998_1.0_82,COM,0.534847,1.202284,2.658,3.135,1.895,64151.420463877235,60980.00158187724
A_M_1.9999999999999998_1.0_83,COM,1.158495,1.46087,1.005,4.199,3.611,61101.65521987724,60980.00158187724
A_M_1.9999999999999998_1.0_84,COM,0.99199,1.371555,2.407,6.167,0.003,64168.14701987724,60980.00158187724
A_M_1.9999999999999998_1.0_85,COM,0.568095,1.220396,1.208,6.282,1.768,64180.93388287724,60980.00158187724
A_M_1.9999999999999998_1.0_86,COM,0.723939,1.272321,1.79,3.618,5.812,63907.24601387724,60980.00158187724
A_M_1.9999999999999998_1.0_87,COM,0.785223,1.293847,0.849,1.188,5.106,63302.74303687724,60980.00158187724
A_M_1.9999999999999998_1.0_88,COM,1.316532,1.488219,1.815,1.321,5.068,62488.420030877234,60980.00158187724
A_M_1.9999999999999998_1.0_89,COM,0.447999,1.179922,1.177,0.856,5.248,61654.46403287724,60980.00158187724
A_M_1.9999999999999998_1.0_90,COM,0.250833,1.097611,0.861,3.279,6.189,62098.99997987724,60980.00158187724
A_M_1.9999999999999998_1.0_91,COM,0.507986,1.20701,1.405,5.977,4.346,61407.44183787724,60980.00158187724
A_M_1.9999999999999998_1.0_92,COM,0.909972,1.379943,2.485,4.898,2.902,63844.65310587724,60980.00158187724
A_M_1.9999999999999998_1.0_93,COM,1.398563,1.617143,0.296,2.056,3.616,63992.517371877235,60980.00158187724
A_M_1.9999999999999998_1.0_94,COM,0.923717,1.384896,0.764,4.911,3.576,62808.48705587724,60980.00158187724
A_M_1.9999999999999998_1.0_95,COM,1.58745,1.700541,1.33,0.482,4.739,63533.52017287724,60980.00158187724
A_M_1.9999999999999998_1.0_96,COM,0.531987,1.235582,2.425,1.81,5.077,61693.56504987724,60980.00158187724
A_M_1.9999999999999998_1.0_97,COM,1.266917,1.56257,1.076,2.86,2.406,63846.52130187724,60980.00158187724
A_M_1.9999999999999998_1.0_98,COM,2.059979,1.91695,1.576,5.324,6.129,60995.15663687724,60980.00158187724
A_M_1.9999999999999998_1.0_99,COM,1.540033,1.691914,1.696,1.549,5.467,63448.65422887724,60980.00158187724
A_M_1.9999999999999998_1.0_100,COM,0.483155,1.214501,1.417,6.005,6.231,63110.012449877235,60980.00158187724
A_M_1.9999999999999998_1.0_101,COM,0.805668,1.338633,1.016,4.122,3.472,62005.08904587724,60980.00158187724
A_M_1.9999999999999998_1.0_102,COM,0.840284,1.360885,2.413,2.076,6.107,62723.389429877236,60980.00158187724
A_M_1.9999999999999998_1.0_103,COM,1.446006,1.670086,2.051,0.722,4.616,61046.889038877234,60980.00158187724
A_M_1.9999999999999998_1.0_104,COM,0.231061,1.113696,1.466,5.106,3.109,62210.88363587724,60980.00158187724
A_M_1.9999999999999998_1.0_105,COM,0.419306,1.191125,2.184,5.337,4.294,62096.41394487724,60980.00158187724
A_M_1.9999999999999998_1.0_106,COM,0.42386,1.203575,2.045,6.058,4.549,62206.375373877236,60980.00158187724
A_M_1.9999999999999998_1.0_107,COM,0.882846,1.441283,0.985,0.617,5.18,62383.84765987724,60980.00158187724
A_M_1.9999999999999998_1.0_108,COM,1.323674,1.647161,1.342,3.69,0.644,63111.00486887724,60980.00158187724
A_M_1.9999999999999998_1.0_109,COM,1.371995,1.639631,1.17,4.891,3.151,62116.93566687724,60980.00158187724
A_M_1.9999999999999998_1.0_110,COM,0.400434,1.188496,1.273,6.254,3.88,61512.718670877235,60980.00158187724
A_M_1.9999999999999998_1.0_111,COM,0.313635,1.152418,0.866,1.104,1.248,61813.640699877236,60980.00158187724
A_M_1.9999999999999998_1.0_112,COM,0.336704,1.167186,1.586,1.522,1.529,61056.38296287724,60980.00158187724
A_M_1.9999999999999998_1.0_113,COM,0.144625,1.071394,1.776,2.861,3.231,63752.94357187724,60980.00158187724
A_M_1.9999999999999998_1.0_114,COM,0.761631,1.359115,0.282,1.141,5.366,61144.84754887724,60980.00158187724
A_M_1.9999999999999998_1.0_115,COM,0.820102,1.393608,1.489,3.115,3.467,63993.96485787724,60980.00158187724
A_M_1.9999999999999998_1.0_116,COM,0.016856,1.007802,1.764,0.605,4.066,62007.94295887724,60980.00158187724
A_M_1.9999999999999998_1.0_117,COM,0.232063,1.107882,2.716,1.971,1.324,63459.31577887724,60980.00158187724
A_M_1.9999999999999998_1.0_118,COM,0.982158,1.462374,0.749,5.973,0.147,62991.03247287724,60980.00158187724
A_M_1.9999999999999998_1.0_119,COM,1.448582,1.723713,2.183,5.424,4.384,61097.05172387724,60980.00158187724
A_M_1.9999999999999998_1.0_120,COM,0.29753,1.150861,1.82,5.785,4.449,62541.17576187724,60980.00158187724
A_M_1.9999999999999998_1.0_121,COM,0.921578,1.504302,0.764,2.114,2.962,61917.16466587724,60980.00158187724
A_M_1.9999999999999998_1.0_122,COM,0.944023,1.518255,1.458,2.18,1.595,64651.30559087724,60980.00158187724
A_M_1.9999999999999998_1.0_123,COM,0.193839,1.101036,0.722,3.48,2.448,63410.04268387724,60980.00158187724
A_M_1.9999999999999998_1.0_124,COM,0.738823,1.378338,1.584,0.904,3.429,61464.03924487724,60980.00158187724
A_M_1.9999999999999998_1.0_125,COM,1.261593,1.653848,0.807,2.186,2.991,62933.08681087724,60980.00158187724
A_M_1.9999999999999998_1.0_126,COM,0.060795,1.032275,0.763,4.527,3.455,61609.501965877236,60980.00158187724
A_M_1.9999999999999998_1.0_127,COM,0.085235,1.043776,1.52,2.431,3.206,63973.55838987724,60980.00158187724
A_M_1.9999999999999998_1.0_128,COM,1.230627,1.644443,1.299,0.027,0.402,62060.53264987724,60980.00158187724
A_M_1.9999999999999998_1.0_129,COM,0.2003,1.106343,0.846,1.626,4.576,62897.24304987724,60980.00158187724
A_M_1.9999999999999998_1.0_130,COM,0.040929,1.022153,1.563,3.7,5.026,62730.342813877236,60980.00158187724
A_M_1.9999999999999998_1.0_131,COM,1.421255,1.726471,1.588,1.794,4.941,61805.24258287724,60980.00158187724
A_M_1.9999999999999998_1.0_132,COM,0.706738,1.382563,1.748,1.828,3.203,61388.78918287724,60980.00158187724
A_M_1.9999999999999998_1.0_133,COM,0.701287,1.384998,2.772,3.383,2.707,62246.91327687724,60980.00158187724
A_M_1.9999999999999998_1.0_134,COM,1.164804,1.60554,1.085,2.159,4.061,62866.08377087724,60980.00158187724
A_M_1.9999999999999998_1.0_135,COM,1.029697,1.607751,0.84,1.308,0.065,61974.38924087724,60980.00158187724
A_M_1.9999999999999998_1.0_136,COM,1.310659,1.77795,2.355,6.246,3.593,63672.82180287724,60980.00158187724
A_M_1.9999999999999998_1.0_137,COM,0.889171,1.533549,1.357,3.594,4.059,64251.66885887724,60980.00158187724
A_M_1.9999999999999998_1.0_138,COM,1.341423,1.742534,1.273,1.607,4.387,64107.74812187724,60980.00158187724
A_M_1.9999999999999998_1.0_139,COM,0.928614,1.524633,2.361,2.489,1.138,61753.85420687724,60980.00158187724
A_M_1.9999999999999998_1.0_140,COM,1.43448,1.80255,2.536,4.766,5.469,64034.44121887724,60980.00158187724
A_M_1.9999999999999998_1.0_141,COM,0.916378,1.512676,1.531,0.905,6.155,63792.48877687724,60980.00158187724
A_M_1.9999999999999998_1.0_142,COM,0.493518,1.289191,1.995,3.918,4.362,62153.554078877234,60980.00158187724
A_M_1.9999999999999998_1.0_143,COM,1.33921,1.762778,0.605,0.722,5.158,61738.64072587724,60980.00158187724
A_M_1.9999999999999998_1.0_144,COM,0.890179,1.556814,0.751,1.272,1.07,62237.068951877234,60980.00158187724
A_M_1.9999999999999998_1.0_145,COM,0.347653,1.223619,2.632,2.676,5.786,62159.20462687724,60980.00158187724
A_M_1.9999999999999998_1.0_146,COM,0.461745,1.286013,1.415,4.351,2.832,63890.90299787724,60980.00158187724
A_M_1.9999999999999998_1.0_147,COM,1.042582,1.646605,1.696,4.403,0.589,64563.52095387724,60980.00158187724
A_M_1.9999999999999998_1.0_148,COM,0.298328,1.186241,1.517,5.851,3.741,62550.134223877234,60980.00158187724
A_M_1.9999999999999998_1.0_149,COM,1.064197,1.657978,2.891,4.51,3.525,62999.33120987724,60980.00158187724
A_M_1.9999999999999998_1.0_150,COM,1.628257,2.03186,0.572,5.463,2.582,64653.136527877235,60980.00158187724
A_M_1.9999999999999998_1.0_151,COM,1.028207,1.655677,1.001,2.358,4.659,61581.38430487724,60980.00158187724
A_M_1.9999999999999998_1.0_152,COM,1.565588,2.101782,2.116,5.746,2.811,63727.278204877235,60980.00158187724
A_M_1.9999999999999998_1.0_153,COM,0.945896,1.66969,2.99,4.844,4.184,60966.61751387724,60980.00158187724
A_M_1.9999999999999998_1.0_154,COM,0.01278,1.008974,0.44,4.185,3.665,62219.00455387724,60980.00158187724
A_M_1.9999999999999998_1.0_155,COM,0.806979,1.571327,2.292,2.69,3.756,63377.76579987724,60980.00158187724
A_M_1.9999999999999998_1.0_156,COM,0.351021,1.229443,1.015,3.119,5.961,63633.46320687724,60980.00158187724
A_M_1.9999999999999998_1.0_157,COM,0.355181,1.25079,0.46,0.774,5.314,61523.275732877235,60980.00158187724
A_M_1.9999999999999998_1.0_158,COM,1.377384,1.972867,1.593,4.554,2.888,64072.58663287724,60980.00158187724
A_M_1.9999999999999998_1.0_159,COM,1.332678,1.93353,1.669,4.635,5.656,62838.98792287724,60980.00158187724
A_M_1.9999999999999998_1.0_160,COM,1.327512,1.90717,1.439,1.717,1.807,61979.318526877236,60980.00158187724
A_M_1.9999999999999998_1.0_161,COM,0.441126,1.288642,1.111,2.279,2.614,63109.29254587724,60980.00158187724
A_M_1.9999999999999998_1.0_162,COM,0.640955,1.42531,0.761,2.093,4.699,63837.92395287724,60980.00158187724
A_M_1.9999999999999998_1.0_163,COM,1.644274,2.122944,0.88,3.261,5.922,61260.58050287724,60980.00158187724
A_M_1.9999999999999998_1.0_164,COM,0.529952,1.358481,2.208,5.338,5.097,64612.70674887724,60980.00158187724
A_M_1.9999999999999998_1.0_165,COM,1.763523,2.203728,1.947,5.189,2.428,61116.193740877236,60980.00158187724
A_M_1.9999999999999998_1.0_166,COM,0.828745,1.544122,1.54,0.71,0.622,64321.76650187724,60980.00158187724
A_M_1.9999999999999998_1.0_167,COM,0.409273,1.302548,0.31,5.521,5.235,64389.69497687724,60980.00158187724
A_M_1.9999999999999998_1.0_168,COM,1.353963,2.036207,2.658,4.909,4.98,64506.58041387724,60980.00158187724
A_M_1.9999999999999998_1.0_169,COM,0.317281,1.240644,1.189,2.938,4.491,63764.90972387724,60980.00158187724
A_M_1.9999999999999998_1.0_170,COM,0.58282,1.433617,1.948,0.823,5.499,63448.65407287724,60980.00158187724
A_M_1.9999999999999998_1.0_171,COM,0.942023,1.68201,1.372,4.887,2.878,62919.34850287724,60980.00158187724
A_M_1.9999999999999998_1.0_172,COM,1.29577,1.970043,1.163,2.87,4.568,61317.81513387724,60980.00158187724
A_M_1.9999999999999998_1.0_173,COM,1.456369,2.115813,1.196,4.532,1.317,62450.721381877236,60980.00158187724
A_M_1.9999999999999998_1.0_174,COM,1.423459,2.13,1.347,2.399,4.585,61287.47159887724,60980.00158187724
A_M_1.9999999999999998_1.0_175,COM,0.202241,1.15663,3.106,1.863,6.002,62042.010494877235,60980.00158187724
A_M_1.9999999999999998_1.0_176,COM,0.986185,1.78504,0.479,4.31,3.205,61008.47072587724,60980.00158187724
A_M_1.9999999999999998_1.0_177,COM,0.767532,1.623146,1.003,4.892,0.722,61934.38924087724,60980.00158187724
A_M_1.9999999999999998_1.0_178,COM,2.643702,3.175744,1.246,4.638,5.1,62015.986443877235,60980.00158187724
A_M_1.9999999999999998_1.0_179,COM,1.77637,2.37005,1.666,2.915,3.323,61120.57962387724,60980.00158187724
A_M_1.9999999999999998_1.0_180,COM,1.498257,2.230722,2.283,1.628,0.048,61008.37145687724,60980.00158187724
A_M_1.9999999999999998_1.0_181,COM,0.424145,1.333259,2.18,2.704,3.621,64626.70310587724,60980.00158187724
A_M_1.9999999999999998_1.0_182,COM,1.193023,1.934509,1.39,1.359,1.965,63067.34828387724,60980.00158187724
A_M_1.9999999999999998_1.0_183,COM,0.916886,1.715876,0.171,6.05,3.81,62988.189378877236,60980.00158187724
A_M_1.9999999999999998_1.0_184,COM,0.025697,1.020163,0.971,2.793,5.791,61928.02872587724,60980.00158187724
A_M_1.9999999999999998_1.0_185,COM,1.003982,1.776112,1.995,4.489,2.478,64385.22599587724,60980.00158187724
A_M_1.9999999999999998_1.0_186,COM,0.941539,1.75425,2.046,1.415,2.633,63261.62412987724,60980.00158187724
A_M_1.9999999999999998_1.0_187,COM,1.334555,2.12137,2.179,1.396,3.211,64505.754521877236,60980.00158187724
A_M_1.9999999999999998_1.0_188,COM,1.194985,2.020215,0.462,1.527,2.768,62911.33169187724,60980.00158187724
A_M_1.9999999999999998_1.0_189,COM,1.452105,2.227576,2.094,2.315,0.168,62058.093972877236,60980.00158187724
A_M_1.9999999999999998_1.0_190,COM,1.250325,2.053298,1.518,1.801,0.844,62437.136505877235,60980.00158187724
A_M_1.9999999999999998_1.0_191,COM,0.111523,1.092313,0.375,0.342,2.642,62969.549310877235,60980.00158187724
A_M_1.9999999999999998_1.0_192,COM,1.171397,1.978986,1.449,1.546,3.311,62715.45928987724,60980.00158187724
A_M_1.9999999999999998_1.0_193,COM,0.66715,1.551425,1.832,6.045,3.79,63975.254562877235,60980.00158187724
A_M_1.9999999999999998_1.0_194,COM,1.353345,2.164835,1.895,4.323,2.32,63733.620491877235,60980.00158187724
A_M_1.9999999999999998_1.0_195,COM,0.258302,1.215507,0.718,5.952,0.059,62999.63920787724,60980.00158187724
A_M_1.9999999999999998_1.0_196,COM,0.260786,1.218574,0.394,5.497,0.691,62871.17647687724,60980.00158187724
A_M_1.9999999999999998_1.0_197,COM,0.133589,1.110578,2.057,1.613,1.901,61385.415301877234,60980.00158187724
A_M_1.9999999999999998_1.0_198,COM,1.513778,2.255961,0.766,4.579,2.592,62570.03711487724,60980.00158187724
A_M_1.9999999999999998_1.0_199,COM,1.428249,2.220538,1.234,3.952,2.059,62248.32760987724,60980.00158187724
A_M_1.9999999999999998_1.0_200,COM,1.187136,2.022461,2.18,1.121,4.878,63595.076909877236,60980.00158187724
A_M_1.9999999999999998_1.0_201,COM,0.74381,1.684419,0.506,5.131,1.813,62529.855623877236,60980.00158187724
A_M_1.9999999999999998_1.0_202,COM,0.802555,1.72129,2.564,2.569,0.275,62865.59178787724,60980.00158187724
A_M_1.9999999999999998_1.0_203,COM,0.989579,1.906045,2.147,5.008,2.026,61308.75600987724,60980.00158187724
A_M_1.9999999999999998_1.0_204,COM,1.506505,2.366834,0.923,0.145,5.481,62882.276314877236,60980.00158187724
A_M_1.9999999999999998_1.0_205,COM,0.537928,1.492527,0.452,0.66,6.022,62902.69186287724,60980.00158187724
A_M_1.9999999999999998_1.0_206,COM,1.482738,2.325924,0.532,4.657,3.106,62934.791913877234,60980.00158187724
A_M_1.9999999999999998_1.0_207,COM,0.948152,1.88451,2.277,6.178,1.392,62319.86308387724,60980.00158187724
A_M_1.9999999999999998_1.0_208,COM,0.201267,1.185401,2.119,2.826,1.244,62519.66572187724,60980.00158187724
A_M_1.9999999999999998_1.0_209,COM,0.485005,1.434885,2.392,4.039,1.637,60979.608288877236,60980.00158187724
A_M_1.9999999999999998_1.0_210,COM,1.32735,2.21157,1.997,6.186,2.995,63419.05293887724,60980.00158187724
A_M_1.9999999999999998_1.0_211,COM,0.422735,1.401816,1.574,3.226,1.234,62521.364026877236,60980.00158187724
A_M_1.9999999999999998_1.0_212,COM,1.641134,2.563349,0.653,2.424,2.058,63147.12747287724,60980.00158187724
A_M_1.9999999999999998_1.0_213,COM,1.235999,2.123636,0.413,1.592,3.997,61174.84205487724,60980.00158187724
A_M_1.9999999999999998_1.0_214,COM,1.491412,2.41124,1.842,5.155,3.822,62964.813901877234,60980.00158187724
A_M_1.9999999999999998_1.0_215,COM,1.153906,2.037386,1.007,0.088,6.205,61492.114410877235,60980.00158187724
A_M_1.9999999999999998_1.0_216,COM,1.262331,2.246719,2.039,5.263,4.093,62547.68764387724,60980.00158187724
A_M_1.9999999999999998_1.0_217,COM,0.649796,1.653914,2.496,5.586,3.809,61506.47495587724,60980.00158187724
A_M_1.9999999999999998_1.0_218,COM,0.849283,1.832495,2.688,4.22,5.49,61282.24092687724,60980.00158187724
A_M_1.9999999999999998_1.0_219,COM,1.10196,2.103911,1.182,5.588,3.736,63535.668249877235,60980.00158187724
A_M_1.9999999999999998_1.0_220,COM,1.250136,2.23264,0.879,3.845,2.965,64042.48084987724,60980.00158187724
A_M_1.9999999999999998_1.0_221,COM,0.846521,1.859701,1.548,0.921,4.073,63698.51340687724,60980.00158187724
A_M_1.9999999999999998_1.0_222,COM,1.609652,2.546272,2.556,4.493,3.67,61374.98909287724,60980.00158187724
A_M_1.9999999999999998_1.0_223,COM,1.412265,2.409262,1.636,5.706,2.845,61315.28655187724,60980.00158187724
A_M_1.9999999999999998_1.0_224,COM,1.179265,2.138853,0.649,4.63,0.116,62837.98174887724,60980.00158187724
A_M_1.9999999999999998_1.0_225,COM,0.362898,1.361617,1.907,2.505,4.258,63565.79392787724,60980.00158187724
A_M_1.9999999999999998_1.0_226,COM,0.669316,1.665077,1.245,3.917,6.092,62027.826992877235,60980.00158187724
A_M_1.9999999999999998_1.0_227,COM,1.448872,2.44544,0.827,1.618,4.376,61963.76977587724,60980.00158187724
A_M_1.9999999999999998_1.0_228,COM,1.119315,2.092413,0.405,3.726,3.677,64308.90805087724,60980.00158187724
A_M_1.9999999999999998_1.0_229,COM,1.384094,2.463555,1.272,1.095,3.948,64561.24256587724,60980.00158187724
A_M_1.9999999999999998_1.0_230,COM,1.257014,2.318799,1.337,4.083,2.371,62572.81180387724,60980.00158187724
A_M_1.9999999999999998_1.0_231,COM,0.739952,1.757278,1.617,1.692,3.538,63006.73155787724,60980.00158187724
A_M_1.9999999999999998_1.0_232,COM,1.383684,2.41959,1.184,1.751,4.238,62784.45369787724,60980.00158187724
A_M_1.9999999999999998_1.0_233,COM,1.544345,2.62789,1.751,1.961,4.22,62325.68152687724,60980.00158187724
A_M_1.9999999999999998_1.0_234,COM,0.472245,1.481867,0.989,3.083,3.828,61099.373911877236,60980.00158187724
A_M_1.9999999999999998_1.0_235,COM,0.64949,1.689231,2.478,4.987,3.491,63457.33575387724,60980.00158187724
A_M_1.9999999999999998_1.0_236,COM,0.065893,1.067776,1.198,5.244,5.511,62014.38275687724,60980.00158187724
A_M_1.9999999999999998_1.0_237,COM,0.719461,1.741188,2.769,2.986,0.342,64336.46932287724,60980.00158187724
A_M_1.9999999999999998_1.0_238,COM,1.465718,2.550572,0.654,3.49,3.565,64314.87536487724,60980.00158187724
A_M_1.9999999999999998_1.0_239,COM,0.209037,1.226401,1.33,1.513,2.644,62328.119979877236,60980.00158187724
A_M_1.9999999999999998_1.0_240,COM,1.005955,2.039743,1.484,4.265,2.748,62369.280072877234,60980.00158187724
A_M_1.9999999999999998_1.0_241,COM,0.668186,1.721514,0.819,5.468,3.538,62759.928304877234,60980.00158187724
A_M_1.9999999999999998_1.0_242,COM,1.151295,2.195728,2.649,0.328,2.612,63658.385669877236,60980.00158187724
A_M_1.9999999999999998_1.0_243,COM,1.348686,2.401013,1.039,5.146,0.811,63608.04364487724,60980.00158187724
A_M_1.9999999999999998_1.0_244,COM,0.68025,1.712049,3.022,0.963,5.066,61793.12206987724,60980.00158187724
A_M_1.9999999999999998_1.0_245,COM,0.517649,1.561452,1.139,1.355,5.118,62807.293012877235,60980.00158187724
A_M_1.9999999999999998_1.0_246,COM,1.849881,3.030347,1.709,5.71,2.965,63511.116513877234,60980.00158187724
A_M_1.9999999999999998_1.0_247,COM,1.210934,2.356516,2.082,4.949,2.606,61814.94690887724,60980.00158187724
A_M_1.9999999999999998_1.0_248,COM,0.288779,1.327202,2.77,0.956,5.459,61191.58095287724,60980.00158187724
A_M_1.9999999999999998_1.0_249,COM,1.185077,2.31441,1.764,2.264,5.615,61882.988982877236,60980.00158187724
A_M_1.9999999999999998_1.0_250,COM,0.618765,1.716668,1.272,1.072,2.689,62644.873478877234,60980.00158187724
A_M_1.9999999999999998_1.0_251,COM,0.456387,1.51787,1.186,5.858,0.267,62121.66953187724,60980.00158187724
A_M_1.9999999999999998_1.0_252,COM,1.774911,3.00529,1.192,0.594,3.17,61923.147597877236,60980.00158187724
A_M_1.9999999999999998_1.0_253,COM,0.423773,1.466863,2.225,2.988,1.216,62803.69346587724,60980.00158187724
A_M_1.9999999999999998_1.0_254,COM,1.263674,2.448222,1.865,1.222,4.679,61323.63377087724,60980.00158187724
A_M_1.9999999999999998_1.0_255,COM,1.305887,2.438085,0.99,0.642,2.744,63123.93214287724,60980.00158187724
A_M_1.9999999999999998_1.0_256,COM,0.726717,1.792004,1.873,1.68,4.063,62135.37418487724,60980.00158187724
A_M_1.9999999999999998_1.0_257,COM,0.562736,1.622331,1.756,5.268,4.094,61802.59299987724,60980.00158187724
A_M_1.9999999999999998_1.0_258,COM,0.88922,2.074419,1.01,2.569,3.908,64155.79500687724,60980.00158187724
A_M_1.9999999999999998_1.0_259,COM,0.784449,1.936155,1.869,2.102,0.481,63902.82719487724,60980.00158187724
A_M_1.9999999999999998_1.0_260,COM,0.074429,1.08991,1.026,4.277,1.094,62773.01187487724,60980.00158187724
A_M_1.9999999999999998_1.0_261,COM,0.424978,1.513296,1.569,5.104,4.586,63795.773455877235,60980.00158187724
A_M_1.9999999999999998_1.0_262,COM,1.366521,2.679967,2.491,6.056,2.462,61276.53588787724,60980.00158187724
A_M_1.9999999999999998_1.0_263,COM,1.820702,3.158253,0.594,3.087,3.643,62357.369178877234,60980.00158187724
A_M_1.9999999999999998_1.0_264,COM,0.927681,2.084349,0.671,1.871,2.378,63403.199135877236,60980.00158187724
A_M_1.9999999999999998_1.0_265,COM,0.370872,1.456495,1.255,2.143,5.982,60918.89008287724,60980.00158187724
A_M_1.9999999999999998_1.0_266,COM,0.966629,2.137191,1.259,0.975,1.743,63807.427793877236,60980.00158187724
A_M_1.9999999999999998_1.0_267,COM,0.115053,1.143987,2.295,0.177,4.372,62919.87362487724,60980.00158187724
A_M_1.9999999999999998_1.0_268,COM,0.28796,1.355938,1.594,4.34,1.977,61949.42295087724,60980.00158187724
A_M_1.9999999999999998_1.0_269,COM,1.066262,2.316326,1.266,5.282,4.814,63622.46548587724,60980.00158187724
A_M_1.9999999999999998_1.0_270,COM,1.518888,2.886769,2.08,2.65,0.983,63588.600115877234,60980.00158187724
A_M_1.9999999999999998_1.0_271,COM,0.259348,1.319857,0.947,1.553,4.012,64456.21448687724,60980.00158187724
A_M_1.9999999999999998_1.0_272,COM,1.406265,2.752738,1.384,5.264,5.47,62643.77090887724,60980.00158187724
A_M_1.9999999999999998_1.0_273,COM,0.791616,1.999688,0.934,5.901,2.852,60957.23370487724,60980.00158187724
A_M_1.9999999999999998_1.0_274,COM,0.791616,1.999688,0.934,5.901,2.852,60957.23370487724,60980.00158187724
A_M_1.9999999999999998_1.0_275,COM,2.621308,4.244655,1.433,4.62,1.636,61315.50936187724,60980.00158187724
A_M_1.9999999999999998_1.0_276,COM,0.820119,2.057742,1.23,4.208,4.849,61244.73694687724,60980.00158187724
A_M_1.9999999999999998_1.0_277,COM,0.49118,1.619476,2.229,4.735,4.888,63387.130508877235,60980.00158187724
A_M_1.9999999999999998_1.0_278,COM,1.083108,2.374069,0.563,5.036,2.074,61684.97648387724,60980.00158187724
A_M_1.9999999999999998_1.0_279,COM,0.649295,1.806764,1.592,4.781,2.291,62033.029884877236,60980.00158187724
A_M_1.9999999999999998_1.0_280,COM,1.519885,2.898208,2.318,3.838,3.394,61399.95774687724,60980.00158187724
A_M_1.9999999999999998_1.0_281,COM,1.338341,2.751109,1.762,2.798,3.919,63372.52103987724,60980.00158187724
A_M_1.9999999999999998_1.0_282,COM,1.141922,2.517796,0.393,3.384,2.814,61543.705195877235,60980.00158187724
A_M_1.9999999999999998_1.0_283,COM,1.414518,2.936496,0.369,3.179,3.752,61509.68915687724,60980.00158187724
A_M_1.9999999999999998_1.0_284,COM,1.868302,3.532574,2.916,0.157,4.355,63840.741283877236,60980.00158187724
A_M_1.9999999999999998_1.0_285,COM,1.152154,2.5478,1.835,4.191,2.779,64575.148627877235,60980.00158187724
A_M_1.9999999999999998_1.0_286,COM,0.871549,2.168022,0.767,0.903,1.647,63212.70338387724,60980.00158187724
A_M_1.9999999999999998_1.0_287,COM,1.512514,3.047727,0.603,2.281,4.331,63498.80856887724,60980.00158187724
A_M_1.9999999999999998_1.0_288,COM,1.168937,2.559817,0.455,5.626,5.26,63288.69171487724,60980.00158187724
A_M_1.9999999999999998_1.0_289,COM,4.614447,7.079978,0.844,3.569,2.974,62449.03784787724,60980.00158187724
A_M_1.9999999999999998_1.0_290,COM,1.573698,3.100463,1.105,4.506,0.889,61124.94064887724,60980.00158187724
A_M_1.9999999999999998_1.0_291,COM,0.714625,1.941069,0.38,5.255,5.685,63761.76411387724,60980.00158187724
A_M_1.9999999999999998_1.0_292,COM,0.887894,2.213526,0.493,1.757,2.007,62598.538735877235,60980.00158187724
A_M_1.9999999999999998_1.0_293,COM,0.080982,1.107728,1.633,4.485,5.756,64085.58465787724,60980.00158187724
A_M_1.9999999999999998_1.0_294,COM,0.453056,1.627148,0.245,1.725,2.18,64540.57094287724,60980.00158187724
A_M_1.9999999999999998_1.0_295,COM,0.98589,2.376537,1.715,2.04,4.875,64451.46494587724,60980.00158187724
A_M_1.9999999999999998_1.0_296,COM,0.932615,2.331919,1.435,1.22,4.162,61246.79368887724,60980.00158187724
A_M_1.9999999999999998_1.0_297,COM,1.000162,2.44815,2.116,5.808,5.192,61211.95300987724,60980.00158187724
A_M_1.9999999999999998_1.0_298,COM,1.743336,3.421482,1.021,4.62,2.094,62658.90347287724,60980.00158187724
A_M_1.9999999999999998_1.0_299,COM,0.417955,1.583578,0.822,2.491,5.546,63571.91773787724,60980.00158187724
A_M_1.9999999999999998_1.0_300,COM,1.583311,3.228029,2.97,1.08,5.07,63617.35584687724,60980.00158187724
A_M_1.9999999999999998_1.0_301,COM,0.825849,2.153233,1.513,1.685,3.747,64086.10666387724,60980.00158187724
A_M_1.9999999999999998_1.0_302,COM,0.378156,1.53623,0.83,1.825,2.039,64004.899058877236,60980.00158187724
A_M_1.9999999999999998_1.0_303,COM,0.609714,1.885056,1.894,0.793,3.98,62173.67528887724,60980.00158187724
A_M_1.9999999999999998_1.0_304,COM,0.013498,1.018895,1.645,0.458,4.432,62848.95226687724,60980.00158187724
A_M_1.9999999999999998_1.0_305,COM,1.357861,2.891901,1.339,1.993,4.975,63872.41029287724,60980.00158187724
A_M_1.9999999999999998_1.0_306,COM,1.676956,3.347098,0.978,4.193,3.354,63691.77341587724,60980.00158187724
A_M_1.9999999999999998_1.0_307,COM,1.828367,3.650922,2.324,4.419,2.645,64321.87461387724,60980.00158187724
A_M_1.9999999999999998_1.0_308,COM,0.932947,2.306595,0.772,4.665,5.841,62934.83708987724,60980.00158187724
A_M_1.9999999999999998_1.0_309,COM,1.46122,3.048624,2.293,4.209,1.184,63443.217663877236,60980.00158187724
A_M_1.9999999999999998_1.0_310,COM,1.523916,3.148167,2.617,0.61,3.179,64235.852307877234,60980.00158187724
A_M_1.9999999999999998_1.0_311,COM,1.47054,3.079545,1.418,0.976,3.161,61161.485239877235,60980.00158187724
A_M_1.9999999999999998_1.0_312,COM,1.388688,3.037896,1.337,3.098,3.376,61368.27152687724,60980.00158187724
A_M_1.9999999999999998_1.0_313,COM,0.430356,1.660677,2.282,3.59,1.973,63053.98780587724,60980.00158187724
A_M_1.9999999999999998_1.0_314,COM,1.18626,2.76989,0.284,5.012,1.408,61954.93681087724,60980.00158187724
A_M_1.9999999999999998_1.0_315,COM,1.390324,3.148841,1.312,5.005,2.809,64528.34346687724,60980.00158187724
A_M_1.9999999999999998_1.0_316,COM,1.076082,2.580417,1.7,2.697,2.711,63736.267520877234,60980.00158187724
A_M_1.9999999999999998_1.0_317,COM,1.398228,3.133361,1.784,1.039,6.251,62019.39550687724,60980.00158187724
A_M_1.9999999999999998_1.0_318,COM,0.835277,2.265529,0.623,2.61,4.296,61097.769346877234,60980.00158187724
A_M_1.9999999999999998_1.0_319,COM,0.722124,2.111003,1.536,4.375,4.077,61820.47037887724,60980.00158187724
A_M_1.9999999999999998_1.0_320,COM,1.637586,3.406655,1.853,0.609,4.171,63818.32784587724,60980.00158187724
A_M_1.9999999999999998_1.0_321,COM,1.525954,3.242218,1.111,1.07,0.104,61834.91022087724,60980.00158187724
A_M_1.9999999999999998_1.0_322,COM,1.118482,2.646218,2.154,5.014,4.755,62317.15613487724,60980.00158187724
A_M_1.9999999999999998_1.0_323,COM,1.00985,2.507369,2.232,6.042,2.57,63250.40128187724,60980.00158187724
A_M_1.9999999999999998_1.0_324,COM,1.360439,3.024852,2.539,0.064,6.153,63573.164936877234,60980.00158187724
A_M_1.9999999999999998_1.0_325,COM,0.22788,1.338844,1.205,1.842,5.438,61844.56085987724,60980.00158187724
A_M_1.9999999999999998_1.0_326,COM,0.519753,1.777757,1.589,5.907,4.673,61832.11551687724,60980.00158187724
A_M_1.9999999999999998_1.0_327,COM,1.383912,3.222011,1.97,1.725,5.042,61363.45792987724,60980.00158187724
A_M_1.9999999999999998_1.0_328,COM,1.1764,2.898894,1.2,5.541,6.132,61653.27030687724,60980.00158187724
A_M_1.9999999999999998_1.0_329,COM,1.31389,3.092516,2.202,3.067,3.642,63405.631004877236,60980.00158187724
A_M_1.9999999999999998_1.0_330,COM,1.141925,2.819863,1.952,2.554,2.969,62792.004238877234,60980.00158187724
A_M_1.9999999999999998_1.0_331,COM,1.147398,2.855943,2.334,1.441,2.214,63934.980233877235,60980.00158187724
A_M_1.9999999999999998_1.0_332,COM,1.669093,3.607758,2.497,2.288,5.522,62475.03494087724,60980.00158187724
A_M_1.9999999999999998_1.0_333,COM,1.074761,2.698007,2.12,2.106,2.781,62493.307046877235,60980.00158187724
A_M_1.9999999999999998_1.0_334,COM,0.965092,2.541221,0.831,2.725,4.457,64502.79465887724,60980.00158187724
A_M_1.9999999999999998_1.0_335,COM,0.844497,2.355428,1.265,4.774,3.317,63207.639255877235,60980.00158187724
A_M_1.9999999999999998_1.0_336,COM,1.258172,3.006588,1.907,1.946,3.859,61608.40962187724,60980.00158187724
A_M_1.9999999999999998_1.0_337,COM,1.354918,3.208597,1.485,0.743,4.726,62491.50435987724,60980.00158187724
A_M_1.9999999999999998_1.0_338,COM,1.575129,3.445097,1.287,1.153,1.946,62822.28281987724,60980.00158187724
A_M_1.9999999999999998_1.0_339,COM,1.103321,2.725504,1.222,1.607,3.558,61747.86581287724,60980.00158187724
A_M_1.9999999999999998_1.0_340,COM,1.488591,3.400818,0.856,5.484,3.141,63361.783554877235,60980.00158187724
A_M_1.9999999999999998_1.0_341,COM,0.446691,1.719109,1.822,0.531,0.108,63235.303626877234,60980.00158187724
A_M_1.9999999999999998_1.0_342,COM,1.151762,2.879776,1.191,1.592,3.112,63596.49389287724,60980.00158187724
A_M_1.9999999999999998_1.0_343,COM,0.319475,1.519401,2.446,2.623,2.086,64484.80314187724,60980.00158187724
A_M_1.9999999999999998_1.0_344,COM,1.166586,2.887816,0.506,5.266,3.029,64195.615207877236,60980.00158187724
A_M_1.9999999999999998_1.0_345,COM,1.273889,3.002878,0.45,2.519,3.424,63425.78913187724,60980.00158187724
A_M_1.9999999999999998_1.0_346,COM,0.862167,2.349476,0.503,3.175,2.933,61797.716304877235,60980.00158187724
A_M_1.9999999999999998_1.0_347,COM,1.280686,3.053421,1.846,1.322,4.687,61058.61478087724,60980.00158187724
A_M_1.9999999999999998_1.0_348,COM,0.723254,2.213167,0.414,2.118,1.361,62198.35130787724,60980.00158187724
A_M_1.9999999999999998_1.0_349,COM,0.029172,1.048532,2.137,1.25,4.292,64439.480211877235,60980.00158187724
A_M_1.9999999999999998_1.0_350,COM,0.921696,2.51893,0.664,3.023,0.833,64042.52426287724,60980.00158187724
A_M_1.9999999999999998_1.0_351,COM,0.737245,2.230877,1.209,0.044,3.386,63349.18609287724,60980.00158187724
A_M_1.9999999999999998_1.0_352,COM,0.548234,1.921921,2.78,5.669,2.888,64209.791182877234,60980.00158187724
A_M_1.9999999999999998_1.0_353,COM,0.802224,2.335195,1.471,0.817,2.645,63214.08967887724,60980.00158187724
A_M_1.9999999999999998_1.0_354,COM,0.37725,1.618648,1.617,0.504,1.441,62850.515612877236,60980.00158187724
A_M_1.9999999999999998_1.0_355,COM,1.5769,3.707212,0.708,6.016,2.702,63707.88933187724,60980.00158187724
A_M_1.9999999999999998_1.0_356,COM,1.587006,3.674719,2.481,4.403,2.896,61067.78300387724,60980.00158187724
A_M_1.9999999999999998_1.0_357,COM,0.514376,1.845073,0.616,2.03,1.706,61951.29160987724,60980.00158187724
A_M_1.9999999999999998_1.0_358,COM,1.624621,3.657357,2.063,3.71,3.998,62066.40777487724,60980.00158187724
A_M_1.9999999999999998_1.0_359,COM,1.105453,2.814097,1.839,0.842,5.69,61927.39927987724,60980.00158187724
A_M_1.9999999999999998_1.0_360,COM,0.878188,2.528978,2.074,4.275,4.355,61676.01749487724,60980.00158187724
A_M_1.9999999999999998_1.0_361,COM,1.160993,3.036807,0.324,0.765,5.441,61032.99572187724,60980.00158187724
A_M_1.9999999999999998_1.0_362,COM,0.098209,1.177154,1.902,0.832,0.281,62305.99614587724,60980.00158187724
A_M_1.9999999999999998_1.0_363,COM,1.783181,4.137043,1.998,0.377,4.099,64566.38095087724,60980.00158187724
A_M_1.9999999999999998_1.0_364,COM,0.500631,1.86241,2.418,1.087,4.155,64286.19080687724,60980.00158187724
A_M_1.9999999999999998_1.0_365,COM,1.210411,3.110335,1.601,3.244,2.378,64632.04069787724,60980.00158187724
A_M_1.9999999999999998_1.0_366,COM,0.733493,2.291371,1.193,0.491,3.483,63901.845257877234,60980.00158187724
A_M_1.9999999999999998_1.0_367,COM,1.00926,2.778442,1.893,0.473,3.523,63788.443204877236,60980.00158187724
A_M_1.9999999999999998_1.0_368,COM,2.157977,4.73359,1.829,2.052,4.116,61307.31326587724,60980.00158187724
A_M_1.9999999999999998_1.0_369,COM,1.101777,3.014187,1.556,2.839,3.61,62314.390348877234,60980.00158187724
A_M_1.9999999999999998_1.0_370,COM,1.331872,3.466121,2.664,5.065,4.768,63154.30957387724,60980.00158187724
A_M_1.9999999999999998_1.0_371,COM,2.003081,4.65282,1.495,5.154,3.249,64290.62201087724,60980.00158187724
A_M_1.9999999999999998_1.0_372,COM,0.918927,2.673264,0.49,4.071,3.062,64502.25457487724,60980.00158187724
A_M_1.9999999999999998_1.0_373,COM,1.317493,3.399173,1.216,1.649,4.558,61812.87131687724,60980.00158187724
A_M_1.9999999999999998_1.0_374,COM,0.730365,2.377545,2.54,4.141,4.084,62478.11590287724,60980.00158187724
A_M_1.9999999999999998_1.0_375,COM,0.249525,1.461795,1.072,2.702,5.132,64031.35210387724,60980.00158187724
A_M_1.9999999999999998_1.0_376,COM,0.438154,1.828616,2.129,0.454,4.226,61908.32373287724,60980.00158187724
A_M_1.9999999999999998_1.0_377,COM,1.667199,4.067972,1.275,6.222,3.124,64136.223975877234,60980.00158187724
A_M_1.9999999999999998_1.0_378,COM,1.489048,3.848768,0.18,3.783,0.137,62098.10562587724,60980.00158187724
A_M_1.9999999999999998_1.0_379,COM,0.230552,1.444611,1.892,2.843,3.32,61637.41755187724,60980.00158187724
A_M_1.9999999999999998_1.0_380,COM,1.050289,3.017674,1.701,3.088,3.504,64578.884337877236,60980.00158187724
A_M_1.9999999999999998_1.0_381,COM,1.543849,3.997489,1.945,4.556,3.13,61284.89218887724,60980.00158187724
A_M_1.9999999999999998_1.0_382,COM,1.365835,3.645049,1.003,4.554,5.282,63602.30443087724,60980.00158187724
A_M_1.9999999999999998_1.0_383,COM,0.845592,2.683916,0.991,4.753,1.895,62316.08335887724,60980.00158187724
A_M_1.9999999999999998_1.0_384,COM,0.434692,1.835927,1.611,1.324,3.587,63194.67592687724,60980.00158187724
A_M_1.9999999999999998_1.0_385,COM,1.901813,4.679809,1.031,1.255,4.725,62030.26908487724,60980.00158187724
A_M_1.9999999999999998_1.0_386,COM,1.387154,3.66256,0.303,5.683,0.825,61214.040152877235,60980.00158187724
A_M_1.9999999999999998_1.0_387,COM,0.865966,2.679836,2.083,5.751,5.003,62525.01211487724,60980.00158187724
A_M_1.9999999999999998_1.0_388,COM,0.219469,1.42168,1.281,5.213,5.398,63701.54604987724,60980.00158187724
A_M_1.9999999999999998_1.0_389,COM,1.719164,4.307342,2.431,0.025,2.645,63482.24571787724,60980.00158187724
A_M_1.9999999999999998_1.0_390,COM,5.020385,11.077541,0.606,4.996,4.966,61294.27078187724,60980.00158187724
A_M_1.9999999999999998_1.0_391,COM,0.639821,2.282915,1.053,5.02,2.176,64331.884008877234,60980.00158187724
A_M_1.9999999999999998_1.0_392,COM,1.297818,3.700435,2.111,2.721,3.635,63756.808379877235,60980.00158187724
A_M_1.9999999999999998_1.0_393,COM,0.720768,2.481683,2.151,2.323,2.696,64088.045933877234,60980.00158187724
A_M_1.9999999999999998_1.0_394,COM,0.118066,1.240046,2.15,4.66,2.495,63485.42778487724,60980.00158187724
A_M_1.9999999999999998_1.0_395,COM,0.594707,2.236596,2.033,1.163,3.64,63397.286630877235,60980.00158187724
A_M_1.9999999999999998_1.0_396,COM,0.065708,1.134507,2.151,5.417,3.336,62840.14511687724,60980.00158187724
A_M_1.9999999999999998_1.0_397,COM,0.527952,2.091881,1.754,4.14,4.962,61638.41525487724,60980.00158187724
A_M_1.9999999999999998_1.0_398,COM,1.050059,3.164161,1.376,0.271,2.724,63951.857811877235,60980.00158187724
A_M_1.9999999999999998_1.0_399,COM,1.0158,3.047412,2.144,5.619,2.254,61911.10438787724,60980.00158187724
A_M_1.9999999999999998_1.0_400,COM,0.268365,1.538368,2.05,1.249,2.418,62991.41710487724,60980.00158187724
A_M_1.9999999999999998_1.0_401,COM,1.62607,4.388888,1.661,1.076,5.45,61502.83945087724,60980.00158187724
A_M_1.9999999999999998_1.0_402,COM,1.022747,3.113726,2.891,4.901,2.22,64551.226149877235,60980.00158187724
A_M_1.9999999999999998_1.0_403,COM,0.098344,1.20158,0.75,5.765,5.516,61494.910512877235,60980.00158187724
A_M_1.9999999999999998_1.0_404,COM,0.585335,2.214938,1.899,1.83,4.737,62621.727120877236,60980.00158187724
A_M_1.9999999999999998_1.0_405,COM,1.064016,3.290745,2.444,0.679,4.752,64417.39738687724,60980.00158187724
A_M_1.9999999999999998_1.0_406,COM,0.946129,3.062927,0.974,3.579,0.291,61567.69085187724,60980.00158187724
A_M_1.9999999999999998_1.0_407,COM,1.180447,3.529018,1.946,1.865,3.764,63230.80077587724,60980.00158187724
A_M_1.9999999999999998_1.0_408,COM,1.120129,3.410083,0.594,3.306,3.15,63870.17664087724,60980.00158187724
A_M_1.9999999999999998_1.0_409,COM,1.173952,3.550133,2.478,4.827,5.766,61197.52617787724,60980.00158187724
A_M_1.9999999999999998_1.0_410,COM,1.045474,3.197243,1.424,3.768,4.42,64407.30572187724,60980.00158187724
A_M_1.9999999999999998_1.0_411,COM,1.241823,3.64374,0.678,1.969,3.839,63953.647012877234,60980.00158187724
A_M_1.9999999999999998_1.0_412,COM,0.906261,2.924955,2.426,1.106,3.919,60966.30054187724,60980.00158187724
A_M_1.9999999999999998_1.0_413,COM,0.819235,2.719038,0.825,3.742,1.542,64058.137773877235,60980.00158187724
A_M_1.9999999999999998_1.0_414,COM,1.051714,3.245884,0.187,3.287,3.605,62509.96999787724,60980.00158187724
A_M_1.9999999999999998_1.0_415,COM,1.328034,3.837968,1.811,1.9,0.011,63123.906558877236,60980.00158187724
A_M_1.9999999999999998_1.0_416,COM,1.009526,3.17857,1.599,1.259,4.058,62479.21195687724,60980.00158187724
A_M_1.9999999999999998_1.0_417,COM,1.276838,3.68088,1.725,4.347,1.476,61576.736102877236,60980.00158187724
A_M_1.9999999999999998_1.0_418,COM,1.439336,4.039615,2.87,0.4,3.453,61683.76865387724,60980.00158187724
A_M_1.9999999999999998_1.0_419,COM,0.799221,2.752235,0.917,6.162,2.724,64090.401358877236,60980.00158187724
A_M_1.9999999999999998_1.0_420,COM,0.934999,3.122671,2.634,5.617,3.256,60957.90483187724,60980.00158187724
A_M_1.9999999999999998_1.0_421,COM,0.805123,2.77134,1.808,3.821,1.653,63007.066006877234,60980.00158187724
A_M_1.9999999999999998_1.0_422,COM,2.29722,6.246755,0.985,0.239,2.66,61630.86020387724,60980.00158187724
A_M_1.9999999999999998_1.0_423,COM,0.037237,1.085165,2.146,3.178,4.01,63853.50203587724,60980.00158187724
A_M_1.9999999999999998_1.0_424,COM,0.570356,2.291522,1.301,2.83,3.196,63882.86330087724,60980.00158187724
A_M_1.9999999999999998_1.0_425,COM,1.709454,4.826377,1.467,2.624,0.484,63753.69892987724,60980.00158187724
A_M_1.9999999999999998_1.0_426,COM,0.599824,2.335798,1.441,1.686,4.468,64248.217169877236,60980.00158187724
A_M_1.9999999999999998_1.0_427,COM,0.987085,3.247607,0.866,1.4,4.876,63298.17543287724,60980.00158187724
A_M_1.9999999999999998_1.0_428,COM,0.837807,2.850103,1.549,0.343,3.144,61231.384850877235,60980.00158187724
A_M_1.9999999999999998_1.0_429,COM,1.260266,3.878754,0.299,4.95,0.758,61718.16386887724,60980.00158187724
A_M_1.9999999999999998_1.0_430,COM,1.039904,3.354019,1.963,0.874,2.803,61777.188644877235,60980.00158187724
A_M_1.9999999999999998_1.0_431,COM,0.679355,2.545151,1.798,5.285,4.484,61151.05675087724,60980.00158187724
A_M_1.9999999999999998_1.0_432,COM,1.168173,3.687708,1.685,4.67,2.129,64308.636786877236,60980.00158187724
A_M_1.9999999999999998_1.0_433,COM,1.953661,5.479623,1.399,4.053,3.582,64409.65667287724,60980.00158187724
A_M_1.9999999999999998_1.0_434,COM,1.251745,3.978778,2.455,1.461,2.938,63686.43962087724,60980.00158187724
A_M_1.9999999999999998_1.0_435,COM,0.925706,3.165165,1.188,0.854,2.744,62909.969720877234,60980.00158187724
A_M_1.9999999999999998_1.0_436,COM,1.10828,3.543316,1.679,3.616,4.627,61277.795509877236,60980.00158187724
A_M_1.9999999999999998_1.0_437,COM,0.925952,3.184089,2.575,3.656,1.382,62461.92821387724,60980.00158187724
A_M_1.9999999999999998_1.0_438,COM,1.568533,4.664584,1.217,1.318,1.981,61514.45832487724,60980.00158187724
A_M_1.9999999999999998_1.0_439,COM,0.335217,1.788169,2.76,5.036,5.946,63233.401291877235,60980.00158187724
A_M_1.9999999999999998_1.0_440,COM,1.277284,3.927171,1.567,2.42,3.798,61837.964520877234,60980.00158187724
A_M_1.9999999999999998_1.0_441,COM,1.680095,4.899524,0.505,5.098,0.237,61814.27458887724,60980.00158187724
A_M_1.9999999999999998_1.0_442,COM,0.447546,2.04899,0.767,3.758,3.254,63440.789678877234,60980.00158187724
A_M_1.9999999999999998_1.0_443,COM,1.194654,3.738895,1.064,4.549,4.993,61961.04912287724,60980.00158187724
A_M_1.9999999999999998_1.0_444,COM,0.716339,2.70281,0.724,5.837,4.85,61916.03434787724,60980.00158187724
A_M_1.9999999999999998_1.0_445,COM,0.715999,2.642437,1.096,4.088,0.597,62713.31101187724,60980.00158187724
A_M_1.9999999999999998_1.0_446,COM,1.357403,4.212576,2.081,4.386,1.956,61122.23108287724,60980.00158187724
A_M_1.9999999999999998_1.0_447,COM,3.847886,9.909637,1.128,2.879,3.325,62236.45496287724,60980.00158187724
A_M_1.9999999999999998_1.0_448,COM,1.91186,5.548538,1.358,1.954,2.165,64622.97616687724,60980.00158187724
A_M_1.9999999999999998_1.0_449,COM,0.797575,2.90032,1.852,1.536,4.163,64248.76438987724,60980.00158187724
A_M_1.9999999999999998_1.0_450,COM,0.070244,1.170926,1.602,6.111,3.698,63245.97002087724,60980.00158187724
A_M_1.9999999999999998_1.0_451,COM,2.973562,8.220444,1.894,1.845,3.46,63542.91716887724,60980.00158187724
A_M_1.9999999999999998_1.0_452,COM,1.206509,3.893019,2.202,3.755,4.715,60958.564050877234,60980.00158187724
A_M_1.9999999999999998_1.0_453,COM,1.40782,4.393007,1.78,1.555,1.493,61964.92604587724,60980.00158187724
A_M_1.9999999999999998_1.0_454,COM,1.301849,4.207395,1.238,4.333,4.423,61070.35146687724,60980.00158187724
A_M_1.9999999999999998_1.0_455,COM,0.693948,2.690541,0.136,5.249,1.534,62347.27901587724,60980.00158187724
A_M_1.9999999999999998_1.0_456,COM,0.719459,2.78757,2.643,5.206,2.243,64608.606374877236,60980.00158187724
A_M_1.9999999999999998_1.0_457,COM,0.512034,2.233547,0.998,4.673,3.823,62889.92976487724,60980.00158187724
A_M_1.9999999999999998_1.0_458,COM,1.288733,4.202851,0.434,4.742,4.446,62626.19379687724,60980.00158187724
A_M_1.9999999999999998_1.0_459,COM,1.267916,4.256556,1.581,0.369,4.384,61978.980256877236,60980.00158187724
A_M_1.9999999999999998_1.0_460,COM,0.558666,2.406185,2.573,1.531,0.003,63320.013868877235,60980.00158187724
A_M_1.9999999999999998_1.0_461,COM,7.291202,19.417757,0.645,3.799,3.116,62020.371631877235,60980.00158187724
A_M_1.9999999999999998_1.0_462,COM,1.199302,4.115814,2.528,1.345,4.581,61135.47437787724,60980.00158187724
A_M_1.9999999999999998_1.0_463,COM,1.257597,4.15145,0.948,1.192,4.782,64357.20462487724,60980.00158187724
A_M_1.9999999999999998_1.0_464,COM,1.448696,4.686864,0.456,6.124,0.664,63417.01572487724,60980.00158187724
A_M_1.9999999999999998_1.0_465,COM,1.441868,4.667461,2.527,3.198,3.954,61773.920978877235,60980.00158187724
A_M_1.9999999999999998_1.0_466,COM,0.397948,2.035582,1.521,4.861,2.39,64138.40914787724,60980.00158187724
A_M_1.9999999999999998_1.0_467,COM,0.975845,3.570963,0.19,3.32,3.131,64567.35143787724,60980.00158187724
A_M_1.9999999999999998_1.0_468,COM,0.82222,3.172288,1.084,1.172,1.74,64576.32177387724,60980.00158187724
A_M_1.9999999999999998_1.0_469,COM,1.291689,4.407354,2.526,5.633,2.064,61615.473314877236,60980.00158187724
A_M_1.9999999999999998_1.0_470,COM,0.479982,2.276386,1.507,4.306,1.33,61741.93291887724,60980.00158187724
A_M_1.9999999999999998_1.0_471,COM,1.281437,4.504425,1.056,5.208,3.249,64059.01100687724,60980.00158187724
A_M_1.9999999999999998_1.0_472,COM,1.429506,5.011739,1.127,0.77,3.969,63625.104199877234,60980.00158187724
A_M_1.9999999999999998_1.0_473,COM,1.165613,4.211762,2.885,1.654,3.186,64284.95956487724,60980.00158187724
A_M_1.9999999999999998_1.0_474,COM,1.391742,4.882744,1.959,1.612,2.88,62463.95651487724,60980.00158187724
A_M_1.9999999999999998_1.0_475,COM,1.423331,4.929512,1.362,4.833,2.301,63198.01153687724,60980.00158187724
A_M_1.9999999999999998_1.0_476,COM,3.431108,10.506316,1.43,1.792,3.643,64585.358114877235,60980.00158187724
A_M_1.9999999999999998_1.0_477,COM,1.577248,5.279756,1.378,0.359,2.605,64403.50112987724,60980.00158187724
A_M_1.9999999999999998_1.0_478,COM,0.119089,1.329503,1.483,4.922,3.915,62017.00145887724,60980.00158187724
A_M_1.9999999999999998_1.0_479,COM,0.859004,3.376844,1.754,1.302,3.986,61288.33147987724,60980.00158187724
A_M_1.9999999999999998_1.0_480,COM,1.773556,5.84939,1.386,1.615,4.555,62282.654195877236,60980.00158187724
A_M_1.9999999999999998_1.0_481,COM,2.695605,8.483372,1.527,3.339,1.32,64379.896201877236,60980.00158187724
A_M_1.9999999999999998_1.0_482,COM,1.253918,4.645363,2.115,5.116,2.493,61566.94832887724,60980.00158187724
A_M_1.9999999999999998_1.0_483,COM,1.149181,4.352381,2.808,1.948,2.558,61818.91370487724,60980.00158187724
A_M_1.9999999999999998_1.0_484,COM,2.340379,7.63058,2.939,3.337,0.512,61595.572351877236,60980.00158187724
A_M_1.9999999999999998_1.0_485,COM,0.699112,3.015755,1.883,1.543,5.196,63898.35210687724,60980.00158187724
A_M_1.9999999999999998_1.0_486,COM,1.081107,4.104824,0.11,3.875,2.613,61494.16035187724,60980.00158187724
A_M_1.9999999999999998_1.0_487,COM,1.196921,4.436662,1.81,1.618,4.034,61418.63539187724,60980.00158187724
A_M_1.9999999999999998_1.0_488,COM,1.128843,4.216058,1.691,3.349,1.288,63348.18110887724,60980.00158187724
A_M_1.9999999999999998_1.0_489,COM,0.758781,3.162241,2.024,4.182,1.646,63752.943329877235,60980.00158187724
A_M_1.9999999999999998_1.0_490,COM,0.65951,2.991315,1.714,4.04,4.451,63941.12970787724,60980.00158187724
A_M_1.9999999999999998_1.0_491,COM,1.468084,5.421477,0.578,5.056,4.189,62130.29382487724,60980.00158187724
A_M_1.9999999999999998_1.0_492,COM,2.069518,7.286351,2.449,2.294,3.039,62449.11048887724,60980.00158187724
A_M_1.9999999999999998_1.0_493,COM,0.332797,1.98934,2.274,4.465,2.131,63936.596292877235,60980.00158187724
A_M_1.9999999999999998_1.0_494,COM,1.183693,4.528977,1.268,3.672,3.295,61815.32396787724,60980.00158187724
A_M_1.9999999999999998_1.0_495,COM,1.069131,4.216002,0.98,5.163,1.557,63583.80187687724,60980.00158187724
A_M_1.9999999999999998_1.0_496,COM,0.905085,3.744476,2.143,4.509,1.678,62116.29188487724,60980.00158187724
A_M_1.9999999999999998_1.0_497,COM,1.534219,5.59249,0.939,4.271,4.534,61202.38708087724,60980.00158187724
A_M_1.9999999999999998_1.0_498,COM,0.452011,2.34805,1.384,4.33,3.076,61719.979114877235,60980.00158187724
A_M_1.9999999999999998_1.0_499,COM,1.944765,6.783827,0.46,3.959,2.737,62767.70219187724,60980.00158187724
A_M_1.9999999999999998_1.0_500,COM,1.770219,6.349898,1.158,4.885,2.772,61922.08574787724,60980.00158187724
A_M_1.9999999999999998_1.0_501,COM,1.104693,4.262528,0.652,4.15,2.561,63904.066507877236,60980.00158187724
A_M_1.9999999999999998_1.0_502,COM,1.144169,4.46231,1.488,1.241,2.532,64413.32983487724,60980.00158187724
A_M_1.9999999999999998_1.0_503,COM,1.087473,4.318161,2.814,5.184,1.838,63924.35909087724,60980.00158187724
A_M_1.9999999999999998_1.0_504,COM,1.556629,5.586787,1.089,3.883,3.398,62688.488726877236,60980.00158187724
A_M_1.9999999999999998_1.0_505,COM,1.459793,5.307674,1.452,1.89,3.829,61149.79889787724,60980.00158187724
A_M_1.9999999999999998_1.0_506,COM,1.11746,4.436721,1.849,2.344,4.559,62293.70558887724,60980.00158187724
A_M_1.9999999999999998_1.0_507,COM,1.418391,5.411303,1.612,0.914,5.055,64074.75885087724,60980.00158187724
A_M_1.9999999999999998_1.0_508,COM,1.102957,4.371578,1.709,5.17,3.024,63710.526787877236,60980.00158187724
A_M_1.9999999999999998_1.0_509,COM,0.448107,2.388535,2.3,1.596,1.917,61915.39113787724,60980.00158187724
A_M_1.9999999999999998_1.0_510,COM,0.997016,4.086893,0.624,3.265,0.189,64606.496135877234,60980.00158187724
A_M_1.9999999999999998_1.0_511,COM,0.673422,3.083863,1.423,4.215,3.57,63088.72550987724,60980.00158187724
A_M_1.9999999999999998_1.0_512,COM,1.736629,6.308636,0.364,0.067,0.054,63273.309691877235,60980.00158187724
A_M_1.9999999999999998_1.0_513,COM,1.293647,4.979415,1.411,4.206,2.275,62105.48512387724,60980.00158187724
A_M_1.9999999999999998_1.0_514,COM,3.504031,11.813797,1.275,2.385,3.708,61599.38227887724,60980.00158187724
A_M_1.9999999999999998_1.0_515,COM,0.992695,4.046289,2.432,4.779,1.624,63055.840895877234,60980.00158187724
A_M_1.9999999999999998_1.0_516,COM,1.214051,4.88781,1.712,4.668,4.929,63990.07024787724,60980.00158187724
A_M_1.9999999999999998_1.0_517,COM,1.380079,5.45284,2.721,1.421,5.266,61263.029492877235,60980.00158187724
A_M_1.9999999999999998_1.0_518,COM,1.367626,5.446321,0.914,2.159,1.511,61541.85984787724,60980.00158187724
A_M_1.9999999999999998_1.0_519,COM,0.647387,3.073436,2.115,4.504,2.401,64614.44536887724,60980.00158187724
A_M_1.9999999999999998_1.0_520,COM,0.444232,2.439181,0.437,2.191,1.738,61636.12317087724,60980.00158187724
A_M_1.9999999999999998_1.0_521,COM,0.710503,3.262068,2.454,1.191,5.104,61063.36583487724,60980.00158187724
A_M_1.9999999999999998_1.0_522,COM,0.898562,3.896386,1.313,4.046,3.736,64231.77608787724,60980.00158187724
A_M_1.9999999999999998_1.0_523,COM,0.345182,2.133214,1.06,3.996,1.697,61130.319168877235,60980.00158187724
A_M_1.9999999999999998_1.0_524,COM,1.327172,5.518178,0.797,3.104,3.769,62464.98020187724,60980.00158187724
A_M_1.9999999999999998_1.0_525,COM,0.457833,2.558706,0.709,4.543,0.267,62347.562696877234,60980.00158187724
A_M_1.9999999999999998_1.0_526,COM,1.374266,5.605557,1.821,2.669,3.069,63889.113656877234,60980.00158187724
A_M_1.9999999999999998_1.0_527,COM,1.170026,4.994379,2.407,1.261,4.96,64254.173561877236,60980.00158187724
A_M_1.9999999999999998_1.0_528,COM,0.483161,2.61129,2.682,0.136,3.944,64129.55506587724,60980.00158187724
A_M_1.9999999999999998_1.0_529,COM,0.4781,2.584658,1.003,4.709,2.134,63688.10226287724,60980.00158187724
A_M_1.9999999999999998_1.0_530,COM,1.653397,6.596572,1.81,5.323,2.854,62300.67155087724,60980.00158187724
A_M_1.9999999999999998_1.0_531,COM,0.274575,1.912148,2.297,3.552,3.576,61241.63690387724,60980.00158187724
A_M_1.9999999999999998_1.0_532,COM,0.479046,2.602626,0.898,3.568,2.644,61064.66406887724,60980.00158187724
A_M_1.9999999999999998_1.0_533,COM,1.70156,6.770045,1.736,2.413,3.765,62298.37249687724,60980.00158187724
A_M_1.9999999999999998_1.0_534,COM,0.953564,4.277902,1.41,4.396,2.952,64412.23129387724,60980.00158187724
A_M_1.9999999999999998_1.0_535,COM,1.053341,4.670372,0.85,3.338,3.386,63709.268381877235,60980.00158187724
A_M_1.9999999999999998_1.0_536,COM,1.403454,5.80041,0.977,2.437,3.682,62569.51172787724,60980.00158187724
A_M_1.9999999999999998_1.0_537,COM,0.646496,3.22905,1.351,4.515,0.53,64600.45533887724,60980.00158187724
A_M_1.9999999999999998_1.0_538,COM,1.205368,5.158698,2.956,2.744,2.724,64142.179769877235,60980.00158187724
A_M_1.9999999999999998_1.0_539,COM,0.726561,3.511021,1.459,4.046,3.56,63153.96982287724,60980.00158187724
A_M_1.9999999999999998_1.0_540,COM,0.304784,2.044302,1.265,0.998,2.657,63239.57131487724,60980.00158187724
A_M_1.9999999999999998_1.0_541,COM,0.324463,2.132805,3.014,0.381,4.018,63494.68096587724,60980.00158187724
A_M_1.9999999999999998_1.0_542,COM,1.020927,4.510258,2.095,0.734,3.777,61996.55421487724,60980.00158187724
A_M_1.9999999999999998_1.0_543,COM,1.445711,5.951342,0.668,1.467,1.649,63861.596139877234,60980.00158187724
A_M_1.9999999999999998_1.0_544,COM,0.843908,4.038781,2.483,5.496,2.631,62040.214392877235,60980.00158187724
A_M_1.9999999999999998_1.0_545,COM,0.181885,1.663408,0.451,2.201,5.257,64184.84591287724,60980.00158187724
A_M_1.9999999999999998_1.0_546,COM,1.736831,7.276781,1.465,3.031,3.244,61889.560897877236,60980.00158187724
A_M_1.9999999999999998_1.0_547,COM,0.435608,2.546896,1.206,5.139,0.093,62914.459494877236,60980.00158187724
A_M_1.9999999999999998_1.0_548,COM,0.345523,2.254105,0.443,1.348,5.431,63980.13718087724,60980.00158187724
A_M_1.9999999999999998_1.0_549,COM,0.60436,3.267766,1.863,3.963,1.52,64422.41842687724,60980.00158187724
A_M_1.9999999999999998_1.0_550,COM,1.247298,5.664065,2.396,1.509,4.783,61917.23847987724,60980.00158187724
A_M_1.9999999999999998_1.0_551,COM,0.983447,4.627113,2.5,4.149,1.476,63200.358952877235,60980.00158187724
A_M_1.9999999999999998_1.0_552,COM,1.338771,6.074402,1.59,4.536,2.496,63736.036629877235,60980.00158187724
A_M_1.9999999999999998_1.0_553,COM,1.275583,5.754609,1.945,4.817,2.762,62611.71301087724,60980.00158187724
A_M_1.9999999999999998_1.0_554,COM,1.293486,5.836177,0.68,0.297,2.951,63601.668745877236,60980.00158187724
A_M_1.9999999999999998_1.0_555,COM,1.056178,4.948775,2.949,3.185,0.489,61135.77582587724,60980.00158187724
A_M_1.9999999999999998_1.0_556,COM,0.175188,1.64894,2.751,4.917,2.365,63719.03263687724,60980.00158187724
A_M_1.9999999999999998_1.0_557,COM,1.102764,5.158587,1.1,3.087,3.486,62221.63627887724,60980.00158187724
A_M_1.9999999999999998_1.0_558,COM,0.944452,4.470395,1.399,4.13,2.123,63222.426030877235,60980.00158187724
A_M_1.9999999999999998_1.0_559,COM,0.701511,3.654233,0.838,4.502,2.035,64565.09952287724,60980.00158187724
A_M_1.9999999999999998_1.0_560,COM,0.793755,3.933226,2.71,5.966,3.169,63810.44589587724,60980.00158187724
A_M_1.9999999999999998_1.0_561,COM,2.722005,11.469636,2.058,1.038,5.842,64186.55151787724,60980.00158187724
A_M_1.9999999999999998_1.0_562,COM,1.312965,5.991176,1.203,0.04,3.727,63887.62385487724,60980.00158187724
A_M_1.9999999999999998_1.0_563,COM,0.639592,3.495179,0.237,2.498,4.408,64038.26794687724,60980.00158187724
A_M_1.9999999999999998_1.0_564,COM,0.948952,4.698518,1.065,2.197,4.091,61480.21362487724,60980.00158187724
A_M_1.9999999999999998_1.0_565,COM,1.016404,4.92975,2.312,1.619,4.36,62102.24032887724,60980.00158187724
A_M_1.9999999999999998_1.0_566,COM,1.36115,6.231521,2.936,4.324,2.342,64076.33914587724,60980.00158187724
A_M_1.9999999999999998_1.0_567,COM,1.363687,6.290048,0.628,5.594,0.737,62779.396994877236,60980.00158187724
A_M_1.9999999999999998_1.0_568,COM,3.811456,15.921197,1.67,4.754,2.364,64413.31825387724,60980.00158187724
A_M_1.9999999999999998_1.0_569,COM,1.282245,6.087018,1.956,3.041,3.474,64015.07656687724,60980.00158187724
A_M_1.9999999999999998_1.0_570,COM,0.133826,1.527086,1.48,5.053,3.274,61358.81590887724,60980.00158187724
A_M_1.9999999999999998_1.0_571,COM,0.600305,3.36115,1.412,1.609,3.371,62680.715039877236,60980.00158187724
A_M_1.9999999999999998_1.0_572,COM,1.492408,6.989537,0.609,6.149,3.513,62369.98406887724,60980.00158187724
A_M_1.9999999999999998_1.0_573,COM,0.173439,1.699933,2.515,5.166,2.452,63752.44370087724,60980.00158187724
A_M_1.9999999999999998_1.0_574,COM,1.42773,6.628231,1.847,4.496,1.48,62003.30722787724,60980.00158187724
A_M_1.9999999999999998_1.0_575,COM,0.997089,5.021852,2.36,3.868,3.816,62767.273754877235,60980.00158187724
A_M_1.9999999999999998_1.0_576,COM,0.50814,3.103383,1.655,1.303,5.057,62589.80284487724,60980.00158187724
A_M_1.9999999999999998_1.0_577,COM,1.340168,6.579444,1.418,2.155,4.305,62982.45575887724,60980.00158187724
A_M_1.9999999999999998_1.0_578,COM,1.151458,5.750528,1.201,4.234,2.463,63779.34439787724,60980.00158187724
A_M_1.9999999999999998_1.0_579,COM,1.056519,5.295649,1.33,2.517,4.178,61786.005594877235,60980.00158187724
A_M_1.9999999999999998_1.0_580,COM,1.40094,6.755783,0.093,1.024,5.428,61345.26096287724,60980.00158187724
A_M_1.9999999999999998_1.0_581,COM,2.065769,9.474158,0.598,0.685,2.274,61270.59680387724,60980.00158187724
A_M_1.9999999999999998_1.0_582,COM,1.551873,7.441338,0.432,1.102,5.32,63048.03632487724,60980.00158187724
A_M_1.9999999999999998_1.0_583,COM,1.226589,6.048954,0.99,0.763,2.464,61721.837845877235,60980.00158187724
A_M_1.9999999999999998_1.0_584,COM,0.975607,4.986414,0.317,1.394,2.505,62474.89309787724,60980.00158187724
A_M_1.9999999999999998_1.0_585,COM,0.932345,4.80691,1.583,5.397,2.376,61276.912875877235,60980.00158187724
A_M_1.9999999999999998_1.0_586,COM,1.58541,7.474038,2.248,0.223,3.513,63710.914792877236,60980.00158187724
A_M_1.9999999999999998_1.0_587,COM,0.89888,4.713376,2.665,1.841,5.058,64012.06249187724,60980.00158187724
A_M_1.9999999999999998_1.0_588,COM,1.989277,9.183394,1.983,5.239,2.089,63682.729909877235,60980.00158187724
A_M_1.9999999999999998_1.0_589,COM,0.670963,3.882881,0.101,4.799,1.931,64375.740741877235,60980.00158187724
A_M_1.9999999999999998_1.0_590,COM,1.327198,6.66676,1.495,0.686,4.882,63143.00831487724,60980.00158187724
A_M_1.9999999999999998_1.0_591,COM,0.487641,3.068357,1.535,5.124,4.459,63548.44918987724,60980.00158187724
A_M_1.9999999999999998_1.0_592,COM,1.436381,7.144064,1.477,2.982,3.654,63601.74535287724,60980.00158187724
A_M_1.9999999999999998_1.0_593,COM,0.682686,3.957232,0.274,3.088,2.02,62431.34961087724,60980.00158187724
A_M_1.9999999999999998_1.0_594,COM,1.457314,7.128588,0.997,3.376,2.574,64277.27165787724,60980.00158187724
A_M_1.9999999999999998_1.0_595,COM,1.373531,6.82216,1.642,1.54,4.602,61111.51887287724,60980.00158187724
A_M_1.9999999999999998_1.0_596,COM,1.699013,8.246513,1.047,2.58,3.404,63647.35214987724,60980.00158187724
A_M_1.9999999999999998_1.0_597,COM,1.270515,6.6294,0.879,0.738,2.727,64146.49800187724,60980.00158187724
A_M_1.9999999999999998_1.0_598,COM,1.126772,6.023973,1.826,1.126,2.794,63331.60088787724,60980.00158187724
A_M_1.9999999999999998_1.0_599,COM,1.265633,6.494543,0.705,6.056,4.117,64359.04750087724,60980.00158187724
A_M_1.9999999999999998_1.0_600,COM,1.39487,7.076174,1.165,3.407,3.357,64607.71631187724,60980.00158187724
A_M_1.9999999999999998_1.0_601,COM,0.410311,2.828811,1.33,3.755,3.594,63046.32139187724,60980.00158187724
A_M_1.9999999999999998_1.0_602,COM,1.117348,5.890427,2.007,0.168,3.552,61803.956161877235,60980.00158187724
A_M_1.9999999999999998_1.0_603,COM,0.348991,2.5271,0.977,3.604,3.972,61902.97899287724,60980.00158187724
A_M_1.9999999999999998_1.0_604,COM,0.125108,1.572769,1.635,1.249,4.984,63966.07917287724,60980.00158187724
A_M_1.9999999999999998_1.0_605,COM,2.742672,13.476775,2.721,3.832,3.868,64618.46541287724,60980.00158187724
A_M_1.9999999999999998_1.0_606,COM,0.803852,4.645492,1.475,5.866,3.168,61448.93766987724,60980.00158187724
A_M_1.9999999999999998_1.0_607,COM,1.092994,6.014116,1.752,1.966,2.454,63339.93268487724,60980.00158187724
A_M_1.9999999999999998_1.0_608,COM,0.747245,4.456396,1.174,2.183,3.973,64221.67720187724,60980.00158187724
A_M_1.9999999999999998_1.0_609,COM,1.407231,7.568315,0.283,2.658,4.213,61911.98662187724,60980.00158187724
A_M_1.9999999999999998_1.0_610,COM,1.322268,7.289296,2.204,2.446,2.86,62814.75752487724,60980.00158187724
A_M_1.9999999999999998_1.0_611,COM,0.591543,3.757779,1.996,0.96,0.294,63328.884375877235,60980.00158187724
A_M_1.9999999999999998_1.0_612,COM,1.008254,5.699241,2.606,3.024,0.42,64191.82517987724,60980.00158187724
A_M_1.9999999999999998_1.0_613,COM,0.787601,4.65837,2.74,4.288,1.882,61805.055500877235,60980.00158187724
A_M_1.9999999999999998_1.0_614,COM,3.184983,16.16566,1.653,1.389,4.613,63428.80635487724,60980.00158187724
A_M_1.9999999999999998_1.0_615,COM,0.303941,2.461467,0.209,0.908,5.976,63153.56089987724,60980.00158187724
A_M_1.9999999999999998_1.0_616,COM,2.462025,12.946477,1.0,4.427,2.172,62089.492033877235,60980.00158187724
A_M_1.9999999999999998_1.0_617,COM,1.094508,6.251875,1.142,4.527,1.983,63752.517955877236,60980.00158187724
A_M_1.9999999999999998_1.0_618,COM,1.281929,7.189821,1.221,4.351,2.379,64430.18616087724,60980.00158187724
A_M_1.9999999999999998_1.0_619,COM,0.649964,4.208857,1.62,1.65,5.729,62299.92430587724,60980.00158187724
A_M_1.9999999999999998_1.0_620,COM,1.474234,8.466249,2.914,1.807,4.859,62405.57364387724,60980.00158187724
A_M_1.9999999999999998_1.0_621,COM,2.275737,12.195763,1.713,2.51,2.896,64224.191459877235,60980.00158187724
A_M_1.9999999999999998_1.0_622,COM,1.365547,7.890945,1.683,4.906,1.599,63249.69680387724,60980.00158187724
A_M_1.9999999999999998_1.0_623,COM,1.647388,9.131792,2.221,1.29,6.037,61306.131838877234,60980.00158187724
A_M_1.9999999999999998_1.0_624,COM,1.473884,8.289877,2.044,1.232,4.223,62406.80142487724,60980.00158187724
A_M_1.9999999999999998_1.0_625,COM,0.676327,4.49425,1.628,4.707,4.024,63544.07608187724,60980.00158187724
A_M_1.9999999999999998_1.0_626,COM,1.374977,8.086423,1.176,4.914,2.469,62989.13277887724,60980.00158187724
A_M_1.9999999999999998_1.0_627,COM,0.420174,3.136839,2.228,1.819,4.955,63577.058941877236,60980.00158187724
A_M_1.9999999999999998_1.0_628,COM,0.794878,5.225387,1.903,3.66,3.907,63804.72623987724,60980.00158187724
A_M_1.9999999999999998_1.0_629,COM,1.057377,6.668135,1.569,5.031,2.952,64257.886007877234,60980.00158187724
A_M_1.9999999999999998_1.0_630,COM,2.21836,13.105108,1.542,0.244,3.989,63638.161716877235,60980.00158187724
A_M_1.9999999999999998_1.0_631,COM,1.172308,7.408368,1.873,6.249,2.097,64246.17158587724,60980.00158187724
A_M_1.9999999999999998_1.0_632,COM,0.864315,5.685317,2.566,4.951,2.117,64574.085071877234,60980.00158187724
A_M_1.9999999999999998_1.0_633,COM,1.341206,8.269458,1.017,0.825,4.803,62774.032807877236,60980.00158187724
A_M_1.9999999999999998_1.0_634,COM,1.186957,7.406836,0.339,3.672,3.001,61357.270121877234,60980.00158187724
A_M_1.9999999999999998_1.0_635,COM,1.384202,8.513884,0.941,2.172,4.155,62738.43036187724,60980.00158187724
A_M_1.9999999999999998_1.0_636,COM,0.487104,3.690995,1.745,1.322,4.326,63117.61452487724,60980.00158187724
A_M_1.9999999999999998_1.0_637,COM,2.384382,14.424386,3.039,2.556,5.819,62474.66566487724,60980.00158187724
A_M_1.9999999999999998_1.0_638,COM,1.43982,9.035061,0.519,1.747,1.987,64620.799651877234,60980.00158187724
A_M_1.9999999999999998_1.0_639,COM,0.655716,4.683589,1.395,1.08,4.727,63607.17103687724,60980.00158187724
A_M_1.9999999999999998_1.0_640,COM,0.932349,6.171146,1.13,4.187,2.276,64023.231116877236,60980.00158187724
A_M_1.9999999999999998_1.0_641,COM,0.491949,3.809706,1.827,1.555,4.353,64524.19031387724,60980.00158187724
A_M_1.9999999999999998_1.0_642,COM,1.825167,11.65569,2.62,1.129,4.46,62911.152756877236,60980.00158187724
A_M_1.9999999999999998_1.0_643,COM,1.058029,7.09398,1.185,4.825,1.834,64582.22308387724,60980.00158187724
A_M_1.9999999999999998_1.0_644,COM,0.531791,4.121176,0.237,0.351,3.354,63005.30475387724,60980.00158187724
A_M_1.9999999999999998_1.0_645,COM,0.779925,5.614583,0.121,3.177,3.243,62121.168682877236,60980.00158187724
A_M_1.9999999999999998_1.0_646,COM,0.398377,3.359716,0.471,3.017,3.572,64188.429985877236,60980.00158187724
A_M_1.9999999999999998_1.0_647,COM,0.974606,6.843226,1.785,6.181,2.242,63222.926177877234,60980.00158187724
A_M_1.9999999999999998_1.0_648,COM,1.615039,10.720159,1.029,4.406,3.0,63026.864757877236,60980.00158187724
A_M_1.9999999999999998_1.0_649,COM,1.126946,7.833747,1.223,4.728,2.387,63299.63776187724,60980.00158187724
A_M_1.9999999999999998_1.0_650,COM,1.509682,10.207086,0.239,5.079,1.642,64163.64695587724,60980.00158187724
A_M_1.9999999999999998_1.0_651,COM,0.718051,5.520032,2.5,0.042,2.952,62897.57293987724,60980.00158187724
A_M_1.9999999999999998_1.0_652,COM,1.208574,8.608517,2.448,4.919,2.097,63420.360434877235,60980.00158187724
A_M_1.9999999999999998_1.0_653,COM,3.529202,22.80296,2.935,5.462,2.362,63132.40759987724,60980.00158187724
A_M_1.9999999999999998_1.0_654,COM,0.521705,4.266012,0.825,2.976,3.716,61250.557435877236,60980.00158187724
A_M_1.9999999999999998_1.0_655,COM,1.092157,7.825708,1.502,4.483,4.653,63316.747407877236,60980.00158187724
A_M_1.9999999999999998_1.0_656,COM,0.422602,3.751165,1.3,4.704,2.284,63320.10555187724,60980.00158187724
A_M_1.9999999999999998_1.0_657,COM,0.566774,4.692453,1.49,1.431,2.367,64399.965727877236,60980.00158187724
A_M_1.9999999999999998_1.0_658,COM,1.853225,12.983121,0.712,0.805,5.565,62318.80162087724,60980.00158187724
A_M_1.9999999999999998_1.0_659,COM,0.847279,6.49568,2.354,5.475,2.613,63352.44127387724,60980.00158187724
A_M_1.9999999999999998_1.0_660,COM,0.530452,4.536473,2.284,1.638,4.8,62824.325119877234,60980.00158187724
A_M_1.9999999999999998_1.0_661,COM,0.78476,6.240327,2.85,0.349,3.474,62292.37598587724,60980.00158187724
A_M_1.9999999999999998_1.0_662,COM,1.628875,11.672846,1.754,2.386,3.486,62440.328260877235,60980.00158187724
A_M_1.9999999999999998_1.0_663,COM,1.292686,9.709111,0.343,0.208,5.946,62186.352848877235,60980.00158187724
A_M_1.9999999999999998_1.0_664,COM,0.661315,5.454706,0.713,2.527,3.973,61360.472323877235,60980.00158187724
A_M_1.9999999999999998_1.0_665,COM,1.152231,8.726695,2.33,6.059,2.961,62528.53824687724,60980.00158187724
A_M_1.9999999999999998_1.0_666,COM,0.564988,5.024012,2.354,0.977,3.415,63530.102010877235,60980.00158187724
A_M_1.9999999999999998_1.0_667,COM,0.920356,7.653301,0.844,1.565,4.788,63103.632854877236,60980.00158187724
A_M_1.9999999999999998_1.0_668,COM,0.233453,2.699695,1.183,4.372,1.936,63293.37976587724,60980.00158187724
A_M_1.9999999999999998_1.0_669,COM,1.575391,12.443803,0.078,3.168,2.703,63788.73603187724,60980.00158187724
A_M_1.9999999999999998_1.0_670,COM,0.870112,7.293982,1.656,4.728,1.522,62365.70626187724,60980.00158187724
A_M_1.9999999999999998_1.0_671,COM,0.719967,6.420469,1.978,2.147,2.985,61845.21670587724,60980.00158187724
A_M_1.9999999999999998_1.0_672,COM,0.142577,2.067309,1.392,1.162,5.168,62493.38597687724,60980.00158187724
A_M_1.9999999999999998_1.0_673,COM,2.197324,17.344967,1.618,1.373,4.918,63005.703499877236,60980.00158187724
A_M_1.9999999999999998_1.0_674,COM,1.558602,12.708708,1.995,1.804,2.108,64406.396478877235,60980.00158187724
A_M_1.9999999999999998_1.0_675,COM,1.250886,10.594219,2.609,1.85,5.049,62386.30514287724,60980.00158187724
A_M_1.9999999999999998_1.0_676,COM,2.838279,23.031009,2.116,1.54,4.341,63211.86147687724,60980.00158187724
A_M_1.9999999999999998_1.0_677,COM,1.073798,9.317457,2.035,1.731,5.155,61304.66411287724,60980.00158187724
A_M_1.9999999999999998_1.0_678,COM,0.229981,2.828066,2.462,5.438,2.615,62618.59773787724,60980.00158187724
A_M_1.9999999999999998_1.0_679,COM,0.330795,3.748152,1.241,1.072,5.505,62329.92667087724,60980.00158187724
A_M_1.9999999999999998_1.0_680,COM,0.805445,7.570433,0.477,4.79,2.372,62985.82219387724,60980.00158187724
A_M_1.9999999999999998_1.0_681,COM,1.593591,14.274023,0.529,4.043,2.215,63304.67070887724,60980.00158187724
A_M_1.9999999999999998_1.0_682,COM,0.511423,5.199332,2.64,4.809,2.114,61949.23901487724,60980.00158187724
A_M_1.9999999999999998_1.0_683,COM,1.519297,13.613053,1.275,4.939,1.562,64230.012877877234,60980.00158187724
A_M_1.9999999999999998_1.0_684,COM,1.141318,10.61493,0.048,1.96,4.061,63893.13990987724,60980.00158187724
A_M_1.9999999999999998_1.0_685,COM,0.75179,7.41585,0.451,4.511,1.945,64194.34971987724,60980.00158187724
A_M_1.9999999999999998_1.0_686,COM,1.08299,10.088095,1.166,4.452,2.352,64220.75940687724,60980.00158187724
A_M_1.9999999999999998_1.0_687,COM,1.544695,15.010395,1.325,4.602,1.797,64418.43915387724,60980.00158187724
A_M_1.9999999999999998_1.0_688,COM,1.615267,15.506479,1.872,1.525,4.282,64465.28681787724,60980.00158187724
A_M_1.9999999999999998_1.0_689,COM,0.644194,6.948379,0.596,3.427,2.968,62075.75163587724,60980.00158187724
A_M_1.9999999999999998_1.0_690,COM,0.598489,6.478093,1.971,2.743,3.621,62863.50106987724,60980.00158187724
A_M_1.9999999999999998_1.0_691,COM,0.821258,8.546459,1.539,4.873,1.877,63020.79886687724,60980.00158187724
A_M_1.9999999999999998_1.0_692,COM,0.493731,5.645037,0.445,6.074,0.12,61136.28262187724,60980.00158187724
A_M_1.9999999999999998_1.0_693,COM,1.357383,14.711402,0.754,1.208,4.895,63939.50577887724,60980.00158187724
A_M_1.9999999999999998_1.0_694,COM,1.422192,16.049653,1.7,1.28,4.524,64361.722580877235,60980.00158187724
A_M_1.9999999999999998_1.0_695,COM,1.268858,14.230761,2.722,5.36,2.302,62482.278116877234,60980.00158187724
A_M_1.9999999999999998_1.0_696,COM,1.567379,17.472217,2.311,5.193,2.051,61809.00512887724,60980.00158187724
A_M_1.9999999999999998_1.0_697,COM,1.339979,15.356431,0.947,2.867,4.074,63458.12816187724,60980.00158187724
