ObjID,FORMAT,q,e,inc,node,argPeri,t_p_MJD_TDB,epochMJD_TDB
A_M_1.9999999999999998_1.0_0,COM,0.924491,1.009911,2.226,3.06,1.492,64397.23893387724,60980.00158187724
A_M_1.9999999999999998_1.0_1,COM,0.183014,1.001889,1.834,5.51,2.282,61695.68590187724,60980.00158187724
A_M_1.9999999999999998_1.0_2,COM,1.087105,1.005589,2.377,3.787,5.188,61728.38885387724,60980.00158187724
A_M_1.9999999999999998_1.0_3,COM,1.39226,1.020671,2.318,1.981,0.455,63074.729312877236,60980.00158187724
A_M_1.9999999999999998_1.0_4,COM,1.065084,1.015231,1.353,5.922,1.82,62846.05426987724,60980.00158187724
A_M_1.9999999999999998_1.0_5,COM,0.287555,1.004856,0.761,5.544,6.116,64452.44379387724,60980.00158187724
A_M_1.9999999999999998_1.0_6,COM,1.098709,1.013597,1.199,5.841,4.05,64429.381924877234,60980.00158187724
A_M_1.9999999999999998_1.0_7,COM,1.829864,1.044003,1.928,0.048,2.61,60921.32779187724,60980.00158187724
A_M_1.9999999999999998_1.0_8,COM,1.402354,1.055869,1.722,1.375,3.434,64371.37600387724,60980.00158187724
A_M_1.9999999999999998_1.0_9,COM,0.545494,1.028113,0.692,0.542,5.818,64487.700123877235,60980.00158187724
A_M_1.9999999999999998_1.0_10,COM,1.060503,1.05262,2.123,5.808,3.0,64043.998762877236,60980.00158187724
A_M_1.9999999999999998_1.0_11,COM,1.47188,1.069752,0.364,2.042,5.428,63590.38850787724,60980.00158187724
A_M_1.9999999999999998_1.0_12,COM,1.379066,1.077152,1.652,3.344,1.463,61503.72229187724,60980.00158187724
A_M_1.9999999999999998_1.0_13,COM,0.783973,1.034505,1.822,3.126,3.094,61420.52127487724,60980.00158187724
A_M_1.9999999999999998_1.0_14,COM,0.109975,1.007729,2.101,4.817,1.333,63269.15039687724,60980.00158187724
A_M_1.9999999999999998_1.0_15,COM,1.592792,1.092287,1.381,2.077,4.049,63414.02695287724,60980.00158187724
A_M_1.9999999999999998_1.0_16,COM,1.131984,1.076306,1.829,1.556,3.148,61636.31466987724,60980.00158187724
A_M_1.9999999999999998_1.0_17,COM,1.228481,1.082629,1.183,2.128,4.941,62648.89545887724,60980.00158187724
A_M_1.9999999999999998_1.0_18,COM,0.133521,1.010942,2.756,5.363,1.265,61215.41163587724,60980.00158187724
A_M_1.9999999999999998_1.0_19,COM,0.016662,1.001442,1.476,5.068,2.265,64838.360867877236,60980.00158187724
A_M_1.9999999999999998_1.0_20,COM,1.497209,1.115413,1.96,4.857,0.653,63862.11894187724,60980.00158187724
A_M_1.9999999999999998_1.0_21,COM,1.869668,1.158758,1.988,2.057,5.76,63297.556620877236,60980.00158187724
A_M_1.9999999999999998_1.0_22,COM,1.124105,1.097409,3.006,0.584,1.217,63288.21928087724,60980.00158187724
A_M_1.9999999999999998_1.0_23,COM,0.670069,1.072707,1.341,4.621,5.779,64317.29362287724,60980.00158187724
A_M_1.9999999999999998_1.0_24,COM,0.911358,1.089779,1.58,1.328,2.171,61245.524916877235,60980.00158187724
A_M_1.9999999999999998_1.0_25,COM,0.729775,1.082449,1.005,2.016,0.114,61440.604265877235,60980.00158187724
A_M_1.9999999999999998_1.0_26,COM,1.333432,1.129374,2.139,2.512,2.298,62903.89653387724,60980.00158187724
A_M_1.9999999999999998_1.0_27,COM,0.981773,1.092346,1.271,2.771,6.056,64340.01106487724,60980.00158187724
A_M_1.9999999999999998_1.0_28,COM,0.981773,1.092346,1.271,2.771,6.056,64340.01106487724,60980.00158187724
A_M_1.9999999999999998_1.0_29,COM,1.804714,1.208419,2.417,4.944,1.253,61637.52244087724,60980.00158187724
A_M_1.9999999999999998_1.0_30,COM,1.364373,1.172702,0.59,2.186,4.712,64454.60806387724,60980.00158187724
A_M_1.9999999999999998_1.0_31,COM,0.440045,1.060039,1.213,4.105,5.379,61649.513870877236,60980.00158187724
A_M_1.9999999999999998_1.0_32,COM,0.47598,1.061871,2.529,4.532,3.4,63411.70745887724,60980.00158187724
A_M_1.9999999999999998_1.0_33,COM,1.266142,1.162093,0.808,4.108,5.454,63390.245085877235,60980.00158187724
A_M_1.9999999999999998_1.0_34,COM,0.332743,1.04441,1.764,1.202,5.816,61321.20260287724,60980.00158187724
A_M_1.9999999999999998_1.0_35,COM,0.376687,1.055415,1.045,5.134,0.094,62342.20784987724,60980.00158187724
A_M_1.9999999999999998_1.0_36,COM,0.254135,1.036861,2.019,5.969,0.097,64530.87126087724,60980.00158187724
A_M_1.9999999999999998_1.0_37,COM,1.33687,1.199681,1.296,5.37,6.25,61774.703456877236,60980.00158187724
A_M_1.9999999999999998_1.0_38,COM,0.748413,1.120179,1.295,0.358,5.379,61283.02939887724,60980.00158187724
A_M_1.9999999999999998_1.0_39,COM,0.637804,1.098553,0.967,4.262,0.803,62556.42507287724,60980.00158187724
A_M_1.9999999999999998_1.0_40,COM,1.088283,1.151337,1.15,3.105,3.466,62471.62800587724,60980.00158187724
A_M_1.9999999999999998_1.0_41,COM,0.825459,1.121784,1.153,0.994,0.257,63069.58270387724,60980.00158187724
A_M_1.9999999999999998_1.0_42,COM,1.50516,1.222707,1.877,4.151,4.735,62191.66601987724,60980.00158187724
A_M_1.9999999999999998_1.0_43,COM,1.549474,1.293988,2.802,2.397,0.088,64331.40654887724,60980.00158187724
A_M_1.9999999999999998_1.0_44,COM,0.62373,1.105254,2.015,3.436,3.043,62872.99982587724,60980.00158187724
A_M_1.9999999999999998_1.0_45,COM,1.729424,1.293031,1.322,2.906,2.273,63472.074195877234,60980.00158187724
A_M_1.9999999999999998_1.0_46,COM,0.552509,1.092305,2.314,0.673,3.664,61252.32197887724,60980.00158187724
A_M_1.9999999999999998_1.0_47,COM,1.789961,1.332731,1.396,3.837,2.811,62256.08652387724,60980.00158187724
A_M_1.9999999999999998_1.0_48,COM,0.634005,1.127814,1.654,6.025,5.191,62748.956718877234,60980.00158187724
A_M_1.9999999999999998_1.0_49,COM,0.497345,1.10903,0.087,4.068,1.193,63632.315733877236,60980.00158187724
A_M_1.9999999999999998_1.0_50,COM,0.866252,1.208114,1.116,4.07,0.408,61845.26138887724,60980.00158187724
A_M_1.9999999999999998_1.0_51,COM,0.348272,1.086098,1.555,1.128,5.228,64324.10488487724,60980.00158187724
A_M_1.9999999999999998_1.0_52,COM,1.239113,1.294509,2.085,3.321,2.796,64587.28494187724,60980.00158187724
A_M_1.9999999999999998_1.0_53,COM,0.191812,1.047081,0.841,0.901,3.792,64115.37531487724,60980.00158187724
A_M_1.9999999999999998_1.0_54,COM,1.281811,1.310396,3.084,1.783,0.422,62951.06684387724,60980.00158187724
A_M_1.9999999999999998_1.0_55,COM,0.171296,1.042373,2.477,2.852,2.637,64459.27642587724,60980.00158187724
A_M_1.9999999999999998_1.0_56,COM,0.521584,1.123184,1.566,0.083,4.024,63366.26119987724,60980.00158187724
A_M_1.9999999999999998_1.0_57,COM,0.574661,1.139143,1.638,1.143,5.932,61746.99174387724,60980.00158187724
A_M_1.9999999999999998_1.0_58,COM,1.014477,1.28202,2.479,5.069,3.386,61315.34797687724,60980.00158187724
A_M_1.9999999999999998_1.0_59,COM,1.505222,1.407357,1.436,0.122,4.355,62661.408386877236,60980.00158187724
A_M_1.9999999999999998_1.0_60,COM,0.703623,1.194712,1.034,4.418,2.51,61323.99328487724,60980.00158187724
A_M_1.9999999999999998_1.0_61,COM,0.686716,1.194352,1.208,0.86,0.306,63510.703990877235,60980.00158187724
A_M_1.9999999999999998_1.0_62,COM,0.899983,1.288958,2.701,2.841,2.906,60927.78425687724,60980.00158187724
A_M_1.9999999999999998_1.0_63,COM,1.411119,1.416099,0.866,4.126,5.408,62225.917002877235,60980.00158187724
A_M_1.9999999999999998_1.0_64,COM,0.853258,1.274502,1.319,4.389,5.357,64166.94802287724,60980.00158187724
A_M_1.9999999999999998_1.0_65,COM,1.591154,1.464018,2.136,4.602,4.113,61867.909870877236,60980.00158187724
A_M_1.9999999999999998_1.0_66,COM,1.892534,1.595159,1.336,5.376,4.362,63812.31238887724,60980.00158187724
A_M_1.9999999999999998_1.0_67,COM,1.836227,1.552013,2.015,6.079,4.286,62355.291720877234,60980.00158187724
A_M_1.9999999999999998_1.0_68,COM,0.1852,1.056658,1.258,4.096,5.152,63944.25558587724,60980.00158187724
A_M_1.9999999999999998_1.0_69,COM,0.169761,1.050602,2.925,2.317,5.756,62340.932649877235,60980.00158187724
A_M_1.9999999999999998_1.0_70,COM,1.46574,1.459113,0.652,0.51,6.249,62616.989754877235,60980.00158187724
A_M_1.9999999999999998_1.0_71,COM,0.259356,1.079476,0.359,6.217,3.875,62045.70525187724,60980.00158187724
A_M_1.9999999999999998_1.0_72,COM,1.289113,1.465703,0.466,4.986,4.66,61172.03007987724,60980.00158187724
A_M_1.9999999999999998_1.0_73,COM,0.12191,1.044775,2.147,3.901,4.755,62797.900777877236,60980.00158187724
A_M_1.9999999999999998_1.0_74,COM,0.062678,1.020742,1.109,0.949,0.441,61696.06836887724,60980.00158187724
A_M_1.9999999999999998_1.0_75,COM,0.115944,1.039318,0.685,3.887,0.299,63066.33487087724,60980.00158187724
A_M_1.9999999999999998_1.0_76,COM,0.465073,1.162659,1.41,3.551,3.953,60959.49439087724,60980.00158187724
A_M_1.9999999999999998_1.0_77,COM,0.607595,1.208189,1.914,5.747,0.347,61762.810247877234,60980.00158187724
A_M_1.9999999999999998_1.0_78,COM,0.487918,1.185324,0.903,4.02,3.143,61941.22847587724,60980.00158187724
A_M_1.9999999999999998_1.0_79,COM,0.504125,1.187869,2.599,1.314,5.025,62498.63996187724,60980.00158187724
A_M_1.9999999999999998_1.0_80,COM,0.348466,1.131917,0.977,3.925,3.872,61696.73054687724,60980.00158187724
A_M_1.9999999999999998_1.0_81,COM,1.432737,1.529826,1.043,4.71,0.069,61283.10961187724,60980.00158187724
A_M_1.9999999999999998_1.0_82,COM,1.24172,1.478567,1.723,0.507,5.215,64333.14221087724,60980.00158187724
A_M_1.9999999999999998_1.0_83,COM,1.31046,1.485775,2.312,4.354,1.961,62594.23580787724,60980.00158187724
A_M_1.9999999999999998_1.0_84,COM,1.40458,1.57604,1.096,4.955,4.746,63342.61648487724,60980.00158187724
A_M_1.9999999999999998_1.0_85,COM,0.299885,1.113803,1.956,5.557,1.237,64016.70218087724,60980.00158187724
A_M_1.9999999999999998_1.0_86,COM,1.021955,1.389702,1.567,1.476,4.709,61811.577659877235,60980.00158187724
A_M_1.9999999999999998_1.0_87,COM,0.704097,1.277239,1.306,3.739,1.505,63146.41019687724,60980.00158187724
A_M_1.9999999999999998_1.0_88,COM,0.05473,1.020814,0.687,2.698,4.35,60977.63307087724,60980.00158187724
A_M_1.9999999999999998_1.0_89,COM,1.249894,1.463653,2.237,4.125,3.938,62216.74148287724,60980.00158187724
A_M_1.9999999999999998_1.0_90,COM,0.212241,1.084247,0.242,3.387,2.64,63632.23774487724,60980.00158187724
A_M_1.9999999999999998_1.0_91,COM,0.037333,1.014093,1.2,3.094,4.709,63195.970242877236,60980.00158187724
A_M_1.9999999999999998_1.0_92,COM,1.358201,1.517751,2.295,0.124,0.472,64022.45612787724,60980.00158187724
A_M_1.9999999999999998_1.0_93,COM,0.912354,1.360585,0.994,3.64,2.849,61330.76947087724,60980.00158187724
A_M_1.9999999999999998_1.0_94,COM,0.124696,1.047369,0.722,1.942,3.935,62699.94645787724,60980.00158187724
A_M_1.9999999999999998_1.0_95,COM,0.632537,1.233413,2.854,4.093,2.927,61371.26342987724,60980.00158187724
A_M_1.9999999999999998_1.0_96,COM,1.379929,1.584122,1.386,5.752,5.267,62415.128960877235,60980.00158187724
A_M_1.9999999999999998_1.0_97,COM,0.163931,1.071641,2.18,5.801,5.717,61620.71004587724,60980.00158187724
A_M_1.9999999999999998_1.0_98,COM,0.009775,1.00429,0.376,0.645,4.464,62885.69761287724,60980.00158187724
A_M_1.9999999999999998_1.0_99,COM,0.887291,1.372196,0.968,4.149,5.231,61402.66373087724,60980.00158187724
A_M_1.9999999999999998_1.0_100,COM,1.193229,1.490597,2.461,4.882,3.124,63203.030163877236,60980.00158187724
A_M_1.9999999999999998_1.0_101,COM,1.056241,1.437039,1.99,4.863,1.199,61064.22111687724,60980.00158187724
A_M_1.9999999999999998_1.0_102,COM,0.765333,1.335769,1.628,1.953,5.643,63817.449478877235,60980.00158187724
A_M_1.9999999999999998_1.0_103,COM,0.988448,1.418758,1.289,5.428,2.635,60929.671410877236,60980.00158187724
A_M_1.9999999999999998_1.0_104,COM,1.245741,1.548145,1.525,3.672,4.451,63643.96317787724,60980.00158187724
A_M_1.9999999999999998_1.0_105,COM,0.274559,1.115947,2.593,0.358,4.96,63065.05841187724,60980.00158187724
A_M_1.9999999999999998_1.0_106,COM,3.784869,2.700407,2.152,1.754,5.434,63489.002841877234,60980.00158187724
A_M_1.9999999999999998_1.0_107,COM,2.23681,2.017905,1.571,2.194,3.441,62630.93661787724,60980.00158187724
A_M_1.9999999999999998_1.0_108,COM,0.934797,1.446046,0.814,2.43,0.988,61270.96825687724,60980.00158187724
A_M_1.9999999999999998_1.0_109,COM,1.400348,1.660394,2.211,0.007,3.486,61938.33532087724,60980.00158187724
A_M_1.9999999999999998_1.0_110,COM,0.030102,1.014527,2.998,4.121,2.579,64164.405673877234,60980.00158187724
A_M_1.9999999999999998_1.0_111,COM,1.273777,1.593569,2.752,2.724,1.015,64392.801934877236,60980.00158187724
A_M_1.9999999999999998_1.0_112,COM,0.961842,1.459177,1.549,2.689,5.48,62430.641682877234,60980.00158187724
A_M_1.9999999999999998_1.0_113,COM,1.816207,1.877167,1.042,2.939,2.994,64142.78507487724,60980.00158187724
A_M_1.9999999999999998_1.0_114,COM,1.712524,1.920455,1.158,3.428,1.829,61255.27516687724,60980.00158187724
A_M_1.9999999999999998_1.0_115,COM,0.684418,1.348532,0.876,5.531,4.503,64287.76358087724,60980.00158187724
A_M_1.9999999999999998_1.0_116,COM,1.252728,1.665161,2.459,0.488,4.764,62010.85784487724,60980.00158187724
A_M_1.9999999999999998_1.0_117,COM,1.060968,1.547973,0.8,3.498,3.323,62079.50970687724,60980.00158187724
A_M_1.9999999999999998_1.0_118,COM,0.833431,1.426615,0.588,1.884,2.442,61967.57237587724,60980.00158187724
A_M_1.9999999999999998_1.0_119,COM,1.401406,1.744344,0.579,5.015,6.066,64149.80263787724,60980.00158187724
A_M_1.9999999999999998_1.0_120,COM,0.235411,1.128242,1.217,3.85,3.736,61679.82949487724,60980.00158187724
A_M_1.9999999999999998_1.0_121,COM,0.235411,1.128242,1.217,3.85,3.736,61679.82949487724,60980.00158187724
A_M_1.9999999999999998_1.0_122,COM,0.678245,1.365996,0.804,4.811,0.673,64172.46997287724,60980.00158187724
A_M_1.9999999999999998_1.0_123,COM,1.476162,1.750018,0.711,6.084,0.538,61175.34410787724,60980.00158187724
A_M_1.9999999999999998_1.0_124,COM,0.747602,1.404989,0.642,3.118,3.989,64636.419191877234,60980.00158187724
A_M_1.9999999999999998_1.0_125,COM,0.419879,1.221124,0.947,5.687,4.742,64126.90436987724,60980.00158187724
A_M_1.9999999999999998_1.0_126,COM,0.416666,1.216109,1.455,0.974,4.955,64425.000115877236,60980.00158187724
A_M_1.9999999999999998_1.0_127,COM,1.304606,1.717622,1.211,3.997,3.32,64137.533791877235,60980.00158187724
A_M_1.9999999999999998_1.0_128,COM,0.44231,1.255376,2.351,4.833,3.454,63414.84475787724,60980.00158187724
A_M_1.9999999999999998_1.0_129,COM,1.313475,1.730042,1.955,3.672,0.648,64190.725635877236,60980.00158187724
A_M_1.9999999999999998_1.0_130,COM,0.410904,1.245625,1.355,5.311,1.481,60994.16437187724,60980.00158187724
A_M_1.9999999999999998_1.0_131,COM,0.33435,1.191618,2.066,3.627,3.991,61670.75112887724,60980.00158187724
A_M_1.9999999999999998_1.0_132,COM,0.191721,1.108504,0.393,0.589,5.912,62680.55671487724,60980.00158187724
A_M_1.9999999999999998_1.0_133,COM,0.458397,1.262496,1.781,2.756,3.995,63543.732597877235,60980.00158187724
A_M_1.9999999999999998_1.0_134,COM,0.671082,1.399387,0.147,3.823,2.834,62834.861961877235,60980.00158187724
A_M_1.9999999999999998_1.0_135,COM,1.001423,1.613101,0.458,1.741,5.322,62594.65484787724,60980.00158187724
A_M_1.9999999999999998_1.0_136,COM,2.141099,2.31443,0.384,3.347,1.099,61917.12381687724,60980.00158187724
A_M_1.9999999999999998_1.0_137,COM,1.384644,1.851766,1.03,4.783,2.01,62638.05502087724,60980.00158187724
A_M_1.9999999999999998_1.0_138,COM,0.019647,1.01266,2.144,6.177,1.272,64453.304686877236,60980.00158187724
A_M_1.9999999999999998_1.0_139,COM,0.766039,1.486578,1.951,5.308,2.387,62504.36614787724,60980.00158187724
A_M_1.9999999999999998_1.0_140,COM,0.779524,1.485571,1.699,2.501,0.85,64550.982920877235,60980.00158187724
A_M_1.9999999999999998_1.0_141,COM,0.971773,1.61391,2.199,5.144,1.611,63215.487155877236,60980.00158187724
A_M_1.9999999999999998_1.0_142,COM,1.499219,1.933642,1.363,2.039,4.302,62139.01849687724,60980.00158187724
A_M_1.9999999999999998_1.0_143,COM,1.252163,1.810572,2.79,0.754,5.167,63601.225998877235,60980.00158187724
A_M_1.9999999999999998_1.0_144,COM,0.207107,1.126109,0.628,4.617,0.782,62288.92752087724,60980.00158187724
A_M_1.9999999999999998_1.0_145,COM,1.804404,2.09496,2.359,5.932,0.922,64053.83102487724,60980.00158187724
A_M_1.9999999999999998_1.0_146,COM,0.702393,1.441572,1.21,0.58,0.809,63293.198878877236,60980.00158187724
A_M_1.9999999999999998_1.0_147,COM,1.294544,1.788036,1.572,1.191,6.189,61189.73374387724,60980.00158187724
A_M_1.9999999999999998_1.0_148,COM,0.769687,1.486302,1.221,0.28,4.143,61384.465534877236,60980.00158187724
A_M_1.9999999999999998_1.0_149,COM,0.726517,1.444342,2.811,5.008,4.588,62073.58826387724,60980.00158187724
A_M_1.9999999999999998_1.0_150,COM,1.443982,1.965396,1.329,4.716,2.966,63560.95099987724,60980.00158187724
A_M_1.9999999999999998_1.0_151,COM,2.101265,2.394841,1.129,6.253,3.319,62232.095541877236,60980.00158187724
A_M_1.9999999999999998_1.0_152,COM,1.238396,1.874011,0.763,3.646,0.696,63034.55627887724,60980.00158187724
A_M_1.9999999999999998_1.0_153,COM,0.525535,1.352801,1.084,2.033,2.014,62405.743108877235,60980.00158187724
A_M_1.9999999999999998_1.0_154,COM,0.474424,1.32832,2.395,1.105,5.277,62942.693546877235,60980.00158187724
A_M_1.9999999999999998_1.0_155,COM,0.031177,1.020445,2.452,2.831,4.879,62008.367312877235,60980.00158187724
A_M_1.9999999999999998_1.0_156,COM,1.413847,1.96472,0.884,0.8,5.684,61949.779323877236,60980.00158187724
A_M_1.9999999999999998_1.0_157,COM,0.872642,1.585109,2.388,4.422,3.15,61069.861421877235,60980.00158187724
A_M_1.9999999999999998_1.0_158,COM,0.82703,1.562911,2.092,5.789,4.065,63263.50259587724,60980.00158187724
A_M_1.9999999999999998_1.0_159,COM,1.617681,2.132618,0.909,2.809,2.063,62585.69254387724,60980.00158187724
A_M_1.9999999999999998_1.0_160,COM,1.117652,1.792043,0.963,3.203,2.644,62615.43986487724,60980.00158187724
A_M_1.9999999999999998_1.0_161,COM,1.055543,1.754236,0.727,1.574,3.335,62937.349685877234,60980.00158187724
A_M_1.9999999999999998_1.0_162,COM,1.717038,2.280177,0.313,1.699,4.052,63154.617784877235,60980.00158187724
A_M_1.9999999999999998_1.0_163,COM,0.114428,1.083055,1.459,6.074,3.39,61980.42694087724,60980.00158187724
A_M_1.9999999999999998_1.0_164,COM,0.508481,1.372987,1.804,6.096,5.181,63519.18271987724,60980.00158187724
A_M_1.9999999999999998_1.0_165,COM,1.41245,2.101377,1.569,2.909,4.647,63039.833633877235,60980.00158187724
A_M_1.9999999999999998_1.0_166,COM,1.191312,1.915426,1.795,4.626,5.126,61100.173063877235,60980.00158187724
A_M_1.9999999999999998_1.0_167,COM,0.562696,1.448244,1.143,6.268,3.981,64086.54830687724,60980.00158187724
A_M_1.9999999999999998_1.0_168,COM,1.568978,2.263662,2.359,5.277,4.438,62109.916122877235,60980.00158187724
A_M_1.9999999999999998_1.0_169,COM,1.279708,2.037141,1.395,0.881,5.934,61099.279641877234,60980.00158187724
A_M_1.9999999999999998_1.0_170,COM,0.834082,1.640257,1.135,3.259,3.641,61152.60483487724,60980.00158187724
A_M_1.9999999999999998_1.0_171,COM,0.343562,1.277347,0.443,5.761,1.864,61467.139726877234,60980.00158187724
A_M_1.9999999999999998_1.0_172,COM,0.573955,1.47345,1.683,0.689,4.065,63115.48952287724,60980.00158187724
A_M_1.9999999999999998_1.0_173,COM,0.890094,1.711829,1.303,4.816,5.166,61630.14573087724,60980.00158187724
A_M_1.9999999999999998_1.0_174,COM,1.95865,2.524368,0.703,0.595,6.118,62824.85133487724,60980.00158187724
A_M_1.9999999999999998_1.0_175,COM,0.541427,1.42977,0.494,1.57,4.642,64471.22974587724,60980.00158187724
A_M_1.9999999999999998_1.0_176,COM,0.269506,1.220195,1.0,1.587,5.258,61582.777666877235,60980.00158187724
A_M_1.9999999999999998_1.0_177,COM,0.541427,1.42977,0.494,1.57,4.642,64471.22974587724,60980.00158187724
A_M_1.9999999999999998_1.0_178,COM,0.452329,1.348781,1.963,5.43,4.511,61863.94948187724,60980.00158187724
A_M_1.9999999999999998_1.0_179,COM,3.519979,3.868639,1.647,5.752,3.36,62657.573551877234,60980.00158187724
A_M_1.9999999999999998_1.0_180,COM,1.35278,2.159677,2.185,0.419,0.261,63624.579035877236,60980.00158187724
A_M_1.9999999999999998_1.0_181,COM,1.740556,2.469094,0.831,4.654,3.736,62656.24283687724,60980.00158187724
A_M_1.9999999999999998_1.0_182,COM,1.782331,2.557081,1.354,5.738,0.462,61243.63939187724,60980.00158187724
A_M_1.9999999999999998_1.0_183,COM,1.39986,2.239709,0.219,3.277,0.089,63395.37572687724,60980.00158187724
A_M_1.9999999999999998_1.0_184,COM,0.596409,1.52149,1.631,1.242,4.157,62242.960053877236,60980.00158187724
A_M_1.9999999999999998_1.0_185,COM,0.68906,1.604301,1.554,4.302,2.575,61647.39070687724,60980.00158187724
A_M_1.9999999999999998_1.0_186,COM,1.371641,2.212361,1.487,0.918,6.262,62385.253614877234,60980.00158187724
A_M_1.9999999999999998_1.0_187,COM,1.032423,1.859443,1.757,3.706,2.007,61685.76756087724,60980.00158187724
A_M_1.9999999999999998_1.0_188,COM,1.663097,2.429527,1.668,0.403,4.757,60952.63322587724,60980.00158187724
A_M_1.9999999999999998_1.0_189,COM,1.461678,2.337584,1.673,0.56,4.552,63259.59012087724,60980.00158187724
A_M_1.9999999999999998_1.0_190,COM,1.386397,2.239468,2.722,4.685,3.039,63819.053950877234,60980.00158187724
A_M_1.9999999999999998_1.0_191,COM,1.030628,1.981446,0.842,0.563,2.889,64525.497445877234,60980.00158187724
A_M_1.9999999999999998_1.0_192,COM,1.054188,1.952567,1.668,2.071,3.235,62342.03207987724,60980.00158187724
A_M_1.9999999999999998_1.0_193,COM,0.754659,1.707105,2.503,1.567,4.662,63688.891106877236,60980.00158187724
A_M_1.9999999999999998_1.0_194,COM,1.325296,2.186673,1.354,2.215,5.039,62449.46402187724,60980.00158187724
A_M_1.9999999999999998_1.0_195,COM,1.557359,2.449788,1.235,4.375,2.694,62649.46130287724,60980.00158187724
A_M_1.9999999999999998_1.0_196,COM,1.81861,2.715075,1.444,1.083,5.077,62192.956611877235,60980.00158187724
A_M_1.9999999999999998_1.0_197,COM,0.893591,1.848158,1.848,1.4,3.448,63874.72072287724,60980.00158187724
A_M_1.9999999999999998_1.0_198,COM,1.730102,2.579568,2.149,2.995,2.658,62739.53639887724,60980.00158187724
A_M_1.9999999999999998_1.0_199,COM,1.292855,2.187601,2.391,2.189,3.546,62991.333974877234,60980.00158187724
A_M_1.9999999999999998_1.0_200,COM,1.063591,2.004535,0.724,5.042,3.854,61732.54024687724,60980.00158187724
A_M_1.9999999999999998_1.0_201,COM,0.08961,1.081701,2.522,1.924,1.379,61126.772272877235,60980.00158187724
A_M_1.9999999999999998_1.0_202,COM,0.249734,1.239026,0.69,1.232,4.668,62570.74397587724,60980.00158187724
A_M_1.9999999999999998_1.0_203,COM,0.075703,1.076058,1.764,5.864,2.677,64354.85898787724,60980.00158187724
A_M_1.9999999999999998_1.0_204,COM,0.786623,1.750732,1.786,4.977,3.825,61572.43824587724,60980.00158187724
A_M_1.9999999999999998_1.0_205,COM,0.680463,1.684151,2.453,2.056,6.12,62482.47697987724,60980.00158187724
A_M_1.9999999999999998_1.0_206,COM,0.876756,1.846869,0.598,2.227,1.946,61835.08307087724,60980.00158187724
A_M_1.9999999999999998_1.0_207,COM,0.426066,1.406564,0.77,0.544,4.423,64361.078472877234,60980.00158187724
A_M_1.9999999999999998_1.0_208,COM,1.39715,2.420892,2.262,2.082,4.793,63786.452421877235,60980.00158187724
A_M_1.9999999999999998_1.0_209,COM,0.686938,1.688832,0.214,5.968,5.607,62653.02824287724,60980.00158187724
A_M_1.9999999999999998_1.0_210,COM,0.540413,1.537658,0.387,1.048,5.063,62606.99369387724,60980.00158187724
A_M_1.9999999999999998_1.0_211,COM,0.539625,1.527836,1.456,3.024,4.076,61984.21667887724,60980.00158187724
A_M_1.9999999999999998_1.0_212,COM,0.881259,1.874435,0.545,2.52,3.5,63845.973698877235,60980.00158187724
A_M_1.9999999999999998_1.0_213,COM,0.369526,1.355909,1.237,2.259,3.434,64178.97168787724,60980.00158187724
A_M_1.9999999999999998_1.0_214,COM,2.37106,3.296615,1.517,1.84,3.97,64192.64655087724,60980.00158187724
A_M_1.9999999999999998_1.0_215,COM,0.755796,1.77873,1.782,2.258,4.682,63971.480940877234,60980.00158187724
A_M_1.9999999999999998_1.0_216,COM,0.674189,1.702073,1.69,3.836,3.487,63463.28913187724,60980.00158187724
A_M_1.9999999999999998_1.0_217,COM,0.193447,1.206592,0.817,5.195,5.942,62044.86121987724,60980.00158187724
A_M_1.9999999999999998_1.0_218,COM,1.055239,2.107512,2.621,1.356,2.826,62993.11017287724,60980.00158187724
A_M_1.9999999999999998_1.0_219,COM,1.483712,2.594083,0.63,5.476,3.918,61955.54717787724,60980.00158187724
A_M_1.9999999999999998_1.0_220,COM,0.826797,1.890335,2.174,5.397,3.173,62873.73682287724,60980.00158187724
A_M_1.9999999999999998_1.0_221,COM,1.243502,2.328977,2.671,4.115,1.528,63669.78687887724,60980.00158187724
A_M_1.9999999999999998_1.0_222,COM,1.492716,2.618612,3.118,1.155,1.556,62076.16459987724,60980.00158187724
A_M_1.9999999999999998_1.0_223,COM,0.185053,1.200007,2.625,1.999,2.618,64050.93558087724,60980.00158187724
A_M_1.9999999999999998_1.0_224,COM,0.668142,1.682394,1.551,3.346,0.076,62222.35440987724,60980.00158187724
A_M_1.9999999999999998_1.0_225,COM,1.022096,2.044764,0.571,0.077,3.151,61695.10042887724,60980.00158187724
A_M_1.9999999999999998_1.0_226,COM,1.279855,2.30876,2.672,5.348,2.724,61216.17204687724,60980.00158187724
A_M_1.9999999999999998_1.0_227,COM,1.347747,2.448866,1.801,4.943,5.117,62618.246891877236,60980.00158187724
A_M_1.9999999999999998_1.0_228,COM,0.2842,1.306407,2.655,2.28,2.765,62059.65549787724,60980.00158187724
A_M_1.9999999999999998_1.0_229,COM,0.987825,2.070518,1.313,2.363,2.517,63191.50767087724,60980.00158187724
A_M_1.9999999999999998_1.0_230,COM,1.101583,2.193395,2.125,5.161,2.551,61470.611512877236,60980.00158187724
A_M_1.9999999999999998_1.0_231,COM,1.023153,2.078305,1.487,0.149,5.578,61318.189633877235,60980.00158187724
A_M_1.9999999999999998_1.0_232,COM,0.555808,1.569408,0.795,2.446,3.072,63819.75556587724,60980.00158187724
A_M_1.9999999999999998_1.0_233,COM,0.573587,1.593807,1.005,0.758,3.487,63033.92771687724,60980.00158187724
A_M_1.9999999999999998_1.0_234,COM,1.011863,2.073172,2.101,5.306,3.014,64454.46223687724,60980.00158187724
A_M_1.9999999999999998_1.0_235,COM,0.168809,1.17283,0.559,2.965,5.067,63230.50805487724,60980.00158187724
A_M_1.9999999999999998_1.0_236,COM,0.900215,2.009887,1.124,2.281,6.243,61360.24223587724,60980.00158187724
A_M_1.9999999999999998_1.0_237,COM,0.232372,1.253015,1.821,1.487,4.793,62951.17821087724,60980.00158187724
A_M_1.9999999999999998_1.0_238,COM,1.367758,2.545056,2.661,3.413,2.539,61261.57598787724,60980.00158187724
A_M_1.9999999999999998_1.0_239,COM,0.365158,1.421978,1.711,1.423,4.645,62249.62291587724,60980.00158187724
A_M_1.9999999999999998_1.0_240,COM,0.904585,2.020234,1.212,4.14,1.967,61414.57593387724,60980.00158187724
A_M_1.9999999999999998_1.0_241,COM,1.410535,2.590255,1.324,2.708,0.812,63187.279750877235,60980.00158187724
A_M_1.9999999999999998_1.0_242,COM,0.09874,1.111801,1.431,6.255,4.048,61165.450315877235,60980.00158187724
A_M_1.9999999999999998_1.0_243,COM,1.613813,2.830038,1.175,3.349,2.793,62468.848249877236,60980.00158187724
A_M_1.9999999999999998_1.0_244,COM,1.487144,2.724345,0.373,5.093,3.971,62776.680997877236,60980.00158187724
A_M_1.9999999999999998_1.0_245,COM,0.784,1.937581,1.668,5.505,4.061,63784.57237887724,60980.00158187724
A_M_1.9999999999999998_1.0_246,COM,2.095853,3.50808,1.159,0.775,0.307,61862.87575087724,60980.00158187724
A_M_1.9999999999999998_1.0_247,COM,0.09994,1.116797,1.89,1.949,3.248,63456.78768887724,60980.00158187724
A_M_1.9999999999999998_1.0_248,COM,1.731112,3.061197,2.273,2.059,2.187,63390.94054287724,60980.00158187724
A_M_1.9999999999999998_1.0_249,COM,0.345621,1.418676,0.671,4.248,2.498,64020.96779687724,60980.00158187724
A_M_1.9999999999999998_1.0_250,COM,1.510295,2.759784,1.727,2.013,3.306,64228.67053487724,60980.00158187724
A_M_1.9999999999999998_1.0_251,COM,0.618184,1.745963,1.075,1.732,1.459,62368.073013877234,60980.00158187724
A_M_1.9999999999999998_1.0_252,COM,0.788142,1.946062,2.002,2.402,5.876,61605.77515887724,60980.00158187724
A_M_1.9999999999999998_1.0_253,COM,0.953518,2.142827,0.807,1.609,4.733,61427.26899687724,60980.00158187724
A_M_1.9999999999999998_1.0_254,COM,1.131204,2.381944,1.488,4.658,3.558,64554.33482187724,60980.00158187724
A_M_1.9999999999999998_1.0_255,COM,2.108133,3.516129,0.714,2.02,4.085,61586.67287587724,60980.00158187724
A_M_1.9999999999999998_1.0_256,COM,1.083737,2.299111,1.255,1.53,4.951,62008.77108087724,60980.00158187724
A_M_1.9999999999999998_1.0_257,COM,1.753495,3.0863,2.094,0.995,4.366,61681.71521687724,60980.00158187724
A_M_1.9999999999999998_1.0_258,COM,1.117538,2.387215,2.106,5.372,2.845,62709.42316087724,60980.00158187724
A_M_1.9999999999999998_1.0_259,COM,1.278074,2.615015,1.932,2.085,5.679,63417.95763287724,60980.00158187724
A_M_1.9999999999999998_1.0_260,COM,1.706835,3.161414,2.408,2.499,3.958,63514.582772877235,60980.00158187724
A_M_1.9999999999999998_1.0_261,COM,1.853723,3.419864,1.407,5.388,2.574,61857.02509287724,60980.00158187724
A_M_1.9999999999999998_1.0_262,COM,1.468474,2.88366,1.018,1.372,2.684,62374.886867877234,60980.00158187724
A_M_1.9999999999999998_1.0_263,COM,1.250623,2.635717,2.453,1.58,4.418,62873.74604487724,60980.00158187724
A_M_1.9999999999999998_1.0_264,COM,1.137807,2.45714,1.773,3.36,0.104,61610.67812387724,60980.00158187724
A_M_1.9999999999999998_1.0_265,COM,0.97085,2.244581,2.76,2.075,1.181,64091.30673887724,60980.00158187724
A_M_1.9999999999999998_1.0_266,COM,1.055236,2.33334,1.923,4.555,4.293,62604.568438877235,60980.00158187724
A_M_1.9999999999999998_1.0_267,COM,0.941779,2.180162,2.44,2.551,6.237,61811.227350877234,60980.00158187724
A_M_1.9999999999999998_1.0_268,COM,1.088694,2.404987,1.018,5.034,4.748,63362.752029877236,60980.00158187724
A_M_1.9999999999999998_1.0_269,COM,1.114941,2.536504,2.364,0.681,3.876,64027.22392387724,60980.00158187724
A_M_1.9999999999999998_1.0_270,COM,1.40106,2.863733,1.188,4.516,1.739,62565.812634877235,60980.00158187724
A_M_1.9999999999999998_1.0_271,COM,0.49904,1.668945,0.682,1.242,4.878,64364.43975687724,60980.00158187724
A_M_1.9999999999999998_1.0_272,COM,1.64651,3.20717,1.901,3.698,4.329,63350.98116687724,60980.00158187724
A_M_1.9999999999999998_1.0_273,COM,1.205472,2.633698,1.738,4.809,3.76,64143.23415487724,60980.00158187724
A_M_1.9999999999999998_1.0_274,COM,0.184796,1.254239,1.089,1.023,5.619,63195.997489877234,60980.00158187724
A_M_1.9999999999999998_1.0_275,COM,1.080716,2.435072,1.763,5.175,2.558,64153.973849877235,60980.00158187724
A_M_1.9999999999999998_1.0_276,COM,1.24924,2.714749,1.004,2.25,2.36,63048.979221877235,60980.00158187724
A_M_1.9999999999999998_1.0_277,COM,0.399229,1.546748,1.719,4.851,3.136,62416.34236787724,60980.00158187724
A_M_1.9999999999999998_1.0_278,COM,0.364246,1.501696,2.597,3.985,1.644,62264.428095877236,60980.00158187724
A_M_1.9999999999999998_1.0_279,COM,1.489281,2.988601,2.29,3.766,2.7,64371.00580287724,60980.00158187724
A_M_1.9999999999999998_1.0_280,COM,1.120209,2.538936,1.427,0.786,4.54,62889.105319877235,60980.00158187724
A_M_1.9999999999999998_1.0_281,COM,0.929193,2.248451,0.541,0.461,0.422,64056.43055287724,60980.00158187724
A_M_1.9999999999999998_1.0_282,COM,0.073989,1.100297,0.657,5.885,5.593,63752.51661487724,60980.00158187724
A_M_1.9999999999999998_1.0_283,COM,1.904109,3.573903,0.627,3.308,0.231,62145.06318687724,60980.00158187724
A_M_1.9999999999999998_1.0_284,COM,0.340841,1.471446,1.69,3.77,2.835,62634.13296287724,60980.00158187724
A_M_1.9999999999999998_1.0_285,COM,1.352086,2.880583,2.093,3.563,1.119,62908.57229987724,60980.00158187724
A_M_1.9999999999999998_1.0_286,COM,0.34349,1.495804,1.728,0.965,4.486,64626.620386877235,60980.00158187724
A_M_1.9999999999999998_1.0_287,COM,1.547013,3.156909,2.097,0.616,3.949,61228.54422987724,60980.00158187724
A_M_1.9999999999999998_1.0_288,COM,1.050152,2.484575,1.835,0.26,2.693,61052.863746877236,60980.00158187724
A_M_1.9999999999999998_1.0_289,COM,1.109169,2.594556,0.947,3.713,2.009,64012.85487987724,60980.00158187724
A_M_1.9999999999999998_1.0_290,COM,1.35931,2.885906,1.09,2.52,3.394,62957.747812877235,60980.00158187724
A_M_1.9999999999999998_1.0_291,COM,2.136203,3.996434,2.045,2.539,0.187,62779.838876877235,60980.00158187724
A_M_1.9999999999999998_1.0_292,COM,0.07858,1.112213,1.897,0.814,6.258,62410.573491877236,60980.00158187724
A_M_1.9999999999999998_1.0_293,COM,1.501738,3.18325,1.312,4.19,1.343,64413.157566877235,60980.00158187724
A_M_1.9999999999999998_1.0_294,COM,0.334966,1.487116,1.861,1.173,3.259,64307.634638877236,60980.00158187724
A_M_1.9999999999999998_1.0_295,COM,1.501738,3.18325,1.312,4.19,1.343,64413.157566877235,60980.00158187724
A_M_1.9999999999999998_1.0_296,COM,0.826015,2.175824,2.18,1.471,5.156,64221.09623587724,60980.00158187724
A_M_1.9999999999999998_1.0_297,COM,1.90627,3.758053,2.524,2.492,3.563,62616.93469887724,60980.00158187724
A_M_1.9999999999999998_1.0_298,COM,1.609863,3.235631,1.45,0.759,2.384,61510.97404987724,60980.00158187724
A_M_1.9999999999999998_1.0_299,COM,0.433404,1.650465,1.822,1.113,2.221,64378.00070487724,60980.00158187724
A_M_1.9999999999999998_1.0_300,COM,0.37798,1.571147,1.815,5.318,3.886,63319.90224387724,60980.00158187724
A_M_1.9999999999999998_1.0_301,COM,0.548319,1.823479,2.793,1.569,5.14,61382.78335787724,60980.00158187724
A_M_1.9999999999999998_1.0_302,COM,1.921995,3.916419,2.594,5.129,2.71,61503.915584877235,60980.00158187724
A_M_1.9999999999999998_1.0_303,COM,1.131529,2.726582,2.389,5.99,5.572,63558.041918877236,60980.00158187724
A_M_1.9999999999999998_1.0_304,COM,0.292474,1.432679,1.567,4.862,3.835,62385.574370877235,60980.00158187724
A_M_1.9999999999999998_1.0_305,COM,0.59612,1.914472,2.887,4.117,4.002,62980.42105587724,60980.00158187724
A_M_1.9999999999999998_1.0_306,COM,2.38712,4.55454,1.103,5.286,2.576,62461.33183587724,60980.00158187724
A_M_1.9999999999999998_1.0_307,COM,1.517975,3.280706,3.041,6.15,3.466,61912.39446587724,60980.00158187724
A_M_1.9999999999999998_1.0_308,COM,1.865363,3.803775,2.868,0.866,4.293,62732.28371687724,60980.00158187724
A_M_1.9999999999999998_1.0_309,COM,1.542658,3.485577,1.767,1.751,2.527,61018.199691877235,60980.00158187724
A_M_1.9999999999999998_1.0_310,COM,1.916,3.979327,0.514,2.507,4.799,63393.30372387724,60980.00158187724
A_M_1.9999999999999998_1.0_311,COM,2.979154,5.748954,2.038,6.09,2.814,64709.58153387724,60980.00158187724
A_M_1.9999999999999998_1.0_312,COM,1.12406,2.783983,2.37,0.202,3.931,62472.16870587724,60980.00158187724
A_M_1.9999999999999998_1.0_313,COM,1.30111,3.100724,1.006,4.634,3.041,61884.490058877236,60980.00158187724
A_M_1.9999999999999998_1.0_314,COM,2.583928,5.131481,1.603,5.556,5.845,62380.55011587724,60980.00158187724
A_M_1.9999999999999998_1.0_315,COM,1.347507,3.164624,2.374,5.838,2.371,63977.65538987724,60980.00158187724
A_M_1.9999999999999998_1.0_316,COM,0.99664,2.607119,0.253,1.662,3.773,62961.38404587724,60980.00158187724
A_M_1.9999999999999998_1.0_317,COM,0.741913,2.188693,1.405,5.873,5.513,63048.51265487724,60980.00158187724
A_M_1.9999999999999998_1.0_318,COM,1.007022,2.631317,2.175,6.02,2.771,62537.135387877235,60980.00158187724
A_M_1.9999999999999998_1.0_319,COM,2.668449,5.325877,2.529,2.718,5.793,62750.409586877235,60980.00158187724
A_M_1.9999999999999998_1.0_320,COM,1.000443,2.639379,0.374,4.239,2.615,63446.62260987724,60980.00158187724
A_M_1.9999999999999998_1.0_321,COM,1.314023,3.225569,0.817,6.026,3.947,62076.227141877236,60980.00158187724
A_M_1.9999999999999998_1.0_322,COM,1.063109,2.742877,0.879,5.875,3.49,64158.44950787724,60980.00158187724
A_M_1.9999999999999998_1.0_323,COM,1.388701,3.357791,2.373,2.109,5.867,61083.97540587724,60980.00158187724
A_M_1.9999999999999998_1.0_324,COM,1.380342,3.292276,0.251,1.707,5.696,61265.46836087724,60980.00158187724
A_M_1.9999999999999998_1.0_325,COM,1.36616,3.322236,1.253,5.05,3.466,64470.55781187724,60980.00158187724
A_M_1.9999999999999998_1.0_326,COM,0.996991,2.654001,0.538,5.453,0.173,61879.440796877236,60980.00158187724
A_M_1.9999999999999998_1.0_327,COM,1.305134,3.138779,2.614,0.219,2.837,63357.66218087724,60980.00158187724
A_M_1.9999999999999998_1.0_328,COM,0.428413,1.714752,0.917,1.514,4.905,62463.62914687724,60980.00158187724
A_M_1.9999999999999998_1.0_329,COM,1.514241,3.593439,1.562,4.325,4.942,64421.67490187724,60980.00158187724
A_M_1.9999999999999998_1.0_330,COM,0.905566,2.52901,1.339,5.26,2.415,63770.66239987724,60980.00158187724
A_M_1.9999999999999998_1.0_331,COM,0.539695,1.903917,1.051,1.034,0.297,61885.95935887724,60980.00158187724
A_M_1.9999999999999998_1.0_332,COM,1.472537,3.465709,0.513,3.637,3.342,63955.287833877235,60980.00158187724
A_M_1.9999999999999998_1.0_333,COM,0.806445,2.349977,0.868,0.478,5.421,63603.87417387724,60980.00158187724
A_M_1.9999999999999998_1.0_334,COM,1.427478,3.47809,1.66,1.399,3.2,64265.744201877234,60980.00158187724
A_M_1.9999999999999998_1.0_335,COM,1.243436,3.190715,1.028,3.405,1.594,61977.82228187724,60980.00158187724
A_M_1.9999999999999998_1.0_336,COM,0.610613,2.093534,0.913,2.867,3.619,63154.65409087724,60980.00158187724
A_M_1.9999999999999998_1.0_337,COM,1.215115,3.098957,1.358,5.358,4.361,64329.42918187724,60980.00158187724
A_M_1.9999999999999998_1.0_338,COM,0.432365,1.769655,1.888,3.313,0.577,63811.044258877235,60980.00158187724
A_M_1.9999999999999998_1.0_339,COM,0.321245,1.563704,1.498,1.724,2.321,62291.00820287724,60980.00158187724
A_M_1.9999999999999998_1.0_340,COM,0.890829,2.581051,1.836,5.13,3.951,64076.50139987724,60980.00158187724
A_M_1.9999999999999998_1.0_341,COM,0.862607,2.556321,2.589,2.909,4.079,63914.64470987724,60980.00158187724
A_M_1.9999999999999998_1.0_342,COM,1.505935,3.636804,3.048,6.198,0.405,62971.76921187724,60980.00158187724
A_M_1.9999999999999998_1.0_343,COM,3.128853,6.537588,1.12,2.217,3.101,61258.30144587724,60980.00158187724
A_M_1.9999999999999998_1.0_344,COM,1.259547,3.231777,2.406,2.986,3.822,61979.117399877236,60980.00158187724
A_M_1.9999999999999998_1.0_345,COM,1.072429,2.862276,0.792,2.771,3.524,64309.221163877235,60980.00158187724
A_M_1.9999999999999998_1.0_346,COM,1.968439,4.407426,1.42,5.233,2.461,63887.51080887724,60980.00158187724
A_M_1.9999999999999998_1.0_347,COM,1.222285,3.186106,1.62,4.58,2.358,61713.928822877235,60980.00158187724
A_M_1.9999999999999998_1.0_348,COM,0.943925,2.790519,0.806,4.27,2.841,64467.43534587724,60980.00158187724
A_M_1.9999999999999998_1.0_349,COM,0.803666,2.492178,1.112,3.655,3.354,64465.09101987724,60980.00158187724
A_M_1.9999999999999998_1.0_350,COM,0.558995,2.0539,3.049,0.027,6.28,62841.93584687724,60980.00158187724
A_M_1.9999999999999998_1.0_351,COM,2.154007,5.05021,0.86,3.106,2.722,63500.927509877234,60980.00158187724
A_M_1.9999999999999998_1.0_352,COM,0.216143,1.409262,3.007,0.011,1.235,64272.85982787724,60980.00158187724
A_M_1.9999999999999998_1.0_353,COM,1.347965,3.482406,1.859,1.242,3.943,61033.922977877235,60980.00158187724
A_M_1.9999999999999998_1.0_354,COM,1.101297,2.999734,0.092,3.927,2.107,61239.297115877234,60980.00158187724
A_M_1.9999999999999998_1.0_355,COM,1.371422,3.515306,2.242,0.596,4.678,61435.45056987724,60980.00158187724
A_M_1.9999999999999998_1.0_356,COM,0.688482,2.26744,0.939,0.731,3.153,61986.35102587724,60980.00158187724
A_M_1.9999999999999998_1.0_357,COM,1.070255,2.994555,2.542,3.598,1.405,62384.37449687724,60980.00158187724
A_M_1.9999999999999998_1.0_358,COM,0.243273,1.447749,1.547,4.213,3.297,61006.85197487724,60980.00158187724
A_M_1.9999999999999998_1.0_359,COM,1.621697,3.963922,2.337,1.17,5.738,64562.71354787724,60980.00158187724
A_M_1.9999999999999998_1.0_360,COM,1.325409,3.55858,0.996,1.644,4.775,62862.002285877235,60980.00158187724
A_M_1.9999999999999998_1.0_361,COM,0.56753,2.093568,0.227,1.836,4.95,61530.57066987724,60980.00158187724
A_M_1.9999999999999998_1.0_362,COM,1.34369,3.554179,1.572,1.987,4.422,63083.225010877235,60980.00158187724
A_M_1.9999999999999998_1.0_363,COM,1.6671,4.264756,1.542,0.9,4.88,64071.48351387724,60980.00158187724
A_M_1.9999999999999998_1.0_364,COM,0.388919,1.763375,1.233,3.363,4.402,64369.82671787724,60980.00158187724
A_M_1.9999999999999998_1.0_365,COM,0.344257,1.6546,1.26,0.753,4.689,60970.02282787724,60980.00158187724
A_M_1.9999999999999998_1.0_366,COM,0.812436,2.546024,2.577,6.177,3.477,64521.771882877234,60980.00158187724
A_M_1.9999999999999998_1.0_367,COM,0.67567,2.292437,0.108,6.262,0.492,61999.63675187724,60980.00158187724
A_M_1.9999999999999998_1.0_368,COM,0.149415,1.286312,2.553,4.641,2.435,62748.41730887724,60980.00158187724
A_M_1.9999999999999998_1.0_369,COM,1.518394,4.000981,2.185,1.475,4.686,63113.56619287724,60980.00158187724
A_M_1.9999999999999998_1.0_370,COM,0.890368,2.705976,0.946,1.901,4.351,61731.69416387724,60980.00158187724
A_M_1.9999999999999998_1.0_371,COM,1.071398,3.082062,1.66,4.713,1.795,62144.43048387724,60980.00158187724
A_M_1.9999999999999998_1.0_372,COM,0.548113,2.044259,1.702,6.056,3.928,64055.47598787724,60980.00158187724
A_M_1.9999999999999998_1.0_373,COM,1.294074,3.465069,1.217,2.754,4.381,61549.039617877235,60980.00158187724
A_M_1.9999999999999998_1.0_374,COM,0.136718,1.272595,0.866,5.296,5.992,61445.41363487724,60980.00158187724
A_M_1.9999999999999998_1.0_375,COM,1.501119,4.120223,2.364,4.525,4.597,63825.530243877234,60980.00158187724
A_M_1.9999999999999998_1.0_376,COM,1.331983,3.781104,1.911,1.256,3.129,63564.55957187724,60980.00158187724
A_M_1.9999999999999998_1.0_377,COM,0.425825,1.872996,2.325,5.698,3.746,63419.24352987724,60980.00158187724
A_M_1.9999999999999998_1.0_378,COM,0.965244,2.926577,2.078,2.377,3.031,61389.823683877235,60980.00158187724
A_M_1.9999999999999998_1.0_379,COM,0.793557,2.63769,0.149,5.058,2.176,63927.590982877235,60980.00158187724
A_M_1.9999999999999998_1.0_380,COM,1.216959,3.534953,1.868,4.354,1.514,60988.937395877234,60980.00158187724
A_M_1.9999999999999998_1.0_381,COM,0.557139,2.150883,1.857,6.03,6.058,61164.203045877235,60980.00158187724
A_M_1.9999999999999998_1.0_382,COM,0.856385,2.737093,0.43,5.298,4.877,62081.37465087724,60980.00158187724
A_M_1.9999999999999998_1.0_383,COM,0.854688,2.781281,2.631,5.44,2.784,62121.853107877236,60980.00158187724
A_M_1.9999999999999998_1.0_384,COM,1.260463,3.575135,2.851,0.348,5.544,63681.84247387724,60980.00158187724
A_M_1.9999999999999998_1.0_385,COM,1.15421,3.364534,2.584,0.753,4.062,64466.50981987724,60980.00158187724
A_M_1.9999999999999998_1.0_386,COM,1.415942,3.897298,2.108,4.11,1.806,62970.62095587724,60980.00158187724
A_M_1.9999999999999998_1.0_387,COM,0.032815,1.068049,1.296,1.222,5.244,61793.92447787724,60980.00158187724
A_M_1.9999999999999998_1.0_388,COM,2.12199,5.348666,0.258,1.911,2.499,62617.975010877235,60980.00158187724
A_M_1.9999999999999998_1.0_389,COM,1.361457,3.779636,0.594,0.178,0.727,64239.186299877234,60980.00158187724
A_M_1.9999999999999998_1.0_390,COM,0.522692,2.059462,1.558,1.752,1.617,62026.13902887724,60980.00158187724
A_M_1.9999999999999998_1.0_391,COM,1.206642,3.623951,0.91,5.304,4.491,63194.676393877235,60980.00158187724
A_M_1.9999999999999998_1.0_392,COM,1.016636,3.151209,0.958,0.954,5.329,61080.627883877234,60980.00158187724
A_M_1.9999999999999998_1.0_393,COM,0.875117,2.899708,1.493,5.348,5.098,64164.70283787724,60980.00158187724
A_M_1.9999999999999998_1.0_394,COM,2.564627,6.566375,2.434,5.741,3.91,63285.45981087724,60980.00158187724
A_M_1.9999999999999998_1.0_395,COM,1.25766,3.707638,2.873,4.33,1.297,62338.89655087724,60980.00158187724
A_M_1.9999999999999998_1.0_396,COM,1.21035,3.632355,1.647,5.03,2.169,62476.12704187724,60980.00158187724
A_M_1.9999999999999998_1.0_397,COM,1.833238,4.867584,1.15,3.716,3.329,63606.91718187724,60980.00158187724
A_M_1.9999999999999998_1.0_398,COM,1.25325,3.676451,2.054,1.829,2.609,61946.25489087724,60980.00158187724
A_M_1.9999999999999998_1.0_399,COM,0.281762,1.614385,2.438,3.019,6.086,63535.56930287724,60980.00158187724
A_M_1.9999999999999998_1.0_400,COM,0.878999,2.840113,1.907,1.671,2.718,62390.509847877234,60980.00158187724
A_M_1.9999999999999998_1.0_401,COM,0.664098,2.447847,1.546,0.772,2.946,61940.639795877236,60980.00158187724
A_M_1.9999999999999998_1.0_402,COM,0.774006,2.691579,1.153,4.831,2.189,64048.90011987724,60980.00158187724
A_M_1.9999999999999998_1.0_403,COM,1.244762,3.722697,2.973,5.384,5.303,61505.210978877236,60980.00158187724
A_M_1.9999999999999998_1.0_404,COM,1.222733,3.793636,2.357,1.454,2.137,64418.86431687724,60980.00158187724
A_M_1.9999999999999998_1.0_405,COM,1.362952,4.105751,1.563,0.602,6.214,64348.359792877236,60980.00158187724
A_M_1.9999999999999998_1.0_406,COM,1.337032,3.988433,2.251,5.711,4.135,64441.19552787724,60980.00158187724
A_M_1.9999999999999998_1.0_407,COM,0.494142,2.091472,1.005,5.357,3.081,64514.28365787724,60980.00158187724
A_M_1.9999999999999998_1.0_408,COM,0.75983,2.710193,1.344,0.855,4.903,63991.39085687724,60980.00158187724
A_M_1.9999999999999998_1.0_409,COM,0.855621,2.942888,0.871,3.462,4.043,62370.23998087724,60980.00158187724
A_M_1.9999999999999998_1.0_410,COM,1.319197,3.903866,1.328,4.192,3.301,61044.28339487724,60980.00158187724
A_M_1.9999999999999998_1.0_411,COM,1.45426,4.217896,2.229,1.841,4.756,63938.75773187724,60980.00158187724
A_M_1.9999999999999998_1.0_412,COM,1.380581,4.097277,1.872,2.29,4.183,61788.95060587724,60980.00158187724
A_M_1.9999999999999998_1.0_413,COM,1.357344,4.067709,1.359,3.87,2.892,63797.03958887724,60980.00158187724
A_M_1.9999999999999998_1.0_414,COM,1.303894,3.948108,1.492,4.075,3.682,61269.99603887724,60980.00158187724
A_M_1.9999999999999998_1.0_415,COM,1.190776,3.613689,0.92,1.614,4.805,64368.69286587724,60980.00158187724
A_M_1.9999999999999998_1.0_416,COM,0.683796,2.539014,1.147,4.601,1.955,63819.52120887724,60980.00158187724
A_M_1.9999999999999998_1.0_417,COM,0.996735,3.336502,2.191,4.516,3.835,62630.987241877236,60980.00158187724
A_M_1.9999999999999998_1.0_418,COM,0.680334,2.587935,1.99,0.997,3.931,61294.22652687724,60980.00158187724
A_M_1.9999999999999998_1.0_419,COM,0.861266,3.025455,1.813,4.639,3.74,61188.418632877234,60980.00158187724
A_M_1.9999999999999998_1.0_420,COM,0.68594,2.595232,2.359,5.44,2.214,63826.84241887724,60980.00158187724
A_M_1.9999999999999998_1.0_421,COM,0.980408,3.244847,1.467,1.561,3.046,61343.16510287724,60980.00158187724
A_M_1.9999999999999998_1.0_422,COM,0.614896,2.44355,1.692,0.413,3.053,61234.91669587724,60980.00158187724
A_M_1.9999999999999998_1.0_423,COM,1.332012,4.07103,0.793,2.231,3.755,62891.63895987724,60980.00158187724
A_M_1.9999999999999998_1.0_424,COM,1.160628,3.677517,1.132,5.173,2.513,61565.131863877235,60980.00158187724
A_M_1.9999999999999998_1.0_425,COM,1.620252,4.745753,2.229,4.823,2.514,64404.10502787724,60980.00158187724
A_M_1.9999999999999998_1.0_426,COM,0.881266,3.041578,0.268,3.935,1.394,64266.35263787724,60980.00158187724
A_M_1.9999999999999998_1.0_427,COM,1.366917,4.254645,1.748,3.652,3.654,61437.09166687724,60980.00158187724
A_M_1.9999999999999998_1.0_428,COM,0.836323,3.082005,1.2,5.459,4.332,64192.103386877236,60980.00158187724
A_M_1.9999999999999998_1.0_429,COM,0.164318,1.402866,2.812,4.898,2.551,61336.73222787724,60980.00158187724
A_M_1.9999999999999998_1.0_430,COM,0.933056,3.320543,2.271,5.439,3.01,61740.16840587724,60980.00158187724
A_M_1.9999999999999998_1.0_431,COM,0.835874,3.026397,1.944,1.624,5.665,62610.831529877236,60980.00158187724
A_M_1.9999999999999998_1.0_432,COM,0.136307,1.335486,0.534,3.479,3.968,64118.35360687724,60980.00158187724
A_M_1.9999999999999998_1.0_433,COM,2.356577,6.705983,2.099,4.883,2.209,63584.30723187724,60980.00158187724
A_M_1.9999999999999998_1.0_434,COM,1.612253,4.89901,2.049,2.137,3.534,63055.23321187724,60980.00158187724
A_M_1.9999999999999998_1.0_435,COM,0.319549,1.76446,1.264,4.592,2.535,61728.95750787724,60980.00158187724
A_M_1.9999999999999998_1.0_436,COM,2.407347,6.896028,1.348,1.81,3.461,62603.20497287724,60980.00158187724
A_M_1.9999999999999998_1.0_437,COM,1.361903,4.541633,1.736,5.187,3.278,64096.13845187724,60980.00158187724
A_M_1.9999999999999998_1.0_438,COM,1.413824,4.569254,2.179,1.41,5.2,64032.200144877235,60980.00158187724
A_M_1.9999999999999998_1.0_439,COM,0.343471,1.88004,2.229,3.347,1.466,62856.26065687724,60980.00158187724
A_M_1.9999999999999998_1.0_440,COM,0.698876,2.764998,0.249,0.076,5.122,63623.79936787724,60980.00158187724
A_M_1.9999999999999998_1.0_441,COM,2.090464,6.284341,2.483,5.863,3.392,61695.306830877234,60980.00158187724
A_M_1.9999999999999998_1.0_442,COM,0.687846,2.785192,2.92,6.108,3.506,62180.66986687724,60980.00158187724
A_M_1.9999999999999998_1.0_443,COM,1.72397,5.410154,0.796,4.643,5.418,63085.83039687724,60980.00158187724
A_M_1.9999999999999998_1.0_444,COM,1.552585,4.889861,2.516,1.055,4.275,63196.52321087724,60980.00158187724
A_M_1.9999999999999998_1.0_445,COM,1.133412,3.882345,1.39,5.836,2.702,64480.813625877236,60980.00158187724
A_M_1.9999999999999998_1.0_446,COM,1.187432,3.990705,1.205,5.298,3.507,63829.41196987724,60980.00158187724
A_M_1.9999999999999998_1.0_447,COM,0.737687,2.844215,2.011,0.767,5.815,61481.71922087724,60980.00158187724
A_M_1.9999999999999998_1.0_448,COM,0.316511,1.857527,1.31,1.775,4.824,63998.29867387724,60980.00158187724
A_M_1.9999999999999998_1.0_449,COM,0.547787,2.432107,2.263,3.594,3.463,63031.718178877236,60980.00158187724
A_M_1.9999999999999998_1.0_450,COM,1.905883,6.092569,2.363,5.115,2.546,63449.570458877235,60980.00158187724
A_M_1.9999999999999998_1.0_451,COM,1.127233,4.041122,1.372,3.106,3.958,64534.553327877235,60980.00158187724
A_M_1.9999999999999998_1.0_452,COM,1.529935,4.990565,0.366,1.718,2.52,61830.13636587724,60980.00158187724
A_M_1.9999999999999998_1.0_453,COM,3.035544,9.116291,0.412,0.548,6.018,63092.413458877236,60980.00158187724
A_M_1.9999999999999998_1.0_454,COM,0.779012,3.074,1.567,3.313,3.621,61917.16211387724,60980.00158187724
A_M_1.9999999999999998_1.0_455,COM,0.981749,3.623151,2.806,2.143,4.988,61574.983438877236,60980.00158187724
A_M_1.9999999999999998_1.0_456,COM,1.291809,4.386565,2.424,4.224,4.717,62137.56751087724,60980.00158187724
A_M_1.9999999999999998_1.0_457,COM,1.949432,6.178445,1.679,1.346,3.586,62184.217791877236,60980.00158187724
A_M_1.9999999999999998_1.0_458,COM,0.527364,2.391893,2.193,5.62,2.765,64109.47306287724,60980.00158187724
A_M_1.9999999999999998_1.0_459,COM,1.201511,4.208753,2.056,1.672,3.846,62148.32427687724,60980.00158187724
A_M_1.9999999999999998_1.0_460,COM,1.134798,4.067671,1.437,5.872,2.901,62909.204139877234,60980.00158187724
A_M_1.9999999999999998_1.0_461,COM,0.42887,2.133555,1.315,3.928,4.601,61957.62540987724,60980.00158187724
A_M_1.9999999999999998_1.0_462,COM,0.904799,3.367799,1.036,2.801,3.627,61417.244870877235,60980.00158187724
A_M_1.9999999999999998_1.0_463,COM,0.850037,3.344515,1.969,1.498,4.488,61924.68097687724,60980.00158187724
A_M_1.9999999999999998_1.0_464,COM,0.784967,3.12914,1.251,4.396,2.683,64332.02952487724,60980.00158187724
A_M_1.9999999999999998_1.0_465,COM,0.47184,2.308458,0.506,1.484,5.265,61626.12503687724,60980.00158187724
A_M_1.9999999999999998_1.0_466,COM,1.74302,5.841861,1.528,2.046,4.47,62210.19716087724,60980.00158187724
A_M_1.9999999999999998_1.0_467,COM,1.731803,5.736486,2.543,2.603,3.07,64123.72427487724,60980.00158187724
A_M_1.9999999999999998_1.0_468,COM,0.182897,1.512559,2.003,0.637,4.273,61274.75824687724,60980.00158187724
A_M_1.9999999999999998_1.0_469,COM,0.399859,2.123033,1.591,4.838,3.461,61142.16273987724,60980.00158187724
A_M_1.9999999999999998_1.0_470,COM,0.74103,3.042141,0.646,3.146,3.479,62107.72340287724,60980.00158187724
A_M_1.9999999999999998_1.0_471,COM,0.566088,2.549398,1.739,0.994,3.935,61090.230360877234,60980.00158187724
A_M_1.9999999999999998_1.0_472,COM,1.114251,4.056896,2.435,5.001,2.069,62108.139577877235,60980.00158187724
A_M_1.9999999999999998_1.0_473,COM,0.58528,2.642166,1.902,5.531,2.967,63105.760816877235,60980.00158187724
A_M_1.9999999999999998_1.0_474,COM,0.473104,2.35536,1.958,0.75,1.844,64354.838167877235,60980.00158187724
A_M_1.9999999999999998_1.0_475,COM,0.125382,1.364254,1.972,1.491,5.09,60980.21080087724,60980.00158187724
A_M_1.9999999999999998_1.0_476,COM,1.420537,5.152719,0.542,3.813,2.951,61138.22372787724,60980.00158187724
A_M_1.9999999999999998_1.0_477,COM,1.410619,5.095985,2.845,5.167,3.434,62384.21296787724,60980.00158187724
A_M_1.9999999999999998_1.0_478,COM,0.066112,1.19263,0.768,3.669,4.685,61204.42932387724,60980.00158187724
A_M_1.9999999999999998_1.0_479,COM,0.809558,3.296079,1.652,4.432,5.004,63006.260298877234,60980.00158187724
A_M_1.9999999999999998_1.0_480,COM,0.261434,1.761884,2.586,0.46,4.568,63304.99718487724,60980.00158187724
A_M_1.9999999999999998_1.0_481,COM,1.128861,4.265546,2.137,1.622,3.675,62434.15761887724,60980.00158187724
A_M_1.9999999999999998_1.0_482,COM,2.352863,7.7424,1.696,4.447,2.097,64302.63009287724,60980.00158187724
A_M_1.9999999999999998_1.0_483,COM,0.630765,2.834526,2.607,0.247,3.416,63753.57732887724,60980.00158187724
A_M_1.9999999999999998_1.0_484,COM,1.553937,5.467123,1.584,5.354,2.394,62774.10804087724,60980.00158187724
A_M_1.9999999999999998_1.0_485,COM,1.057865,4.014669,2.073,3.899,4.143,64191.69134087724,60980.00158187724
A_M_1.9999999999999998_1.0_486,COM,1.375905,4.898227,0.478,3.12,3.505,64222.49397887724,60980.00158187724
A_M_1.9999999999999998_1.0_487,COM,0.786533,3.300608,2.534,4.226,1.487,61295.18139187724,60980.00158187724
A_M_1.9999999999999998_1.0_488,COM,0.121353,1.349856,1.337,1.165,2.949,61669.32848287724,60980.00158187724
A_M_1.9999999999999998_1.0_489,COM,1.203672,4.422657,1.712,2.196,3.541,64538.050602877236,60980.00158187724
A_M_1.9999999999999998_1.0_490,COM,0.549377,2.571315,0.947,6.16,3.698,64411.67814987724,60980.00158187724
A_M_1.9999999999999998_1.0_491,COM,1.168493,4.516437,1.118,3.824,2.486,61613.26355187724,60980.00158187724
A_M_1.9999999999999998_1.0_492,COM,0.939692,3.776741,1.005,4.566,2.854,63303.83618587724,60980.00158187724
A_M_1.9999999999999998_1.0_493,COM,0.176141,1.522204,2.065,5.602,3.314,63792.59709887724,60980.00158187724
A_M_1.9999999999999998_1.0_494,COM,0.360943,2.102125,1.804,4.199,2.706,62072.975826877235,60980.00158187724
A_M_1.9999999999999998_1.0_495,COM,1.940969,6.883955,1.212,1.767,4.812,61955.42455287724,60980.00158187724
A_M_1.9999999999999998_1.0_496,COM,1.686099,6.064416,0.638,1.648,4.926,64428.18479487724,60980.00158187724
A_M_1.9999999999999998_1.0_497,COM,0.925729,3.780717,1.384,5.981,2.512,61674.665823877236,60980.00158187724
A_M_1.9999999999999998_1.0_498,COM,0.195253,1.592064,2.329,4.326,1.515,61744.73963787724,60980.00158187724
A_M_1.9999999999999998_1.0_499,COM,2.372475,8.126258,2.705,4.901,1.274,62179.920012877235,60980.00158187724
A_M_1.9999999999999998_1.0_500,COM,0.799486,3.395837,1.836,2.421,3.591,61029.95075087724,60980.00158187724
A_M_1.9999999999999998_1.0_501,COM,1.19298,4.624019,0.847,4.847,4.246,62222.82122187724,60980.00158187724
A_M_1.9999999999999998_1.0_502,COM,0.668371,3.028349,1.706,1.923,2.044,64092.59060587724,60980.00158187724
A_M_1.9999999999999998_1.0_503,COM,1.410068,5.169643,1.866,3.155,0.881,63650.591584877235,60980.00158187724
A_M_1.9999999999999998_1.0_504,COM,1.333374,4.959993,1.184,4.73,2.826,62509.83682787724,60980.00158187724
A_M_1.9999999999999998_1.0_505,COM,4.988966,16.053729,0.149,0.78,4.289,62823.93446687724,60980.00158187724
A_M_1.9999999999999998_1.0_506,COM,1.656879,5.885759,1.963,2.208,3.565,64138.78619587724,60980.00158187724
A_M_1.9999999999999998_1.0_507,COM,0.843127,3.617704,1.828,4.271,4.655,63165.81119087724,60980.00158187724
A_M_1.9999999999999998_1.0_508,COM,0.886455,3.73653,0.633,4.704,1.81,61560.15312287724,60980.00158187724
A_M_1.9999999999999998_1.0_509,COM,1.807909,6.641273,1.391,4.368,5.754,61564.84412887724,60980.00158187724
A_M_1.9999999999999998_1.0_510,COM,2.089538,7.555254,2.736,4.942,2.692,64367.65768087724,60980.00158187724
A_M_1.9999999999999998_1.0_511,COM,1.154702,4.622926,1.207,4.253,2.77,62442.028761877235,60980.00158187724
A_M_1.9999999999999998_1.0_512,COM,1.133703,4.533821,1.077,2.378,4.414,62648.56795987724,60980.00158187724
A_M_1.9999999999999998_1.0_513,COM,1.605665,6.035702,2.329,6.141,2.677,62043.15663987724,60980.00158187724
A_M_1.9999999999999998_1.0_514,COM,0.490472,2.520631,2.33,1.882,5.36,60956.447089877234,60980.00158187724
A_M_1.9999999999999998_1.0_515,COM,0.154214,1.50415,2.044,1.297,4.682,64227.423839877236,60980.00158187724
A_M_1.9999999999999998_1.0_516,COM,0.568107,2.852106,1.959,0.629,3.986,63178.235646877234,60980.00158187724
A_M_1.9999999999999998_1.0_517,COM,1.553655,5.955506,2.052,2.041,4.07,63496.13890687724,60980.00158187724
A_M_1.9999999999999998_1.0_518,COM,1.485856,5.881278,2.219,1.798,2.107,62905.210097877236,60980.00158187724
A_M_1.9999999999999998_1.0_519,COM,0.273177,1.872656,1.344,0.024,3.583,64519.04465087724,60980.00158187724
A_M_1.9999999999999998_1.0_520,COM,1.398372,5.447618,1.182,2.416,3.955,63984.73667387724,60980.00158187724
A_M_1.9999999999999998_1.0_521,COM,1.448742,5.813894,0.635,0.728,3.095,63376.52576487724,60980.00158187724
A_M_1.9999999999999998_1.0_522,COM,1.37426,5.633818,0.53,0.397,5.498,63412.56958587724,60980.00158187724
A_M_1.9999999999999998_1.0_523,COM,0.253289,1.855599,0.885,5.088,2.048,62579.842893877234,60980.00158187724
A_M_1.9999999999999998_1.0_524,COM,0.80235,3.650289,0.799,5.166,3.606,64354.14544187724,60980.00158187724
A_M_1.9999999999999998_1.0_525,COM,0.890201,3.956867,2.349,2.431,3.963,64357.57977887724,60980.00158187724
A_M_1.9999999999999998_1.0_526,COM,0.544998,2.800376,2.159,2.553,5.433,60964.37265687724,60980.00158187724
A_M_1.9999999999999998_1.0_527,COM,0.788953,3.670582,1.368,1.023,5.285,61036.214202877236,60980.00158187724
A_M_1.9999999999999998_1.0_528,COM,1.369475,5.514267,0.412,4.661,2.306,62611.538990877234,60980.00158187724
A_M_1.9999999999999998_1.0_529,COM,0.773388,3.6109,2.029,4.596,1.658,61814.11214087724,60980.00158187724
A_M_1.9999999999999998_1.0_530,COM,1.169959,5.069194,2.018,0.923,4.927,63204.53951687724,60980.00158187724
A_M_1.9999999999999998_1.0_531,COM,0.872197,4.071714,1.177,4.476,1.565,61116.53173587724,60980.00158187724
A_M_1.9999999999999998_1.0_532,COM,1.112223,4.886355,1.28,4.462,3.162,60975.32598687724,60980.00158187724
A_M_1.9999999999999998_1.0_533,COM,0.583045,3.011633,2.071,2.317,2.246,63162.903743877236,60980.00158187724
A_M_1.9999999999999998_1.0_534,COM,0.096812,1.342452,1.909,1.886,5.948,62241.13947587724,60980.00158187724
A_M_1.9999999999999998_1.0_535,COM,1.446406,6.020959,1.001,1.262,4.439,62567.220864877236,60980.00158187724
A_M_1.9999999999999998_1.0_536,COM,0.51996,2.807457,1.349,1.677,4.129,64094.70992887724,60980.00158187724
A_M_1.9999999999999998_1.0_537,COM,0.238778,1.843157,1.918,0.906,4.524,63502.77854087724,60980.00158187724
A_M_1.9999999999999998_1.0_538,COM,1.074687,4.730309,1.908,5.377,2.495,61180.19515387724,60980.00158187724
A_M_1.9999999999999998_1.0_539,COM,1.807036,7.271413,2.053,0.831,2.845,62241.67099187724,60980.00158187724
A_M_1.9999999999999998_1.0_540,COM,0.53821,2.850742,0.56,4.926,0.002,62428.09114387724,60980.00158187724
A_M_1.9999999999999998_1.0_541,COM,1.524879,6.364681,2.134,4.994,2.35,62837.83123787724,60980.00158187724
A_M_1.9999999999999998_1.0_542,COM,0.634643,3.311945,1.643,4.04,3.794,62790.51416087724,60980.00158187724
A_M_1.9999999999999998_1.0_543,COM,0.559396,2.988917,1.771,1.907,3.566,61939.79693987724,60980.00158187724
A_M_1.9999999999999998_1.0_544,COM,0.886479,4.183479,2.697,1.48,3.883,61117.46012287724,60980.00158187724
A_M_1.9999999999999998_1.0_545,COM,0.612438,3.228696,1.488,0.949,5.217,62971.61544887724,60980.00158187724
A_M_1.9999999999999998_1.0_546,COM,0.155879,1.566255,0.751,0.846,5.054,61549.07074487724,60980.00158187724
A_M_1.9999999999999998_1.0_547,COM,1.48707,6.452719,1.46,2.855,3.974,62938.92783087724,60980.00158187724
A_M_1.9999999999999998_1.0_548,COM,1.199915,5.306747,1.998,4.709,1.916,63905.13290287724,60980.00158187724
A_M_1.9999999999999998_1.0_549,COM,0.702553,3.494832,1.767,4.126,2.1,62383.68080687724,60980.00158187724
A_M_1.9999999999999998_1.0_550,COM,8.604666,32.037379,0.908,1.677,4.521,63891.309543877236,60980.00158187724
A_M_1.9999999999999998_1.0_551,COM,1.66254,7.070448,1.781,1.406,4.107,60977.72526287724,60980.00158187724
A_M_1.9999999999999998_1.0_552,COM,1.375209,6.184287,0.859,3.976,2.293,63991.978511877234,60980.00158187724
A_M_1.9999999999999998_1.0_553,COM,1.106186,5.064273,0.454,5.346,2.76,62981.70443387724,60980.00158187724
A_M_1.9999999999999998_1.0_554,COM,0.082851,1.307701,1.604,2.438,4.171,62688.51491287724,60980.00158187724
A_M_1.9999999999999998_1.0_555,COM,1.173494,5.359383,2.721,4.627,1.883,63246.078816877234,60980.00158187724
A_M_1.9999999999999998_1.0_556,COM,0.416668,2.567322,2.762,3.137,2.991,61097.86846187724,60980.00158187724
A_M_1.9999999999999998_1.0_557,COM,1.492847,6.73701,0.506,4.845,0.847,61135.26003287724,60980.00158187724
A_M_1.9999999999999998_1.0_558,COM,2.47691,10.601003,0.587,3.219,3.982,63325.09227887724,60980.00158187724
A_M_1.9999999999999998_1.0_559,COM,0.601815,3.323762,1.144,4.588,3.771,62608.88034287724,60980.00158187724
A_M_1.9999999999999998_1.0_560,COM,0.692379,3.650949,0.521,3.656,2.835,61646.05507987724,60980.00158187724
A_M_1.9999999999999998_1.0_561,COM,1.091796,5.280444,2.808,1.765,4.314,62980.59099487724,60980.00158187724
A_M_1.9999999999999998_1.0_562,COM,1.439412,6.555407,2.33,4.896,1.21,61579.05048787724,60980.00158187724
A_M_1.9999999999999998_1.0_563,COM,36.728877,142.261525,2.87,2.857,1.019,65337.06112487724,60980.00158187724
A_M_1.9999999999999998_1.0_564,COM,0.829987,4.249395,1.027,6.194,2.849,63868.57807487724,60980.00158187724
A_M_1.9999999999999998_1.0_565,COM,1.516112,7.057629,1.94,1.701,5.647,63944.93893987724,60980.00158187724
A_M_1.9999999999999998_1.0_566,COM,0.149582,1.591198,1.318,3.089,4.325,63142.68532787724,60980.00158187724
A_M_1.9999999999999998_1.0_567,COM,1.689,7.791226,1.543,0.834,4.562,62973.212739877235,60980.00158187724
A_M_1.9999999999999998_1.0_568,COM,2.203154,9.742401,1.927,5.457,2.304,63884.170141877235,60980.00158187724
A_M_1.9999999999999998_1.0_569,COM,0.093094,1.368541,2.774,5.146,3.123,63359.48158287724,60980.00158187724
A_M_1.9999999999999998_1.0_570,COM,0.432238,2.771201,2.154,0.013,3.361,64292.11809787724,60980.00158187724
A_M_1.9999999999999998_1.0_571,COM,0.674833,3.762023,0.262,0.575,2.857,64443.355189877235,60980.00158187724
A_M_1.9999999999999998_1.0_572,COM,1.605273,7.641784,1.118,5.929,3.531,61898.22273987724,60980.00158187724
A_M_1.9999999999999998_1.0_573,COM,1.324776,6.389043,1.183,5.143,3.336,63876.835613877236,60980.00158187724
A_M_1.9999999999999998_1.0_574,COM,0.423185,2.753871,2.025,1.655,4.475,62214.31062387724,60980.00158187724
A_M_1.9999999999999998_1.0_575,COM,1.299732,6.410432,1.786,4.29,4.053,63445.568548877236,60980.00158187724
A_M_1.9999999999999998_1.0_576,COM,1.606601,7.823934,1.299,4.327,4.051,61306.069386877236,60980.00158187724
A_M_1.9999999999999998_1.0_577,COM,2.559459,11.797823,1.647,5.054,1.961,63050.981159877236,60980.00158187724
A_M_1.9999999999999998_1.0_578,COM,0.976577,5.202805,0.584,5.985,6.254,62823.471359877236,60980.00158187724
A_M_1.9999999999999998_1.0_579,COM,1.787593,8.742386,1.91,0.189,3.185,64518.14794487724,60980.00158187724
A_M_1.9999999999999998_1.0_580,COM,0.648269,3.739079,1.973,3.514,4.07,62528.598316877236,60980.00158187724
A_M_1.9999999999999998_1.0_581,COM,0.360662,2.533879,2.207,1.089,4.082,64503.37101787724,60980.00158187724
A_M_1.9999999999999998_1.0_582,COM,1.357427,6.853661,0.397,2.958,3.352,63469.37310887724,60980.00158187724
A_M_1.9999999999999998_1.0_583,COM,0.394734,2.763102,2.852,2.159,5.034,62794.64282987724,60980.00158187724
A_M_1.9999999999999998_1.0_584,COM,1.734123,8.729895,1.944,3.798,3.668,63621.65115087724,60980.00158187724
A_M_1.9999999999999998_1.0_585,COM,1.05914,5.649755,1.524,1.253,2.848,62009.88750487724,60980.00158187724
A_M_1.9999999999999998_1.0_586,COM,1.10481,5.864426,0.769,1.227,2.014,62045.033617877234,60980.00158187724
A_M_1.9999999999999998_1.0_587,COM,0.828312,4.623942,1.186,5.674,5.392,63639.81351187724,60980.00158187724
A_M_1.9999999999999998_1.0_588,COM,0.642408,3.945065,0.854,3.46,0.352,61409.75156387724,60980.00158187724
A_M_1.9999999999999998_1.0_589,COM,1.829419,9.367674,0.7,1.3,5.178,63353.083525877235,60980.00158187724
A_M_1.9999999999999998_1.0_590,COM,1.203259,6.466359,1.327,4.137,2.268,62146.31169687724,60980.00158187724
A_M_1.9999999999999998_1.0_591,COM,1.394355,7.415661,2.282,5.319,1.58,63573.64633387724,60980.00158187724
A_M_1.9999999999999998_1.0_592,COM,0.473839,3.139813,0.909,1.896,4.255,62590.73002287724,60980.00158187724
A_M_1.9999999999999998_1.0_593,COM,4.428633,21.37979,0.367,2.149,3.69,61879.35997687724,60980.00158187724
A_M_1.9999999999999998_1.0_594,COM,0.044244,1.206411,1.332,4.739,4.52,63466.95752187724,60980.00158187724
A_M_1.9999999999999998_1.0_595,COM,0.112283,1.534907,1.965,1.39,5.446,63739.51013987724,60980.00158187724
A_M_1.9999999999999998_1.0_596,COM,0.32526,2.504249,0.73,4.556,1.523,61849.88703787724,60980.00158187724
A_M_1.9999999999999998_1.0_597,COM,0.831013,4.901348,1.167,2.016,4.963,62174.636418877235,60980.00158187724
A_M_1.9999999999999998_1.0_598,COM,1.584888,8.743665,1.714,0.753,3.624,62455.155223877235,60980.00158187724
A_M_1.9999999999999998_1.0_599,COM,0.195731,1.934803,1.627,4.142,3.433,64275.37293687724,60980.00158187724
A_M_1.9999999999999998_1.0_600,COM,1.188988,6.737848,0.881,4.549,1.993,63468.19030787724,60980.00158187724
A_M_1.9999999999999998_1.0_601,COM,1.522185,8.333536,0.657,1.759,4.652,62623.30043587724,60980.00158187724
A_M_1.9999999999999998_1.0_602,COM,1.399138,7.715524,2.036,1.745,4.921,64384.013077877236,60980.00158187724
A_M_1.9999999999999998_1.0_603,COM,1.455764,8.369864,1.359,1.357,4.435,63960.698642877236,60980.00158187724
A_M_1.9999999999999998_1.0_604,COM,1.504224,8.5812,1.132,5.269,2.851,61624.71579687724,60980.00158187724
A_M_1.9999999999999998_1.0_605,COM,0.876996,5.373062,1.547,5.599,3.44,61137.153786877236,60980.00158187724
A_M_1.9999999999999998_1.0_606,COM,1.813441,10.157814,1.196,1.711,4.528,61659.739712877235,60980.00158187724
A_M_1.9999999999999998_1.0_607,COM,1.00725,5.963529,1.444,4.675,1.724,61543.765413877234,60980.00158187724
A_M_1.9999999999999998_1.0_608,COM,0.007691,1.03961,2.118,0.412,4.411,62937.28292487724,60980.00158187724
A_M_1.9999999999999998_1.0_609,COM,1.398997,8.290129,0.861,2.955,3.269,62604.81986987724,60980.00158187724
A_M_1.9999999999999998_1.0_610,COM,2.078926,11.711928,2.131,1.901,2.139,62619.32824987724,60980.00158187724
A_M_1.9999999999999998_1.0_611,COM,1.26242,7.493192,1.912,1.385,3.347,62269.76963687724,60980.00158187724
A_M_1.9999999999999998_1.0_612,COM,1.824147,10.7461,1.632,4.781,1.785,62497.15353987724,60980.00158187724
A_M_1.9999999999999998_1.0_613,COM,0.858976,5.552145,2.587,1.322,4.771,62347.92354087724,60980.00158187724
A_M_1.9999999999999998_1.0_614,COM,0.884502,5.644961,2.889,0.349,3.919,63876.99646687724,60980.00158187724
A_M_1.9999999999999998_1.0_615,COM,0.528203,3.779275,1.228,4.274,2.974,62570.92204587724,60980.00158187724
A_M_1.9999999999999998_1.0_616,COM,0.671524,4.614259,0.512,2.178,4.258,63471.88475487724,60980.00158187724
A_M_1.9999999999999998_1.0_617,COM,1.316244,8.09721,2.178,6.212,2.954,64332.35470087724,60980.00158187724
A_M_1.9999999999999998_1.0_618,COM,1.501824,9.203473,1.268,3.003,3.803,63592.32170187724,60980.00158187724
A_M_1.9999999999999998_1.0_619,COM,0.97519,6.342872,2.328,1.452,4.537,64209.97330687724,60980.00158187724
A_M_1.9999999999999998_1.0_620,COM,0.981872,6.521796,1.664,4.457,0.844,63880.48458387724,60980.00158187724
A_M_1.9999999999999998_1.0_621,COM,1.023434,6.775534,0.57,5.121,1.079,61560.52060987724,60980.00158187724
A_M_1.9999999999999998_1.0_622,COM,1.427246,9.201621,0.891,2.015,4.153,61382.994398877236,60980.00158187724
A_M_1.9999999999999998_1.0_623,COM,1.212472,8.025616,3.02,5.679,2.521,62222.697179877236,60980.00158187724
A_M_1.9999999999999998_1.0_624,COM,1.100937,7.402924,2.175,0.019,3.68,63114.470688877234,60980.00158187724
A_M_1.9999999999999998_1.0_625,COM,1.376333,8.989858,0.13,0.046,6.13,61464.668012877235,60980.00158187724
A_M_1.9999999999999998_1.0_626,COM,0.828333,5.738195,1.32,4.613,1.845,61547.85072587724,60980.00158187724
A_M_1.9999999999999998_1.0_627,COM,0.902026,6.394705,1.665,1.701,4.663,63858.96122487724,60980.00158187724
A_M_1.9999999999999998_1.0_628,COM,0.861716,6.067153,1.984,5.534,2.697,63849.84284987724,60980.00158187724
A_M_1.9999999999999998_1.0_629,COM,0.66124,4.945557,1.502,5.448,2.374,62482.76739787724,60980.00158187724
A_M_1.9999999999999998_1.0_630,COM,1.026911,7.048194,0.715,1.544,4.74,64056.39578187724,60980.00158187724
A_M_1.9999999999999998_1.0_631,COM,1.82081,11.789923,1.036,4.913,4.436,63500.89644787724,60980.00158187724
A_M_1.9999999999999998_1.0_632,COM,0.231848,2.396227,2.473,0.624,3.62,63509.00680687724,60980.00158187724
A_M_1.9999999999999998_1.0_633,COM,0.543389,4.271102,1.048,5.05,2.892,64603.84970387724,60980.00158187724
A_M_1.9999999999999998_1.0_634,COM,1.003504,7.252761,2.131,1.747,4.094,62703.364539877235,60980.00158187724
A_M_1.9999999999999998_1.0_635,COM,1.118821,7.940948,1.071,5.415,1.642,63127.177488877234,60980.00158187724
A_M_1.9999999999999998_1.0_636,COM,1.112045,7.960296,1.505,4.958,2.699,62324.39188587724,60980.00158187724
A_M_1.9999999999999998_1.0_637,COM,1.428405,10.222043,1.442,2.182,4.316,62405.34395787724,60980.00158187724
A_M_1.9999999999999998_1.0_638,COM,1.172345,8.56375,3.025,1.238,4.543,61208.663480877236,60980.00158187724
A_M_1.9999999999999998_1.0_639,COM,1.202615,8.747405,2.136,1.627,4.939,62058.57154487724,60980.00158187724
A_M_1.9999999999999998_1.0_640,COM,1.316457,9.581235,1.958,1.533,4.737,61473.944019877235,60980.00158187724
A_M_1.9999999999999998_1.0_641,COM,1.515455,10.878227,0.971,2.099,4.367,62422.54115987724,60980.00158187724
A_M_1.9999999999999998_1.0_642,COM,1.3014,9.524923,2.007,4.377,1.68,62146.91263387724,60980.00158187724
A_M_1.9999999999999998_1.0_643,COM,1.421078,10.663662,2.963,3.816,1.203,61819.895684877236,60980.00158187724
A_M_1.9999999999999998_1.0_644,COM,0.41902,3.850022,1.86,1.031,2.471,63353.90383487724,60980.00158187724
A_M_1.9999999999999998_1.0_645,COM,0.461594,4.124597,0.324,4.358,2.124,63214.98054687724,60980.00158187724
A_M_1.9999999999999998_1.0_646,COM,1.215908,9.509158,2.449,5.361,2.163,63623.876683877235,60980.00158187724
A_M_1.9999999999999998_1.0_647,COM,1.447383,11.134568,2.144,2.639,2.606,61666.059865877236,60980.00158187724
A_M_1.9999999999999998_1.0_648,COM,1.565375,12.274487,2.817,5.647,2.616,62607.362372877236,60980.00158187724
A_M_1.9999999999999998_1.0_649,COM,1.088369,8.836051,0.475,2.417,3.985,62724.38252287724,60980.00158187724
A_M_1.9999999999999998_1.0_650,COM,0.41087,3.920577,1.535,1.874,4.64,61851.09461187724,60980.00158187724
A_M_1.9999999999999998_1.0_651,COM,1.411866,11.165094,2.633,4.954,2.042,61835.345432877235,60980.00158187724
A_M_1.9999999999999998_1.0_652,COM,0.547325,4.933171,1.935,5.07,2.329,63845.90445887724,60980.00158187724
A_M_1.9999999999999998_1.0_653,COM,1.063326,8.692882,0.833,5.643,3.194,64034.261012877236,60980.00158187724
A_M_1.9999999999999998_1.0_654,COM,2.599757,20.064253,1.955,2.029,3.665,61598.569150877236,60980.00158187724
A_M_1.9999999999999998_1.0_655,COM,1.375009,11.327351,0.938,4.403,1.631,63809.70683287724,60980.00158187724
A_M_1.9999999999999998_1.0_656,COM,2.667757,21.628004,2.549,5.203,2.092,64163.70952787724,60980.00158187724
A_M_1.9999999999999998_1.0_657,COM,0.818614,7.228371,2.476,1.837,5.302,63821.743559877235,60980.00158187724
A_M_1.9999999999999998_1.0_658,COM,1.061988,9.11975,2.054,1.372,5.011,64038.98972887724,60980.00158187724
A_M_1.9999999999999998_1.0_659,COM,0.135938,2.064989,0.595,4.914,2.456,61228.39337787724,60980.00158187724
A_M_1.9999999999999998_1.0_660,COM,1.666148,14.112281,1.471,2.04,4.378,64124.326990877234,60980.00158187724
A_M_1.9999999999999998_1.0_661,COM,1.391704,11.863679,1.717,4.529,1.472,62208.771796877234,60980.00158187724
A_M_1.9999999999999998_1.0_662,COM,2.614858,21.516204,1.017,0.952,2.339,61528.14247187724,60980.00158187724
A_M_1.9999999999999998_1.0_663,COM,0.496282,5.038085,0.662,3.254,3.031,61468.622364877236,60980.00158187724
A_M_1.9999999999999998_1.0_664,COM,1.13468,10.416109,0.333,1.392,4.342,61659.004888877236,60980.00158187724
A_M_1.9999999999999998_1.0_665,COM,2.100159,18.397242,1.053,1.838,4.349,64321.391318877235,60980.00158187724
A_M_1.9999999999999998_1.0_666,COM,0.738328,7.390354,1.539,4.64,2.53,63375.40893687724,60980.00158187724
A_M_1.9999999999999998_1.0_667,COM,0.682266,7.158429,0.892,2.024,4.387,61386.549442877236,60980.00158187724
A_M_1.9999999999999998_1.0_668,COM,0.974677,9.903087,2.873,0.826,3.994,64476.99505487724,60980.00158187724
A_M_1.9999999999999998_1.0_669,COM,0.899807,9.649454,1.018,4.453,1.922,63863.01314587724,60980.00158187724
A_M_1.9999999999999998_1.0_670,COM,0.928135,10.115445,0.947,2.443,3.972,63293.946019877236,60980.00158187724
A_M_1.9999999999999998_1.0_671,COM,1.304277,14.246285,1.879,4.929,2.019,64561.18763987724,60980.00158187724
A_M_1.9999999999999998_1.0_672,COM,1.881296,20.130948,1.364,1.047,2.422,61379.03281487724,60980.00158187724
A_M_1.9999999999999998_1.0_673,COM,0.995621,11.196557,2.101,5.109,2.137,62134.665839877234,60980.00158187724
A_M_1.9999999999999998_1.0_674,COM,0.857326,10.044037,0.32,3.134,3.415,62627.13816687724,60980.00158187724
