ObjID,H_r,u-r,g-r,i-r,z-r,y-r,GS
A_M_1.9999999999999998_1.0_0,23.62,2.31,0.73,-0.33,-0.5,-0.68,0.15
A_M_1.9999999999999998_1.0_1,22.11,2.31,0.73,-0.33,-0.5,-0.68,0.15
A_M_1.9999999999999998_1.0_2,24.96,2.31,0.73,-0.33,-0.5,-0.68,0.15
A_M_1.9999999999999998_1.0_3,25.61,2.31,0.73,-0.33,-0.5,-0.68,0.15
A_M_1.9999999999999998_1.0_4,25.42,2.31,0.73,-0.33,-0.5,-0.68,0.15
A_M_1.9999999999999998_1.0_5,23.79,2.31,0.73,-0.33,-0.5,-0.68,0.15
A_M_1.9999999999999998_1.0_6,25.55,2.31,0.73,-0.33,-0.5,-0.68,0.15
A_M_1.9999999999999998_1.0_7,22.22,2.31,0.73,-0.33,-0.5,-0.68,0.15
A_M_1.9999999999999998_1.0_8,25.0,2.31,0.73,-0.33,-0.5,-0.68,0.15
A_M_1.9999999999999998_1.0_9,23.94,2.31,0.73,-0.33,-0.5,-0.68,0.15
A_M_1.9999999999999998_1.0_10,25.46,2.31,0.73,-0.33,-0.5,-0.68,0.15
A_M_1.9999999999999998_1.0_11,23.34,2.31,0.73,-0.33,-0.5,-0.68,0.15
A_M_1.9999999999999998_1.0_12,24.78,2.31,0.73,-0.33,-0.5,-0.68,0.15
A_M_1.9999999999999998_1.0_13,25.41,2.31,0.73,-0.33,-0.5,-0.68,0.15
A_M_1.9999999999999998_1.0_14,25.3,2.31,0.73,-0.33,-0.5,-0.68,0.15
A_M_1.9999999999999998_1.0_15,25.39,2.31,0.73,-0.33,-0.5,-0.68,0.15
A_M_1.9999999999999998_1.0_16,24.77,2.31,0.73,-0.33,-0.5,-0.68,0.15
A_M_1.9999999999999998_1.0_17,25.44,2.31,0.73,-0.33,-0.5,-0.68,0.15
A_M_1.9999999999999998_1.0_18,25.53,2.31,0.73,-0.33,-0.5,-0.68,0.15
A_M_1.9999999999999998_1.0_19,23.05,2.31,0.73,-0.33,-0.5,-0.68,0.15
A_M_1.9999999999999998_1.0_20,22.88,2.31,0.73,-0.33,-0.5,-0.68,0.15
A_M_1.9999999999999998_1.0_21,25.36,2.31,0.73,-0.33,-0.5,-0.68,0.15
A_M_1.9999999999999998_1.0_22,25.0,2.31,0.73,-0.33,-0.5,-0.68,0.15
A_M_1.9999999999999998_1.0_23,24.54,2.31,0.73,-0.33,-0.5,-0.68,0.15
A_M_1.9999999999999998_1.0_24,25.21,2.31,0.73,-0.33,-0.5,-0.68,0.15
A_M_1.9999999999999998_1.0_25,23.64,2.31,0.73,-0.33,-0.5,-0.68,0.15
A_M_1.9999999999999998_1.0_26,25.12,2.31,0.73,-0.33,-0.5,-0.68,0.15
A_M_1.9999999999999998_1.0_27,24.68,2.31,0.73,-0.33,-0.5,-0.68,0.15
A_M_1.9999999999999998_1.0_28,21.57,2.31,0.73,-0.33,-0.5,-0.68,0.15
A_M_1.9999999999999998_1.0_29,25.14,2.31,0.73,-0.33,-0.5,-0.68,0.15
A_M_1.9999999999999998_1.0_30,23.56,2.31,0.73,-0.33,-0.5,-0.68,0.15
A_M_1.9999999999999998_1.0_31,25.58,2.31,0.73,-0.33,-0.5,-0.68,0.15
A_M_1.9999999999999998_1.0_32,25.46,2.31,0.73,-0.33,-0.5,-0.68,0.15
A_M_1.9999999999999998_1.0_33,25.33,2.31,0.73,-0.33,-0.5,-0.68,0.15
A_M_1.9999999999999998_1.0_34,24.21,2.31,0.73,-0.33,-0.5,-0.68,0.15
A_M_1.9999999999999998_1.0_35,25.19,2.31,0.73,-0.33,-0.5,-0.68,0.15
A_M_1.9999999999999998_1.0_36,24.38,2.31,0.73,-0.33,-0.5,-0.68,0.15
A_M_1.9999999999999998_1.0_37,24.52,2.31,0.73,-0.33,-0.5,-0.68,0.15
A_M_1.9999999999999998_1.0_38,24.85,2.31,0.73,-0.33,-0.5,-0.68,0.15
A_M_1.9999999999999998_1.0_39,22.7,2.31,0.73,-0.33,-0.5,-0.68,0.15
A_M_1.9999999999999998_1.0_40,25.58,2.31,0.73,-0.33,-0.5,-0.68,0.15
A_M_1.9999999999999998_1.0_41,25.04,2.31,0.73,-0.33,-0.5,-0.68,0.15
A_M_1.9999999999999998_1.0_42,25.61,2.31,0.73,-0.33,-0.5,-0.68,0.15
A_M_1.9999999999999998_1.0_43,24.89,2.31,0.73,-0.33,-0.5,-0.68,0.15
A_M_1.9999999999999998_1.0_44,23.4,2.31,0.73,-0.33,-0.5,-0.68,0.15
A_M_1.9999999999999998_1.0_45,19.51,2.31,0.73,-0.33,-0.5,-0.68,0.15
A_M_1.9999999999999998_1.0_46,16.15,2.31,0.73,-0.33,-0.5,-0.68,0.15
A_M_1.9999999999999998_1.0_47,24.47,2.31,0.73,-0.33,-0.5,-0.68,0.15
A_M_1.9999999999999998_1.0_48,25.51,2.31,0.73,-0.33,-0.5,-0.68,0.15
A_M_1.9999999999999998_1.0_49,25.1,2.31,0.73,-0.33,-0.5,-0.68,0.15
A_M_1.9999999999999998_1.0_50,25.46,2.31,0.73,-0.33,-0.5,-0.68,0.15
A_M_1.9999999999999998_1.0_51,24.44,2.31,0.73,-0.33,-0.5,-0.68,0.15
A_M_1.9999999999999998_1.0_52,25.59,2.31,0.73,-0.33,-0.5,-0.68,0.15
A_M_1.9999999999999998_1.0_53,25.36,2.31,0.73,-0.33,-0.5,-0.68,0.15
A_M_1.9999999999999998_1.0_54,23.77,2.31,0.73,-0.33,-0.5,-0.68,0.15
A_M_1.9999999999999998_1.0_55,22.82,2.31,0.73,-0.33,-0.5,-0.68,0.15
A_M_1.9999999999999998_1.0_56,25.27,2.31,0.73,-0.33,-0.5,-0.68,0.15
A_M_1.9999999999999998_1.0_57,25.17,2.31,0.73,-0.33,-0.5,-0.68,0.15
A_M_1.9999999999999998_1.0_58,25.3,2.31,0.73,-0.33,-0.5,-0.68,0.15
A_M_1.9999999999999998_1.0_59,24.75,2.31,0.73,-0.33,-0.5,-0.68,0.15
A_M_1.9999999999999998_1.0_60,24.52,2.31,0.73,-0.33,-0.5,-0.68,0.15
A_M_1.9999999999999998_1.0_61,24.13,2.31,0.73,-0.33,-0.5,-0.68,0.15
A_M_1.9999999999999998_1.0_62,25.01,2.31,0.73,-0.33,-0.5,-0.68,0.15
A_M_1.9999999999999998_1.0_63,23.71,2.31,0.73,-0.33,-0.5,-0.68,0.15
A_M_1.9999999999999998_1.0_64,24.95,2.31,0.73,-0.33,-0.5,-0.68,0.15
A_M_1.9999999999999998_1.0_65,24.76,2.31,0.73,-0.33,-0.5,-0.68,0.15
A_M_1.9999999999999998_1.0_66,24.65,2.31,0.73,-0.33,-0.5,-0.68,0.15
A_M_1.9999999999999998_1.0_67,21.5,2.31,0.73,-0.33,-0.5,-0.68,0.15
A_M_1.9999999999999998_1.0_68,25.5,2.31,0.73,-0.33,-0.5,-0.68,0.15
A_M_1.9999999999999998_1.0_69,25.53,2.31,0.73,-0.33,-0.5,-0.68,0.15
A_M_1.9999999999999998_1.0_70,24.54,2.31,0.73,-0.33,-0.5,-0.68,0.15
A_M_1.9999999999999998_1.0_71,22.73,2.31,0.73,-0.33,-0.5,-0.68,0.15
A_M_1.9999999999999998_1.0_72,25.51,2.31,0.73,-0.33,-0.5,-0.68,0.15
A_M_1.9999999999999998_1.0_73,24.1,2.31,0.73,-0.33,-0.5,-0.68,0.15
A_M_1.9999999999999998_1.0_74,22.34,2.31,0.73,-0.33,-0.5,-0.68,0.15
A_M_1.9999999999999998_1.0_75,25.23,2.31,0.73,-0.33,-0.5,-0.68,0.15
A_M_1.9999999999999998_1.0_76,24.32,2.31,0.73,-0.33,-0.5,-0.68,0.15
A_M_1.9999999999999998_1.0_77,20.32,2.31,0.73,-0.33,-0.5,-0.68,0.15
A_M_1.9999999999999998_1.0_78,25.05,2.31,0.73,-0.33,-0.5,-0.68,0.15
A_M_1.9999999999999998_1.0_79,23.83,2.31,0.73,-0.33,-0.5,-0.68,0.15
A_M_1.9999999999999998_1.0_80,18.68,2.31,0.73,-0.33,-0.5,-0.68,0.15
A_M_1.9999999999999998_1.0_81,24.95,2.31,0.73,-0.33,-0.5,-0.68,0.15
A_M_1.9999999999999998_1.0_82,25.04,2.31,0.73,-0.33,-0.5,-0.68,0.15
A_M_1.9999999999999998_1.0_83,25.26,2.31,0.73,-0.33,-0.5,-0.68,0.15
A_M_1.9999999999999998_1.0_84,24.37,2.31,0.73,-0.33,-0.5,-0.68,0.15
A_M_1.9999999999999998_1.0_85,23.63,2.31,0.73,-0.33,-0.5,-0.68,0.15
A_M_1.9999999999999998_1.0_86,24.33,2.31,0.73,-0.33,-0.5,-0.68,0.15
A_M_1.9999999999999998_1.0_87,24.2,2.31,0.73,-0.33,-0.5,-0.68,0.15
A_M_1.9999999999999998_1.0_88,25.55,2.31,0.73,-0.33,-0.5,-0.68,0.15
A_M_1.9999999999999998_1.0_89,24.93,2.31,0.73,-0.33,-0.5,-0.68,0.15
A_M_1.9999999999999998_1.0_90,21.42,2.31,0.73,-0.33,-0.5,-0.68,0.15
A_M_1.9999999999999998_1.0_91,22.97,2.31,0.73,-0.33,-0.5,-0.68,0.15
A_M_1.9999999999999998_1.0_92,25.54,2.31,0.73,-0.33,-0.5,-0.68,0.15
A_M_1.9999999999999998_1.0_93,19.48,2.31,0.73,-0.33,-0.5,-0.68,0.15
A_M_1.9999999999999998_1.0_94,24.78,2.31,0.73,-0.33,-0.5,-0.68,0.15
A_M_1.9999999999999998_1.0_95,24.38,2.31,0.73,-0.33,-0.5,-0.68,0.15
A_M_1.9999999999999998_1.0_96,24.65,2.31,0.73,-0.33,-0.5,-0.68,0.15
A_M_1.9999999999999998_1.0_97,25.3,2.31,0.73,-0.33,-0.5,-0.68,0.15
A_M_1.9999999999999998_1.0_98,23.74,2.31,0.73,-0.33,-0.5,-0.68,0.15
A_M_1.9999999999999998_1.0_99,25.51,2.31,0.73,-0.33,-0.5,-0.68,0.15
A_M_1.9999999999999998_1.0_100,24.33,2.31,0.73,-0.33,-0.5,-0.68,0.15
A_M_1.9999999999999998_1.0_101,24.27,2.31,0.73,-0.33,-0.5,-0.68,0.15
A_M_1.9999999999999998_1.0_102,23.35,2.31,0.73,-0.33,-0.5,-0.68,0.15
A_M_1.9999999999999998_1.0_103,25.44,2.31,0.73,-0.33,-0.5,-0.68,0.15
A_M_1.9999999999999998_1.0_104,25.58,2.31,0.73,-0.33,-0.5,-0.68,0.15
A_M_1.9999999999999998_1.0_105,24.76,2.31,0.73,-0.33,-0.5,-0.68,0.15
A_M_1.9999999999999998_1.0_106,23.96,2.31,0.73,-0.33,-0.5,-0.68,0.15
A_M_1.9999999999999998_1.0_107,25.28,2.31,0.73,-0.33,-0.5,-0.68,0.15
A_M_1.9999999999999998_1.0_108,23.68,2.31,0.73,-0.33,-0.5,-0.68,0.15
A_M_1.9999999999999998_1.0_109,23.75,2.31,0.73,-0.33,-0.5,-0.68,0.15
A_M_1.9999999999999998_1.0_110,21.72,2.31,0.73,-0.33,-0.5,-0.68,0.15
A_M_1.9999999999999998_1.0_111,22.76,2.31,0.73,-0.33,-0.5,-0.68,0.15
A_M_1.9999999999999998_1.0_112,25.29,2.31,0.73,-0.33,-0.5,-0.68,0.15
A_M_1.9999999999999998_1.0_113,20.9,2.31,0.73,-0.33,-0.5,-0.68,0.15
A_M_1.9999999999999998_1.0_114,25.48,2.31,0.73,-0.33,-0.5,-0.68,0.15
A_M_1.9999999999999998_1.0_115,25.56,2.31,0.73,-0.33,-0.5,-0.68,0.15
A_M_1.9999999999999998_1.0_116,25.36,2.31,0.73,-0.33,-0.5,-0.68,0.15
A_M_1.9999999999999998_1.0_117,25.1,2.31,0.73,-0.33,-0.5,-0.68,0.15
A_M_1.9999999999999998_1.0_118,22.35,2.31,0.73,-0.33,-0.5,-0.68,0.15
A_M_1.9999999999999998_1.0_119,25.35,2.31,0.73,-0.33,-0.5,-0.68,0.15
A_M_1.9999999999999998_1.0_120,22.71,2.31,0.73,-0.33,-0.5,-0.68,0.15
A_M_1.9999999999999998_1.0_121,24.06,2.31,0.73,-0.33,-0.5,-0.68,0.15
A_M_1.9999999999999998_1.0_122,24.8,2.31,0.73,-0.33,-0.5,-0.68,0.15
A_M_1.9999999999999998_1.0_123,25.22,2.31,0.73,-0.33,-0.5,-0.68,0.15
A_M_1.9999999999999998_1.0_124,23.23,2.31,0.73,-0.33,-0.5,-0.68,0.15
A_M_1.9999999999999998_1.0_125,24.26,2.31,0.73,-0.33,-0.5,-0.68,0.15
A_M_1.9999999999999998_1.0_126,17.6,2.31,0.73,-0.33,-0.5,-0.68,0.15
A_M_1.9999999999999998_1.0_127,21.77,2.31,0.73,-0.33,-0.5,-0.68,0.15
A_M_1.9999999999999998_1.0_128,24.27,2.31,0.73,-0.33,-0.5,-0.68,0.15
A_M_1.9999999999999998_1.0_129,24.36,2.31,0.73,-0.33,-0.5,-0.68,0.15
A_M_1.9999999999999998_1.0_130,25.56,2.31,0.73,-0.33,-0.5,-0.68,0.15
A_M_1.9999999999999998_1.0_131,24.97,2.31,0.73,-0.33,-0.5,-0.68,0.15
A_M_1.9999999999999998_1.0_132,25.1,2.31,0.73,-0.33,-0.5,-0.68,0.15
A_M_1.9999999999999998_1.0_133,24.41,2.31,0.73,-0.33,-0.5,-0.68,0.15
A_M_1.9999999999999998_1.0_134,25.44,2.31,0.73,-0.33,-0.5,-0.68,0.15
A_M_1.9999999999999998_1.0_135,24.48,2.31,0.73,-0.33,-0.5,-0.68,0.15
A_M_1.9999999999999998_1.0_136,25.24,2.31,0.73,-0.33,-0.5,-0.68,0.15
A_M_1.9999999999999998_1.0_137,25.5,2.31,0.73,-0.33,-0.5,-0.68,0.15
A_M_1.9999999999999998_1.0_138,25.02,2.31,0.73,-0.33,-0.5,-0.68,0.15
A_M_1.9999999999999998_1.0_139,25.28,2.31,0.73,-0.33,-0.5,-0.68,0.15
A_M_1.9999999999999998_1.0_140,24.9,2.31,0.73,-0.33,-0.5,-0.68,0.15
A_M_1.9999999999999998_1.0_141,21.52,2.31,0.73,-0.33,-0.5,-0.68,0.15
A_M_1.9999999999999998_1.0_142,25.22,2.31,0.73,-0.33,-0.5,-0.68,0.15
A_M_1.9999999999999998_1.0_143,25.62,2.31,0.73,-0.33,-0.5,-0.68,0.15
A_M_1.9999999999999998_1.0_144,25.41,2.31,0.73,-0.33,-0.5,-0.68,0.15
A_M_1.9999999999999998_1.0_145,24.47,2.31,0.73,-0.33,-0.5,-0.68,0.15
A_M_1.9999999999999998_1.0_146,23.13,2.31,0.73,-0.33,-0.5,-0.68,0.15
A_M_1.9999999999999998_1.0_147,19.84,2.31,0.73,-0.33,-0.5,-0.68,0.15
A_M_1.9999999999999998_1.0_148,24.11,2.31,0.73,-0.33,-0.5,-0.68,0.15
A_M_1.9999999999999998_1.0_149,25.51,2.31,0.73,-0.33,-0.5,-0.68,0.15
A_M_1.9999999999999998_1.0_150,23.75,2.31,0.73,-0.33,-0.5,-0.68,0.15
A_M_1.9999999999999998_1.0_151,23.17,2.31,0.73,-0.33,-0.5,-0.68,0.15
A_M_1.9999999999999998_1.0_152,20.99,2.31,0.73,-0.33,-0.5,-0.68,0.15
A_M_1.9999999999999998_1.0_153,25.18,2.31,0.73,-0.33,-0.5,-0.68,0.15
A_M_1.9999999999999998_1.0_154,25.32,2.31,0.73,-0.33,-0.5,-0.68,0.15
A_M_1.9999999999999998_1.0_155,23.6,2.31,0.73,-0.33,-0.5,-0.68,0.15
A_M_1.9999999999999998_1.0_156,25.06,2.31,0.73,-0.33,-0.5,-0.68,0.15
A_M_1.9999999999999998_1.0_157,25.14,2.31,0.73,-0.33,-0.5,-0.68,0.15
A_M_1.9999999999999998_1.0_158,24.2,2.31,0.73,-0.33,-0.5,-0.68,0.15
A_M_1.9999999999999998_1.0_159,25.54,2.31,0.73,-0.33,-0.5,-0.68,0.15
A_M_1.9999999999999998_1.0_160,24.38,2.31,0.73,-0.33,-0.5,-0.68,0.15
A_M_1.9999999999999998_1.0_161,24.81,2.31,0.73,-0.33,-0.5,-0.68,0.15
A_M_1.9999999999999998_1.0_162,22.99,2.31,0.73,-0.33,-0.5,-0.68,0.15
A_M_1.9999999999999998_1.0_163,21.83,2.31,0.73,-0.33,-0.5,-0.68,0.15
A_M_1.9999999999999998_1.0_164,25.21,2.31,0.73,-0.33,-0.5,-0.68,0.15
A_M_1.9999999999999998_1.0_165,16.35,2.31,0.73,-0.33,-0.5,-0.68,0.15
A_M_1.9999999999999998_1.0_166,24.18,2.31,0.73,-0.33,-0.5,-0.68,0.15
A_M_1.9999999999999998_1.0_167,25.21,2.31,0.73,-0.33,-0.5,-0.68,0.15
A_M_1.9999999999999998_1.0_168,24.18,2.31,0.73,-0.33,-0.5,-0.68,0.15
A_M_1.9999999999999998_1.0_169,25.07,2.31,0.73,-0.33,-0.5,-0.68,0.15
A_M_1.9999999999999998_1.0_170,24.49,2.31,0.73,-0.33,-0.5,-0.68,0.15
A_M_1.9999999999999998_1.0_171,25.29,2.31,0.73,-0.33,-0.5,-0.68,0.15
A_M_1.9999999999999998_1.0_172,23.44,2.31,0.73,-0.33,-0.5,-0.68,0.15
A_M_1.9999999999999998_1.0_173,25.57,2.31,0.73,-0.33,-0.5,-0.68,0.15
A_M_1.9999999999999998_1.0_174,25.25,2.31,0.73,-0.33,-0.5,-0.68,0.15
A_M_1.9999999999999998_1.0_175,25.07,2.31,0.73,-0.33,-0.5,-0.68,0.15
A_M_1.9999999999999998_1.0_176,24.5,2.31,0.73,-0.33,-0.5,-0.68,0.15
A_M_1.9999999999999998_1.0_177,20.63,2.31,0.73,-0.33,-0.5,-0.68,0.15
A_M_1.9999999999999998_1.0_178,23.75,2.31,0.73,-0.33,-0.5,-0.68,0.15
A_M_1.9999999999999998_1.0_179,24.93,2.31,0.73,-0.33,-0.5,-0.68,0.15
A_M_1.9999999999999998_1.0_180,24.83,2.31,0.73,-0.33,-0.5,-0.68,0.15
A_M_1.9999999999999998_1.0_181,25.41,2.31,0.73,-0.33,-0.5,-0.68,0.15
A_M_1.9999999999999998_1.0_182,23.01,2.31,0.73,-0.33,-0.5,-0.68,0.15
A_M_1.9999999999999998_1.0_183,25.1,2.31,0.73,-0.33,-0.5,-0.68,0.15
A_M_1.9999999999999998_1.0_184,22.52,2.31,0.73,-0.33,-0.5,-0.68,0.15
A_M_1.9999999999999998_1.0_185,25.24,2.31,0.73,-0.33,-0.5,-0.68,0.15
A_M_1.9999999999999998_1.0_186,25.56,2.31,0.73,-0.33,-0.5,-0.68,0.15
A_M_1.9999999999999998_1.0_187,24.95,2.31,0.73,-0.33,-0.5,-0.68,0.15
A_M_1.9999999999999998_1.0_188,25.25,2.31,0.73,-0.33,-0.5,-0.68,0.15
A_M_1.9999999999999998_1.0_189,25.42,2.31,0.73,-0.33,-0.5,-0.68,0.15
A_M_1.9999999999999998_1.0_190,25.56,2.31,0.73,-0.33,-0.5,-0.68,0.15
A_M_1.9999999999999998_1.0_191,24.2,2.31,0.73,-0.33,-0.5,-0.68,0.15
A_M_1.9999999999999998_1.0_192,24.25,2.31,0.73,-0.33,-0.5,-0.68,0.15
A_M_1.9999999999999998_1.0_193,25.02,2.31,0.73,-0.33,-0.5,-0.68,0.15
A_M_1.9999999999999998_1.0_194,25.6,2.31,0.73,-0.33,-0.5,-0.68,0.15
A_M_1.9999999999999998_1.0_195,24.2,2.31,0.73,-0.33,-0.5,-0.68,0.15
A_M_1.9999999999999998_1.0_196,24.66,2.31,0.73,-0.33,-0.5,-0.68,0.15
A_M_1.9999999999999998_1.0_197,25.13,2.31,0.73,-0.33,-0.5,-0.68,0.15
A_M_1.9999999999999998_1.0_198,25.07,2.31,0.73,-0.33,-0.5,-0.68,0.15
A_M_1.9999999999999998_1.0_199,24.57,2.31,0.73,-0.33,-0.5,-0.68,0.15
A_M_1.9999999999999998_1.0_200,24.89,2.31,0.73,-0.33,-0.5,-0.68,0.15
A_M_1.9999999999999998_1.0_201,23.39,2.31,0.73,-0.33,-0.5,-0.68,0.15
A_M_1.9999999999999998_1.0_202,25.53,2.31,0.73,-0.33,-0.5,-0.68,0.15
A_M_1.9999999999999998_1.0_203,24.16,2.31,0.73,-0.33,-0.5,-0.68,0.15
A_M_1.9999999999999998_1.0_204,24.05,2.31,0.73,-0.33,-0.5,-0.68,0.15
A_M_1.9999999999999998_1.0_205,21.93,2.31,0.73,-0.33,-0.5,-0.68,0.15
A_M_1.9999999999999998_1.0_206,24.81,2.31,0.73,-0.33,-0.5,-0.68,0.15
A_M_1.9999999999999998_1.0_207,25.27,2.31,0.73,-0.33,-0.5,-0.68,0.15
A_M_1.9999999999999998_1.0_208,24.58,2.31,0.73,-0.33,-0.5,-0.68,0.15
A_M_1.9999999999999998_1.0_209,24.16,2.31,0.73,-0.33,-0.5,-0.68,0.15
A_M_1.9999999999999998_1.0_210,16.74,2.31,0.73,-0.33,-0.5,-0.68,0.15
A_M_1.9999999999999998_1.0_211,24.54,2.31,0.73,-0.33,-0.5,-0.68,0.15
A_M_1.9999999999999998_1.0_212,21.71,2.31,0.73,-0.33,-0.5,-0.68,0.15
A_M_1.9999999999999998_1.0_213,23.67,2.31,0.73,-0.33,-0.5,-0.68,0.15
A_M_1.9999999999999998_1.0_214,23.1,2.31,0.73,-0.33,-0.5,-0.68,0.15
A_M_1.9999999999999998_1.0_215,24.41,2.31,0.73,-0.33,-0.5,-0.68,0.15
A_M_1.9999999999999998_1.0_216,24.84,2.31,0.73,-0.33,-0.5,-0.68,0.15
A_M_1.9999999999999998_1.0_217,25.2,2.31,0.73,-0.33,-0.5,-0.68,0.15
A_M_1.9999999999999998_1.0_218,24.5,2.31,0.73,-0.33,-0.5,-0.68,0.15
A_M_1.9999999999999998_1.0_219,22.61,2.31,0.73,-0.33,-0.5,-0.68,0.15
A_M_1.9999999999999998_1.0_220,25.58,2.31,0.73,-0.33,-0.5,-0.68,0.15
A_M_1.9999999999999998_1.0_221,24.14,2.31,0.73,-0.33,-0.5,-0.68,0.15
A_M_1.9999999999999998_1.0_222,21.7,2.31,0.73,-0.33,-0.5,-0.68,0.15
A_M_1.9999999999999998_1.0_223,25.46,2.31,0.73,-0.33,-0.5,-0.68,0.15
A_M_1.9999999999999998_1.0_224,22.97,2.31,0.73,-0.33,-0.5,-0.68,0.15
A_M_1.9999999999999998_1.0_225,24.71,2.31,0.73,-0.33,-0.5,-0.68,0.15
A_M_1.9999999999999998_1.0_226,24.27,2.31,0.73,-0.33,-0.5,-0.68,0.15
A_M_1.9999999999999998_1.0_227,24.85,2.31,0.73,-0.33,-0.5,-0.68,0.15
A_M_1.9999999999999998_1.0_228,23.66,2.31,0.73,-0.33,-0.5,-0.68,0.15
A_M_1.9999999999999998_1.0_229,25.38,2.31,0.73,-0.33,-0.5,-0.68,0.15
A_M_1.9999999999999998_1.0_230,24.78,2.31,0.73,-0.33,-0.5,-0.68,0.15
A_M_1.9999999999999998_1.0_231,25.61,2.31,0.73,-0.33,-0.5,-0.68,0.15
A_M_1.9999999999999998_1.0_232,24.5,2.31,0.73,-0.33,-0.5,-0.68,0.15
A_M_1.9999999999999998_1.0_233,24.3,2.31,0.73,-0.33,-0.5,-0.68,0.15
A_M_1.9999999999999998_1.0_234,25.12,2.31,0.73,-0.33,-0.5,-0.68,0.15
A_M_1.9999999999999998_1.0_235,25.57,2.31,0.73,-0.33,-0.5,-0.68,0.15
A_M_1.9999999999999998_1.0_236,23.74,2.31,0.73,-0.33,-0.5,-0.68,0.15
A_M_1.9999999999999998_1.0_237,24.04,2.31,0.73,-0.33,-0.5,-0.68,0.15
A_M_1.9999999999999998_1.0_238,24.69,2.31,0.73,-0.33,-0.5,-0.68,0.15
A_M_1.9999999999999998_1.0_239,25.29,2.31,0.73,-0.33,-0.5,-0.68,0.15
A_M_1.9999999999999998_1.0_240,25.13,2.31,0.73,-0.33,-0.5,-0.68,0.15
A_M_1.9999999999999998_1.0_241,25.15,2.31,0.73,-0.33,-0.5,-0.68,0.15
A_M_1.9999999999999998_1.0_242,25.36,2.31,0.73,-0.33,-0.5,-0.68,0.15
A_M_1.9999999999999998_1.0_243,21.72,2.31,0.73,-0.33,-0.5,-0.68,0.15
A_M_1.9999999999999998_1.0_244,18.12,2.31,0.73,-0.33,-0.5,-0.68,0.15
A_M_1.9999999999999998_1.0_245,24.95,2.31,0.73,-0.33,-0.5,-0.68,0.15
A_M_1.9999999999999998_1.0_246,25.47,2.31,0.73,-0.33,-0.5,-0.68,0.15
A_M_1.9999999999999998_1.0_247,21.62,2.31,0.73,-0.33,-0.5,-0.68,0.15
A_M_1.9999999999999998_1.0_248,23.56,2.31,0.73,-0.33,-0.5,-0.68,0.15
A_M_1.9999999999999998_1.0_249,25.1,2.31,0.73,-0.33,-0.5,-0.68,0.15
A_M_1.9999999999999998_1.0_250,21.43,2.31,0.73,-0.33,-0.5,-0.68,0.15
A_M_1.9999999999999998_1.0_251,25.18,2.31,0.73,-0.33,-0.5,-0.68,0.15
A_M_1.9999999999999998_1.0_252,24.64,2.31,0.73,-0.33,-0.5,-0.68,0.15
A_M_1.9999999999999998_1.0_253,24.74,2.31,0.73,-0.33,-0.5,-0.68,0.15
A_M_1.9999999999999998_1.0_254,21.29,2.31,0.73,-0.33,-0.5,-0.68,0.15
A_M_1.9999999999999998_1.0_255,25.57,2.31,0.73,-0.33,-0.5,-0.68,0.15
A_M_1.9999999999999998_1.0_256,25.5,2.31,0.73,-0.33,-0.5,-0.68,0.15
A_M_1.9999999999999998_1.0_257,25.48,2.31,0.73,-0.33,-0.5,-0.68,0.15
A_M_1.9999999999999998_1.0_258,23.85,2.31,0.73,-0.33,-0.5,-0.68,0.15
A_M_1.9999999999999998_1.0_259,23.71,2.31,0.73,-0.33,-0.5,-0.68,0.15
A_M_1.9999999999999998_1.0_260,19.64,2.31,0.73,-0.33,-0.5,-0.68,0.15
A_M_1.9999999999999998_1.0_261,24.75,2.31,0.73,-0.33,-0.5,-0.68,0.15
A_M_1.9999999999999998_1.0_262,24.32,2.31,0.73,-0.33,-0.5,-0.68,0.15
A_M_1.9999999999999998_1.0_263,24.0,2.31,0.73,-0.33,-0.5,-0.68,0.15
A_M_1.9999999999999998_1.0_264,25.41,2.31,0.73,-0.33,-0.5,-0.68,0.15
A_M_1.9999999999999998_1.0_265,24.83,2.31,0.73,-0.33,-0.5,-0.68,0.15
A_M_1.9999999999999998_1.0_266,24.57,2.31,0.73,-0.33,-0.5,-0.68,0.15
A_M_1.9999999999999998_1.0_267,25.3,2.31,0.73,-0.33,-0.5,-0.68,0.15
A_M_1.9999999999999998_1.0_268,25.13,2.31,0.73,-0.33,-0.5,-0.68,0.15
A_M_1.9999999999999998_1.0_269,23.9,2.31,0.73,-0.33,-0.5,-0.68,0.15
A_M_1.9999999999999998_1.0_270,25.58,2.31,0.73,-0.33,-0.5,-0.68,0.15
A_M_1.9999999999999998_1.0_271,25.51,2.31,0.73,-0.33,-0.5,-0.68,0.15
A_M_1.9999999999999998_1.0_272,24.88,2.31,0.73,-0.33,-0.5,-0.68,0.15
A_M_1.9999999999999998_1.0_273,20.21,2.31,0.73,-0.33,-0.5,-0.68,0.15
A_M_1.9999999999999998_1.0_274,25.0,2.31,0.73,-0.33,-0.5,-0.68,0.15
A_M_1.9999999999999998_1.0_275,23.39,2.31,0.73,-0.33,-0.5,-0.68,0.15
A_M_1.9999999999999998_1.0_276,24.08,2.31,0.73,-0.33,-0.5,-0.68,0.15
A_M_1.9999999999999998_1.0_277,24.08,2.31,0.73,-0.33,-0.5,-0.68,0.15
A_M_1.9999999999999998_1.0_278,25.29,2.31,0.73,-0.33,-0.5,-0.68,0.15
A_M_1.9999999999999998_1.0_279,24.17,2.31,0.73,-0.33,-0.5,-0.68,0.15
A_M_1.9999999999999998_1.0_280,25.48,2.31,0.73,-0.33,-0.5,-0.68,0.15
A_M_1.9999999999999998_1.0_281,24.98,2.31,0.73,-0.33,-0.5,-0.68,0.15
A_M_1.9999999999999998_1.0_282,25.02,2.31,0.73,-0.33,-0.5,-0.68,0.15
A_M_1.9999999999999998_1.0_283,25.44,2.31,0.73,-0.33,-0.5,-0.68,0.15
A_M_1.9999999999999998_1.0_284,22.81,2.31,0.73,-0.33,-0.5,-0.68,0.15
A_M_1.9999999999999998_1.0_285,23.15,2.31,0.73,-0.33,-0.5,-0.68,0.15
A_M_1.9999999999999998_1.0_286,25.44,2.31,0.73,-0.33,-0.5,-0.68,0.15
A_M_1.9999999999999998_1.0_287,14.59,2.31,0.73,-0.33,-0.5,-0.68,0.15
A_M_1.9999999999999998_1.0_288,23.99,2.31,0.73,-0.33,-0.5,-0.68,0.15
A_M_1.9999999999999998_1.0_289,21.6,2.31,0.73,-0.33,-0.5,-0.68,0.15
A_M_1.9999999999999998_1.0_290,21.49,2.31,0.73,-0.33,-0.5,-0.68,0.15
A_M_1.9999999999999998_1.0_291,24.0,2.31,0.73,-0.33,-0.5,-0.68,0.15
A_M_1.9999999999999998_1.0_292,20.97,2.31,0.73,-0.33,-0.5,-0.68,0.15
A_M_1.9999999999999998_1.0_293,22.7,2.31,0.73,-0.33,-0.5,-0.68,0.15
A_M_1.9999999999999998_1.0_294,24.81,2.31,0.73,-0.33,-0.5,-0.68,0.15
A_M_1.9999999999999998_1.0_295,25.6,2.31,0.73,-0.33,-0.5,-0.68,0.15
A_M_1.9999999999999998_1.0_296,25.52,2.31,0.73,-0.33,-0.5,-0.68,0.15
A_M_1.9999999999999998_1.0_297,23.86,2.31,0.73,-0.33,-0.5,-0.68,0.15
A_M_1.9999999999999998_1.0_298,24.23,2.31,0.73,-0.33,-0.5,-0.68,0.15
A_M_1.9999999999999998_1.0_299,25.35,2.31,0.73,-0.33,-0.5,-0.68,0.15
A_M_1.9999999999999998_1.0_300,24.83,2.31,0.73,-0.33,-0.5,-0.68,0.15
A_M_1.9999999999999998_1.0_301,25.37,2.31,0.73,-0.33,-0.5,-0.68,0.15
A_M_1.9999999999999998_1.0_302,25.39,2.31,0.73,-0.33,-0.5,-0.68,0.15
A_M_1.9999999999999998_1.0_303,24.94,2.31,0.73,-0.33,-0.5,-0.68,0.15
A_M_1.9999999999999998_1.0_304,24.61,2.31,0.73,-0.33,-0.5,-0.68,0.15
A_M_1.9999999999999998_1.0_305,24.11,2.31,0.73,-0.33,-0.5,-0.68,0.15
A_M_1.9999999999999998_1.0_306,21.23,2.31,0.73,-0.33,-0.5,-0.68,0.15
A_M_1.9999999999999998_1.0_307,22.34,2.31,0.73,-0.33,-0.5,-0.68,0.15
A_M_1.9999999999999998_1.0_308,25.55,2.31,0.73,-0.33,-0.5,-0.68,0.15
A_M_1.9999999999999998_1.0_309,23.03,2.31,0.73,-0.33,-0.5,-0.68,0.15
A_M_1.9999999999999998_1.0_310,25.31,2.31,0.73,-0.33,-0.5,-0.68,0.15
A_M_1.9999999999999998_1.0_311,25.13,2.31,0.73,-0.33,-0.5,-0.68,0.15
A_M_1.9999999999999998_1.0_312,24.03,2.31,0.73,-0.33,-0.5,-0.68,0.15
A_M_1.9999999999999998_1.0_313,25.14,2.31,0.73,-0.33,-0.5,-0.68,0.15
A_M_1.9999999999999998_1.0_314,24.23,2.31,0.73,-0.33,-0.5,-0.68,0.15
A_M_1.9999999999999998_1.0_315,23.68,2.31,0.73,-0.33,-0.5,-0.68,0.15
A_M_1.9999999999999998_1.0_316,19.05,2.31,0.73,-0.33,-0.5,-0.68,0.15
A_M_1.9999999999999998_1.0_317,20.8,2.31,0.73,-0.33,-0.5,-0.68,0.15
A_M_1.9999999999999998_1.0_318,24.81,2.31,0.73,-0.33,-0.5,-0.68,0.15
A_M_1.9999999999999998_1.0_319,25.27,2.31,0.73,-0.33,-0.5,-0.68,0.15
A_M_1.9999999999999998_1.0_320,23.99,2.31,0.73,-0.33,-0.5,-0.68,0.15
A_M_1.9999999999999998_1.0_321,25.6,2.31,0.73,-0.33,-0.5,-0.68,0.15
A_M_1.9999999999999998_1.0_322,21.88,2.31,0.73,-0.33,-0.5,-0.68,0.15
A_M_1.9999999999999998_1.0_323,24.25,2.31,0.73,-0.33,-0.5,-0.68,0.15
A_M_1.9999999999999998_1.0_324,25.4,2.31,0.73,-0.33,-0.5,-0.68,0.15
A_M_1.9999999999999998_1.0_325,21.43,2.31,0.73,-0.33,-0.5,-0.68,0.15
A_M_1.9999999999999998_1.0_326,24.09,2.31,0.73,-0.33,-0.5,-0.68,0.15
A_M_1.9999999999999998_1.0_327,22.75,2.31,0.73,-0.33,-0.5,-0.68,0.15
A_M_1.9999999999999998_1.0_328,25.49,2.31,0.73,-0.33,-0.5,-0.68,0.15
A_M_1.9999999999999998_1.0_329,22.25,2.31,0.73,-0.33,-0.5,-0.68,0.15
A_M_1.9999999999999998_1.0_330,25.29,2.31,0.73,-0.33,-0.5,-0.68,0.15
A_M_1.9999999999999998_1.0_331,24.92,2.31,0.73,-0.33,-0.5,-0.68,0.15
A_M_1.9999999999999998_1.0_332,18.45,2.31,0.73,-0.33,-0.5,-0.68,0.15
A_M_1.9999999999999998_1.0_333,25.31,2.31,0.73,-0.33,-0.5,-0.68,0.15
A_M_1.9999999999999998_1.0_334,25.6,2.31,0.73,-0.33,-0.5,-0.68,0.15
A_M_1.9999999999999998_1.0_335,23.82,2.31,0.73,-0.33,-0.5,-0.68,0.15
A_M_1.9999999999999998_1.0_336,23.85,2.31,0.73,-0.33,-0.5,-0.68,0.15
A_M_1.9999999999999998_1.0_337,21.2,2.31,0.73,-0.33,-0.5,-0.68,0.15
A_M_1.9999999999999998_1.0_338,25.4,2.31,0.73,-0.33,-0.5,-0.68,0.15
A_M_1.9999999999999998_1.0_339,22.42,2.31,0.73,-0.33,-0.5,-0.68,0.15
A_M_1.9999999999999998_1.0_340,25.42,2.31,0.73,-0.33,-0.5,-0.68,0.15
A_M_1.9999999999999998_1.0_341,23.74,2.31,0.73,-0.33,-0.5,-0.68,0.15
A_M_1.9999999999999998_1.0_342,23.07,2.31,0.73,-0.33,-0.5,-0.68,0.15
A_M_1.9999999999999998_1.0_343,25.18,2.31,0.73,-0.33,-0.5,-0.68,0.15
A_M_1.9999999999999998_1.0_344,25.09,2.31,0.73,-0.33,-0.5,-0.68,0.15
A_M_1.9999999999999998_1.0_345,25.16,2.31,0.73,-0.33,-0.5,-0.68,0.15
A_M_1.9999999999999998_1.0_346,23.35,2.31,0.73,-0.33,-0.5,-0.68,0.15
A_M_1.9999999999999998_1.0_347,25.41,2.31,0.73,-0.33,-0.5,-0.68,0.15
A_M_1.9999999999999998_1.0_348,24.25,2.31,0.73,-0.33,-0.5,-0.68,0.15
A_M_1.9999999999999998_1.0_349,21.92,2.31,0.73,-0.33,-0.5,-0.68,0.15
A_M_1.9999999999999998_1.0_350,24.0,2.31,0.73,-0.33,-0.5,-0.68,0.15
A_M_1.9999999999999998_1.0_351,22.99,2.31,0.73,-0.33,-0.5,-0.68,0.15
A_M_1.9999999999999998_1.0_352,23.67,2.31,0.73,-0.33,-0.5,-0.68,0.15
A_M_1.9999999999999998_1.0_353,24.68,2.31,0.73,-0.33,-0.5,-0.68,0.15
A_M_1.9999999999999998_1.0_354,25.46,2.31,0.73,-0.33,-0.5,-0.68,0.15
A_M_1.9999999999999998_1.0_355,24.12,2.31,0.73,-0.33,-0.5,-0.68,0.15
A_M_1.9999999999999998_1.0_356,25.47,2.31,0.73,-0.33,-0.5,-0.68,0.15
A_M_1.9999999999999998_1.0_357,25.5,2.31,0.73,-0.33,-0.5,-0.68,0.15
A_M_1.9999999999999998_1.0_358,25.47,2.31,0.73,-0.33,-0.5,-0.68,0.15
A_M_1.9999999999999998_1.0_359,25.48,2.31,0.73,-0.33,-0.5,-0.68,0.15
A_M_1.9999999999999998_1.0_360,23.58,2.31,0.73,-0.33,-0.5,-0.68,0.15
A_M_1.9999999999999998_1.0_361,24.36,2.31,0.73,-0.33,-0.5,-0.68,0.15
A_M_1.9999999999999998_1.0_362,24.76,2.31,0.73,-0.33,-0.5,-0.68,0.15
A_M_1.9999999999999998_1.0_363,25.03,2.31,0.73,-0.33,-0.5,-0.68,0.15
A_M_1.9999999999999998_1.0_364,23.25,2.31,0.73,-0.33,-0.5,-0.68,0.15
A_M_1.9999999999999998_1.0_365,24.31,2.31,0.73,-0.33,-0.5,-0.68,0.15
A_M_1.9999999999999998_1.0_366,21.26,2.31,0.73,-0.33,-0.5,-0.68,0.15
A_M_1.9999999999999998_1.0_367,24.86,2.31,0.73,-0.33,-0.5,-0.68,0.15
A_M_1.9999999999999998_1.0_368,22.66,2.31,0.73,-0.33,-0.5,-0.68,0.15
A_M_1.9999999999999998_1.0_369,25.47,2.31,0.73,-0.33,-0.5,-0.68,0.15
A_M_1.9999999999999998_1.0_370,24.58,2.31,0.73,-0.33,-0.5,-0.68,0.15
A_M_1.9999999999999998_1.0_371,25.22,2.31,0.73,-0.33,-0.5,-0.68,0.15
A_M_1.9999999999999998_1.0_372,23.71,2.31,0.73,-0.33,-0.5,-0.68,0.15
A_M_1.9999999999999998_1.0_373,25.11,2.31,0.73,-0.33,-0.5,-0.68,0.15
A_M_1.9999999999999998_1.0_374,25.21,2.31,0.73,-0.33,-0.5,-0.68,0.15
A_M_1.9999999999999998_1.0_375,24.1,2.31,0.73,-0.33,-0.5,-0.68,0.15
A_M_1.9999999999999998_1.0_376,22.24,2.31,0.73,-0.33,-0.5,-0.68,0.15
A_M_1.9999999999999998_1.0_377,24.88,2.31,0.73,-0.33,-0.5,-0.68,0.15
A_M_1.9999999999999998_1.0_378,25.58,2.31,0.73,-0.33,-0.5,-0.68,0.15
A_M_1.9999999999999998_1.0_379,25.29,2.31,0.73,-0.33,-0.5,-0.68,0.15
A_M_1.9999999999999998_1.0_380,24.54,2.31,0.73,-0.33,-0.5,-0.68,0.15
A_M_1.9999999999999998_1.0_381,24.21,2.31,0.73,-0.33,-0.5,-0.68,0.15
A_M_1.9999999999999998_1.0_382,21.88,2.31,0.73,-0.33,-0.5,-0.68,0.15
A_M_1.9999999999999998_1.0_383,25.34,2.31,0.73,-0.33,-0.5,-0.68,0.15
A_M_1.9999999999999998_1.0_384,23.68,2.31,0.73,-0.33,-0.5,-0.68,0.15
A_M_1.9999999999999998_1.0_385,25.29,2.31,0.73,-0.33,-0.5,-0.68,0.15
A_M_1.9999999999999998_1.0_386,23.61,2.31,0.73,-0.33,-0.5,-0.68,0.15
A_M_1.9999999999999998_1.0_387,25.56,2.31,0.73,-0.33,-0.5,-0.68,0.15
A_M_1.9999999999999998_1.0_388,24.77,2.31,0.73,-0.33,-0.5,-0.68,0.15
A_M_1.9999999999999998_1.0_389,25.13,2.31,0.73,-0.33,-0.5,-0.68,0.15
A_M_1.9999999999999998_1.0_390,24.61,2.31,0.73,-0.33,-0.5,-0.68,0.15
A_M_1.9999999999999998_1.0_391,22.3,2.31,0.73,-0.33,-0.5,-0.68,0.15
A_M_1.9999999999999998_1.0_392,23.24,2.31,0.73,-0.33,-0.5,-0.68,0.15
A_M_1.9999999999999998_1.0_393,23.5,2.31,0.73,-0.33,-0.5,-0.68,0.15
A_M_1.9999999999999998_1.0_394,25.22,2.31,0.73,-0.33,-0.5,-0.68,0.15
A_M_1.9999999999999998_1.0_395,22.99,2.31,0.73,-0.33,-0.5,-0.68,0.15
A_M_1.9999999999999998_1.0_396,25.3,2.31,0.73,-0.33,-0.5,-0.68,0.15
A_M_1.9999999999999998_1.0_397,23.58,2.31,0.73,-0.33,-0.5,-0.68,0.15
A_M_1.9999999999999998_1.0_398,24.96,2.31,0.73,-0.33,-0.5,-0.68,0.15
A_M_1.9999999999999998_1.0_399,23.46,2.31,0.73,-0.33,-0.5,-0.68,0.15
A_M_1.9999999999999998_1.0_400,25.3,2.31,0.73,-0.33,-0.5,-0.68,0.15
A_M_1.9999999999999998_1.0_401,25.08,2.31,0.73,-0.33,-0.5,-0.68,0.15
A_M_1.9999999999999998_1.0_402,24.16,2.31,0.73,-0.33,-0.5,-0.68,0.15
A_M_1.9999999999999998_1.0_403,22.18,2.31,0.73,-0.33,-0.5,-0.68,0.15
A_M_1.9999999999999998_1.0_404,22.5,2.31,0.73,-0.33,-0.5,-0.68,0.15
A_M_1.9999999999999998_1.0_405,25.43,2.31,0.73,-0.33,-0.5,-0.68,0.15
A_M_1.9999999999999998_1.0_406,25.26,2.31,0.73,-0.33,-0.5,-0.68,0.15
A_M_1.9999999999999998_1.0_407,25.51,2.31,0.73,-0.33,-0.5,-0.68,0.15
A_M_1.9999999999999998_1.0_408,24.8,2.31,0.73,-0.33,-0.5,-0.68,0.15
A_M_1.9999999999999998_1.0_409,24.77,2.31,0.73,-0.33,-0.5,-0.68,0.15
A_M_1.9999999999999998_1.0_410,22.65,2.31,0.73,-0.33,-0.5,-0.68,0.15
A_M_1.9999999999999998_1.0_411,23.79,2.31,0.73,-0.33,-0.5,-0.68,0.15
A_M_1.9999999999999998_1.0_412,23.33,2.31,0.73,-0.33,-0.5,-0.68,0.15
A_M_1.9999999999999998_1.0_413,24.94,2.31,0.73,-0.33,-0.5,-0.68,0.15
A_M_1.9999999999999998_1.0_414,24.52,2.31,0.73,-0.33,-0.5,-0.68,0.15
A_M_1.9999999999999998_1.0_415,24.98,2.31,0.73,-0.33,-0.5,-0.68,0.15
A_M_1.9999999999999998_1.0_416,24.31,2.31,0.73,-0.33,-0.5,-0.68,0.15
A_M_1.9999999999999998_1.0_417,22.42,2.31,0.73,-0.33,-0.5,-0.68,0.15
A_M_1.9999999999999998_1.0_418,25.53,2.31,0.73,-0.33,-0.5,-0.68,0.15
A_M_1.9999999999999998_1.0_419,24.17,2.31,0.73,-0.33,-0.5,-0.68,0.15
A_M_1.9999999999999998_1.0_420,18.58,2.31,0.73,-0.33,-0.5,-0.68,0.15
A_M_1.9999999999999998_1.0_421,25.57,2.31,0.73,-0.33,-0.5,-0.68,0.15
A_M_1.9999999999999998_1.0_422,24.93,2.31,0.73,-0.33,-0.5,-0.68,0.15
A_M_1.9999999999999998_1.0_423,25.08,2.31,0.73,-0.33,-0.5,-0.68,0.15
A_M_1.9999999999999998_1.0_424,24.81,2.31,0.73,-0.33,-0.5,-0.68,0.15
A_M_1.9999999999999998_1.0_425,23.87,2.31,0.73,-0.33,-0.5,-0.68,0.15
A_M_1.9999999999999998_1.0_426,25.51,2.31,0.73,-0.33,-0.5,-0.68,0.15
A_M_1.9999999999999998_1.0_427,25.56,2.31,0.73,-0.33,-0.5,-0.68,0.15
A_M_1.9999999999999998_1.0_428,23.23,2.31,0.73,-0.33,-0.5,-0.68,0.15
A_M_1.9999999999999998_1.0_429,23.92,2.31,0.73,-0.33,-0.5,-0.68,0.15
A_M_1.9999999999999998_1.0_430,25.27,2.31,0.73,-0.33,-0.5,-0.68,0.15
A_M_1.9999999999999998_1.0_431,24.17,2.31,0.73,-0.33,-0.5,-0.68,0.15
A_M_1.9999999999999998_1.0_432,25.52,2.31,0.73,-0.33,-0.5,-0.68,0.15
A_M_1.9999999999999998_1.0_433,21.42,2.31,0.73,-0.33,-0.5,-0.68,0.15
A_M_1.9999999999999998_1.0_434,20.04,2.31,0.73,-0.33,-0.5,-0.68,0.15
A_M_1.9999999999999998_1.0_435,23.5,2.31,0.73,-0.33,-0.5,-0.68,0.15
A_M_1.9999999999999998_1.0_436,22.83,2.31,0.73,-0.33,-0.5,-0.68,0.15
A_M_1.9999999999999998_1.0_437,23.95,2.31,0.73,-0.33,-0.5,-0.68,0.15
A_M_1.9999999999999998_1.0_438,24.54,2.31,0.73,-0.33,-0.5,-0.68,0.15
A_M_1.9999999999999998_1.0_439,21.86,2.31,0.73,-0.33,-0.5,-0.68,0.15
A_M_1.9999999999999998_1.0_440,25.61,2.31,0.73,-0.33,-0.5,-0.68,0.15
A_M_1.9999999999999998_1.0_441,23.11,2.31,0.73,-0.33,-0.5,-0.68,0.15
A_M_1.9999999999999998_1.0_442,25.21,2.31,0.73,-0.33,-0.5,-0.68,0.15
A_M_1.9999999999999998_1.0_443,24.1,2.31,0.73,-0.33,-0.5,-0.68,0.15
A_M_1.9999999999999998_1.0_444,21.06,2.31,0.73,-0.33,-0.5,-0.68,0.15
A_M_1.9999999999999998_1.0_445,23.81,2.31,0.73,-0.33,-0.5,-0.68,0.15
A_M_1.9999999999999998_1.0_446,25.43,2.31,0.73,-0.33,-0.5,-0.68,0.15
A_M_1.9999999999999998_1.0_447,24.68,2.31,0.73,-0.33,-0.5,-0.68,0.15
A_M_1.9999999999999998_1.0_448,24.59,2.31,0.73,-0.33,-0.5,-0.68,0.15
A_M_1.9999999999999998_1.0_449,23.9,2.31,0.73,-0.33,-0.5,-0.68,0.15
A_M_1.9999999999999998_1.0_450,24.72,2.31,0.73,-0.33,-0.5,-0.68,0.15
A_M_1.9999999999999998_1.0_451,25.42,2.31,0.73,-0.33,-0.5,-0.68,0.15
A_M_1.9999999999999998_1.0_452,25.07,2.31,0.73,-0.33,-0.5,-0.68,0.15
A_M_1.9999999999999998_1.0_453,23.89,2.31,0.73,-0.33,-0.5,-0.68,0.15
A_M_1.9999999999999998_1.0_454,22.51,2.31,0.73,-0.33,-0.5,-0.68,0.15
A_M_1.9999999999999998_1.0_455,24.82,2.31,0.73,-0.33,-0.5,-0.68,0.15
A_M_1.9999999999999998_1.0_456,24.45,2.31,0.73,-0.33,-0.5,-0.68,0.15
A_M_1.9999999999999998_1.0_457,25.29,2.31,0.73,-0.33,-0.5,-0.68,0.15
A_M_1.9999999999999998_1.0_458,25.51,2.31,0.73,-0.33,-0.5,-0.68,0.15
A_M_1.9999999999999998_1.0_459,25.3,2.31,0.73,-0.33,-0.5,-0.68,0.15
A_M_1.9999999999999998_1.0_460,24.45,2.31,0.73,-0.33,-0.5,-0.68,0.15
A_M_1.9999999999999998_1.0_461,25.35,2.31,0.73,-0.33,-0.5,-0.68,0.15
A_M_1.9999999999999998_1.0_462,24.81,2.31,0.73,-0.33,-0.5,-0.68,0.15
A_M_1.9999999999999998_1.0_463,25.26,2.31,0.73,-0.33,-0.5,-0.68,0.15
A_M_1.9999999999999998_1.0_464,24.04,2.31,0.73,-0.33,-0.5,-0.68,0.15
A_M_1.9999999999999998_1.0_465,23.93,2.31,0.73,-0.33,-0.5,-0.68,0.15
A_M_1.9999999999999998_1.0_466,24.56,2.31,0.73,-0.33,-0.5,-0.68,0.15
A_M_1.9999999999999998_1.0_467,25.6,2.31,0.73,-0.33,-0.5,-0.68,0.15
A_M_1.9999999999999998_1.0_468,25.14,2.31,0.73,-0.33,-0.5,-0.68,0.15
A_M_1.9999999999999998_1.0_469,24.92,2.31,0.73,-0.33,-0.5,-0.68,0.15
A_M_1.9999999999999998_1.0_470,24.19,2.31,0.73,-0.33,-0.5,-0.68,0.15
A_M_1.9999999999999998_1.0_471,24.7,2.31,0.73,-0.33,-0.5,-0.68,0.15
A_M_1.9999999999999998_1.0_472,25.53,2.31,0.73,-0.33,-0.5,-0.68,0.15
A_M_1.9999999999999998_1.0_473,25.51,2.31,0.73,-0.33,-0.5,-0.68,0.15
A_M_1.9999999999999998_1.0_474,24.59,2.31,0.73,-0.33,-0.5,-0.68,0.15
A_M_1.9999999999999998_1.0_475,25.46,2.31,0.73,-0.33,-0.5,-0.68,0.15
A_M_1.9999999999999998_1.0_476,24.96,2.31,0.73,-0.33,-0.5,-0.68,0.15
A_M_1.9999999999999998_1.0_477,25.18,2.31,0.73,-0.33,-0.5,-0.68,0.15
A_M_1.9999999999999998_1.0_478,23.07,2.31,0.73,-0.33,-0.5,-0.68,0.15
A_M_1.9999999999999998_1.0_479,25.38,2.31,0.73,-0.33,-0.5,-0.68,0.15
A_M_1.9999999999999998_1.0_480,23.82,2.31,0.73,-0.33,-0.5,-0.68,0.15
A_M_1.9999999999999998_1.0_481,25.08,2.31,0.73,-0.33,-0.5,-0.68,0.15
A_M_1.9999999999999998_1.0_482,19.62,2.31,0.73,-0.33,-0.5,-0.68,0.15
A_M_1.9999999999999998_1.0_483,24.76,2.31,0.73,-0.33,-0.5,-0.68,0.15
A_M_1.9999999999999998_1.0_484,25.48,2.31,0.73,-0.33,-0.5,-0.68,0.15
A_M_1.9999999999999998_1.0_485,23.42,2.31,0.73,-0.33,-0.5,-0.68,0.15
A_M_1.9999999999999998_1.0_486,19.56,2.31,0.73,-0.33,-0.5,-0.68,0.15
A_M_1.9999999999999998_1.0_487,25.06,2.31,0.73,-0.33,-0.5,-0.68,0.15
A_M_1.9999999999999998_1.0_488,24.89,2.31,0.73,-0.33,-0.5,-0.68,0.15
A_M_1.9999999999999998_1.0_489,25.47,2.31,0.73,-0.33,-0.5,-0.68,0.15
A_M_1.9999999999999998_1.0_490,25.48,2.31,0.73,-0.33,-0.5,-0.68,0.15
A_M_1.9999999999999998_1.0_491,25.62,2.31,0.73,-0.33,-0.5,-0.68,0.15
A_M_1.9999999999999998_1.0_492,25.29,2.31,0.73,-0.33,-0.5,-0.68,0.15
A_M_1.9999999999999998_1.0_493,25.47,2.31,0.73,-0.33,-0.5,-0.68,0.15
A_M_1.9999999999999998_1.0_494,21.3,2.31,0.73,-0.33,-0.5,-0.68,0.15
A_M_1.9999999999999998_1.0_495,23.39,2.31,0.73,-0.33,-0.5,-0.68,0.15
A_M_1.9999999999999998_1.0_496,24.1,2.31,0.73,-0.33,-0.5,-0.68,0.15
A_M_1.9999999999999998_1.0_497,23.53,2.31,0.73,-0.33,-0.5,-0.68,0.15
A_M_1.9999999999999998_1.0_498,25.21,2.31,0.73,-0.33,-0.5,-0.68,0.15
A_M_1.9999999999999998_1.0_499,25.41,2.31,0.73,-0.33,-0.5,-0.68,0.15
A_M_1.9999999999999998_1.0_500,24.43,2.31,0.73,-0.33,-0.5,-0.68,0.15
A_M_1.9999999999999998_1.0_501,23.92,2.31,0.73,-0.33,-0.5,-0.68,0.15
A_M_1.9999999999999998_1.0_502,24.68,2.31,0.73,-0.33,-0.5,-0.68,0.15
A_M_1.9999999999999998_1.0_503,24.98,2.31,0.73,-0.33,-0.5,-0.68,0.15
A_M_1.9999999999999998_1.0_504,22.13,2.31,0.73,-0.33,-0.5,-0.68,0.15
A_M_1.9999999999999998_1.0_505,21.47,2.31,0.73,-0.33,-0.5,-0.68,0.15
A_M_1.9999999999999998_1.0_506,21.82,2.31,0.73,-0.33,-0.5,-0.68,0.15
A_M_1.9999999999999998_1.0_507,22.09,2.31,0.73,-0.33,-0.5,-0.68,0.15
A_M_1.9999999999999998_1.0_508,25.51,2.31,0.73,-0.33,-0.5,-0.68,0.15
A_M_1.9999999999999998_1.0_509,25.15,2.31,0.73,-0.33,-0.5,-0.68,0.15
A_M_1.9999999999999998_1.0_510,25.27,2.31,0.73,-0.33,-0.5,-0.68,0.15
A_M_1.9999999999999998_1.0_511,23.78,2.31,0.73,-0.33,-0.5,-0.68,0.15
A_M_1.9999999999999998_1.0_512,25.37,2.31,0.73,-0.33,-0.5,-0.68,0.15
A_M_1.9999999999999998_1.0_513,25.51,2.31,0.73,-0.33,-0.5,-0.68,0.15
A_M_1.9999999999999998_1.0_514,25.1,2.31,0.73,-0.33,-0.5,-0.68,0.15
A_M_1.9999999999999998_1.0_515,25.39,2.31,0.73,-0.33,-0.5,-0.68,0.15
A_M_1.9999999999999998_1.0_516,25.19,2.31,0.73,-0.33,-0.5,-0.68,0.15
A_M_1.9999999999999998_1.0_517,25.03,2.31,0.73,-0.33,-0.5,-0.68,0.15
A_M_1.9999999999999998_1.0_518,24.55,2.31,0.73,-0.33,-0.5,-0.68,0.15
A_M_1.9999999999999998_1.0_519,23.61,2.31,0.73,-0.33,-0.5,-0.68,0.15
A_M_1.9999999999999998_1.0_520,25.54,2.31,0.73,-0.33,-0.5,-0.68,0.15
A_M_1.9999999999999998_1.0_521,22.48,2.31,0.73,-0.33,-0.5,-0.68,0.15
A_M_1.9999999999999998_1.0_522,25.42,2.31,0.73,-0.33,-0.5,-0.68,0.15
A_M_1.9999999999999998_1.0_523,25.33,2.31,0.73,-0.33,-0.5,-0.68,0.15
A_M_1.9999999999999998_1.0_524,24.76,2.31,0.73,-0.33,-0.5,-0.68,0.15
A_M_1.9999999999999998_1.0_525,23.5,2.31,0.73,-0.33,-0.5,-0.68,0.15
A_M_1.9999999999999998_1.0_526,24.46,2.31,0.73,-0.33,-0.5,-0.68,0.15
A_M_1.9999999999999998_1.0_527,24.63,2.31,0.73,-0.33,-0.5,-0.68,0.15
A_M_1.9999999999999998_1.0_528,24.75,2.31,0.73,-0.33,-0.5,-0.68,0.15
A_M_1.9999999999999998_1.0_529,25.1,2.31,0.73,-0.33,-0.5,-0.68,0.15
A_M_1.9999999999999998_1.0_530,22.66,2.31,0.73,-0.33,-0.5,-0.68,0.15
A_M_1.9999999999999998_1.0_531,23.58,2.31,0.73,-0.33,-0.5,-0.68,0.15
A_M_1.9999999999999998_1.0_532,23.66,2.31,0.73,-0.33,-0.5,-0.68,0.15
A_M_1.9999999999999998_1.0_533,25.06,2.31,0.73,-0.33,-0.5,-0.68,0.15
A_M_1.9999999999999998_1.0_534,25.35,2.31,0.73,-0.33,-0.5,-0.68,0.15
A_M_1.9999999999999998_1.0_535,24.58,2.31,0.73,-0.33,-0.5,-0.68,0.15
A_M_1.9999999999999998_1.0_536,24.53,2.31,0.73,-0.33,-0.5,-0.68,0.15
A_M_1.9999999999999998_1.0_537,22.8,2.31,0.73,-0.33,-0.5,-0.68,0.15
A_M_1.9999999999999998_1.0_538,20.57,2.31,0.73,-0.33,-0.5,-0.68,0.15
A_M_1.9999999999999998_1.0_539,24.97,2.31,0.73,-0.33,-0.5,-0.68,0.15
A_M_1.9999999999999998_1.0_540,23.43,2.31,0.73,-0.33,-0.5,-0.68,0.15
A_M_1.9999999999999998_1.0_541,23.34,2.31,0.73,-0.33,-0.5,-0.68,0.15
A_M_1.9999999999999998_1.0_542,25.42,2.31,0.73,-0.33,-0.5,-0.68,0.15
A_M_1.9999999999999998_1.0_543,24.2,2.31,0.73,-0.33,-0.5,-0.68,0.15
A_M_1.9999999999999998_1.0_544,23.12,2.31,0.73,-0.33,-0.5,-0.68,0.15
A_M_1.9999999999999998_1.0_545,24.94,2.31,0.73,-0.33,-0.5,-0.68,0.15
A_M_1.9999999999999998_1.0_546,24.97,2.31,0.73,-0.33,-0.5,-0.68,0.15
A_M_1.9999999999999998_1.0_547,19.98,2.31,0.73,-0.33,-0.5,-0.68,0.15
A_M_1.9999999999999998_1.0_548,25.26,2.31,0.73,-0.33,-0.5,-0.68,0.15
A_M_1.9999999999999998_1.0_549,23.99,2.31,0.73,-0.33,-0.5,-0.68,0.15
A_M_1.9999999999999998_1.0_550,22.55,2.31,0.73,-0.33,-0.5,-0.68,0.15
A_M_1.9999999999999998_1.0_551,24.7,2.31,0.73,-0.33,-0.5,-0.68,0.15
A_M_1.9999999999999998_1.0_552,22.31,2.31,0.73,-0.33,-0.5,-0.68,0.15
A_M_1.9999999999999998_1.0_553,24.6,2.31,0.73,-0.33,-0.5,-0.68,0.15
A_M_1.9999999999999998_1.0_554,25.51,2.31,0.73,-0.33,-0.5,-0.68,0.15
A_M_1.9999999999999998_1.0_555,23.67,2.31,0.73,-0.33,-0.5,-0.68,0.15
A_M_1.9999999999999998_1.0_556,21.69,2.31,0.73,-0.33,-0.5,-0.68,0.15
A_M_1.9999999999999998_1.0_557,24.46,2.31,0.73,-0.33,-0.5,-0.68,0.15
A_M_1.9999999999999998_1.0_558,24.09,2.31,0.73,-0.33,-0.5,-0.68,0.15
A_M_1.9999999999999998_1.0_559,21.81,2.31,0.73,-0.33,-0.5,-0.68,0.15
A_M_1.9999999999999998_1.0_560,22.62,2.31,0.73,-0.33,-0.5,-0.68,0.15
A_M_1.9999999999999998_1.0_561,23.07,2.31,0.73,-0.33,-0.5,-0.68,0.15
A_M_1.9999999999999998_1.0_562,25.14,2.31,0.73,-0.33,-0.5,-0.68,0.15
A_M_1.9999999999999998_1.0_563,24.5,2.31,0.73,-0.33,-0.5,-0.68,0.15
A_M_1.9999999999999998_1.0_564,25.49,2.31,0.73,-0.33,-0.5,-0.68,0.15
A_M_1.9999999999999998_1.0_565,23.95,2.31,0.73,-0.33,-0.5,-0.68,0.15
A_M_1.9999999999999998_1.0_566,24.38,2.31,0.73,-0.33,-0.5,-0.68,0.15
A_M_1.9999999999999998_1.0_567,24.71,2.31,0.73,-0.33,-0.5,-0.68,0.15
A_M_1.9999999999999998_1.0_568,24.61,2.31,0.73,-0.33,-0.5,-0.68,0.15
A_M_1.9999999999999998_1.0_569,25.19,2.31,0.73,-0.33,-0.5,-0.68,0.15
A_M_1.9999999999999998_1.0_570,24.99,2.31,0.73,-0.33,-0.5,-0.68,0.15
A_M_1.9999999999999998_1.0_571,24.77,2.31,0.73,-0.33,-0.5,-0.68,0.15
A_M_1.9999999999999998_1.0_572,24.51,2.31,0.73,-0.33,-0.5,-0.68,0.15
A_M_1.9999999999999998_1.0_573,23.75,2.31,0.73,-0.33,-0.5,-0.68,0.15
A_M_1.9999999999999998_1.0_574,24.61,2.31,0.73,-0.33,-0.5,-0.68,0.15
A_M_1.9999999999999998_1.0_575,25.33,2.31,0.73,-0.33,-0.5,-0.68,0.15
A_M_1.9999999999999998_1.0_576,25.6,2.31,0.73,-0.33,-0.5,-0.68,0.15
A_M_1.9999999999999998_1.0_577,23.97,2.31,0.73,-0.33,-0.5,-0.68,0.15
A_M_1.9999999999999998_1.0_578,25.59,2.31,0.73,-0.33,-0.5,-0.68,0.15
A_M_1.9999999999999998_1.0_579,24.72,2.31,0.73,-0.33,-0.5,-0.68,0.15
A_M_1.9999999999999998_1.0_580,24.9,2.31,0.73,-0.33,-0.5,-0.68,0.15
A_M_1.9999999999999998_1.0_581,24.01,2.31,0.73,-0.33,-0.5,-0.68,0.15
A_M_1.9999999999999998_1.0_582,24.96,2.31,0.73,-0.33,-0.5,-0.68,0.15
A_M_1.9999999999999998_1.0_583,24.98,2.31,0.73,-0.33,-0.5,-0.68,0.15
A_M_1.9999999999999998_1.0_584,25.35,2.31,0.73,-0.33,-0.5,-0.68,0.15
A_M_1.9999999999999998_1.0_585,25.44,2.31,0.73,-0.33,-0.5,-0.68,0.15
A_M_1.9999999999999998_1.0_586,23.8,2.31,0.73,-0.33,-0.5,-0.68,0.15
A_M_1.9999999999999998_1.0_587,24.84,2.31,0.73,-0.33,-0.5,-0.68,0.15
A_M_1.9999999999999998_1.0_588,22.19,2.31,0.73,-0.33,-0.5,-0.68,0.15
A_M_1.9999999999999998_1.0_589,25.59,2.31,0.73,-0.33,-0.5,-0.68,0.15
A_M_1.9999999999999998_1.0_590,18.06,2.31,0.73,-0.33,-0.5,-0.68,0.15
A_M_1.9999999999999998_1.0_591,20.1,2.31,0.73,-0.33,-0.5,-0.68,0.15
A_M_1.9999999999999998_1.0_592,25.28,2.31,0.73,-0.33,-0.5,-0.68,0.15
A_M_1.9999999999999998_1.0_593,25.34,2.31,0.73,-0.33,-0.5,-0.68,0.15
A_M_1.9999999999999998_1.0_594,25.49,2.31,0.73,-0.33,-0.5,-0.68,0.15
A_M_1.9999999999999998_1.0_595,25.24,2.31,0.73,-0.33,-0.5,-0.68,0.15
A_M_1.9999999999999998_1.0_596,24.07,2.31,0.73,-0.33,-0.5,-0.68,0.15
A_M_1.9999999999999998_1.0_597,24.88,2.31,0.73,-0.33,-0.5,-0.68,0.15
A_M_1.9999999999999998_1.0_598,23.02,2.31,0.73,-0.33,-0.5,-0.68,0.15
A_M_1.9999999999999998_1.0_599,18.41,2.31,0.73,-0.33,-0.5,-0.68,0.15
A_M_1.9999999999999998_1.0_600,24.8,2.31,0.73,-0.33,-0.5,-0.68,0.15
A_M_1.9999999999999998_1.0_601,25.42,2.31,0.73,-0.33,-0.5,-0.68,0.15
A_M_1.9999999999999998_1.0_602,25.27,2.31,0.73,-0.33,-0.5,-0.68,0.15
A_M_1.9999999999999998_1.0_603,25.2,2.31,0.73,-0.33,-0.5,-0.68,0.15
A_M_1.9999999999999998_1.0_604,21.78,2.31,0.73,-0.33,-0.5,-0.68,0.15
A_M_1.9999999999999998_1.0_605,24.56,2.31,0.73,-0.33,-0.5,-0.68,0.15
A_M_1.9999999999999998_1.0_606,25.32,2.31,0.73,-0.33,-0.5,-0.68,0.15
A_M_1.9999999999999998_1.0_607,22.32,2.31,0.73,-0.33,-0.5,-0.68,0.15
A_M_1.9999999999999998_1.0_608,24.38,2.31,0.73,-0.33,-0.5,-0.68,0.15
A_M_1.9999999999999998_1.0_609,25.13,2.31,0.73,-0.33,-0.5,-0.68,0.15
A_M_1.9999999999999998_1.0_610,25.42,2.31,0.73,-0.33,-0.5,-0.68,0.15
A_M_1.9999999999999998_1.0_611,24.03,2.31,0.73,-0.33,-0.5,-0.68,0.15
A_M_1.9999999999999998_1.0_612,21.01,2.31,0.73,-0.33,-0.5,-0.68,0.15
A_M_1.9999999999999998_1.0_613,25.14,2.31,0.73,-0.33,-0.5,-0.68,0.15
A_M_1.9999999999999998_1.0_614,23.69,2.31,0.73,-0.33,-0.5,-0.68,0.15
A_M_1.9999999999999998_1.0_615,20.82,2.31,0.73,-0.33,-0.5,-0.68,0.15
A_M_1.9999999999999998_1.0_616,22.78,2.31,0.73,-0.33,-0.5,-0.68,0.15
A_M_1.9999999999999998_1.0_617,24.09,2.31,0.73,-0.33,-0.5,-0.68,0.15
A_M_1.9999999999999998_1.0_618,24.51,2.31,0.73,-0.33,-0.5,-0.68,0.15
A_M_1.9999999999999998_1.0_619,25.46,2.31,0.73,-0.33,-0.5,-0.68,0.15
A_M_1.9999999999999998_1.0_620,23.59,2.31,0.73,-0.33,-0.5,-0.68,0.15
A_M_1.9999999999999998_1.0_621,21.33,2.31,0.73,-0.33,-0.5,-0.68,0.15
A_M_1.9999999999999998_1.0_622,24.5,2.31,0.73,-0.33,-0.5,-0.68,0.15
A_M_1.9999999999999998_1.0_623,25.56,2.31,0.73,-0.33,-0.5,-0.68,0.15
A_M_1.9999999999999998_1.0_624,21.34,2.31,0.73,-0.33,-0.5,-0.68,0.15
A_M_1.9999999999999998_1.0_625,24.39,2.31,0.73,-0.33,-0.5,-0.68,0.15
A_M_1.9999999999999998_1.0_626,21.34,2.31,0.73,-0.33,-0.5,-0.68,0.15
A_M_1.9999999999999998_1.0_627,24.23,2.31,0.73,-0.33,-0.5,-0.68,0.15
A_M_1.9999999999999998_1.0_628,24.98,2.31,0.73,-0.33,-0.5,-0.68,0.15
A_M_1.9999999999999998_1.0_629,25.39,2.31,0.73,-0.33,-0.5,-0.68,0.15
A_M_1.9999999999999998_1.0_630,25.4,2.31,0.73,-0.33,-0.5,-0.68,0.15
A_M_1.9999999999999998_1.0_631,22.27,2.31,0.73,-0.33,-0.5,-0.68,0.15
A_M_1.9999999999999998_1.0_632,25.54,2.31,0.73,-0.33,-0.5,-0.68,0.15
A_M_1.9999999999999998_1.0_633,25.43,2.31,0.73,-0.33,-0.5,-0.68,0.15
A_M_1.9999999999999998_1.0_634,23.42,2.31,0.73,-0.33,-0.5,-0.68,0.15
A_M_1.9999999999999998_1.0_635,18.9,2.31,0.73,-0.33,-0.5,-0.68,0.15
A_M_1.9999999999999998_1.0_636,25.16,2.31,0.73,-0.33,-0.5,-0.68,0.15
A_M_1.9999999999999998_1.0_637,25.44,2.31,0.73,-0.33,-0.5,-0.68,0.15
A_M_1.9999999999999998_1.0_638,24.84,2.31,0.73,-0.33,-0.5,-0.68,0.15
A_M_1.9999999999999998_1.0_639,22.78,2.31,0.73,-0.33,-0.5,-0.68,0.15
A_M_1.9999999999999998_1.0_640,24.1,2.31,0.73,-0.33,-0.5,-0.68,0.15
A_M_1.9999999999999998_1.0_641,25.45,2.31,0.73,-0.33,-0.5,-0.68,0.15
A_M_1.9999999999999998_1.0_642,25.2,2.31,0.73,-0.33,-0.5,-0.68,0.15
A_M_1.9999999999999998_1.0_643,21.79,2.31,0.73,-0.33,-0.5,-0.68,0.15
A_M_1.9999999999999998_1.0_644,24.66,2.31,0.73,-0.33,-0.5,-0.68,0.15
A_M_1.9999999999999998_1.0_645,25.04,2.31,0.73,-0.33,-0.5,-0.68,0.15
A_M_1.9999999999999998_1.0_646,25.48,2.31,0.73,-0.33,-0.5,-0.68,0.15
A_M_1.9999999999999998_1.0_647,25.4,2.31,0.73,-0.33,-0.5,-0.68,0.15
A_M_1.9999999999999998_1.0_648,24.61,2.31,0.73,-0.33,-0.5,-0.68,0.15
A_M_1.9999999999999998_1.0_649,24.1,2.31,0.73,-0.33,-0.5,-0.68,0.15
A_M_1.9999999999999998_1.0_650,25.38,2.31,0.73,-0.33,-0.5,-0.68,0.15
A_M_1.9999999999999998_1.0_651,16.89,2.31,0.73,-0.33,-0.5,-0.68,0.15
A_M_1.9999999999999998_1.0_652,23.36,2.31,0.73,-0.33,-0.5,-0.68,0.15
A_M_1.9999999999999998_1.0_653,24.84,2.31,0.73,-0.33,-0.5,-0.68,0.15
A_M_1.9999999999999998_1.0_654,24.6,2.31,0.73,-0.33,-0.5,-0.68,0.15
A_M_1.9999999999999998_1.0_655,24.66,2.31,0.73,-0.33,-0.5,-0.68,0.15
A_M_1.9999999999999998_1.0_656,23.45,2.31,0.73,-0.33,-0.5,-0.68,0.15
A_M_1.9999999999999998_1.0_657,23.41,2.31,0.73,-0.33,-0.5,-0.68,0.15
A_M_1.9999999999999998_1.0_658,24.67,2.31,0.73,-0.33,-0.5,-0.68,0.15
A_M_1.9999999999999998_1.0_659,24.39,2.31,0.73,-0.33,-0.5,-0.68,0.15
A_M_1.9999999999999998_1.0_660,24.47,2.31,0.73,-0.33,-0.5,-0.68,0.15
A_M_1.9999999999999998_1.0_661,24.86,2.31,0.73,-0.33,-0.5,-0.68,0.15
A_M_1.9999999999999998_1.0_662,25.58,2.31,0.73,-0.33,-0.5,-0.68,0.15
A_M_1.9999999999999998_1.0_663,25.52,2.31,0.73,-0.33,-0.5,-0.68,0.15
A_M_1.9999999999999998_1.0_664,19.96,2.31,0.73,-0.33,-0.5,-0.68,0.15
A_M_1.9999999999999998_1.0_665,24.74,2.31,0.73,-0.33,-0.5,-0.68,0.15
A_M_1.9999999999999998_1.0_666,24.72,2.31,0.73,-0.33,-0.5,-0.68,0.15
A_M_1.9999999999999998_1.0_667,24.41,2.31,0.73,-0.33,-0.5,-0.68,0.15
A_M_1.9999999999999998_1.0_668,24.34,2.31,0.73,-0.33,-0.5,-0.68,0.15
A_M_1.9999999999999998_1.0_669,19.1,2.31,0.73,-0.33,-0.5,-0.68,0.15
A_M_1.9999999999999998_1.0_670,24.96,2.31,0.73,-0.33,-0.5,-0.68,0.15
A_M_1.9999999999999998_1.0_671,25.01,2.31,0.73,-0.33,-0.5,-0.68,0.15
A_M_1.9999999999999998_1.0_672,23.7,2.31,0.73,-0.33,-0.5,-0.68,0.15
A_M_1.9999999999999998_1.0_673,24.05,2.31,0.73,-0.33,-0.5,-0.68,0.15
A_M_1.9999999999999998_1.0_674,21.55,2.31,0.73,-0.33,-0.5,-0.68,0.15
A_M_1.9999999999999998_1.0_675,25.6,2.31,0.73,-0.33,-0.5,-0.68,0.15
A_M_1.9999999999999998_1.0_676,23.5,2.31,0.73,-0.33,-0.5,-0.68,0.15
A_M_1.9999999999999998_1.0_677,23.75,2.31,0.73,-0.33,-0.5,-0.68,0.15
A_M_1.9999999999999998_1.0_678,24.12,2.31,0.73,-0.33,-0.5,-0.68,0.15
A_M_1.9999999999999998_1.0_679,23.52,2.31,0.73,-0.33,-0.5,-0.68,0.15
