ObjID,FORMAT,q,e,inc,node,argPeri,t_p_MJD_TDB,epochMJD_TDB
A_M_1.5999999999999999_1.0_0,COM,1.271128,1.014066,1.351,0.773,0.516,62279.34914487724,60980.00158187724
A_M_1.5999999999999999_1.0_1,COM,0.373353,1.009535,1.209,0.587,2.051,63546.37110887724,60980.00158187724
A_M_1.5999999999999999_1.0_2,COM,0.617911,1.024109,2.079,3.713,0.628,61033.51934287724,60980.00158187724
A_M_1.5999999999999999_1.0_3,COM,2.188305,1.171367,1.976,0.73,4.748,61671.39172187724,60980.00158187724
A_M_1.5999999999999999_1.0_4,COM,0.031704,1.002502,1.501,2.848,3.13,63880.975031877235,60980.00158187724
A_M_1.5999999999999999_1.0_5,COM,1.432459,1.122034,0.793,4.811,1.57,61724.675834877235,60980.00158187724
A_M_1.5999999999999999_1.0_6,COM,0.340203,1.033907,1.17,0.974,5.414,61642.554680877234,60980.00158187724
A_M_1.5999999999999999_1.0_7,COM,0.644191,1.061267,1.83,4.906,1.916,62641.50413987724,60980.00158187724
A_M_1.5999999999999999_1.0_8,COM,0.879143,1.096414,1.929,4.508,4.618,63969.306553877235,60980.00158187724
A_M_1.5999999999999999_1.0_9,COM,1.559462,1.17942,1.621,6.156,1.138,62091.53509887724,60980.00158187724
A_M_1.5999999999999999_1.0_10,COM,1.37531,1.171032,0.791,5.653,0.971,64195.97384087724,60980.00158187724
A_M_1.5999999999999999_1.0_11,COM,0.612181,1.07295,1.188,2.892,5.174,62374.80486087724,60980.00158187724
A_M_1.5999999999999999_1.0_12,COM,1.550938,1.179476,2.338,3.809,3.668,62346.22854387724,60980.00158187724
A_M_1.5999999999999999_1.0_13,COM,0.56505,1.069023,0.425,0.841,3.112,61657.763634877236,60980.00158187724
A_M_1.5999999999999999_1.0_14,COM,0.0049,1.00064,0.466,4.79,4.767,62106.44255087724,60980.00158187724
A_M_1.5999999999999999_1.0_15,COM,0.765828,1.136961,0.993,5.362,6.079,64006.292068877236,60980.00158187724
A_M_1.5999999999999999_1.0_16,COM,1.376062,1.250738,2.434,4.261,0.248,62502.05912087724,60980.00158187724
A_M_1.5999999999999999_1.0_17,COM,1.148062,1.252694,0.768,3.561,4.681,63755.29281187724,60980.00158187724
A_M_1.5999999999999999_1.0_18,COM,1.401767,1.276365,1.97,1.745,5.548,61689.60548487724,60980.00158187724
A_M_1.5999999999999999_1.0_19,COM,1.745774,1.39439,1.903,3.448,4.619,64414.26639887724,60980.00158187724
A_M_1.5999999999999999_1.0_20,COM,0.841197,1.190794,1.523,3.377,6.135,62760.53041187724,60980.00158187724
A_M_1.5999999999999999_1.0_21,COM,0.96164,1.237465,1.441,3.784,2.895,62348.58197087724,60980.00158187724
A_M_1.5999999999999999_1.0_22,COM,1.798539,1.483597,1.65,3.121,3.221,61454.84748487724,60980.00158187724
A_M_1.5999999999999999_1.0_23,COM,0.054645,1.015113,0.967,6.184,2.735,62165.49850987724,60980.00158187724
A_M_1.5999999999999999_1.0_24,COM,1.121565,1.320196,1.281,5.378,0.755,63291.521883877234,60980.00158187724
A_M_1.5999999999999999_1.0_25,COM,0.439359,1.113286,1.801,1.328,3.895,64210.95230487724,60980.00158187724
A_M_1.5999999999999999_1.0_26,COM,1.80776,1.566416,1.056,2.574,6.19,64606.48484987724,60980.00158187724
A_M_1.5999999999999999_1.0_27,COM,0.345296,1.112697,1.518,4.888,3.086,64625.75132787724,60980.00158187724
A_M_1.5999999999999999_1.0_28,COM,0.844659,1.277684,1.11,2.295,3.609,64019.953580877234,60980.00158187724
A_M_1.5999999999999999_1.0_29,COM,1.348703,1.437285,1.134,0.653,4.334,63675.72583287724,60980.00158187724
A_M_1.5999999999999999_1.0_30,COM,1.370647,1.414492,1.887,2.952,1.572,62723.93435387724,60980.00158187724
A_M_1.5999999999999999_1.0_31,COM,1.32561,1.414513,0.779,0.1,4.972,64306.93161287724,60980.00158187724
A_M_1.5999999999999999_1.0_32,COM,0.842607,1.295708,2.177,4.242,2.047,61048.96997587724,60980.00158187724
A_M_1.5999999999999999_1.0_33,COM,0.610817,1.214826,0.504,4.16,2.351,61491.15887287724,60980.00158187724
A_M_1.5999999999999999_1.0_34,COM,0.002915,1.001039,2.681,1.145,1.644,64399.14055487724,60980.00158187724
A_M_1.5999999999999999_1.0_35,COM,0.76071,1.289554,1.686,1.477,1.539,63401.06991687724,60980.00158187724
A_M_1.5999999999999999_1.0_36,COM,0.479629,1.191642,0.777,2.818,3.822,61396.473185877236,60980.00158187724
A_M_1.5999999999999999_1.0_37,COM,1.354966,1.530281,1.911,1.391,0.065,61848.64453387724,60980.00158187724
A_M_1.5999999999999999_1.0_38,COM,0.27362,1.102111,1.203,2.032,3.041,63575.24191987724,60980.00158187724
A_M_1.5999999999999999_1.0_39,COM,0.312032,1.140106,1.466,1.012,1.846,62108.421449877234,60980.00158187724
A_M_1.5999999999999999_1.0_40,COM,1.284086,1.53681,1.227,2.175,5.22,61478.48204287724,60980.00158187724
A_M_1.5999999999999999_1.0_41,COM,0.283485,1.12982,2.592,5.154,3.058,61894.591308877236,60980.00158187724
A_M_1.5999999999999999_1.0_42,COM,0.726164,1.342084,0.709,1.936,4.902,61002.78973287724,60980.00158187724
A_M_1.5999999999999999_1.0_43,COM,1.90814,1.903235,2.51,2.793,4.529,62967.943500877234,60980.00158187724
A_M_1.5999999999999999_1.0_44,COM,1.203322,1.603936,1.093,2.644,4.203,63173.07937187724,60980.00158187724
A_M_1.5999999999999999_1.0_45,COM,1.277497,1.663402,1.404,6.208,3.45,61756.536111877234,60980.00158187724
A_M_1.5999999999999999_1.0_46,COM,0.784639,1.426045,1.133,3.759,2.087,62465.09950787724,60980.00158187724
A_M_1.5999999999999999_1.0_47,COM,1.274196,1.657198,0.739,1.639,5.167,62751.300877877235,60980.00158187724
A_M_1.5999999999999999_1.0_48,COM,1.244276,1.672984,2.269,1.566,5.952,63731.701799877235,60980.00158187724
A_M_1.5999999999999999_1.0_49,COM,0.902875,1.515818,0.794,0.512,5.818,63945.90156587724,60980.00158187724
A_M_1.5999999999999999_1.0_50,COM,0.981548,1.584533,1.807,3.068,1.28,61816.60008787724,60980.00158187724
A_M_1.5999999999999999_1.0_51,COM,2.323941,2.466762,1.115,2.386,3.592,61380.59232887724,60980.00158187724
A_M_1.5999999999999999_1.0_52,COM,3.792756,3.457264,1.916,0.151,4.999,63102.345327877236,60980.00158187724
A_M_1.5999999999999999_1.0_53,COM,1.802868,2.101205,1.275,2.35,4.468,63063.24648987724,60980.00158187724
A_M_1.5999999999999999_1.0_54,COM,0.308774,1.198816,0.491,0.563,5.716,62469.828235877234,60980.00158187724
A_M_1.5999999999999999_1.0_55,COM,0.820966,1.524852,1.544,2.284,1.641,62387.245403877234,60980.00158187724
A_M_1.5999999999999999_1.0_56,COM,0.899542,1.558886,1.906,3.394,3.936,60956.642566877235,60980.00158187724
A_M_1.5999999999999999_1.0_57,COM,1.924017,2.315114,1.808,0.493,5.903,63949.196037877235,60980.00158187724
A_M_1.5999999999999999_1.0_58,COM,0.486475,1.335938,2.138,2.378,1.166,64353.54587687724,60980.00158187724
A_M_1.5999999999999999_1.0_59,COM,1.579728,2.064585,2.009,4.983,3.695,64233.23134187724,60980.00158187724
A_M_1.5999999999999999_1.0_60,COM,2.583821,2.811766,0.76,0.905,5.244,63085.945182877236,60980.00158187724
A_M_1.5999999999999999_1.0_61,COM,0.868898,1.592819,1.234,2.029,4.568,64139.71842387724,60980.00158187724
A_M_1.5999999999999999_1.0_62,COM,2.036224,2.340069,1.884,3.297,3.693,62656.48511787724,60980.00158187724
A_M_1.5999999999999999_1.0_63,COM,2.999251,3.28516,1.245,4.228,4.58,62805.57321487724,60980.00158187724
A_M_1.5999999999999999_1.0_64,COM,1.487091,2.080426,1.87,2.383,3.826,61051.51241687724,60980.00158187724
A_M_1.5999999999999999_1.0_65,COM,1.083663,1.819477,0.842,0.923,4.381,62149.87435187724,60980.00158187724
A_M_1.5999999999999999_1.0_66,COM,0.738732,1.555444,2.463,1.053,0.909,62022.432822877236,60980.00158187724
A_M_1.5999999999999999_1.0_67,COM,0.377232,1.267609,1.951,4.622,2.113,61298.45239387724,60980.00158187724
A_M_1.5999999999999999_1.0_68,COM,0.730293,1.565654,0.308,5.682,2.303,61638.70015587724,60980.00158187724
A_M_1.5999999999999999_1.0_69,COM,1.265942,1.993148,0.636,6.267,5.681,61176.691522877234,60980.00158187724
A_M_1.5999999999999999_1.0_70,COM,1.188558,1.979657,1.205,3.611,3.542,64258.54213787724,60980.00158187724
A_M_1.5999999999999999_1.0_71,COM,1.137842,1.938413,2.552,4.942,2.737,64044.84758987724,60980.00158187724
A_M_1.5999999999999999_1.0_72,COM,0.80222,1.648836,1.157,6.157,4.153,61638.158815877236,60980.00158187724
A_M_1.5999999999999999_1.0_73,COM,1.311955,2.106569,0.336,5.33,1.318,62885.10986087724,60980.00158187724
A_M_1.5999999999999999_1.0_74,COM,0.865317,1.74053,2.473,0.823,5.49,61242.308616877235,60980.00158187724
A_M_1.5999999999999999_1.0_75,COM,1.410451,2.17533,0.724,4.022,3.403,62587.21737287724,60980.00158187724
A_M_1.5999999999999999_1.0_76,COM,0.694364,1.613102,2.384,4.86,3.248,62478.95668787724,60980.00158187724
A_M_1.5999999999999999_1.0_77,COM,0.47833,1.405021,1.121,0.399,5.958,64422.82859987724,60980.00158187724
A_M_1.5999999999999999_1.0_78,COM,1.042845,1.872728,1.989,4.155,3.114,61385.56222187724,60980.00158187724
A_M_1.5999999999999999_1.0_79,COM,1.722233,2.557273,1.067,0.099,4.922,63439.59426187724,60980.00158187724
A_M_1.5999999999999999_1.0_80,COM,0.879764,1.782705,2.233,1.705,0.261,63096.841713877235,60980.00158187724
A_M_1.5999999999999999_1.0_81,COM,0.28284,1.252078,2.155,2.722,3.315,64360.66808387724,60980.00158187724
A_M_1.5999999999999999_1.0_82,COM,0.377592,1.338408,2.346,2.014,3.021,62552.60399287724,60980.00158187724
A_M_1.5999999999999999_1.0_83,COM,1.222109,2.132759,1.957,4.751,2.156,64162.78049687724,60980.00158187724
A_M_1.5999999999999999_1.0_84,COM,0.767834,1.719954,1.658,1.253,4.78,60957.60892287724,60980.00158187724
A_M_1.5999999999999999_1.0_85,COM,0.556446,1.504139,0.72,2.996,3.79,62816.53201887724,60980.00158187724
A_M_1.5999999999999999_1.0_86,COM,0.685053,1.652971,2.355,5.813,3.763,62818.561177877236,60980.00158187724
A_M_1.5999999999999999_1.0_87,COM,0.967184,1.983345,1.034,3.17,2.495,64435.689868877234,60980.00158187724
A_M_1.5999999999999999_1.0_88,COM,0.865265,1.8595,1.747,0.749,4.682,63299.17718287724,60980.00158187724
A_M_1.5999999999999999_1.0_89,COM,0.472652,1.451419,0.973,3.025,3.081,63903.86429287724,60980.00158187724
A_M_1.5999999999999999_1.0_90,COM,0.947649,1.956954,1.407,1.166,4.203,63129.56580387724,60980.00158187724
A_M_1.5999999999999999_1.0_91,COM,0.866406,1.913827,1.412,6.251,4.344,64156.33147487724,60980.00158187724
A_M_1.5999999999999999_1.0_92,COM,1.208068,2.290872,1.043,3.284,0.807,63063.412423877235,60980.00158187724
A_M_1.5999999999999999_1.0_93,COM,1.955547,3.034142,0.725,0.724,5.742,62036.80665087724,60980.00158187724
A_M_1.5999999999999999_1.0_94,COM,0.26225,1.268516,1.668,1.573,1.099,62532.26164187724,60980.00158187724
A_M_1.5999999999999999_1.0_95,COM,0.273191,1.295473,1.096,0.266,3.773,63252.62107987724,60980.00158187724
A_M_1.5999999999999999_1.0_96,COM,1.090554,2.111692,2.418,4.023,1.963,61778.56446687724,60980.00158187724
A_M_1.5999999999999999_1.0_97,COM,0.116375,1.119671,0.592,1.449,5.933,62628.57279387724,60980.00158187724
A_M_1.5999999999999999_1.0_98,COM,0.802659,1.82666,1.09,6.192,5.211,61931.81341887724,60980.00158187724
A_M_1.5999999999999999_1.0_99,COM,1.226376,2.358567,1.183,3.967,0.976,62658.00188087724,60980.00158187724
A_M_1.5999999999999999_1.0_100,COM,1.163443,2.328657,0.983,3.789,2.124,62885.44594087724,60980.00158187724
A_M_1.5999999999999999_1.0_101,COM,1.514775,2.655481,1.58,5.495,5.145,63578.37695487724,60980.00158187724
A_M_1.5999999999999999_1.0_102,COM,0.030892,1.03439,2.209,2.685,4.37,61313.70527587724,60980.00158187724
A_M_1.5999999999999999_1.0_103,COM,1.528962,2.734584,2.222,1.667,5.38,62910.678504877236,60980.00158187724
A_M_1.5999999999999999_1.0_104,COM,0.752974,1.844359,1.863,2.348,3.275,61146.84303187724,60980.00158187724
A_M_1.5999999999999999_1.0_105,COM,1.016651,2.143368,1.146,4.525,5.019,63192.34970087724,60980.00158187724
A_M_1.5999999999999999_1.0_106,COM,0.366921,1.405653,2.17,1.954,3.431,62937.96199887724,60980.00158187724
A_M_1.5999999999999999_1.0_107,COM,1.120569,2.263854,2.516,4.258,1.122,63505.95069087724,60980.00158187724
A_M_1.5999999999999999_1.0_108,COM,0.891388,2.074305,2.306,1.661,5.888,63944.473099877236,60980.00158187724
A_M_1.5999999999999999_1.0_109,COM,3.889068,5.759762,1.168,2.708,3.873,63876.19042187724,60980.00158187724
A_M_1.5999999999999999_1.0_110,COM,1.126562,2.309701,1.812,0.171,3.369,61293.19963487724,60980.00158187724
A_M_1.5999999999999999_1.0_111,COM,1.185119,2.435853,2.239,1.855,4.845,63472.08192687724,60980.00158187724
A_M_1.5999999999999999_1.0_112,COM,0.520319,1.626863,2.321,5.252,2.856,62428.53513087724,60980.00158187724
A_M_1.5999999999999999_1.0_113,COM,1.530054,2.844763,1.83,2.747,3.816,62623.52862287724,60980.00158187724
A_M_1.5999999999999999_1.0_114,COM,1.410849,2.684435,1.747,0.19,4.116,61301.028118877235,60980.00158187724
A_M_1.5999999999999999_1.0_115,COM,1.355168,2.603429,2.34,6.194,1.792,61064.124794877236,60980.00158187724
A_M_1.5999999999999999_1.0_116,COM,0.081183,1.098131,2.215,1.418,4.567,61696.397056877235,60980.00158187724
A_M_1.5999999999999999_1.0_117,COM,0.11008,1.130684,0.952,6.003,3.945,61417.26203387724,60980.00158187724
A_M_1.5999999999999999_1.0_118,COM,1.968959,3.377155,0.984,3.341,4.259,62311.06126887724,60980.00158187724
A_M_1.5999999999999999_1.0_119,COM,1.931647,3.288877,1.009,1.512,1.829,61639.21935187724,60980.00158187724
A_M_1.5999999999999999_1.0_120,COM,0.666615,1.835032,1.361,0.416,3.918,63868.257248877235,60980.00158187724
A_M_1.5999999999999999_1.0_121,COM,1.672973,3.134133,2.845,3.025,3.255,61079.00418387724,60980.00158187724
A_M_1.5999999999999999_1.0_122,COM,0.826723,2.076749,1.253,3.684,3.536,61986.184797877235,60980.00158187724
A_M_1.5999999999999999_1.0_123,COM,1.075554,2.340355,2.243,0.244,4.07,61695.005742877234,60980.00158187724
A_M_1.5999999999999999_1.0_124,COM,4.586,6.975666,1.579,5.711,3.608,63315.69787487724,60980.00158187724
A_M_1.5999999999999999_1.0_125,COM,2.80824,4.845835,1.473,1.989,4.2,63432.402236877235,60980.00158187724
A_M_1.5999999999999999_1.0_126,COM,0.24515,1.329573,2.378,1.742,4.33,61048.92493787724,60980.00158187724
A_M_1.5999999999999999_1.0_127,COM,0.670686,1.906896,2.452,3.43,1.565,64198.87430987724,60980.00158187724
A_M_1.5999999999999999_1.0_128,COM,0.458497,1.634047,1.024,4.839,0.609,64526.128792877236,60980.00158187724
A_M_1.5999999999999999_1.0_129,COM,0.951468,2.254729,1.598,5.574,2.054,63942.648604877235,60980.00158187724
A_M_1.5999999999999999_1.0_130,COM,8.675342,13.615303,1.223,0.046,5.149,62365.72238287724,60980.00158187724
A_M_1.5999999999999999_1.0_131,COM,0.706371,2.030692,0.983,0.514,2.701,62404.38218987724,60980.00158187724
A_M_1.5999999999999999_1.0_132,COM,1.494181,3.131731,2.059,5.56,2.582,61827.41815287724,60980.00158187724
A_M_1.5999999999999999_1.0_133,COM,1.133103,2.642173,2.135,0.767,3.63,64403.31301087724,60980.00158187724
A_M_1.5999999999999999_1.0_134,COM,1.362593,2.984561,0.636,3.681,4.836,63963.68005587724,60980.00158187724
A_M_1.5999999999999999_1.0_135,COM,2.62113,5.015527,0.517,0.67,4.565,63987.128360877236,60980.00158187724
A_M_1.5999999999999999_1.0_136,COM,1.404916,3.109259,1.885,3.486,3.327,63129.18796487724,60980.00158187724
A_M_1.5999999999999999_1.0_137,COM,1.181975,2.802016,1.423,3.765,2.071,61196.402731877235,60980.00158187724
A_M_1.5999999999999999_1.0_138,COM,0.6496,1.98983,0.853,2.626,5.254,61935.98282487724,60980.00158187724
A_M_1.5999999999999999_1.0_139,COM,1.656974,3.523947,1.123,3.519,2.049,62312.742465877236,60980.00158187724
A_M_1.5999999999999999_1.0_140,COM,0.18165,1.267936,0.857,4.948,3.482,61090.46119887724,60980.00158187724
A_M_1.5999999999999999_1.0_141,COM,1.152036,2.816827,2.307,1.552,1.212,61126.631302877235,60980.00158187724
A_M_1.5999999999999999_1.0_142,COM,1.176958,2.829257,0.712,0.847,2.992,63780.24561387724,60980.00158187724
A_M_1.5999999999999999_1.0_143,COM,0.720517,2.157526,0.799,0.085,4.29,61068.24299587724,60980.00158187724
A_M_1.5999999999999999_1.0_144,COM,2.804232,5.48598,1.185,4.514,3.129,64062.851687877235,60980.00158187724
A_M_1.5999999999999999_1.0_145,COM,2.054728,4.222183,1.741,2.012,2.006,63977.47199387724,60980.00158187724
A_M_1.5999999999999999_1.0_146,COM,0.909459,2.47739,0.752,0.435,0.626,64514.80257087724,60980.00158187724
A_M_1.5999999999999999_1.0_147,COM,0.076797,1.120683,1.102,2.401,2.02,63115.90790087724,60980.00158187724
A_M_1.5999999999999999_1.0_148,COM,4.295735,8.197748,2.313,6.269,2.815,64201.879285877236,60980.00158187724
A_M_1.5999999999999999_1.0_149,COM,0.352147,1.576763,0.814,0.731,5.916,62022.63431787724,60980.00158187724
A_M_1.5999999999999999_1.0_150,COM,1.989414,4.253647,0.934,4.666,2.294,61460.009848877235,60980.00158187724
A_M_1.5999999999999999_1.0_151,COM,1.419225,3.438641,0.786,1.598,4.94,61786.59369887724,60980.00158187724
A_M_1.5999999999999999_1.0_152,COM,0.734244,2.310152,1.793,5.507,4.664,63420.04641287724,60980.00158187724
A_M_1.5999999999999999_1.0_153,COM,0.718328,2.236071,0.657,2.775,3.573,61623.627996877236,60980.00158187724
A_M_1.5999999999999999_1.0_154,COM,0.945217,2.646881,1.012,2.263,4.165,64562.620063877235,60980.00158187724
A_M_1.5999999999999999_1.0_155,COM,1.337643,3.392145,2.055,3.782,1.41,64380.989557877234,60980.00158187724
A_M_1.5999999999999999_1.0_156,COM,0.754002,2.360294,0.666,5.27,1.359,61890.12173087724,60980.00158187724
A_M_1.5999999999999999_1.0_157,COM,1.306661,3.256099,0.694,5.537,3.999,63119.65050287724,60980.00158187724
A_M_1.5999999999999999_1.0_158,COM,2.784453,5.863075,0.515,2.573,0.353,62526.760686877235,60980.00158187724
A_M_1.5999999999999999_1.0_159,COM,1.204989,3.131783,2.281,1.922,1.572,63090.461516877236,60980.00158187724
A_M_1.5999999999999999_1.0_160,COM,1.34225,3.511982,1.104,4.187,3.476,61762.68051787724,60980.00158187724
A_M_1.5999999999999999_1.0_161,COM,1.459224,3.648607,0.514,3.19,2.836,63405.21014287724,60980.00158187724
A_M_1.5999999999999999_1.0_162,COM,1.129509,3.09016,1.02,1.736,2.618,63706.99616787724,60980.00158187724
A_M_1.5999999999999999_1.0_163,COM,1.515487,3.751664,2.403,4.268,4.5,61740.911262877235,60980.00158187724
A_M_1.5999999999999999_1.0_164,COM,3.263249,7.329476,0.827,4.839,2.258,63052.449520877235,60980.00158187724
A_M_1.5999999999999999_1.0_165,COM,0.211185,1.418596,0.954,4.98,1.817,63639.81885787724,60980.00158187724
A_M_1.5999999999999999_1.0_166,COM,0.646405,2.263899,1.78,0.525,1.858,63633.115141877235,60980.00158187724
A_M_1.5999999999999999_1.0_167,COM,0.504322,2.002692,2.077,3.699,4.346,61365.15883987724,60980.00158187724
A_M_1.5999999999999999_1.0_168,COM,0.611387,2.213102,0.513,2.588,4.207,63891.44396087724,60980.00158187724
A_M_1.5999999999999999_1.0_169,COM,1.227196,3.33974,2.026,1.403,3.885,62248.203003877235,60980.00158187724
A_M_1.5999999999999999_1.0_170,COM,0.49227,2.021785,1.272,4.862,4.196,62862.119118877235,60980.00158187724
A_M_1.5999999999999999_1.0_171,COM,0.177996,1.356026,1.336,1.49,5.063,63074.089350877235,60980.00158187724
A_M_1.5999999999999999_1.0_172,COM,1.427018,3.963524,1.073,3.91,4.905,62830.019135877235,60980.00158187724
A_M_1.5999999999999999_1.0_173,COM,0.505902,2.035167,1.296,0.402,5.457,62846.392326877234,60980.00158187724
A_M_1.5999999999999999_1.0_174,COM,1.474592,4.015562,2.256,3.272,1.337,61843.45961887724,60980.00158187724
A_M_1.5999999999999999_1.0_175,COM,1.614298,4.232364,2.077,5.761,3.166,63173.53185087724,60980.00158187724
A_M_1.5999999999999999_1.0_176,COM,0.122512,1.244816,1.764,0.255,5.117,63673.654409877236,60980.00158187724
A_M_1.5999999999999999_1.0_177,COM,1.404573,3.948725,1.097,1.927,4.219,62559.08418387724,60980.00158187724
A_M_1.5999999999999999_1.0_178,COM,0.69964,2.521635,1.176,2.029,2.602,62153.880812877236,60980.00158187724
A_M_1.5999999999999999_1.0_179,COM,3.788017,9.009466,1.517,5.053,4.22,64769.62192387724,60980.00158187724
A_M_1.5999999999999999_1.0_180,COM,2.189729,5.597311,2.583,0.999,4.77,63611.429445877235,60980.00158187724
A_M_1.5999999999999999_1.0_181,COM,1.317196,3.972471,1.897,2.11,2.035,61945.966372877236,60980.00158187724
A_M_1.5999999999999999_1.0_182,COM,0.695666,2.542625,1.587,5.122,3.929,64443.110991877234,60980.00158187724
A_M_1.5999999999999999_1.0_183,COM,0.857819,2.93189,1.281,0.533,3.708,63988.296239877236,60980.00158187724
A_M_1.5999999999999999_1.0_184,COM,0.275473,1.61979,3.004,4.676,5.473,62392.69419987724,60980.00158187724
A_M_1.5999999999999999_1.0_185,COM,0.699411,2.555228,0.175,1.512,5.218,63543.75235687724,60980.00158187724
A_M_1.5999999999999999_1.0_186,COM,1.792869,5.002525,1.144,3.777,1.153,61240.161095877236,60980.00158187724
A_M_1.5999999999999999_1.0_187,COM,0.699481,2.539019,1.318,2.931,3.49,63914.86922987724,60980.00158187724
A_M_1.5999999999999999_1.0_188,COM,1.022147,3.312954,1.663,2.557,2.811,61698.964331877236,60980.00158187724
A_M_1.5999999999999999_1.0_189,COM,37.945552,87.66665,2.527,3.636,0.42,64405.433017877236,60980.00158187724
A_M_1.5999999999999999_1.0_190,COM,0.435301,2.025883,0.93,5.445,3.408,60943.36054687724,60980.00158187724
A_M_1.5999999999999999_1.0_191,COM,1.611031,4.720286,1.189,5.153,2.358,62205.63095487724,60980.00158187724
A_M_1.5999999999999999_1.0_192,COM,1.142225,3.668307,1.318,4.604,3.797,61092.523884877235,60980.00158187724
A_M_1.5999999999999999_1.0_193,COM,4.255311,11.042086,2.285,4.295,1.379,64720.450940877236,60980.00158187724
A_M_1.5999999999999999_1.0_194,COM,1.86631,5.456769,0.479,2.13,3.393,63873.298237877236,60980.00158187724
A_M_1.5999999999999999_1.0_195,COM,4.094985,10.778306,1.925,0.113,2.287,63141.54078287724,60980.00158187724
A_M_1.5999999999999999_1.0_196,COM,1.335687,4.134866,2.373,5.926,2.873,62217.97197087724,60980.00158187724
A_M_1.5999999999999999_1.0_197,COM,1.602697,4.733418,1.887,4.555,4.818,64175.48379687724,60980.00158187724
A_M_1.5999999999999999_1.0_198,COM,3.876836,10.273577,1.544,1.449,0.943,61795.17421887724,60980.00158187724
A_M_1.5999999999999999_1.0_199,COM,0.496798,2.235942,2.317,5.561,2.791,64017.78203987724,60980.00158187724
A_M_1.5999999999999999_1.0_200,COM,0.884443,3.147503,2.437,4.7,1.991,61187.392329877235,60980.00158187724
A_M_1.5999999999999999_1.0_201,COM,1.817802,5.445407,1.112,5.276,5.633,61811.15104887724,60980.00158187724
A_M_1.5999999999999999_1.0_202,COM,0.611796,2.50883,2.011,1.188,3.484,61809.23503387724,60980.00158187724
A_M_1.5999999999999999_1.0_203,COM,1.661008,4.975395,2.326,3.705,2.487,61508.25560387724,60980.00158187724
A_M_1.5999999999999999_1.0_204,COM,1.401528,4.461757,0.143,3.017,5.811,64157.46548387724,60980.00158187724
A_M_1.5999999999999999_1.0_205,COM,0.970628,3.349873,0.596,4.115,2.16,61114.93367287724,60980.00158187724
A_M_1.5999999999999999_1.0_206,COM,1.108754,3.741985,1.677,1.264,2.987,64303.31502987724,60980.00158187724
A_M_1.5999999999999999_1.0_207,COM,0.684485,2.759791,2.35,0.031,3.501,64125.90968887724,60980.00158187724
A_M_1.5999999999999999_1.0_208,COM,1.091584,3.797627,0.246,4.214,2.313,63805.756968877235,60980.00158187724
A_M_1.5999999999999999_1.0_209,COM,0.919605,3.31783,0.874,3.601,2.628,63512.221982877236,60980.00158187724
A_M_1.5999999999999999_1.0_210,COM,0.82277,3.093236,2.521,2.939,1.833,62873.709881877236,60980.00158187724
A_M_1.5999999999999999_1.0_211,COM,7.153637,19.475293,2.032,4.486,1.332,61694.30000387724,60980.00158187724
A_M_1.5999999999999999_1.0_212,COM,2.501445,7.580041,2.006,2.62,5.146,63853.14139387724,60980.00158187724
A_M_1.5999999999999999_1.0_213,COM,0.947125,3.557596,2.011,1.325,2.17,62290.96242687724,60980.00158187724
A_M_1.5999999999999999_1.0_214,COM,0.323726,1.912903,1.155,3.133,3.238,64361.36149987724,60980.00158187724
A_M_1.5999999999999999_1.0_215,COM,1.082272,3.983692,2.9,4.036,4.393,63176.05869287724,60980.00158187724
A_M_1.5999999999999999_1.0_216,COM,3.606759,10.793469,0.842,5.905,3.691,63991.990810877236,60980.00158187724
A_M_1.5999999999999999_1.0_217,COM,1.449025,4.958389,0.848,4.644,1.538,61730.93074687724,60980.00158187724
A_M_1.5999999999999999_1.0_218,COM,1.239214,4.414282,1.547,4.894,2.849,63717.73183187724,60980.00158187724
A_M_1.5999999999999999_1.0_219,COM,1.540643,5.32998,1.984,1.31,2.736,63739.61726187724,60980.00158187724
A_M_1.5999999999999999_1.0_220,COM,2.079624,6.753008,1.181,3.248,4.218,64482.366127877234,60980.00158187724
A_M_1.5999999999999999_1.0_221,COM,0.518292,2.455018,1.533,0.16,3.198,63607.727737877234,60980.00158187724
A_M_1.5999999999999999_1.0_222,COM,1.411786,4.977774,2.514,6.141,3.232,62922.78958587724,60980.00158187724
A_M_1.5999999999999999_1.0_223,COM,1.658798,5.536912,0.557,2.139,3.854,62516.07832087724,60980.00158187724
A_M_1.5999999999999999_1.0_224,COM,2.00726,6.759439,1.778,1.311,6.09,61126.74895787724,60980.00158187724
A_M_1.5999999999999999_1.0_225,COM,0.750752,3.196998,2.454,4.698,2.384,62732.436089877236,60980.00158187724
A_M_1.5999999999999999_1.0_226,COM,0.801385,3.343646,2.144,1.811,4.035,63945.098099877236,60980.00158187724
A_M_1.5999999999999999_1.0_227,COM,1.425986,5.048212,2.122,0.611,2.749,63428.918505877235,60980.00158187724
A_M_1.5999999999999999_1.0_228,COM,1.35955,5.09461,1.34,4.774,1.738,61286.23760187724,60980.00158187724
A_M_1.5999999999999999_1.0_229,COM,0.995081,3.93631,2.425,1.938,2.246,61753.60797887724,60980.00158187724
A_M_1.5999999999999999_1.0_230,COM,1.572246,5.791498,1.636,2.208,1.815,61661.05759087724,60980.00158187724
A_M_1.5999999999999999_1.0_231,COM,1.924148,6.672288,0.875,1.924,4.286,63860.961127877235,60980.00158187724
A_M_1.5999999999999999_1.0_232,COM,0.693922,3.159382,1.636,3.109,0.974,61297.09855587724,60980.00158187724
A_M_1.5999999999999999_1.0_233,COM,0.462223,2.463735,1.541,2.099,4.25,62689.67617487724,60980.00158187724
A_M_1.5999999999999999_1.0_234,COM,2.091753,7.560345,2.315,1.391,4.561,63929.88996987724,60980.00158187724
A_M_1.5999999999999999_1.0_235,COM,0.154218,1.481221,2.361,4.25,2.042,61979.85855487724,60980.00158187724
A_M_1.5999999999999999_1.0_236,COM,1.203785,4.696432,1.521,0.478,2.742,62951.99371987724,60980.00158187724
A_M_1.5999999999999999_1.0_237,COM,0.608249,2.943156,2.14,0.138,2.993,61875.665564877236,60980.00158187724
A_M_1.5999999999999999_1.0_238,COM,0.300398,1.959899,0.742,5.217,5.186,61333.17806187724,60980.00158187724
A_M_1.5999999999999999_1.0_239,COM,2.267349,8.728412,1.322,4.595,1.522,64355.422290877235,60980.00158187724
A_M_1.5999999999999999_1.0_240,COM,1.684026,6.567625,2.947,0.903,3.996,64129.55121687724,60980.00158187724
A_M_1.5999999999999999_1.0_241,COM,1.035871,4.441292,2.392,0.847,3.49,60991.067899877235,60980.00158187724
A_M_1.5999999999999999_1.0_242,COM,1.61883,6.397739,1.121,2.534,2.522,63248.71070587724,60980.00158187724
A_M_1.5999999999999999_1.0_243,COM,1.997648,7.915888,2.246,1.025,4.098,62714.462157877235,60980.00158187724
A_M_1.5999999999999999_1.0_244,COM,1.368778,5.782411,1.397,6.24,3.06,63587.986898877236,60980.00158187724
A_M_1.5999999999999999_1.0_245,COM,2.219977,8.779393,2.024,3.247,3.378,63110.30534587724,60980.00158187724
A_M_1.5999999999999999_1.0_246,COM,1.467551,6.099765,1.616,2.357,4.15,61856.05443887724,60980.00158187724
A_M_1.5999999999999999_1.0_247,COM,2.612442,10.364823,2.235,5.739,2.738,63870.09521287724,60980.00158187724
A_M_1.5999999999999999_1.0_248,COM,1.701648,7.11504,2.971,2.678,2.641,63710.79822887724,60980.00158187724
A_M_1.5999999999999999_1.0_249,COM,0.971549,4.598597,0.724,5.64,4.246,64153.77733587724,60980.00158187724
A_M_1.5999999999999999_1.0_250,COM,1.196034,5.462967,1.023,5.416,3.974,63432.67181087724,60980.00158187724
A_M_1.5999999999999999_1.0_251,COM,1.395974,6.132658,2.38,3.454,3.411,63657.41560987724,60980.00158187724
A_M_1.5999999999999999_1.0_252,COM,0.368467,2.412435,1.876,1.151,4.955,64131.030846877235,60980.00158187724
A_M_1.5999999999999999_1.0_253,COM,0.569924,3.253553,1.436,3.251,4.142,61079.68661787724,60980.00158187724
A_M_1.5999999999999999_1.0_254,COM,1.489489,7.117931,2.047,2.128,5.322,62688.52204987724,60980.00158187724
A_M_1.5999999999999999_1.0_255,COM,1.497213,7.263548,0.36,0.96,5.406,63039.40051187724,60980.00158187724
A_M_1.5999999999999999_1.0_256,COM,0.012943,1.05337,2.269,4.146,3.16,62784.94002787724,60980.00158187724
A_M_1.5999999999999999_1.0_257,COM,0.845883,4.529307,1.418,4.569,4.898,61182.491986877234,60980.00158187724
A_M_1.5999999999999999_1.0_258,COM,1.270492,6.16631,0.527,4.695,1.9,62273.28518087724,60980.00158187724
A_M_1.5999999999999999_1.0_259,COM,0.351445,2.454686,1.726,1.847,3.177,61935.332818877236,60980.00158187724
A_M_1.5999999999999999_1.0_260,COM,7.856084,35.635208,1.813,1.599,3.286,63537.21487287724,60980.00158187724
A_M_1.5999999999999999_1.0_261,COM,0.418707,2.857723,1.696,1.9,4.24,61279.54907887724,60980.00158187724
A_M_1.5999999999999999_1.0_262,COM,1.372535,6.987612,1.71,3.165,3.401,64080.78311587724,60980.00158187724
A_M_1.5999999999999999_1.0_263,COM,0.550315,3.461,1.545,1.755,4.546,61893.94770287724,60980.00158187724
A_M_1.5999999999999999_1.0_264,COM,2.150656,10.667881,1.58,5.402,1.783,63167.268362877236,60980.00158187724
A_M_1.5999999999999999_1.0_265,COM,0.480156,3.213794,2.201,5.169,2.399,62879.77213987724,60980.00158187724
A_M_1.5999999999999999_1.0_266,COM,1.72216,8.78445,2.166,4.545,2.22,63933.043033877235,60980.00158187724
A_M_1.5999999999999999_1.0_267,COM,0.725472,4.314494,1.466,1.449,2.021,62077.418183877235,60980.00158187724
A_M_1.5999999999999999_1.0_268,COM,1.223584,6.645843,2.786,0.378,3.396,63872.363548877234,60980.00158187724
A_M_1.5999999999999999_1.0_269,COM,1.195275,6.403583,1.28,2.486,2.112,63726.31082187724,60980.00158187724
A_M_1.5999999999999999_1.0_270,COM,1.423401,7.66835,0.636,1.873,4.812,61095.941569877235,60980.00158187724
A_M_1.5999999999999999_1.0_271,COM,2.565274,13.088878,2.386,0.433,3.391,64537.208056877236,60980.00158187724
A_M_1.5999999999999999_1.0_272,COM,0.299428,2.455741,1.325,2.441,4.006,64176.34254287724,60980.00158187724
A_M_1.5999999999999999_1.0_273,COM,1.831382,9.820777,2.684,5.344,2.671,61317.15993887724,60980.00158187724
A_M_1.5999999999999999_1.0_274,COM,1.104867,6.351369,1.098,4.894,4.301,62392.574330877236,60980.00158187724
A_M_1.5999999999999999_1.0_275,COM,1.373018,7.875366,1.135,3.906,3.919,62837.68566987724,60980.00158187724
A_M_1.5999999999999999_1.0_276,COM,1.949396,10.635022,1.846,1.195,3.924,61404.35849687724,60980.00158187724
A_M_1.5999999999999999_1.0_277,COM,1.104799,6.616955,1.977,1.499,4.176,63261.39208787724,60980.00158187724
A_M_1.5999999999999999_1.0_278,COM,0.857985,5.448114,2.011,5.672,2.678,61380.43037687724,60980.00158187724
A_M_1.5999999999999999_1.0_279,COM,3.114633,17.005388,2.592,5.121,5.252,64567.88559587724,60980.00158187724
A_M_1.5999999999999999_1.0_280,COM,1.766501,10.139249,0.257,2.656,3.603,63082.28457387724,60980.00158187724
A_M_1.5999999999999999_1.0_281,COM,1.491676,8.894083,2.417,1.748,4.966,64276.65826387724,60980.00158187724
A_M_1.5999999999999999_1.0_282,COM,1.150635,7.107851,1.205,0.353,3.321,63907.34927587724,60980.00158187724
A_M_1.5999999999999999_1.0_283,COM,1.740506,10.42714,0.107,1.798,4.449,61851.62606987724,60980.00158187724
A_M_1.5999999999999999_1.0_284,COM,0.614897,4.371864,2.972,2.014,4.987,64198.31217887724,60980.00158187724
A_M_1.5999999999999999_1.0_285,COM,0.743305,5.321675,0.429,4.322,2.619,64459.219679877235,60980.00158187724
A_M_1.5999999999999999_1.0_286,COM,1.25547,8.407174,1.7,0.651,2.326,62227.560550877235,60980.00158187724
A_M_1.5999999999999999_1.0_287,COM,1.503701,9.986476,2.969,1.106,4.928,63139.120258877236,60980.00158187724
A_M_1.5999999999999999_1.0_288,COM,0.813736,5.808449,0.976,4.767,1.206,61735.41948687724,60980.00158187724
A_M_1.5999999999999999_1.0_289,COM,0.797222,5.920496,2.626,5.099,1.846,63412.86319887724,60980.00158187724
A_M_1.5999999999999999_1.0_290,COM,1.784529,11.884799,2.433,6.13,3.229,61673.68674287724,60980.00158187724
A_M_1.5999999999999999_1.0_291,COM,1.442412,10.134384,1.779,2.019,3.795,64468.17194087724,60980.00158187724
A_M_1.5999999999999999_1.0_292,COM,1.399333,10.034608,0.839,1.676,4.437,61134.214048877235,60980.00158187724
A_M_1.5999999999999999_1.0_293,COM,1.498075,10.844794,1.074,1.812,4.666,60940.590490877235,60980.00158187724
A_M_1.5999999999999999_1.0_294,COM,1.249722,9.387937,1.133,1.319,4.97,63617.05734287724,60980.00158187724
A_M_1.5999999999999999_1.0_295,COM,0.741041,6.296828,1.084,0.808,4.988,61165.185549877235,60980.00158187724
A_M_1.5999999999999999_1.0_296,COM,3.525356,27.440039,1.996,2.239,2.744,61306.94957787724,60980.00158187724
A_M_1.5999999999999999_1.0_297,COM,1.916872,16.416913,2.96,4.978,5.162,62242.260689877236,60980.00158187724
A_M_1.5999999999999999_1.0_298,COM,1.4123,12.680563,2.039,1.615,4.078,63972.631818877235,60980.00158187724
A_M_1.5999999999999999_1.0_299,COM,1.041265,9.729814,0.342,4.358,1.468,63320.02823587724,60980.00158187724
A_M_1.5999999999999999_1.0_300,COM,0.725102,7.216501,0.237,3.444,3.02,61307.713079877234,60980.00158187724
A_M_1.5999999999999999_1.0_301,COM,0.932395,9.363818,1.809,4.985,2.045,63967.22901987724,60980.00158187724
A_M_1.5999999999999999_1.0_302,COM,1.614983,16.229325,1.042,2.904,3.803,62881.34716087724,60980.00158187724
