ObjID,H_r,u-r,g-r,i-r,z-r,y-r,GS
A_M_2.1999999999999997_1.0_0,24.36,2.31,0.73,-0.33,-0.5,-0.68,0.15
A_M_2.1999999999999997_1.0_1,23.17,2.31,0.73,-0.33,-0.5,-0.68,0.15
A_M_2.1999999999999997_1.0_2,24.19,2.31,0.73,-0.33,-0.5,-0.68,0.15
A_M_2.1999999999999997_1.0_3,24.18,2.31,0.73,-0.33,-0.5,-0.68,0.15
A_M_2.1999999999999997_1.0_4,25.37,2.31,0.73,-0.33,-0.5,-0.68,0.15
A_M_2.1999999999999997_1.0_5,23.4,2.31,0.73,-0.33,-0.5,-0.68,0.15
A_M_2.1999999999999997_1.0_6,25.02,2.31,0.73,-0.33,-0.5,-0.68,0.15
A_M_2.1999999999999997_1.0_7,24.29,2.31,0.73,-0.33,-0.5,-0.68,0.15
A_M_2.1999999999999997_1.0_8,24.64,2.31,0.73,-0.33,-0.5,-0.68,0.15
A_M_2.1999999999999997_1.0_9,24.01,2.31,0.73,-0.33,-0.5,-0.68,0.15
A_M_2.1999999999999997_1.0_10,24.48,2.31,0.73,-0.33,-0.5,-0.68,0.15
A_M_2.1999999999999997_1.0_11,25.27,2.31,0.73,-0.33,-0.5,-0.68,0.15
A_M_2.1999999999999997_1.0_12,25.51,2.31,0.73,-0.33,-0.5,-0.68,0.15
A_M_2.1999999999999997_1.0_13,25.11,2.31,0.73,-0.33,-0.5,-0.68,0.15
A_M_2.1999999999999997_1.0_14,21.66,2.31,0.73,-0.33,-0.5,-0.68,0.15
A_M_2.1999999999999997_1.0_15,25.48,2.31,0.73,-0.33,-0.5,-0.68,0.15
A_M_2.1999999999999997_1.0_16,25.58,2.31,0.73,-0.33,-0.5,-0.68,0.15
A_M_2.1999999999999997_1.0_17,23.65,2.31,0.73,-0.33,-0.5,-0.68,0.15
A_M_2.1999999999999997_1.0_18,25.22,2.31,0.73,-0.33,-0.5,-0.68,0.15
A_M_2.1999999999999997_1.0_19,24.53,2.31,0.73,-0.33,-0.5,-0.68,0.15
A_M_2.1999999999999997_1.0_20,23.38,2.31,0.73,-0.33,-0.5,-0.68,0.15
A_M_2.1999999999999997_1.0_21,23.99,2.31,0.73,-0.33,-0.5,-0.68,0.15
A_M_2.1999999999999997_1.0_22,24.7,2.31,0.73,-0.33,-0.5,-0.68,0.15
A_M_2.1999999999999997_1.0_23,25.55,2.31,0.73,-0.33,-0.5,-0.68,0.15
A_M_2.1999999999999997_1.0_24,23.94,2.31,0.73,-0.33,-0.5,-0.68,0.15
A_M_2.1999999999999997_1.0_25,25.11,2.31,0.73,-0.33,-0.5,-0.68,0.15
A_M_2.1999999999999997_1.0_26,24.74,2.31,0.73,-0.33,-0.5,-0.68,0.15
A_M_2.1999999999999997_1.0_27,25.01,2.31,0.73,-0.33,-0.5,-0.68,0.15
A_M_2.1999999999999997_1.0_28,24.94,2.31,0.73,-0.33,-0.5,-0.68,0.15
A_M_2.1999999999999997_1.0_29,24.84,2.31,0.73,-0.33,-0.5,-0.68,0.15
A_M_2.1999999999999997_1.0_30,22.33,2.31,0.73,-0.33,-0.5,-0.68,0.15
A_M_2.1999999999999997_1.0_31,24.24,2.31,0.73,-0.33,-0.5,-0.68,0.15
A_M_2.1999999999999997_1.0_32,25.01,2.31,0.73,-0.33,-0.5,-0.68,0.15
A_M_2.1999999999999997_1.0_33,23.88,2.31,0.73,-0.33,-0.5,-0.68,0.15
A_M_2.1999999999999997_1.0_34,25.12,2.31,0.73,-0.33,-0.5,-0.68,0.15
A_M_2.1999999999999997_1.0_35,24.65,2.31,0.73,-0.33,-0.5,-0.68,0.15
A_M_2.1999999999999997_1.0_36,24.01,2.31,0.73,-0.33,-0.5,-0.68,0.15
A_M_2.1999999999999997_1.0_37,24.66,2.31,0.73,-0.33,-0.5,-0.68,0.15
A_M_2.1999999999999997_1.0_38,25.2,2.31,0.73,-0.33,-0.5,-0.68,0.15
A_M_2.1999999999999997_1.0_39,24.99,2.31,0.73,-0.33,-0.5,-0.68,0.15
A_M_2.1999999999999997_1.0_40,25.38,2.31,0.73,-0.33,-0.5,-0.68,0.15
A_M_2.1999999999999997_1.0_41,24.3,2.31,0.73,-0.33,-0.5,-0.68,0.15
A_M_2.1999999999999997_1.0_42,25.19,2.31,0.73,-0.33,-0.5,-0.68,0.15
A_M_2.1999999999999997_1.0_43,25.36,2.31,0.73,-0.33,-0.5,-0.68,0.15
A_M_2.1999999999999997_1.0_44,24.28,2.31,0.73,-0.33,-0.5,-0.68,0.15
A_M_2.1999999999999997_1.0_45,24.32,2.31,0.73,-0.33,-0.5,-0.68,0.15
A_M_2.1999999999999997_1.0_46,25.45,2.31,0.73,-0.33,-0.5,-0.68,0.15
A_M_2.1999999999999997_1.0_47,25.01,2.31,0.73,-0.33,-0.5,-0.68,0.15
A_M_2.1999999999999997_1.0_48,24.27,2.31,0.73,-0.33,-0.5,-0.68,0.15
A_M_2.1999999999999997_1.0_49,25.06,2.31,0.73,-0.33,-0.5,-0.68,0.15
A_M_2.1999999999999997_1.0_50,23.77,2.31,0.73,-0.33,-0.5,-0.68,0.15
A_M_2.1999999999999997_1.0_51,24.78,2.31,0.73,-0.33,-0.5,-0.68,0.15
A_M_2.1999999999999997_1.0_52,23.55,2.31,0.73,-0.33,-0.5,-0.68,0.15
A_M_2.1999999999999997_1.0_53,25.05,2.31,0.73,-0.33,-0.5,-0.68,0.15
A_M_2.1999999999999997_1.0_54,25.31,2.31,0.73,-0.33,-0.5,-0.68,0.15
A_M_2.1999999999999997_1.0_55,23.15,2.31,0.73,-0.33,-0.5,-0.68,0.15
A_M_2.1999999999999997_1.0_56,24.76,2.31,0.73,-0.33,-0.5,-0.68,0.15
A_M_2.1999999999999997_1.0_57,24.95,2.31,0.73,-0.33,-0.5,-0.68,0.15
A_M_2.1999999999999997_1.0_58,25.45,2.31,0.73,-0.33,-0.5,-0.68,0.15
A_M_2.1999999999999997_1.0_59,24.12,2.31,0.73,-0.33,-0.5,-0.68,0.15
A_M_2.1999999999999997_1.0_60,25.2,2.31,0.73,-0.33,-0.5,-0.68,0.15
A_M_2.1999999999999997_1.0_61,25.32,2.31,0.73,-0.33,-0.5,-0.68,0.15
A_M_2.1999999999999997_1.0_62,24.39,2.31,0.73,-0.33,-0.5,-0.68,0.15
A_M_2.1999999999999997_1.0_63,19.05,2.31,0.73,-0.33,-0.5,-0.68,0.15
A_M_2.1999999999999997_1.0_64,25.33,2.31,0.73,-0.33,-0.5,-0.68,0.15
A_M_2.1999999999999997_1.0_65,24.61,2.31,0.73,-0.33,-0.5,-0.68,0.15
A_M_2.1999999999999997_1.0_66,24.29,2.31,0.73,-0.33,-0.5,-0.68,0.15
A_M_2.1999999999999997_1.0_67,24.95,2.31,0.73,-0.33,-0.5,-0.68,0.15
A_M_2.1999999999999997_1.0_68,25.38,2.31,0.73,-0.33,-0.5,-0.68,0.15
A_M_2.1999999999999997_1.0_69,25.0,2.31,0.73,-0.33,-0.5,-0.68,0.15
A_M_2.1999999999999997_1.0_70,19.85,2.31,0.73,-0.33,-0.5,-0.68,0.15
A_M_2.1999999999999997_1.0_71,23.64,2.31,0.73,-0.33,-0.5,-0.68,0.15
A_M_2.1999999999999997_1.0_72,25.53,2.31,0.73,-0.33,-0.5,-0.68,0.15
A_M_2.1999999999999997_1.0_73,19.15,2.31,0.73,-0.33,-0.5,-0.68,0.15
A_M_2.1999999999999997_1.0_74,25.32,2.31,0.73,-0.33,-0.5,-0.68,0.15
A_M_2.1999999999999997_1.0_75,18.89,2.31,0.73,-0.33,-0.5,-0.68,0.15
A_M_2.1999999999999997_1.0_76,24.68,2.31,0.73,-0.33,-0.5,-0.68,0.15
A_M_2.1999999999999997_1.0_77,25.0,2.31,0.73,-0.33,-0.5,-0.68,0.15
A_M_2.1999999999999997_1.0_78,22.99,2.31,0.73,-0.33,-0.5,-0.68,0.15
A_M_2.1999999999999997_1.0_79,25.13,2.31,0.73,-0.33,-0.5,-0.68,0.15
A_M_2.1999999999999997_1.0_80,24.43,2.31,0.73,-0.33,-0.5,-0.68,0.15
A_M_2.1999999999999997_1.0_81,24.01,2.31,0.73,-0.33,-0.5,-0.68,0.15
A_M_2.1999999999999997_1.0_82,24.19,2.31,0.73,-0.33,-0.5,-0.68,0.15
A_M_2.1999999999999997_1.0_83,24.04,2.31,0.73,-0.33,-0.5,-0.68,0.15
A_M_2.1999999999999997_1.0_84,24.72,2.31,0.73,-0.33,-0.5,-0.68,0.15
A_M_2.1999999999999997_1.0_85,24.44,2.31,0.73,-0.33,-0.5,-0.68,0.15
A_M_2.1999999999999997_1.0_86,25.22,2.31,0.73,-0.33,-0.5,-0.68,0.15
A_M_2.1999999999999997_1.0_87,25.09,2.31,0.73,-0.33,-0.5,-0.68,0.15
A_M_2.1999999999999997_1.0_88,24.11,2.31,0.73,-0.33,-0.5,-0.68,0.15
A_M_2.1999999999999997_1.0_89,23.96,2.31,0.73,-0.33,-0.5,-0.68,0.15
A_M_2.1999999999999997_1.0_90,24.72,2.31,0.73,-0.33,-0.5,-0.68,0.15
A_M_2.1999999999999997_1.0_91,25.23,2.31,0.73,-0.33,-0.5,-0.68,0.15
A_M_2.1999999999999997_1.0_92,25.15,2.31,0.73,-0.33,-0.5,-0.68,0.15
A_M_2.1999999999999997_1.0_93,24.66,2.31,0.73,-0.33,-0.5,-0.68,0.15
A_M_2.1999999999999997_1.0_94,25.39,2.31,0.73,-0.33,-0.5,-0.68,0.15
A_M_2.1999999999999997_1.0_95,24.67,2.31,0.73,-0.33,-0.5,-0.68,0.15
A_M_2.1999999999999997_1.0_96,25.52,2.31,0.73,-0.33,-0.5,-0.68,0.15
A_M_2.1999999999999997_1.0_97,23.73,2.31,0.73,-0.33,-0.5,-0.68,0.15
A_M_2.1999999999999997_1.0_98,25.17,2.31,0.73,-0.33,-0.5,-0.68,0.15
A_M_2.1999999999999997_1.0_99,25.47,2.31,0.73,-0.33,-0.5,-0.68,0.15
A_M_2.1999999999999997_1.0_100,25.11,2.31,0.73,-0.33,-0.5,-0.68,0.15
A_M_2.1999999999999997_1.0_101,25.23,2.31,0.73,-0.33,-0.5,-0.68,0.15
A_M_2.1999999999999997_1.0_102,24.72,2.31,0.73,-0.33,-0.5,-0.68,0.15
A_M_2.1999999999999997_1.0_103,24.42,2.31,0.73,-0.33,-0.5,-0.68,0.15
A_M_2.1999999999999997_1.0_104,25.59,2.31,0.73,-0.33,-0.5,-0.68,0.15
A_M_2.1999999999999997_1.0_105,24.81,2.31,0.73,-0.33,-0.5,-0.68,0.15
A_M_2.1999999999999997_1.0_106,24.87,2.31,0.73,-0.33,-0.5,-0.68,0.15
A_M_2.1999999999999997_1.0_107,25.34,2.31,0.73,-0.33,-0.5,-0.68,0.15
A_M_2.1999999999999997_1.0_108,25.5,2.31,0.73,-0.33,-0.5,-0.68,0.15
A_M_2.1999999999999997_1.0_109,25.24,2.31,0.73,-0.33,-0.5,-0.68,0.15
A_M_2.1999999999999997_1.0_110,24.9,2.31,0.73,-0.33,-0.5,-0.68,0.15
A_M_2.1999999999999997_1.0_111,22.59,2.31,0.73,-0.33,-0.5,-0.68,0.15
A_M_2.1999999999999997_1.0_112,23.15,2.31,0.73,-0.33,-0.5,-0.68,0.15
A_M_2.1999999999999997_1.0_113,24.78,2.31,0.73,-0.33,-0.5,-0.68,0.15
A_M_2.1999999999999997_1.0_114,25.48,2.31,0.73,-0.33,-0.5,-0.68,0.15
A_M_2.1999999999999997_1.0_115,25.43,2.31,0.73,-0.33,-0.5,-0.68,0.15
A_M_2.1999999999999997_1.0_116,23.79,2.31,0.73,-0.33,-0.5,-0.68,0.15
A_M_2.1999999999999997_1.0_117,21.67,2.31,0.73,-0.33,-0.5,-0.68,0.15
A_M_2.1999999999999997_1.0_118,24.81,2.31,0.73,-0.33,-0.5,-0.68,0.15
A_M_2.1999999999999997_1.0_119,25.5,2.31,0.73,-0.33,-0.5,-0.68,0.15
A_M_2.1999999999999997_1.0_120,23.6,2.31,0.73,-0.33,-0.5,-0.68,0.15
A_M_2.1999999999999997_1.0_121,23.48,2.31,0.73,-0.33,-0.5,-0.68,0.15
A_M_2.1999999999999997_1.0_122,25.14,2.31,0.73,-0.33,-0.5,-0.68,0.15
A_M_2.1999999999999997_1.0_123,25.19,2.31,0.73,-0.33,-0.5,-0.68,0.15
A_M_2.1999999999999997_1.0_124,24.31,2.31,0.73,-0.33,-0.5,-0.68,0.15
A_M_2.1999999999999997_1.0_125,24.78,2.31,0.73,-0.33,-0.5,-0.68,0.15
A_M_2.1999999999999997_1.0_126,23.41,2.31,0.73,-0.33,-0.5,-0.68,0.15
A_M_2.1999999999999997_1.0_127,17.49,2.31,0.73,-0.33,-0.5,-0.68,0.15
A_M_2.1999999999999997_1.0_128,25.31,2.31,0.73,-0.33,-0.5,-0.68,0.15
A_M_2.1999999999999997_1.0_129,25.26,2.31,0.73,-0.33,-0.5,-0.68,0.15
A_M_2.1999999999999997_1.0_130,25.35,2.31,0.73,-0.33,-0.5,-0.68,0.15
A_M_2.1999999999999997_1.0_131,23.9,2.31,0.73,-0.33,-0.5,-0.68,0.15
A_M_2.1999999999999997_1.0_132,23.13,2.31,0.73,-0.33,-0.5,-0.68,0.15
A_M_2.1999999999999997_1.0_133,24.64,2.31,0.73,-0.33,-0.5,-0.68,0.15
A_M_2.1999999999999997_1.0_134,24.85,2.31,0.73,-0.33,-0.5,-0.68,0.15
A_M_2.1999999999999997_1.0_135,25.5,2.31,0.73,-0.33,-0.5,-0.68,0.15
A_M_2.1999999999999997_1.0_136,24.82,2.31,0.73,-0.33,-0.5,-0.68,0.15
A_M_2.1999999999999997_1.0_137,25.51,2.31,0.73,-0.33,-0.5,-0.68,0.15
A_M_2.1999999999999997_1.0_138,24.93,2.31,0.73,-0.33,-0.5,-0.68,0.15
A_M_2.1999999999999997_1.0_139,23.3,2.31,0.73,-0.33,-0.5,-0.68,0.15
A_M_2.1999999999999997_1.0_140,25.57,2.31,0.73,-0.33,-0.5,-0.68,0.15
A_M_2.1999999999999997_1.0_141,25.08,2.31,0.73,-0.33,-0.5,-0.68,0.15
A_M_2.1999999999999997_1.0_142,22.5,2.31,0.73,-0.33,-0.5,-0.68,0.15
A_M_2.1999999999999997_1.0_143,25.09,2.31,0.73,-0.33,-0.5,-0.68,0.15
A_M_2.1999999999999997_1.0_144,24.98,2.31,0.73,-0.33,-0.5,-0.68,0.15
A_M_2.1999999999999997_1.0_145,25.24,2.31,0.73,-0.33,-0.5,-0.68,0.15
A_M_2.1999999999999997_1.0_146,25.6,2.31,0.73,-0.33,-0.5,-0.68,0.15
A_M_2.1999999999999997_1.0_147,23.37,2.31,0.73,-0.33,-0.5,-0.68,0.15
A_M_2.1999999999999997_1.0_148,23.73,2.31,0.73,-0.33,-0.5,-0.68,0.15
A_M_2.1999999999999997_1.0_149,25.4,2.31,0.73,-0.33,-0.5,-0.68,0.15
A_M_2.1999999999999997_1.0_150,25.3,2.31,0.73,-0.33,-0.5,-0.68,0.15
A_M_2.1999999999999997_1.0_151,24.77,2.31,0.73,-0.33,-0.5,-0.68,0.15
A_M_2.1999999999999997_1.0_152,20.91,2.31,0.73,-0.33,-0.5,-0.68,0.15
A_M_2.1999999999999997_1.0_153,22.56,2.31,0.73,-0.33,-0.5,-0.68,0.15
A_M_2.1999999999999997_1.0_154,25.35,2.31,0.73,-0.33,-0.5,-0.68,0.15
A_M_2.1999999999999997_1.0_155,24.62,2.31,0.73,-0.33,-0.5,-0.68,0.15
A_M_2.1999999999999997_1.0_156,24.67,2.31,0.73,-0.33,-0.5,-0.68,0.15
A_M_2.1999999999999997_1.0_157,24.27,2.31,0.73,-0.33,-0.5,-0.68,0.15
A_M_2.1999999999999997_1.0_158,22.28,2.31,0.73,-0.33,-0.5,-0.68,0.15
A_M_2.1999999999999997_1.0_159,25.61,2.31,0.73,-0.33,-0.5,-0.68,0.15
A_M_2.1999999999999997_1.0_160,24.26,2.31,0.73,-0.33,-0.5,-0.68,0.15
A_M_2.1999999999999997_1.0_161,24.62,2.31,0.73,-0.33,-0.5,-0.68,0.15
A_M_2.1999999999999997_1.0_162,24.47,2.31,0.73,-0.33,-0.5,-0.68,0.15
A_M_2.1999999999999997_1.0_163,25.17,2.31,0.73,-0.33,-0.5,-0.68,0.15
A_M_2.1999999999999997_1.0_164,24.52,2.31,0.73,-0.33,-0.5,-0.68,0.15
A_M_2.1999999999999997_1.0_165,25.28,2.31,0.73,-0.33,-0.5,-0.68,0.15
A_M_2.1999999999999997_1.0_166,24.91,2.31,0.73,-0.33,-0.5,-0.68,0.15
A_M_2.1999999999999997_1.0_167,25.49,2.31,0.73,-0.33,-0.5,-0.68,0.15
A_M_2.1999999999999997_1.0_168,23.71,2.31,0.73,-0.33,-0.5,-0.68,0.15
A_M_2.1999999999999997_1.0_169,25.05,2.31,0.73,-0.33,-0.5,-0.68,0.15
A_M_2.1999999999999997_1.0_170,24.1,2.31,0.73,-0.33,-0.5,-0.68,0.15
A_M_2.1999999999999997_1.0_171,24.7,2.31,0.73,-0.33,-0.5,-0.68,0.15
A_M_2.1999999999999997_1.0_172,25.01,2.31,0.73,-0.33,-0.5,-0.68,0.15
A_M_2.1999999999999997_1.0_173,25.06,2.31,0.73,-0.33,-0.5,-0.68,0.15
A_M_2.1999999999999997_1.0_174,25.54,2.31,0.73,-0.33,-0.5,-0.68,0.15
A_M_2.1999999999999997_1.0_175,23.84,2.31,0.73,-0.33,-0.5,-0.68,0.15
A_M_2.1999999999999997_1.0_176,21.02,2.31,0.73,-0.33,-0.5,-0.68,0.15
A_M_2.1999999999999997_1.0_177,23.74,2.31,0.73,-0.33,-0.5,-0.68,0.15
A_M_2.1999999999999997_1.0_178,24.65,2.31,0.73,-0.33,-0.5,-0.68,0.15
A_M_2.1999999999999997_1.0_179,24.61,2.31,0.73,-0.33,-0.5,-0.68,0.15
A_M_2.1999999999999997_1.0_180,25.33,2.31,0.73,-0.33,-0.5,-0.68,0.15
A_M_2.1999999999999997_1.0_181,25.56,2.31,0.73,-0.33,-0.5,-0.68,0.15
A_M_2.1999999999999997_1.0_182,25.16,2.31,0.73,-0.33,-0.5,-0.68,0.15
A_M_2.1999999999999997_1.0_183,24.71,2.31,0.73,-0.33,-0.5,-0.68,0.15
A_M_2.1999999999999997_1.0_184,24.56,2.31,0.73,-0.33,-0.5,-0.68,0.15
A_M_2.1999999999999997_1.0_185,25.08,2.31,0.73,-0.33,-0.5,-0.68,0.15
A_M_2.1999999999999997_1.0_186,24.19,2.31,0.73,-0.33,-0.5,-0.68,0.15
A_M_2.1999999999999997_1.0_187,23.16,2.31,0.73,-0.33,-0.5,-0.68,0.15
A_M_2.1999999999999997_1.0_188,25.29,2.31,0.73,-0.33,-0.5,-0.68,0.15
A_M_2.1999999999999997_1.0_189,25.28,2.31,0.73,-0.33,-0.5,-0.68,0.15
A_M_2.1999999999999997_1.0_190,23.4,2.31,0.73,-0.33,-0.5,-0.68,0.15
A_M_2.1999999999999997_1.0_191,25.15,2.31,0.73,-0.33,-0.5,-0.68,0.15
A_M_2.1999999999999997_1.0_192,23.64,2.31,0.73,-0.33,-0.5,-0.68,0.15
A_M_2.1999999999999997_1.0_193,25.55,2.31,0.73,-0.33,-0.5,-0.68,0.15
A_M_2.1999999999999997_1.0_194,24.95,2.31,0.73,-0.33,-0.5,-0.68,0.15
A_M_2.1999999999999997_1.0_195,23.77,2.31,0.73,-0.33,-0.5,-0.68,0.15
A_M_2.1999999999999997_1.0_196,25.13,2.31,0.73,-0.33,-0.5,-0.68,0.15
A_M_2.1999999999999997_1.0_197,24.88,2.31,0.73,-0.33,-0.5,-0.68,0.15
A_M_2.1999999999999997_1.0_198,23.88,2.31,0.73,-0.33,-0.5,-0.68,0.15
A_M_2.1999999999999997_1.0_199,24.72,2.31,0.73,-0.33,-0.5,-0.68,0.15
A_M_2.1999999999999997_1.0_200,25.54,2.31,0.73,-0.33,-0.5,-0.68,0.15
A_M_2.1999999999999997_1.0_201,25.57,2.31,0.73,-0.33,-0.5,-0.68,0.15
A_M_2.1999999999999997_1.0_202,21.27,2.31,0.73,-0.33,-0.5,-0.68,0.15
A_M_2.1999999999999997_1.0_203,21.67,2.31,0.73,-0.33,-0.5,-0.68,0.15
A_M_2.1999999999999997_1.0_204,24.8,2.31,0.73,-0.33,-0.5,-0.68,0.15
A_M_2.1999999999999997_1.0_205,24.9,2.31,0.73,-0.33,-0.5,-0.68,0.15
A_M_2.1999999999999997_1.0_206,25.37,2.31,0.73,-0.33,-0.5,-0.68,0.15
A_M_2.1999999999999997_1.0_207,24.78,2.31,0.73,-0.33,-0.5,-0.68,0.15
A_M_2.1999999999999997_1.0_208,20.7,2.31,0.73,-0.33,-0.5,-0.68,0.15
A_M_2.1999999999999997_1.0_209,25.33,2.31,0.73,-0.33,-0.5,-0.68,0.15
A_M_2.1999999999999997_1.0_210,23.88,2.31,0.73,-0.33,-0.5,-0.68,0.15
A_M_2.1999999999999997_1.0_211,24.13,2.31,0.73,-0.33,-0.5,-0.68,0.15
A_M_2.1999999999999997_1.0_212,23.56,2.31,0.73,-0.33,-0.5,-0.68,0.15
A_M_2.1999999999999997_1.0_213,24.95,2.31,0.73,-0.33,-0.5,-0.68,0.15
A_M_2.1999999999999997_1.0_214,25.33,2.31,0.73,-0.33,-0.5,-0.68,0.15
A_M_2.1999999999999997_1.0_215,25.58,2.31,0.73,-0.33,-0.5,-0.68,0.15
A_M_2.1999999999999997_1.0_216,25.49,2.31,0.73,-0.33,-0.5,-0.68,0.15
A_M_2.1999999999999997_1.0_217,24.48,2.31,0.73,-0.33,-0.5,-0.68,0.15
A_M_2.1999999999999997_1.0_218,23.03,2.31,0.73,-0.33,-0.5,-0.68,0.15
A_M_2.1999999999999997_1.0_219,25.57,2.31,0.73,-0.33,-0.5,-0.68,0.15
A_M_2.1999999999999997_1.0_220,25.3,2.31,0.73,-0.33,-0.5,-0.68,0.15
A_M_2.1999999999999997_1.0_221,25.34,2.31,0.73,-0.33,-0.5,-0.68,0.15
A_M_2.1999999999999997_1.0_222,25.6,2.31,0.73,-0.33,-0.5,-0.68,0.15
A_M_2.1999999999999997_1.0_223,22.56,2.31,0.73,-0.33,-0.5,-0.68,0.15
A_M_2.1999999999999997_1.0_224,24.17,2.31,0.73,-0.33,-0.5,-0.68,0.15
A_M_2.1999999999999997_1.0_225,21.32,2.31,0.73,-0.33,-0.5,-0.68,0.15
A_M_2.1999999999999997_1.0_226,24.07,2.31,0.73,-0.33,-0.5,-0.68,0.15
A_M_2.1999999999999997_1.0_227,23.75,2.31,0.73,-0.33,-0.5,-0.68,0.15
A_M_2.1999999999999997_1.0_228,25.11,2.31,0.73,-0.33,-0.5,-0.68,0.15
A_M_2.1999999999999997_1.0_229,25.35,2.31,0.73,-0.33,-0.5,-0.68,0.15
A_M_2.1999999999999997_1.0_230,25.58,2.31,0.73,-0.33,-0.5,-0.68,0.15
A_M_2.1999999999999997_1.0_231,23.87,2.31,0.73,-0.33,-0.5,-0.68,0.15
A_M_2.1999999999999997_1.0_232,23.79,2.31,0.73,-0.33,-0.5,-0.68,0.15
A_M_2.1999999999999997_1.0_233,25.09,2.31,0.73,-0.33,-0.5,-0.68,0.15
A_M_2.1999999999999997_1.0_234,25.08,2.31,0.73,-0.33,-0.5,-0.68,0.15
A_M_2.1999999999999997_1.0_235,25.2,2.31,0.73,-0.33,-0.5,-0.68,0.15
A_M_2.1999999999999997_1.0_236,25.17,2.31,0.73,-0.33,-0.5,-0.68,0.15
A_M_2.1999999999999997_1.0_237,25.57,2.31,0.73,-0.33,-0.5,-0.68,0.15
A_M_2.1999999999999997_1.0_238,23.6,2.31,0.73,-0.33,-0.5,-0.68,0.15
A_M_2.1999999999999997_1.0_239,25.36,2.31,0.73,-0.33,-0.5,-0.68,0.15
A_M_2.1999999999999997_1.0_240,22.97,2.31,0.73,-0.33,-0.5,-0.68,0.15
A_M_2.1999999999999997_1.0_241,22.88,2.31,0.73,-0.33,-0.5,-0.68,0.15
A_M_2.1999999999999997_1.0_242,23.35,2.31,0.73,-0.33,-0.5,-0.68,0.15
A_M_2.1999999999999997_1.0_243,25.13,2.31,0.73,-0.33,-0.5,-0.68,0.15
A_M_2.1999999999999997_1.0_244,25.18,2.31,0.73,-0.33,-0.5,-0.68,0.15
A_M_2.1999999999999997_1.0_245,25.54,2.31,0.73,-0.33,-0.5,-0.68,0.15
A_M_2.1999999999999997_1.0_246,25.43,2.31,0.73,-0.33,-0.5,-0.68,0.15
A_M_2.1999999999999997_1.0_247,25.41,2.31,0.73,-0.33,-0.5,-0.68,0.15
A_M_2.1999999999999997_1.0_248,25.33,2.31,0.73,-0.33,-0.5,-0.68,0.15
A_M_2.1999999999999997_1.0_249,25.12,2.31,0.73,-0.33,-0.5,-0.68,0.15
A_M_2.1999999999999997_1.0_250,24.74,2.31,0.73,-0.33,-0.5,-0.68,0.15
A_M_2.1999999999999997_1.0_251,25.54,2.31,0.73,-0.33,-0.5,-0.68,0.15
A_M_2.1999999999999997_1.0_252,20.93,2.31,0.73,-0.33,-0.5,-0.68,0.15
A_M_2.1999999999999997_1.0_253,24.26,2.31,0.73,-0.33,-0.5,-0.68,0.15
A_M_2.1999999999999997_1.0_254,25.04,2.31,0.73,-0.33,-0.5,-0.68,0.15
A_M_2.1999999999999997_1.0_255,25.59,2.31,0.73,-0.33,-0.5,-0.68,0.15
A_M_2.1999999999999997_1.0_256,21.99,2.31,0.73,-0.33,-0.5,-0.68,0.15
A_M_2.1999999999999997_1.0_257,24.85,2.31,0.73,-0.33,-0.5,-0.68,0.15
A_M_2.1999999999999997_1.0_258,25.57,2.31,0.73,-0.33,-0.5,-0.68,0.15
A_M_2.1999999999999997_1.0_259,25.51,2.31,0.73,-0.33,-0.5,-0.68,0.15
A_M_2.1999999999999997_1.0_260,24.43,2.31,0.73,-0.33,-0.5,-0.68,0.15
A_M_2.1999999999999997_1.0_261,24.39,2.31,0.73,-0.33,-0.5,-0.68,0.15
A_M_2.1999999999999997_1.0_262,24.36,2.31,0.73,-0.33,-0.5,-0.68,0.15
A_M_2.1999999999999997_1.0_263,25.25,2.31,0.73,-0.33,-0.5,-0.68,0.15
A_M_2.1999999999999997_1.0_264,25.17,2.31,0.73,-0.33,-0.5,-0.68,0.15
A_M_2.1999999999999997_1.0_265,21.16,2.31,0.73,-0.33,-0.5,-0.68,0.15
A_M_2.1999999999999997_1.0_266,20.11,2.31,0.73,-0.33,-0.5,-0.68,0.15
A_M_2.1999999999999997_1.0_267,23.73,2.31,0.73,-0.33,-0.5,-0.68,0.15
A_M_2.1999999999999997_1.0_268,25.46,2.31,0.73,-0.33,-0.5,-0.68,0.15
A_M_2.1999999999999997_1.0_269,24.12,2.31,0.73,-0.33,-0.5,-0.68,0.15
A_M_2.1999999999999997_1.0_270,24.54,2.31,0.73,-0.33,-0.5,-0.68,0.15
A_M_2.1999999999999997_1.0_271,25.02,2.31,0.73,-0.33,-0.5,-0.68,0.15
A_M_2.1999999999999997_1.0_272,24.26,2.31,0.73,-0.33,-0.5,-0.68,0.15
A_M_2.1999999999999997_1.0_273,24.47,2.31,0.73,-0.33,-0.5,-0.68,0.15
A_M_2.1999999999999997_1.0_274,24.47,2.31,0.73,-0.33,-0.5,-0.68,0.15
A_M_2.1999999999999997_1.0_275,24.58,2.31,0.73,-0.33,-0.5,-0.68,0.15
A_M_2.1999999999999997_1.0_276,25.23,2.31,0.73,-0.33,-0.5,-0.68,0.15
A_M_2.1999999999999997_1.0_277,22.47,2.31,0.73,-0.33,-0.5,-0.68,0.15
A_M_2.1999999999999997_1.0_278,25.16,2.31,0.73,-0.33,-0.5,-0.68,0.15
A_M_2.1999999999999997_1.0_279,25.31,2.31,0.73,-0.33,-0.5,-0.68,0.15
A_M_2.1999999999999997_1.0_280,25.55,2.31,0.73,-0.33,-0.5,-0.68,0.15
A_M_2.1999999999999997_1.0_281,25.42,2.31,0.73,-0.33,-0.5,-0.68,0.15
A_M_2.1999999999999997_1.0_282,23.18,2.31,0.73,-0.33,-0.5,-0.68,0.15
A_M_2.1999999999999997_1.0_283,25.05,2.31,0.73,-0.33,-0.5,-0.68,0.15
A_M_2.1999999999999997_1.0_284,25.17,2.31,0.73,-0.33,-0.5,-0.68,0.15
A_M_2.1999999999999997_1.0_285,23.3,2.31,0.73,-0.33,-0.5,-0.68,0.15
A_M_2.1999999999999997_1.0_286,23.19,2.31,0.73,-0.33,-0.5,-0.68,0.15
A_M_2.1999999999999997_1.0_287,25.56,2.31,0.73,-0.33,-0.5,-0.68,0.15
A_M_2.1999999999999997_1.0_288,25.18,2.31,0.73,-0.33,-0.5,-0.68,0.15
A_M_2.1999999999999997_1.0_289,23.32,2.31,0.73,-0.33,-0.5,-0.68,0.15
A_M_2.1999999999999997_1.0_290,21.08,2.31,0.73,-0.33,-0.5,-0.68,0.15
A_M_2.1999999999999997_1.0_291,23.4,2.31,0.73,-0.33,-0.5,-0.68,0.15
A_M_2.1999999999999997_1.0_292,25.12,2.31,0.73,-0.33,-0.5,-0.68,0.15
A_M_2.1999999999999997_1.0_293,25.32,2.31,0.73,-0.33,-0.5,-0.68,0.15
A_M_2.1999999999999997_1.0_294,17.41,2.31,0.73,-0.33,-0.5,-0.68,0.15
A_M_2.1999999999999997_1.0_295,24.55,2.31,0.73,-0.33,-0.5,-0.68,0.15
A_M_2.1999999999999997_1.0_296,25.41,2.31,0.73,-0.33,-0.5,-0.68,0.15
A_M_2.1999999999999997_1.0_297,24.04,2.31,0.73,-0.33,-0.5,-0.68,0.15
A_M_2.1999999999999997_1.0_298,25.58,2.31,0.73,-0.33,-0.5,-0.68,0.15
A_M_2.1999999999999997_1.0_299,25.48,2.31,0.73,-0.33,-0.5,-0.68,0.15
A_M_2.1999999999999997_1.0_300,23.85,2.31,0.73,-0.33,-0.5,-0.68,0.15
A_M_2.1999999999999997_1.0_301,25.11,2.31,0.73,-0.33,-0.5,-0.68,0.15
A_M_2.1999999999999997_1.0_302,24.9,2.31,0.73,-0.33,-0.5,-0.68,0.15
A_M_2.1999999999999997_1.0_303,25.41,2.31,0.73,-0.33,-0.5,-0.68,0.15
A_M_2.1999999999999997_1.0_304,25.61,2.31,0.73,-0.33,-0.5,-0.68,0.15
A_M_2.1999999999999997_1.0_305,24.83,2.31,0.73,-0.33,-0.5,-0.68,0.15
A_M_2.1999999999999997_1.0_306,23.38,2.31,0.73,-0.33,-0.5,-0.68,0.15
A_M_2.1999999999999997_1.0_307,23.78,2.31,0.73,-0.33,-0.5,-0.68,0.15
A_M_2.1999999999999997_1.0_308,25.19,2.31,0.73,-0.33,-0.5,-0.68,0.15
A_M_2.1999999999999997_1.0_309,24.65,2.31,0.73,-0.33,-0.5,-0.68,0.15
A_M_2.1999999999999997_1.0_310,23.07,2.31,0.73,-0.33,-0.5,-0.68,0.15
A_M_2.1999999999999997_1.0_311,18.03,2.31,0.73,-0.33,-0.5,-0.68,0.15
A_M_2.1999999999999997_1.0_312,25.42,2.31,0.73,-0.33,-0.5,-0.68,0.15
A_M_2.1999999999999997_1.0_313,24.74,2.31,0.73,-0.33,-0.5,-0.68,0.15
A_M_2.1999999999999997_1.0_314,25.52,2.31,0.73,-0.33,-0.5,-0.68,0.15
A_M_2.1999999999999997_1.0_315,22.49,2.31,0.73,-0.33,-0.5,-0.68,0.15
A_M_2.1999999999999997_1.0_316,24.28,2.31,0.73,-0.33,-0.5,-0.68,0.15
A_M_2.1999999999999997_1.0_317,25.01,2.31,0.73,-0.33,-0.5,-0.68,0.15
A_M_2.1999999999999997_1.0_318,19.42,2.31,0.73,-0.33,-0.5,-0.68,0.15
A_M_2.1999999999999997_1.0_319,23.74,2.31,0.73,-0.33,-0.5,-0.68,0.15
A_M_2.1999999999999997_1.0_320,25.19,2.31,0.73,-0.33,-0.5,-0.68,0.15
A_M_2.1999999999999997_1.0_321,25.1,2.31,0.73,-0.33,-0.5,-0.68,0.15
A_M_2.1999999999999997_1.0_322,22.61,2.31,0.73,-0.33,-0.5,-0.68,0.15
A_M_2.1999999999999997_1.0_323,23.7,2.31,0.73,-0.33,-0.5,-0.68,0.15
A_M_2.1999999999999997_1.0_324,25.03,2.31,0.73,-0.33,-0.5,-0.68,0.15
A_M_2.1999999999999997_1.0_325,25.05,2.31,0.73,-0.33,-0.5,-0.68,0.15
A_M_2.1999999999999997_1.0_326,21.77,2.31,0.73,-0.33,-0.5,-0.68,0.15
A_M_2.1999999999999997_1.0_327,20.99,2.31,0.73,-0.33,-0.5,-0.68,0.15
A_M_2.1999999999999997_1.0_328,25.23,2.31,0.73,-0.33,-0.5,-0.68,0.15
A_M_2.1999999999999997_1.0_329,23.12,2.31,0.73,-0.33,-0.5,-0.68,0.15
A_M_2.1999999999999997_1.0_330,24.55,2.31,0.73,-0.33,-0.5,-0.68,0.15
A_M_2.1999999999999997_1.0_331,24.54,2.31,0.73,-0.33,-0.5,-0.68,0.15
A_M_2.1999999999999997_1.0_332,25.23,2.31,0.73,-0.33,-0.5,-0.68,0.15
A_M_2.1999999999999997_1.0_333,22.17,2.31,0.73,-0.33,-0.5,-0.68,0.15
A_M_2.1999999999999997_1.0_334,24.62,2.31,0.73,-0.33,-0.5,-0.68,0.15
A_M_2.1999999999999997_1.0_335,25.5,2.31,0.73,-0.33,-0.5,-0.68,0.15
A_M_2.1999999999999997_1.0_336,24.03,2.31,0.73,-0.33,-0.5,-0.68,0.15
A_M_2.1999999999999997_1.0_337,24.12,2.31,0.73,-0.33,-0.5,-0.68,0.15
A_M_2.1999999999999997_1.0_338,23.49,2.31,0.73,-0.33,-0.5,-0.68,0.15
A_M_2.1999999999999997_1.0_339,24.73,2.31,0.73,-0.33,-0.5,-0.68,0.15
A_M_2.1999999999999997_1.0_340,24.33,2.31,0.73,-0.33,-0.5,-0.68,0.15
A_M_2.1999999999999997_1.0_341,25.38,2.31,0.73,-0.33,-0.5,-0.68,0.15
A_M_2.1999999999999997_1.0_342,24.57,2.31,0.73,-0.33,-0.5,-0.68,0.15
A_M_2.1999999999999997_1.0_343,25.04,2.31,0.73,-0.33,-0.5,-0.68,0.15
A_M_2.1999999999999997_1.0_344,25.27,2.31,0.73,-0.33,-0.5,-0.68,0.15
A_M_2.1999999999999997_1.0_345,25.59,2.31,0.73,-0.33,-0.5,-0.68,0.15
A_M_2.1999999999999997_1.0_346,23.53,2.31,0.73,-0.33,-0.5,-0.68,0.15
A_M_2.1999999999999997_1.0_347,23.71,2.31,0.73,-0.33,-0.5,-0.68,0.15
A_M_2.1999999999999997_1.0_348,25.6,2.31,0.73,-0.33,-0.5,-0.68,0.15
A_M_2.1999999999999997_1.0_349,23.91,2.31,0.73,-0.33,-0.5,-0.68,0.15
A_M_2.1999999999999997_1.0_350,23.51,2.31,0.73,-0.33,-0.5,-0.68,0.15
A_M_2.1999999999999997_1.0_351,24.76,2.31,0.73,-0.33,-0.5,-0.68,0.15
A_M_2.1999999999999997_1.0_352,25.13,2.31,0.73,-0.33,-0.5,-0.68,0.15
A_M_2.1999999999999997_1.0_353,23.56,2.31,0.73,-0.33,-0.5,-0.68,0.15
A_M_2.1999999999999997_1.0_354,24.5,2.31,0.73,-0.33,-0.5,-0.68,0.15
A_M_2.1999999999999997_1.0_355,25.17,2.31,0.73,-0.33,-0.5,-0.68,0.15
A_M_2.1999999999999997_1.0_356,23.9,2.31,0.73,-0.33,-0.5,-0.68,0.15
A_M_2.1999999999999997_1.0_357,21.37,2.31,0.73,-0.33,-0.5,-0.68,0.15
A_M_2.1999999999999997_1.0_358,25.6,2.31,0.73,-0.33,-0.5,-0.68,0.15
A_M_2.1999999999999997_1.0_359,23.1,2.31,0.73,-0.33,-0.5,-0.68,0.15
A_M_2.1999999999999997_1.0_360,24.93,2.31,0.73,-0.33,-0.5,-0.68,0.15
A_M_2.1999999999999997_1.0_361,24.6,2.31,0.73,-0.33,-0.5,-0.68,0.15
A_M_2.1999999999999997_1.0_362,24.5,2.31,0.73,-0.33,-0.5,-0.68,0.15
A_M_2.1999999999999997_1.0_363,24.95,2.31,0.73,-0.33,-0.5,-0.68,0.15
A_M_2.1999999999999997_1.0_364,25.06,2.31,0.73,-0.33,-0.5,-0.68,0.15
A_M_2.1999999999999997_1.0_365,24.81,2.31,0.73,-0.33,-0.5,-0.68,0.15
A_M_2.1999999999999997_1.0_366,25.51,2.31,0.73,-0.33,-0.5,-0.68,0.15
A_M_2.1999999999999997_1.0_367,19.6,2.31,0.73,-0.33,-0.5,-0.68,0.15
A_M_2.1999999999999997_1.0_368,25.2,2.31,0.73,-0.33,-0.5,-0.68,0.15
A_M_2.1999999999999997_1.0_369,23.82,2.31,0.73,-0.33,-0.5,-0.68,0.15
A_M_2.1999999999999997_1.0_370,25.2,2.31,0.73,-0.33,-0.5,-0.68,0.15
A_M_2.1999999999999997_1.0_371,25.36,2.31,0.73,-0.33,-0.5,-0.68,0.15
A_M_2.1999999999999997_1.0_372,25.27,2.31,0.73,-0.33,-0.5,-0.68,0.15
A_M_2.1999999999999997_1.0_373,22.91,2.31,0.73,-0.33,-0.5,-0.68,0.15
A_M_2.1999999999999997_1.0_374,21.65,2.31,0.73,-0.33,-0.5,-0.68,0.15
A_M_2.1999999999999997_1.0_375,24.96,2.31,0.73,-0.33,-0.5,-0.68,0.15
A_M_2.1999999999999997_1.0_376,24.75,2.31,0.73,-0.33,-0.5,-0.68,0.15
A_M_2.1999999999999997_1.0_377,25.32,2.31,0.73,-0.33,-0.5,-0.68,0.15
A_M_2.1999999999999997_1.0_378,24.96,2.31,0.73,-0.33,-0.5,-0.68,0.15
A_M_2.1999999999999997_1.0_379,24.82,2.31,0.73,-0.33,-0.5,-0.68,0.15
A_M_2.1999999999999997_1.0_380,23.16,2.31,0.73,-0.33,-0.5,-0.68,0.15
A_M_2.1999999999999997_1.0_381,23.24,2.31,0.73,-0.33,-0.5,-0.68,0.15
A_M_2.1999999999999997_1.0_382,24.05,2.31,0.73,-0.33,-0.5,-0.68,0.15
A_M_2.1999999999999997_1.0_383,23.69,2.31,0.73,-0.33,-0.5,-0.68,0.15
A_M_2.1999999999999997_1.0_384,25.46,2.31,0.73,-0.33,-0.5,-0.68,0.15
A_M_2.1999999999999997_1.0_385,25.51,2.31,0.73,-0.33,-0.5,-0.68,0.15
A_M_2.1999999999999997_1.0_386,24.07,2.31,0.73,-0.33,-0.5,-0.68,0.15
A_M_2.1999999999999997_1.0_387,24.92,2.31,0.73,-0.33,-0.5,-0.68,0.15
A_M_2.1999999999999997_1.0_388,24.88,2.31,0.73,-0.33,-0.5,-0.68,0.15
A_M_2.1999999999999997_1.0_389,25.11,2.31,0.73,-0.33,-0.5,-0.68,0.15
A_M_2.1999999999999997_1.0_390,25.53,2.31,0.73,-0.33,-0.5,-0.68,0.15
A_M_2.1999999999999997_1.0_391,25.49,2.31,0.73,-0.33,-0.5,-0.68,0.15
A_M_2.1999999999999997_1.0_392,25.33,2.31,0.73,-0.33,-0.5,-0.68,0.15
A_M_2.1999999999999997_1.0_393,25.14,2.31,0.73,-0.33,-0.5,-0.68,0.15
A_M_2.1999999999999997_1.0_394,25.28,2.31,0.73,-0.33,-0.5,-0.68,0.15
A_M_2.1999999999999997_1.0_395,25.27,2.31,0.73,-0.33,-0.5,-0.68,0.15
A_M_2.1999999999999997_1.0_396,24.92,2.31,0.73,-0.33,-0.5,-0.68,0.15
A_M_2.1999999999999997_1.0_397,25.53,2.31,0.73,-0.33,-0.5,-0.68,0.15
A_M_2.1999999999999997_1.0_398,24.56,2.31,0.73,-0.33,-0.5,-0.68,0.15
A_M_2.1999999999999997_1.0_399,24.37,2.31,0.73,-0.33,-0.5,-0.68,0.15
A_M_2.1999999999999997_1.0_400,25.1,2.31,0.73,-0.33,-0.5,-0.68,0.15
A_M_2.1999999999999997_1.0_401,24.66,2.31,0.73,-0.33,-0.5,-0.68,0.15
A_M_2.1999999999999997_1.0_402,25.4,2.31,0.73,-0.33,-0.5,-0.68,0.15
A_M_2.1999999999999997_1.0_403,24.42,2.31,0.73,-0.33,-0.5,-0.68,0.15
A_M_2.1999999999999997_1.0_404,25.1,2.31,0.73,-0.33,-0.5,-0.68,0.15
A_M_2.1999999999999997_1.0_405,25.03,2.31,0.73,-0.33,-0.5,-0.68,0.15
A_M_2.1999999999999997_1.0_406,24.52,2.31,0.73,-0.33,-0.5,-0.68,0.15
A_M_2.1999999999999997_1.0_407,21.49,2.31,0.73,-0.33,-0.5,-0.68,0.15
A_M_2.1999999999999997_1.0_408,25.54,2.31,0.73,-0.33,-0.5,-0.68,0.15
A_M_2.1999999999999997_1.0_409,23.34,2.31,0.73,-0.33,-0.5,-0.68,0.15
A_M_2.1999999999999997_1.0_410,25.51,2.31,0.73,-0.33,-0.5,-0.68,0.15
A_M_2.1999999999999997_1.0_411,24.63,2.31,0.73,-0.33,-0.5,-0.68,0.15
A_M_2.1999999999999997_1.0_412,24.59,2.31,0.73,-0.33,-0.5,-0.68,0.15
A_M_2.1999999999999997_1.0_413,24.73,2.31,0.73,-0.33,-0.5,-0.68,0.15
A_M_2.1999999999999997_1.0_414,24.35,2.31,0.73,-0.33,-0.5,-0.68,0.15
A_M_2.1999999999999997_1.0_415,25.31,2.31,0.73,-0.33,-0.5,-0.68,0.15
A_M_2.1999999999999997_1.0_416,25.03,2.31,0.73,-0.33,-0.5,-0.68,0.15
A_M_2.1999999999999997_1.0_417,22.87,2.31,0.73,-0.33,-0.5,-0.68,0.15
A_M_2.1999999999999997_1.0_418,25.45,2.31,0.73,-0.33,-0.5,-0.68,0.15
A_M_2.1999999999999997_1.0_419,21.76,2.31,0.73,-0.33,-0.5,-0.68,0.15
A_M_2.1999999999999997_1.0_420,25.22,2.31,0.73,-0.33,-0.5,-0.68,0.15
A_M_2.1999999999999997_1.0_421,24.29,2.31,0.73,-0.33,-0.5,-0.68,0.15
A_M_2.1999999999999997_1.0_422,25.44,2.31,0.73,-0.33,-0.5,-0.68,0.15
A_M_2.1999999999999997_1.0_423,23.67,2.31,0.73,-0.33,-0.5,-0.68,0.15
A_M_2.1999999999999997_1.0_424,25.12,2.31,0.73,-0.33,-0.5,-0.68,0.15
A_M_2.1999999999999997_1.0_425,22.03,2.31,0.73,-0.33,-0.5,-0.68,0.15
A_M_2.1999999999999997_1.0_426,25.55,2.31,0.73,-0.33,-0.5,-0.68,0.15
A_M_2.1999999999999997_1.0_427,25.45,2.31,0.73,-0.33,-0.5,-0.68,0.15
A_M_2.1999999999999997_1.0_428,23.09,2.31,0.73,-0.33,-0.5,-0.68,0.15
A_M_2.1999999999999997_1.0_429,25.03,2.31,0.73,-0.33,-0.5,-0.68,0.15
A_M_2.1999999999999997_1.0_430,21.98,2.31,0.73,-0.33,-0.5,-0.68,0.15
A_M_2.1999999999999997_1.0_431,24.15,2.31,0.73,-0.33,-0.5,-0.68,0.15
A_M_2.1999999999999997_1.0_432,25.07,2.31,0.73,-0.33,-0.5,-0.68,0.15
A_M_2.1999999999999997_1.0_433,23.95,2.31,0.73,-0.33,-0.5,-0.68,0.15
A_M_2.1999999999999997_1.0_434,25.34,2.31,0.73,-0.33,-0.5,-0.68,0.15
A_M_2.1999999999999997_1.0_435,23.43,2.31,0.73,-0.33,-0.5,-0.68,0.15
A_M_2.1999999999999997_1.0_436,24.57,2.31,0.73,-0.33,-0.5,-0.68,0.15
A_M_2.1999999999999997_1.0_437,23.84,2.31,0.73,-0.33,-0.5,-0.68,0.15
A_M_2.1999999999999997_1.0_438,25.47,2.31,0.73,-0.33,-0.5,-0.68,0.15
A_M_2.1999999999999997_1.0_439,25.36,2.31,0.73,-0.33,-0.5,-0.68,0.15
A_M_2.1999999999999997_1.0_440,22.05,2.31,0.73,-0.33,-0.5,-0.68,0.15
A_M_2.1999999999999997_1.0_441,23.58,2.31,0.73,-0.33,-0.5,-0.68,0.15
A_M_2.1999999999999997_1.0_442,24.77,2.31,0.73,-0.33,-0.5,-0.68,0.15
A_M_2.1999999999999997_1.0_443,19.88,2.31,0.73,-0.33,-0.5,-0.68,0.15
A_M_2.1999999999999997_1.0_444,24.82,2.31,0.73,-0.33,-0.5,-0.68,0.15
A_M_2.1999999999999997_1.0_445,25.56,2.31,0.73,-0.33,-0.5,-0.68,0.15
A_M_2.1999999999999997_1.0_446,24.82,2.31,0.73,-0.33,-0.5,-0.68,0.15
A_M_2.1999999999999997_1.0_447,24.74,2.31,0.73,-0.33,-0.5,-0.68,0.15
A_M_2.1999999999999997_1.0_448,25.22,2.31,0.73,-0.33,-0.5,-0.68,0.15
A_M_2.1999999999999997_1.0_449,25.56,2.31,0.73,-0.33,-0.5,-0.68,0.15
A_M_2.1999999999999997_1.0_450,24.05,2.31,0.73,-0.33,-0.5,-0.68,0.15
A_M_2.1999999999999997_1.0_451,23.9,2.31,0.73,-0.33,-0.5,-0.68,0.15
A_M_2.1999999999999997_1.0_452,24.98,2.31,0.73,-0.33,-0.5,-0.68,0.15
A_M_2.1999999999999997_1.0_453,24.34,2.31,0.73,-0.33,-0.5,-0.68,0.15
A_M_2.1999999999999997_1.0_454,25.06,2.31,0.73,-0.33,-0.5,-0.68,0.15
A_M_2.1999999999999997_1.0_455,23.87,2.31,0.73,-0.33,-0.5,-0.68,0.15
A_M_2.1999999999999997_1.0_456,23.89,2.31,0.73,-0.33,-0.5,-0.68,0.15
A_M_2.1999999999999997_1.0_457,25.23,2.31,0.73,-0.33,-0.5,-0.68,0.15
A_M_2.1999999999999997_1.0_458,25.62,2.31,0.73,-0.33,-0.5,-0.68,0.15
A_M_2.1999999999999997_1.0_459,23.24,2.31,0.73,-0.33,-0.5,-0.68,0.15
A_M_2.1999999999999997_1.0_460,25.46,2.31,0.73,-0.33,-0.5,-0.68,0.15
A_M_2.1999999999999997_1.0_461,24.25,2.31,0.73,-0.33,-0.5,-0.68,0.15
A_M_2.1999999999999997_1.0_462,24.3,2.31,0.73,-0.33,-0.5,-0.68,0.15
A_M_2.1999999999999997_1.0_463,25.44,2.31,0.73,-0.33,-0.5,-0.68,0.15
A_M_2.1999999999999997_1.0_464,25.27,2.31,0.73,-0.33,-0.5,-0.68,0.15
A_M_2.1999999999999997_1.0_465,24.9,2.31,0.73,-0.33,-0.5,-0.68,0.15
A_M_2.1999999999999997_1.0_466,24.74,2.31,0.73,-0.33,-0.5,-0.68,0.15
A_M_2.1999999999999997_1.0_467,24.77,2.31,0.73,-0.33,-0.5,-0.68,0.15
A_M_2.1999999999999997_1.0_468,25.06,2.31,0.73,-0.33,-0.5,-0.68,0.15
A_M_2.1999999999999997_1.0_469,25.26,2.31,0.73,-0.33,-0.5,-0.68,0.15
A_M_2.1999999999999997_1.0_470,24.54,2.31,0.73,-0.33,-0.5,-0.68,0.15
A_M_2.1999999999999997_1.0_471,24.92,2.31,0.73,-0.33,-0.5,-0.68,0.15
A_M_2.1999999999999997_1.0_472,24.49,2.31,0.73,-0.33,-0.5,-0.68,0.15
A_M_2.1999999999999997_1.0_473,24.62,2.31,0.73,-0.33,-0.5,-0.68,0.15
A_M_2.1999999999999997_1.0_474,24.53,2.31,0.73,-0.33,-0.5,-0.68,0.15
A_M_2.1999999999999997_1.0_475,25.17,2.31,0.73,-0.33,-0.5,-0.68,0.15
A_M_2.1999999999999997_1.0_476,24.8,2.31,0.73,-0.33,-0.5,-0.68,0.15
A_M_2.1999999999999997_1.0_477,25.51,2.31,0.73,-0.33,-0.5,-0.68,0.15
A_M_2.1999999999999997_1.0_478,24.46,2.31,0.73,-0.33,-0.5,-0.68,0.15
A_M_2.1999999999999997_1.0_479,24.47,2.31,0.73,-0.33,-0.5,-0.68,0.15
A_M_2.1999999999999997_1.0_480,25.22,2.31,0.73,-0.33,-0.5,-0.68,0.15
A_M_2.1999999999999997_1.0_481,25.18,2.31,0.73,-0.33,-0.5,-0.68,0.15
A_M_2.1999999999999997_1.0_482,23.46,2.31,0.73,-0.33,-0.5,-0.68,0.15
A_M_2.1999999999999997_1.0_483,24.82,2.31,0.73,-0.33,-0.5,-0.68,0.15
A_M_2.1999999999999997_1.0_484,25.38,2.31,0.73,-0.33,-0.5,-0.68,0.15
A_M_2.1999999999999997_1.0_485,23.99,2.31,0.73,-0.33,-0.5,-0.68,0.15
A_M_2.1999999999999997_1.0_486,24.68,2.31,0.73,-0.33,-0.5,-0.68,0.15
A_M_2.1999999999999997_1.0_487,24.65,2.31,0.73,-0.33,-0.5,-0.68,0.15
A_M_2.1999999999999997_1.0_488,25.42,2.31,0.73,-0.33,-0.5,-0.68,0.15
A_M_2.1999999999999997_1.0_489,24.95,2.31,0.73,-0.33,-0.5,-0.68,0.15
A_M_2.1999999999999997_1.0_490,24.45,2.31,0.73,-0.33,-0.5,-0.68,0.15
A_M_2.1999999999999997_1.0_491,24.3,2.31,0.73,-0.33,-0.5,-0.68,0.15
A_M_2.1999999999999997_1.0_492,24.83,2.31,0.73,-0.33,-0.5,-0.68,0.15
A_M_2.1999999999999997_1.0_493,24.36,2.31,0.73,-0.33,-0.5,-0.68,0.15
A_M_2.1999999999999997_1.0_494,25.0,2.31,0.73,-0.33,-0.5,-0.68,0.15
A_M_2.1999999999999997_1.0_495,25.48,2.31,0.73,-0.33,-0.5,-0.68,0.15
A_M_2.1999999999999997_1.0_496,23.36,2.31,0.73,-0.33,-0.5,-0.68,0.15
A_M_2.1999999999999997_1.0_497,21.53,2.31,0.73,-0.33,-0.5,-0.68,0.15
A_M_2.1999999999999997_1.0_498,23.74,2.31,0.73,-0.33,-0.5,-0.68,0.15
A_M_2.1999999999999997_1.0_499,25.56,2.31,0.73,-0.33,-0.5,-0.68,0.15
A_M_2.1999999999999997_1.0_500,23.93,2.31,0.73,-0.33,-0.5,-0.68,0.15
A_M_2.1999999999999997_1.0_501,22.68,2.31,0.73,-0.33,-0.5,-0.68,0.15
A_M_2.1999999999999997_1.0_502,22.76,2.31,0.73,-0.33,-0.5,-0.68,0.15
A_M_2.1999999999999997_1.0_503,25.22,2.31,0.73,-0.33,-0.5,-0.68,0.15
A_M_2.1999999999999997_1.0_504,25.52,2.31,0.73,-0.33,-0.5,-0.68,0.15
A_M_2.1999999999999997_1.0_505,23.61,2.31,0.73,-0.33,-0.5,-0.68,0.15
A_M_2.1999999999999997_1.0_506,25.37,2.31,0.73,-0.33,-0.5,-0.68,0.15
A_M_2.1999999999999997_1.0_507,23.78,2.31,0.73,-0.33,-0.5,-0.68,0.15
A_M_2.1999999999999997_1.0_508,25.6,2.31,0.73,-0.33,-0.5,-0.68,0.15
A_M_2.1999999999999997_1.0_509,23.92,2.31,0.73,-0.33,-0.5,-0.68,0.15
A_M_2.1999999999999997_1.0_510,25.6,2.31,0.73,-0.33,-0.5,-0.68,0.15
A_M_2.1999999999999997_1.0_511,23.64,2.31,0.73,-0.33,-0.5,-0.68,0.15
A_M_2.1999999999999997_1.0_512,20.54,2.31,0.73,-0.33,-0.5,-0.68,0.15
A_M_2.1999999999999997_1.0_513,23.49,2.31,0.73,-0.33,-0.5,-0.68,0.15
A_M_2.1999999999999997_1.0_514,24.66,2.31,0.73,-0.33,-0.5,-0.68,0.15
A_M_2.1999999999999997_1.0_515,24.72,2.31,0.73,-0.33,-0.5,-0.68,0.15
A_M_2.1999999999999997_1.0_516,25.32,2.31,0.73,-0.33,-0.5,-0.68,0.15
A_M_2.1999999999999997_1.0_517,23.01,2.31,0.73,-0.33,-0.5,-0.68,0.15
A_M_2.1999999999999997_1.0_518,25.21,2.31,0.73,-0.33,-0.5,-0.68,0.15
A_M_2.1999999999999997_1.0_519,24.12,2.31,0.73,-0.33,-0.5,-0.68,0.15
A_M_2.1999999999999997_1.0_520,20.95,2.31,0.73,-0.33,-0.5,-0.68,0.15
A_M_2.1999999999999997_1.0_521,24.26,2.31,0.73,-0.33,-0.5,-0.68,0.15
A_M_2.1999999999999997_1.0_522,25.01,2.31,0.73,-0.33,-0.5,-0.68,0.15
A_M_2.1999999999999997_1.0_523,24.28,2.31,0.73,-0.33,-0.5,-0.68,0.15
A_M_2.1999999999999997_1.0_524,24.9,2.31,0.73,-0.33,-0.5,-0.68,0.15
A_M_2.1999999999999997_1.0_525,24.61,2.31,0.73,-0.33,-0.5,-0.68,0.15
A_M_2.1999999999999997_1.0_526,25.58,2.31,0.73,-0.33,-0.5,-0.68,0.15
A_M_2.1999999999999997_1.0_527,25.48,2.31,0.73,-0.33,-0.5,-0.68,0.15
A_M_2.1999999999999997_1.0_528,22.07,2.31,0.73,-0.33,-0.5,-0.68,0.15
A_M_2.1999999999999997_1.0_529,25.47,2.31,0.73,-0.33,-0.5,-0.68,0.15
A_M_2.1999999999999997_1.0_530,24.06,2.31,0.73,-0.33,-0.5,-0.68,0.15
A_M_2.1999999999999997_1.0_531,23.73,2.31,0.73,-0.33,-0.5,-0.68,0.15
A_M_2.1999999999999997_1.0_532,25.37,2.31,0.73,-0.33,-0.5,-0.68,0.15
A_M_2.1999999999999997_1.0_533,25.47,2.31,0.73,-0.33,-0.5,-0.68,0.15
A_M_2.1999999999999997_1.0_534,22.81,2.31,0.73,-0.33,-0.5,-0.68,0.15
A_M_2.1999999999999997_1.0_535,24.44,2.31,0.73,-0.33,-0.5,-0.68,0.15
A_M_2.1999999999999997_1.0_536,24.74,2.31,0.73,-0.33,-0.5,-0.68,0.15
A_M_2.1999999999999997_1.0_537,25.15,2.31,0.73,-0.33,-0.5,-0.68,0.15
A_M_2.1999999999999997_1.0_538,24.38,2.31,0.73,-0.33,-0.5,-0.68,0.15
A_M_2.1999999999999997_1.0_539,24.71,2.31,0.73,-0.33,-0.5,-0.68,0.15
A_M_2.1999999999999997_1.0_540,25.39,2.31,0.73,-0.33,-0.5,-0.68,0.15
A_M_2.1999999999999997_1.0_541,23.59,2.31,0.73,-0.33,-0.5,-0.68,0.15
A_M_2.1999999999999997_1.0_542,24.24,2.31,0.73,-0.33,-0.5,-0.68,0.15
A_M_2.1999999999999997_1.0_543,25.1,2.31,0.73,-0.33,-0.5,-0.68,0.15
A_M_2.1999999999999997_1.0_544,24.9,2.31,0.73,-0.33,-0.5,-0.68,0.15
A_M_2.1999999999999997_1.0_545,22.38,2.31,0.73,-0.33,-0.5,-0.68,0.15
A_M_2.1999999999999997_1.0_546,25.15,2.31,0.73,-0.33,-0.5,-0.68,0.15
A_M_2.1999999999999997_1.0_547,23.31,2.31,0.73,-0.33,-0.5,-0.68,0.15
A_M_2.1999999999999997_1.0_548,23.39,2.31,0.73,-0.33,-0.5,-0.68,0.15
A_M_2.1999999999999997_1.0_549,25.03,2.31,0.73,-0.33,-0.5,-0.68,0.15
A_M_2.1999999999999997_1.0_550,25.43,2.31,0.73,-0.33,-0.5,-0.68,0.15
A_M_2.1999999999999997_1.0_551,23.01,2.31,0.73,-0.33,-0.5,-0.68,0.15
A_M_2.1999999999999997_1.0_552,25.38,2.31,0.73,-0.33,-0.5,-0.68,0.15
A_M_2.1999999999999997_1.0_553,25.38,2.31,0.73,-0.33,-0.5,-0.68,0.15
A_M_2.1999999999999997_1.0_554,25.25,2.31,0.73,-0.33,-0.5,-0.68,0.15
A_M_2.1999999999999997_1.0_555,24.82,2.31,0.73,-0.33,-0.5,-0.68,0.15
A_M_2.1999999999999997_1.0_556,25.06,2.31,0.73,-0.33,-0.5,-0.68,0.15
A_M_2.1999999999999997_1.0_557,25.49,2.31,0.73,-0.33,-0.5,-0.68,0.15
A_M_2.1999999999999997_1.0_558,21.37,2.31,0.73,-0.33,-0.5,-0.68,0.15
A_M_2.1999999999999997_1.0_559,23.49,2.31,0.73,-0.33,-0.5,-0.68,0.15
A_M_2.1999999999999997_1.0_560,23.99,2.31,0.73,-0.33,-0.5,-0.68,0.15
A_M_2.1999999999999997_1.0_561,25.36,2.31,0.73,-0.33,-0.5,-0.68,0.15
A_M_2.1999999999999997_1.0_562,24.9,2.31,0.73,-0.33,-0.5,-0.68,0.15
A_M_2.1999999999999997_1.0_563,20.91,2.31,0.73,-0.33,-0.5,-0.68,0.15
A_M_2.1999999999999997_1.0_564,24.15,2.31,0.73,-0.33,-0.5,-0.68,0.15
A_M_2.1999999999999997_1.0_565,21.18,2.31,0.73,-0.33,-0.5,-0.68,0.15
A_M_2.1999999999999997_1.0_566,25.28,2.31,0.73,-0.33,-0.5,-0.68,0.15
A_M_2.1999999999999997_1.0_567,21.41,2.31,0.73,-0.33,-0.5,-0.68,0.15
A_M_2.1999999999999997_1.0_568,25.39,2.31,0.73,-0.33,-0.5,-0.68,0.15
A_M_2.1999999999999997_1.0_569,24.89,2.31,0.73,-0.33,-0.5,-0.68,0.15
A_M_2.1999999999999997_1.0_570,22.94,2.31,0.73,-0.33,-0.5,-0.68,0.15
A_M_2.1999999999999997_1.0_571,24.49,2.31,0.73,-0.33,-0.5,-0.68,0.15
A_M_2.1999999999999997_1.0_572,25.31,2.31,0.73,-0.33,-0.5,-0.68,0.15
A_M_2.1999999999999997_1.0_573,24.81,2.31,0.73,-0.33,-0.5,-0.68,0.15
A_M_2.1999999999999997_1.0_574,24.85,2.31,0.73,-0.33,-0.5,-0.68,0.15
A_M_2.1999999999999997_1.0_575,23.77,2.31,0.73,-0.33,-0.5,-0.68,0.15
A_M_2.1999999999999997_1.0_576,25.16,2.31,0.73,-0.33,-0.5,-0.68,0.15
A_M_2.1999999999999997_1.0_577,21.39,2.31,0.73,-0.33,-0.5,-0.68,0.15
A_M_2.1999999999999997_1.0_578,24.26,2.31,0.73,-0.33,-0.5,-0.68,0.15
A_M_2.1999999999999997_1.0_579,23.59,2.31,0.73,-0.33,-0.5,-0.68,0.15
A_M_2.1999999999999997_1.0_580,24.68,2.31,0.73,-0.33,-0.5,-0.68,0.15
A_M_2.1999999999999997_1.0_581,23.55,2.31,0.73,-0.33,-0.5,-0.68,0.15
A_M_2.1999999999999997_1.0_582,24.66,2.31,0.73,-0.33,-0.5,-0.68,0.15
A_M_2.1999999999999997_1.0_583,20.83,2.31,0.73,-0.33,-0.5,-0.68,0.15
A_M_2.1999999999999997_1.0_584,22.23,2.31,0.73,-0.33,-0.5,-0.68,0.15
A_M_2.1999999999999997_1.0_585,24.36,2.31,0.73,-0.33,-0.5,-0.68,0.15
A_M_2.1999999999999997_1.0_586,23.58,2.31,0.73,-0.33,-0.5,-0.68,0.15
A_M_2.1999999999999997_1.0_587,24.94,2.31,0.73,-0.33,-0.5,-0.68,0.15
A_M_2.1999999999999997_1.0_588,25.47,2.31,0.73,-0.33,-0.5,-0.68,0.15
A_M_2.1999999999999997_1.0_589,23.33,2.31,0.73,-0.33,-0.5,-0.68,0.15
A_M_2.1999999999999997_1.0_590,21.0,2.31,0.73,-0.33,-0.5,-0.68,0.15
A_M_2.1999999999999997_1.0_591,24.84,2.31,0.73,-0.33,-0.5,-0.68,0.15
A_M_2.1999999999999997_1.0_592,24.06,2.31,0.73,-0.33,-0.5,-0.68,0.15
A_M_2.1999999999999997_1.0_593,24.84,2.31,0.73,-0.33,-0.5,-0.68,0.15
A_M_2.1999999999999997_1.0_594,25.22,2.31,0.73,-0.33,-0.5,-0.68,0.15
A_M_2.1999999999999997_1.0_595,21.53,2.31,0.73,-0.33,-0.5,-0.68,0.15
A_M_2.1999999999999997_1.0_596,25.47,2.31,0.73,-0.33,-0.5,-0.68,0.15
A_M_2.1999999999999997_1.0_597,24.28,2.31,0.73,-0.33,-0.5,-0.68,0.15
A_M_2.1999999999999997_1.0_598,25.49,2.31,0.73,-0.33,-0.5,-0.68,0.15
A_M_2.1999999999999997_1.0_599,21.22,2.31,0.73,-0.33,-0.5,-0.68,0.15
A_M_2.1999999999999997_1.0_600,24.0,2.31,0.73,-0.33,-0.5,-0.68,0.15
A_M_2.1999999999999997_1.0_601,25.21,2.31,0.73,-0.33,-0.5,-0.68,0.15
A_M_2.1999999999999997_1.0_602,25.59,2.31,0.73,-0.33,-0.5,-0.68,0.15
A_M_2.1999999999999997_1.0_603,24.91,2.31,0.73,-0.33,-0.5,-0.68,0.15
A_M_2.1999999999999997_1.0_604,25.42,2.31,0.73,-0.33,-0.5,-0.68,0.15
A_M_2.1999999999999997_1.0_605,24.47,2.31,0.73,-0.33,-0.5,-0.68,0.15
A_M_2.1999999999999997_1.0_606,24.54,2.31,0.73,-0.33,-0.5,-0.68,0.15
A_M_2.1999999999999997_1.0_607,24.99,2.31,0.73,-0.33,-0.5,-0.68,0.15
A_M_2.1999999999999997_1.0_608,24.46,2.31,0.73,-0.33,-0.5,-0.68,0.15
A_M_2.1999999999999997_1.0_609,25.52,2.31,0.73,-0.33,-0.5,-0.68,0.15
A_M_2.1999999999999997_1.0_610,25.21,2.31,0.73,-0.33,-0.5,-0.68,0.15
A_M_2.1999999999999997_1.0_611,21.89,2.31,0.73,-0.33,-0.5,-0.68,0.15
A_M_2.1999999999999997_1.0_612,24.03,2.31,0.73,-0.33,-0.5,-0.68,0.15
A_M_2.1999999999999997_1.0_613,25.21,2.31,0.73,-0.33,-0.5,-0.68,0.15
A_M_2.1999999999999997_1.0_614,24.93,2.31,0.73,-0.33,-0.5,-0.68,0.15
A_M_2.1999999999999997_1.0_615,25.45,2.31,0.73,-0.33,-0.5,-0.68,0.15
A_M_2.1999999999999997_1.0_616,24.45,2.31,0.73,-0.33,-0.5,-0.68,0.15
A_M_2.1999999999999997_1.0_617,25.19,2.31,0.73,-0.33,-0.5,-0.68,0.15
A_M_2.1999999999999997_1.0_618,25.44,2.31,0.73,-0.33,-0.5,-0.68,0.15
A_M_2.1999999999999997_1.0_619,23.67,2.31,0.73,-0.33,-0.5,-0.68,0.15
A_M_2.1999999999999997_1.0_620,25.33,2.31,0.73,-0.33,-0.5,-0.68,0.15
A_M_2.1999999999999997_1.0_621,25.52,2.31,0.73,-0.33,-0.5,-0.68,0.15
A_M_2.1999999999999997_1.0_622,24.95,2.31,0.73,-0.33,-0.5,-0.68,0.15
A_M_2.1999999999999997_1.0_623,24.42,2.31,0.73,-0.33,-0.5,-0.68,0.15
A_M_2.1999999999999997_1.0_624,24.74,2.31,0.73,-0.33,-0.5,-0.68,0.15
A_M_2.1999999999999997_1.0_625,22.13,2.31,0.73,-0.33,-0.5,-0.68,0.15
A_M_2.1999999999999997_1.0_626,23.53,2.31,0.73,-0.33,-0.5,-0.68,0.15
A_M_2.1999999999999997_1.0_627,25.02,2.31,0.73,-0.33,-0.5,-0.68,0.15
A_M_2.1999999999999997_1.0_628,24.04,2.31,0.73,-0.33,-0.5,-0.68,0.15
A_M_2.1999999999999997_1.0_629,25.1,2.31,0.73,-0.33,-0.5,-0.68,0.15
A_M_2.1999999999999997_1.0_630,22.59,2.31,0.73,-0.33,-0.5,-0.68,0.15
A_M_2.1999999999999997_1.0_631,25.06,2.31,0.73,-0.33,-0.5,-0.68,0.15
A_M_2.1999999999999997_1.0_632,25.2,2.31,0.73,-0.33,-0.5,-0.68,0.15
A_M_2.1999999999999997_1.0_633,24.33,2.31,0.73,-0.33,-0.5,-0.68,0.15
A_M_2.1999999999999997_1.0_634,23.88,2.31,0.73,-0.33,-0.5,-0.68,0.15
A_M_2.1999999999999997_1.0_635,25.46,2.31,0.73,-0.33,-0.5,-0.68,0.15
A_M_2.1999999999999997_1.0_636,25.23,2.31,0.73,-0.33,-0.5,-0.68,0.15
A_M_2.1999999999999997_1.0_637,24.07,2.31,0.73,-0.33,-0.5,-0.68,0.15
A_M_2.1999999999999997_1.0_638,25.38,2.31,0.73,-0.33,-0.5,-0.68,0.15
A_M_2.1999999999999997_1.0_639,25.62,2.31,0.73,-0.33,-0.5,-0.68,0.15
A_M_2.1999999999999997_1.0_640,24.21,2.31,0.73,-0.33,-0.5,-0.68,0.15
A_M_2.1999999999999997_1.0_641,23.19,2.31,0.73,-0.33,-0.5,-0.68,0.15
A_M_2.1999999999999997_1.0_642,23.62,2.31,0.73,-0.33,-0.5,-0.68,0.15
A_M_2.1999999999999997_1.0_643,25.55,2.31,0.73,-0.33,-0.5,-0.68,0.15
A_M_2.1999999999999997_1.0_644,17.87,2.31,0.73,-0.33,-0.5,-0.68,0.15
A_M_2.1999999999999997_1.0_645,24.3,2.31,0.73,-0.33,-0.5,-0.68,0.15
A_M_2.1999999999999997_1.0_646,25.43,2.31,0.73,-0.33,-0.5,-0.68,0.15
A_M_2.1999999999999997_1.0_647,21.08,2.31,0.73,-0.33,-0.5,-0.68,0.15
A_M_2.1999999999999997_1.0_648,24.9,2.31,0.73,-0.33,-0.5,-0.68,0.15
A_M_2.1999999999999997_1.0_649,25.12,2.31,0.73,-0.33,-0.5,-0.68,0.15
A_M_2.1999999999999997_1.0_650,24.61,2.31,0.73,-0.33,-0.5,-0.68,0.15
A_M_2.1999999999999997_1.0_651,24.93,2.31,0.73,-0.33,-0.5,-0.68,0.15
A_M_2.1999999999999997_1.0_652,25.28,2.31,0.73,-0.33,-0.5,-0.68,0.15
A_M_2.1999999999999997_1.0_653,24.42,2.31,0.73,-0.33,-0.5,-0.68,0.15
A_M_2.1999999999999997_1.0_654,25.42,2.31,0.73,-0.33,-0.5,-0.68,0.15
A_M_2.1999999999999997_1.0_655,23.46,2.31,0.73,-0.33,-0.5,-0.68,0.15
A_M_2.1999999999999997_1.0_656,25.21,2.31,0.73,-0.33,-0.5,-0.68,0.15
A_M_2.1999999999999997_1.0_657,25.45,2.31,0.73,-0.33,-0.5,-0.68,0.15
A_M_2.1999999999999997_1.0_658,23.81,2.31,0.73,-0.33,-0.5,-0.68,0.15
A_M_2.1999999999999997_1.0_659,23.75,2.31,0.73,-0.33,-0.5,-0.68,0.15
A_M_2.1999999999999997_1.0_660,24.33,2.31,0.73,-0.33,-0.5,-0.68,0.15
A_M_2.1999999999999997_1.0_661,23.95,2.31,0.73,-0.33,-0.5,-0.68,0.15
A_M_2.1999999999999997_1.0_662,24.21,2.31,0.73,-0.33,-0.5,-0.68,0.15
A_M_2.1999999999999997_1.0_663,25.14,2.31,0.73,-0.33,-0.5,-0.68,0.15
A_M_2.1999999999999997_1.0_664,25.26,2.31,0.73,-0.33,-0.5,-0.68,0.15
A_M_2.1999999999999997_1.0_665,24.94,2.31,0.73,-0.33,-0.5,-0.68,0.15
A_M_2.1999999999999997_1.0_666,24.03,2.31,0.73,-0.33,-0.5,-0.68,0.15
A_M_2.1999999999999997_1.0_667,24.41,2.31,0.73,-0.33,-0.5,-0.68,0.15
A_M_2.1999999999999997_1.0_668,25.49,2.31,0.73,-0.33,-0.5,-0.68,0.15
A_M_2.1999999999999997_1.0_669,24.24,2.31,0.73,-0.33,-0.5,-0.68,0.15
A_M_2.1999999999999997_1.0_670,25.59,2.31,0.73,-0.33,-0.5,-0.68,0.15
A_M_2.1999999999999997_1.0_671,24.11,2.31,0.73,-0.33,-0.5,-0.68,0.15
A_M_2.1999999999999997_1.0_672,25.43,2.31,0.73,-0.33,-0.5,-0.68,0.15
A_M_2.1999999999999997_1.0_673,25.38,2.31,0.73,-0.33,-0.5,-0.68,0.15
A_M_2.1999999999999997_1.0_674,25.55,2.31,0.73,-0.33,-0.5,-0.68,0.15
A_M_2.1999999999999997_1.0_675,25.61,2.31,0.73,-0.33,-0.5,-0.68,0.15
A_M_2.1999999999999997_1.0_676,23.6,2.31,0.73,-0.33,-0.5,-0.68,0.15
A_M_2.1999999999999997_1.0_677,25.12,2.31,0.73,-0.33,-0.5,-0.68,0.15
A_M_2.1999999999999997_1.0_678,24.96,2.31,0.73,-0.33,-0.5,-0.68,0.15
A_M_2.1999999999999997_1.0_679,25.41,2.31,0.73,-0.33,-0.5,-0.68,0.15
A_M_2.1999999999999997_1.0_680,25.45,2.31,0.73,-0.33,-0.5,-0.68,0.15
A_M_2.1999999999999997_1.0_681,22.75,2.31,0.73,-0.33,-0.5,-0.68,0.15
A_M_2.1999999999999997_1.0_682,25.25,2.31,0.73,-0.33,-0.5,-0.68,0.15
A_M_2.1999999999999997_1.0_683,24.42,2.31,0.73,-0.33,-0.5,-0.68,0.15
A_M_2.1999999999999997_1.0_684,25.08,2.31,0.73,-0.33,-0.5,-0.68,0.15
A_M_2.1999999999999997_1.0_685,25.51,2.31,0.73,-0.33,-0.5,-0.68,0.15
A_M_2.1999999999999997_1.0_686,25.26,2.31,0.73,-0.33,-0.5,-0.68,0.15
A_M_2.1999999999999997_1.0_687,25.24,2.31,0.73,-0.33,-0.5,-0.68,0.15
A_M_2.1999999999999997_1.0_688,22.62,2.31,0.73,-0.33,-0.5,-0.68,0.15
A_M_2.1999999999999997_1.0_689,24.99,2.31,0.73,-0.33,-0.5,-0.68,0.15
A_M_2.1999999999999997_1.0_690,24.19,2.31,0.73,-0.33,-0.5,-0.68,0.15
A_M_2.1999999999999997_1.0_691,24.61,2.31,0.73,-0.33,-0.5,-0.68,0.15
A_M_2.1999999999999997_1.0_692,23.59,2.31,0.73,-0.33,-0.5,-0.68,0.15
A_M_2.1999999999999997_1.0_693,24.42,2.31,0.73,-0.33,-0.5,-0.68,0.15
A_M_2.1999999999999997_1.0_694,24.7,2.31,0.73,-0.33,-0.5,-0.68,0.15
A_M_2.1999999999999997_1.0_695,24.12,2.31,0.73,-0.33,-0.5,-0.68,0.15
A_M_2.1999999999999997_1.0_696,24.15,2.31,0.73,-0.33,-0.5,-0.68,0.15
A_M_2.1999999999999997_1.0_697,24.72,2.31,0.73,-0.33,-0.5,-0.68,0.15
A_M_2.1999999999999997_1.0_698,25.59,2.31,0.73,-0.33,-0.5,-0.68,0.15
A_M_2.1999999999999997_1.0_699,24.3,2.31,0.73,-0.33,-0.5,-0.68,0.15
A_M_2.1999999999999997_1.0_700,25.44,2.31,0.73,-0.33,-0.5,-0.68,0.15
A_M_2.1999999999999997_1.0_701,25.6,2.31,0.73,-0.33,-0.5,-0.68,0.15
A_M_2.1999999999999997_1.0_702,22.35,2.31,0.73,-0.33,-0.5,-0.68,0.15
A_M_2.1999999999999997_1.0_703,24.48,2.31,0.73,-0.33,-0.5,-0.68,0.15
A_M_2.1999999999999997_1.0_704,25.35,2.31,0.73,-0.33,-0.5,-0.68,0.15
A_M_2.1999999999999997_1.0_705,25.43,2.31,0.73,-0.33,-0.5,-0.68,0.15
A_M_2.1999999999999997_1.0_706,24.44,2.31,0.73,-0.33,-0.5,-0.68,0.15
A_M_2.1999999999999997_1.0_707,25.23,2.31,0.73,-0.33,-0.5,-0.68,0.15
A_M_2.1999999999999997_1.0_708,24.58,2.31,0.73,-0.33,-0.5,-0.68,0.15
A_M_2.1999999999999997_1.0_709,21.52,2.31,0.73,-0.33,-0.5,-0.68,0.15
A_M_2.1999999999999997_1.0_710,23.06,2.31,0.73,-0.33,-0.5,-0.68,0.15
A_M_2.1999999999999997_1.0_711,25.15,2.31,0.73,-0.33,-0.5,-0.68,0.15
A_M_2.1999999999999997_1.0_712,24.76,2.31,0.73,-0.33,-0.5,-0.68,0.15
A_M_2.1999999999999997_1.0_713,25.56,2.31,0.73,-0.33,-0.5,-0.68,0.15
A_M_2.1999999999999997_1.0_714,24.8,2.31,0.73,-0.33,-0.5,-0.68,0.15
A_M_2.1999999999999997_1.0_715,25.23,2.31,0.73,-0.33,-0.5,-0.68,0.15
A_M_2.1999999999999997_1.0_716,24.48,2.31,0.73,-0.33,-0.5,-0.68,0.15
A_M_2.1999999999999997_1.0_717,24.4,2.31,0.73,-0.33,-0.5,-0.68,0.15
A_M_2.1999999999999997_1.0_718,25.15,2.31,0.73,-0.33,-0.5,-0.68,0.15
A_M_2.1999999999999997_1.0_719,20.41,2.31,0.73,-0.33,-0.5,-0.68,0.15
A_M_2.1999999999999997_1.0_720,23.51,2.31,0.73,-0.33,-0.5,-0.68,0.15
A_M_2.1999999999999997_1.0_721,22.36,2.31,0.73,-0.33,-0.5,-0.68,0.15
A_M_2.1999999999999997_1.0_722,25.48,2.31,0.73,-0.33,-0.5,-0.68,0.15
A_M_2.1999999999999997_1.0_723,24.78,2.31,0.73,-0.33,-0.5,-0.68,0.15
A_M_2.1999999999999997_1.0_724,24.36,2.31,0.73,-0.33,-0.5,-0.68,0.15
A_M_2.1999999999999997_1.0_725,24.67,2.31,0.73,-0.33,-0.5,-0.68,0.15
A_M_2.1999999999999997_1.0_726,25.32,2.31,0.73,-0.33,-0.5,-0.68,0.15
A_M_2.1999999999999997_1.0_727,24.3,2.31,0.73,-0.33,-0.5,-0.68,0.15
A_M_2.1999999999999997_1.0_728,25.4,2.31,0.73,-0.33,-0.5,-0.68,0.15
A_M_2.1999999999999997_1.0_729,25.02,2.31,0.73,-0.33,-0.5,-0.68,0.15
A_M_2.1999999999999997_1.0_730,22.58,2.31,0.73,-0.33,-0.5,-0.68,0.15
A_M_2.1999999999999997_1.0_731,24.26,2.31,0.73,-0.33,-0.5,-0.68,0.15
A_M_2.1999999999999997_1.0_732,24.43,2.31,0.73,-0.33,-0.5,-0.68,0.15
A_M_2.1999999999999997_1.0_733,25.46,2.31,0.73,-0.33,-0.5,-0.68,0.15
A_M_2.1999999999999997_1.0_734,21.97,2.31,0.73,-0.33,-0.5,-0.68,0.15
A_M_2.1999999999999997_1.0_735,25.03,2.31,0.73,-0.33,-0.5,-0.68,0.15
A_M_2.1999999999999997_1.0_736,25.49,2.31,0.73,-0.33,-0.5,-0.68,0.15
A_M_2.1999999999999997_1.0_737,25.23,2.31,0.73,-0.33,-0.5,-0.68,0.15
A_M_2.1999999999999997_1.0_738,23.28,2.31,0.73,-0.33,-0.5,-0.68,0.15
A_M_2.1999999999999997_1.0_739,25.14,2.31,0.73,-0.33,-0.5,-0.68,0.15
A_M_2.1999999999999997_1.0_740,24.11,2.31,0.73,-0.33,-0.5,-0.68,0.15
A_M_2.1999999999999997_1.0_741,23.59,2.31,0.73,-0.33,-0.5,-0.68,0.15
A_M_2.1999999999999997_1.0_742,24.51,2.31,0.73,-0.33,-0.5,-0.68,0.15
A_M_2.1999999999999997_1.0_743,24.43,2.31,0.73,-0.33,-0.5,-0.68,0.15
A_M_2.1999999999999997_1.0_744,24.96,2.31,0.73,-0.33,-0.5,-0.68,0.15
A_M_2.1999999999999997_1.0_745,21.86,2.31,0.73,-0.33,-0.5,-0.68,0.15
A_M_2.1999999999999997_1.0_746,25.3,2.31,0.73,-0.33,-0.5,-0.68,0.15
A_M_2.1999999999999997_1.0_747,25.28,2.31,0.73,-0.33,-0.5,-0.68,0.15
A_M_2.1999999999999997_1.0_748,24.83,2.31,0.73,-0.33,-0.5,-0.68,0.15
A_M_2.1999999999999997_1.0_749,20.94,2.31,0.73,-0.33,-0.5,-0.68,0.15
A_M_2.1999999999999997_1.0_750,24.62,2.31,0.73,-0.33,-0.5,-0.68,0.15
A_M_2.1999999999999997_1.0_751,24.96,2.31,0.73,-0.33,-0.5,-0.68,0.15
A_M_2.1999999999999997_1.0_752,24.02,2.31,0.73,-0.33,-0.5,-0.68,0.15
A_M_2.1999999999999997_1.0_753,23.53,2.31,0.73,-0.33,-0.5,-0.68,0.15
A_M_2.1999999999999997_1.0_754,25.09,2.31,0.73,-0.33,-0.5,-0.68,0.15
A_M_2.1999999999999997_1.0_755,25.38,2.31,0.73,-0.33,-0.5,-0.68,0.15
A_M_2.1999999999999997_1.0_756,24.68,2.31,0.73,-0.33,-0.5,-0.68,0.15
A_M_2.1999999999999997_1.0_757,23.51,2.31,0.73,-0.33,-0.5,-0.68,0.15
A_M_2.1999999999999997_1.0_758,18.51,2.31,0.73,-0.33,-0.5,-0.68,0.15
A_M_2.1999999999999997_1.0_759,24.28,2.31,0.73,-0.33,-0.5,-0.68,0.15
A_M_2.1999999999999997_1.0_760,23.28,2.31,0.73,-0.33,-0.5,-0.68,0.15
A_M_2.1999999999999997_1.0_761,25.18,2.31,0.73,-0.33,-0.5,-0.68,0.15
A_M_2.1999999999999997_1.0_762,25.12,2.31,0.73,-0.33,-0.5,-0.68,0.15
A_M_2.1999999999999997_1.0_763,25.47,2.31,0.73,-0.33,-0.5,-0.68,0.15
A_M_2.1999999999999997_1.0_764,23.88,2.31,0.73,-0.33,-0.5,-0.68,0.15
A_M_2.1999999999999997_1.0_765,24.63,2.31,0.73,-0.33,-0.5,-0.68,0.15
A_M_2.1999999999999997_1.0_766,25.06,2.31,0.73,-0.33,-0.5,-0.68,0.15
A_M_2.1999999999999997_1.0_767,23.68,2.31,0.73,-0.33,-0.5,-0.68,0.15
A_M_2.1999999999999997_1.0_768,24.83,2.31,0.73,-0.33,-0.5,-0.68,0.15
A_M_2.1999999999999997_1.0_769,25.25,2.31,0.73,-0.33,-0.5,-0.68,0.15
A_M_2.1999999999999997_1.0_770,24.47,2.31,0.73,-0.33,-0.5,-0.68,0.15
A_M_2.1999999999999997_1.0_771,19.87,2.31,0.73,-0.33,-0.5,-0.68,0.15
A_M_2.1999999999999997_1.0_772,18.76,2.31,0.73,-0.33,-0.5,-0.68,0.15
A_M_2.1999999999999997_1.0_773,25.34,2.31,0.73,-0.33,-0.5,-0.68,0.15
A_M_2.1999999999999997_1.0_774,24.53,2.31,0.73,-0.33,-0.5,-0.68,0.15
A_M_2.1999999999999997_1.0_775,25.27,2.31,0.73,-0.33,-0.5,-0.68,0.15
A_M_2.1999999999999997_1.0_776,25.48,2.31,0.73,-0.33,-0.5,-0.68,0.15
A_M_2.1999999999999997_1.0_777,22.91,2.31,0.73,-0.33,-0.5,-0.68,0.15
A_M_2.1999999999999997_1.0_778,24.19,2.31,0.73,-0.33,-0.5,-0.68,0.15
A_M_2.1999999999999997_1.0_779,24.82,2.31,0.73,-0.33,-0.5,-0.68,0.15
A_M_2.1999999999999997_1.0_780,22.16,2.31,0.73,-0.33,-0.5,-0.68,0.15
A_M_2.1999999999999997_1.0_781,24.01,2.31,0.73,-0.33,-0.5,-0.68,0.15
A_M_2.1999999999999997_1.0_782,25.13,2.31,0.73,-0.33,-0.5,-0.68,0.15
A_M_2.1999999999999997_1.0_783,25.61,2.31,0.73,-0.33,-0.5,-0.68,0.15
A_M_2.1999999999999997_1.0_784,23.47,2.31,0.73,-0.33,-0.5,-0.68,0.15
A_M_2.1999999999999997_1.0_785,25.38,2.31,0.73,-0.33,-0.5,-0.68,0.15
A_M_2.1999999999999997_1.0_786,24.71,2.31,0.73,-0.33,-0.5,-0.68,0.15
A_M_2.1999999999999997_1.0_787,23.76,2.31,0.73,-0.33,-0.5,-0.68,0.15
A_M_2.1999999999999997_1.0_788,25.32,2.31,0.73,-0.33,-0.5,-0.68,0.15
A_M_2.1999999999999997_1.0_789,25.24,2.31,0.73,-0.33,-0.5,-0.68,0.15
A_M_2.1999999999999997_1.0_790,18.5,2.31,0.73,-0.33,-0.5,-0.68,0.15
A_M_2.1999999999999997_1.0_791,18.5,2.31,0.73,-0.33,-0.5,-0.68,0.15
A_M_2.1999999999999997_1.0_792,23.37,2.31,0.73,-0.33,-0.5,-0.68,0.15
A_M_2.1999999999999997_1.0_793,23.67,2.31,0.73,-0.33,-0.5,-0.68,0.15
A_M_2.1999999999999997_1.0_794,23.45,2.31,0.73,-0.33,-0.5,-0.68,0.15
A_M_2.1999999999999997_1.0_795,19.45,2.31,0.73,-0.33,-0.5,-0.68,0.15
A_M_2.1999999999999997_1.0_796,23.57,2.31,0.73,-0.33,-0.5,-0.68,0.15
A_M_2.1999999999999997_1.0_797,24.1,2.31,0.73,-0.33,-0.5,-0.68,0.15
A_M_2.1999999999999997_1.0_798,22.86,2.31,0.73,-0.33,-0.5,-0.68,0.15
A_M_2.1999999999999997_1.0_799,23.55,2.31,0.73,-0.33,-0.5,-0.68,0.15
A_M_2.1999999999999997_1.0_800,25.51,2.31,0.73,-0.33,-0.5,-0.68,0.15
A_M_2.1999999999999997_1.0_801,24.54,2.31,0.73,-0.33,-0.5,-0.68,0.15
A_M_2.1999999999999997_1.0_802,24.52,2.31,0.73,-0.33,-0.5,-0.68,0.15
A_M_2.1999999999999997_1.0_803,25.36,2.31,0.73,-0.33,-0.5,-0.68,0.15
A_M_2.1999999999999997_1.0_804,25.6,2.31,0.73,-0.33,-0.5,-0.68,0.15
A_M_2.1999999999999997_1.0_805,25.17,2.31,0.73,-0.33,-0.5,-0.68,0.15
A_M_2.1999999999999997_1.0_806,25.26,2.31,0.73,-0.33,-0.5,-0.68,0.15
A_M_2.1999999999999997_1.0_807,24.22,2.31,0.73,-0.33,-0.5,-0.68,0.15
A_M_2.1999999999999997_1.0_808,24.06,2.31,0.73,-0.33,-0.5,-0.68,0.15
A_M_2.1999999999999997_1.0_809,24.13,2.31,0.73,-0.33,-0.5,-0.68,0.15
A_M_2.1999999999999997_1.0_810,23.21,2.31,0.73,-0.33,-0.5,-0.68,0.15
A_M_2.1999999999999997_1.0_811,23.88,2.31,0.73,-0.33,-0.5,-0.68,0.15
A_M_2.1999999999999997_1.0_812,25.59,2.31,0.73,-0.33,-0.5,-0.68,0.15
A_M_2.1999999999999997_1.0_813,24.24,2.31,0.73,-0.33,-0.5,-0.68,0.15
A_M_2.1999999999999997_1.0_814,24.59,2.31,0.73,-0.33,-0.5,-0.68,0.15
A_M_2.1999999999999997_1.0_815,25.35,2.31,0.73,-0.33,-0.5,-0.68,0.15
A_M_2.1999999999999997_1.0_816,21.88,2.31,0.73,-0.33,-0.5,-0.68,0.15
A_M_2.1999999999999997_1.0_817,25.28,2.31,0.73,-0.33,-0.5,-0.68,0.15
A_M_2.1999999999999997_1.0_818,24.95,2.31,0.73,-0.33,-0.5,-0.68,0.15
A_M_2.1999999999999997_1.0_819,23.58,2.31,0.73,-0.33,-0.5,-0.68,0.15
A_M_2.1999999999999997_1.0_820,23.13,2.31,0.73,-0.33,-0.5,-0.68,0.15
A_M_2.1999999999999997_1.0_821,25.02,2.31,0.73,-0.33,-0.5,-0.68,0.15
A_M_2.1999999999999997_1.0_822,24.09,2.31,0.73,-0.33,-0.5,-0.68,0.15
A_M_2.1999999999999997_1.0_823,25.51,2.31,0.73,-0.33,-0.5,-0.68,0.15
A_M_2.1999999999999997_1.0_824,25.4,2.31,0.73,-0.33,-0.5,-0.68,0.15
A_M_2.1999999999999997_1.0_825,25.21,2.31,0.73,-0.33,-0.5,-0.68,0.15
A_M_2.1999999999999997_1.0_826,25.55,2.31,0.73,-0.33,-0.5,-0.68,0.15
A_M_2.1999999999999997_1.0_827,24.99,2.31,0.73,-0.33,-0.5,-0.68,0.15
A_M_2.1999999999999997_1.0_828,21.19,2.31,0.73,-0.33,-0.5,-0.68,0.15
A_M_2.1999999999999997_1.0_829,25.3,2.31,0.73,-0.33,-0.5,-0.68,0.15
A_M_2.1999999999999997_1.0_830,25.2,2.31,0.73,-0.33,-0.5,-0.68,0.15
A_M_2.1999999999999997_1.0_831,25.1,2.31,0.73,-0.33,-0.5,-0.68,0.15
A_M_2.1999999999999997_1.0_832,25.18,2.31,0.73,-0.33,-0.5,-0.68,0.15
A_M_2.1999999999999997_1.0_833,25.13,2.31,0.73,-0.33,-0.5,-0.68,0.15
A_M_2.1999999999999997_1.0_834,21.09,2.31,0.73,-0.33,-0.5,-0.68,0.15
A_M_2.1999999999999997_1.0_835,23.94,2.31,0.73,-0.33,-0.5,-0.68,0.15
A_M_2.1999999999999997_1.0_836,23.51,2.31,0.73,-0.33,-0.5,-0.68,0.15
A_M_2.1999999999999997_1.0_837,24.96,2.31,0.73,-0.33,-0.5,-0.68,0.15
A_M_2.1999999999999997_1.0_838,25.09,2.31,0.73,-0.33,-0.5,-0.68,0.15
A_M_2.1999999999999997_1.0_839,24.88,2.31,0.73,-0.33,-0.5,-0.68,0.15
A_M_2.1999999999999997_1.0_840,25.5,2.31,0.73,-0.33,-0.5,-0.68,0.15
A_M_2.1999999999999997_1.0_841,22.45,2.31,0.73,-0.33,-0.5,-0.68,0.15
A_M_2.1999999999999997_1.0_842,25.37,2.31,0.73,-0.33,-0.5,-0.68,0.15
A_M_2.1999999999999997_1.0_843,23.29,2.31,0.73,-0.33,-0.5,-0.68,0.15
A_M_2.1999999999999997_1.0_844,24.72,2.31,0.73,-0.33,-0.5,-0.68,0.15
A_M_2.1999999999999997_1.0_845,25.44,2.31,0.73,-0.33,-0.5,-0.68,0.15
A_M_2.1999999999999997_1.0_846,22.33,2.31,0.73,-0.33,-0.5,-0.68,0.15
A_M_2.1999999999999997_1.0_847,21.22,2.31,0.73,-0.33,-0.5,-0.68,0.15
A_M_2.1999999999999997_1.0_848,25.59,2.31,0.73,-0.33,-0.5,-0.68,0.15
A_M_2.1999999999999997_1.0_849,24.38,2.31,0.73,-0.33,-0.5,-0.68,0.15
A_M_2.1999999999999997_1.0_850,25.3,2.31,0.73,-0.33,-0.5,-0.68,0.15
A_M_2.1999999999999997_1.0_851,24.8,2.31,0.73,-0.33,-0.5,-0.68,0.15
A_M_2.1999999999999997_1.0_852,23.92,2.31,0.73,-0.33,-0.5,-0.68,0.15
A_M_2.1999999999999997_1.0_853,25.56,2.31,0.73,-0.33,-0.5,-0.68,0.15
A_M_2.1999999999999997_1.0_854,20.72,2.31,0.73,-0.33,-0.5,-0.68,0.15
A_M_2.1999999999999997_1.0_855,24.79,2.31,0.73,-0.33,-0.5,-0.68,0.15
A_M_2.1999999999999997_1.0_856,23.08,2.31,0.73,-0.33,-0.5,-0.68,0.15
A_M_2.1999999999999997_1.0_857,20.82,2.31,0.73,-0.33,-0.5,-0.68,0.15
A_M_2.1999999999999997_1.0_858,25.33,2.31,0.73,-0.33,-0.5,-0.68,0.15
A_M_2.1999999999999997_1.0_859,18.69,2.31,0.73,-0.33,-0.5,-0.68,0.15
A_M_2.1999999999999997_1.0_860,25.33,2.31,0.73,-0.33,-0.5,-0.68,0.15
A_M_2.1999999999999997_1.0_861,24.7,2.31,0.73,-0.33,-0.5,-0.68,0.15
A_M_2.1999999999999997_1.0_862,24.23,2.31,0.73,-0.33,-0.5,-0.68,0.15
A_M_2.1999999999999997_1.0_863,24.87,2.31,0.73,-0.33,-0.5,-0.68,0.15
A_M_2.1999999999999997_1.0_864,22.92,2.31,0.73,-0.33,-0.5,-0.68,0.15
A_M_2.1999999999999997_1.0_865,25.05,2.31,0.73,-0.33,-0.5,-0.68,0.15
A_M_2.1999999999999997_1.0_866,25.07,2.31,0.73,-0.33,-0.5,-0.68,0.15
A_M_2.1999999999999997_1.0_867,25.58,2.31,0.73,-0.33,-0.5,-0.68,0.15
A_M_2.1999999999999997_1.0_868,25.59,2.31,0.73,-0.33,-0.5,-0.68,0.15
A_M_2.1999999999999997_1.0_869,25.16,2.31,0.73,-0.33,-0.5,-0.68,0.15
A_M_2.1999999999999997_1.0_870,25.55,2.31,0.73,-0.33,-0.5,-0.68,0.15
A_M_2.1999999999999997_1.0_871,25.49,2.31,0.73,-0.33,-0.5,-0.68,0.15
A_M_2.1999999999999997_1.0_872,22.73,2.31,0.73,-0.33,-0.5,-0.68,0.15
A_M_2.1999999999999997_1.0_873,22.07,2.31,0.73,-0.33,-0.5,-0.68,0.15
A_M_2.1999999999999997_1.0_874,24.89,2.31,0.73,-0.33,-0.5,-0.68,0.15
A_M_2.1999999999999997_1.0_875,24.07,2.31,0.73,-0.33,-0.5,-0.68,0.15
A_M_2.1999999999999997_1.0_876,24.64,2.31,0.73,-0.33,-0.5,-0.68,0.15
A_M_2.1999999999999997_1.0_877,25.48,2.31,0.73,-0.33,-0.5,-0.68,0.15
A_M_2.1999999999999997_1.0_878,21.73,2.31,0.73,-0.33,-0.5,-0.68,0.15
A_M_2.1999999999999997_1.0_879,23.59,2.31,0.73,-0.33,-0.5,-0.68,0.15
A_M_2.1999999999999997_1.0_880,23.07,2.31,0.73,-0.33,-0.5,-0.68,0.15
A_M_2.1999999999999997_1.0_881,24.27,2.31,0.73,-0.33,-0.5,-0.68,0.15
A_M_2.1999999999999997_1.0_882,24.2,2.31,0.73,-0.33,-0.5,-0.68,0.15
A_M_2.1999999999999997_1.0_883,25.3,2.31,0.73,-0.33,-0.5,-0.68,0.15
A_M_2.1999999999999997_1.0_884,25.47,2.31,0.73,-0.33,-0.5,-0.68,0.15
A_M_2.1999999999999997_1.0_885,24.89,2.31,0.73,-0.33,-0.5,-0.68,0.15
A_M_2.1999999999999997_1.0_886,23.79,2.31,0.73,-0.33,-0.5,-0.68,0.15
A_M_2.1999999999999997_1.0_887,25.11,2.31,0.73,-0.33,-0.5,-0.68,0.15
A_M_2.1999999999999997_1.0_888,21.68,2.31,0.73,-0.33,-0.5,-0.68,0.15
A_M_2.1999999999999997_1.0_889,21.57,2.31,0.73,-0.33,-0.5,-0.68,0.15
A_M_2.1999999999999997_1.0_890,25.37,2.31,0.73,-0.33,-0.5,-0.68,0.15
A_M_2.1999999999999997_1.0_891,24.57,2.31,0.73,-0.33,-0.5,-0.68,0.15
A_M_2.1999999999999997_1.0_892,25.6,2.31,0.73,-0.33,-0.5,-0.68,0.15
A_M_2.1999999999999997_1.0_893,23.32,2.31,0.73,-0.33,-0.5,-0.68,0.15
A_M_2.1999999999999997_1.0_894,16.91,2.31,0.73,-0.33,-0.5,-0.68,0.15
A_M_2.1999999999999997_1.0_895,24.95,2.31,0.73,-0.33,-0.5,-0.68,0.15
A_M_2.1999999999999997_1.0_896,25.58,2.31,0.73,-0.33,-0.5,-0.68,0.15
A_M_2.1999999999999997_1.0_897,23.64,2.31,0.73,-0.33,-0.5,-0.68,0.15
A_M_2.1999999999999997_1.0_898,25.16,2.31,0.73,-0.33,-0.5,-0.68,0.15
A_M_2.1999999999999997_1.0_899,24.61,2.31,0.73,-0.33,-0.5,-0.68,0.15
A_M_2.1999999999999997_1.0_900,24.79,2.31,0.73,-0.33,-0.5,-0.68,0.15
A_M_2.1999999999999997_1.0_901,24.28,2.31,0.73,-0.33,-0.5,-0.68,0.15
A_M_2.1999999999999997_1.0_902,24.6,2.31,0.73,-0.33,-0.5,-0.68,0.15
A_M_2.1999999999999997_1.0_903,23.96,2.31,0.73,-0.33,-0.5,-0.68,0.15
A_M_2.1999999999999997_1.0_904,23.73,2.31,0.73,-0.33,-0.5,-0.68,0.15
A_M_2.1999999999999997_1.0_905,24.97,2.31,0.73,-0.33,-0.5,-0.68,0.15
A_M_2.1999999999999997_1.0_906,25.08,2.31,0.73,-0.33,-0.5,-0.68,0.15
A_M_2.1999999999999997_1.0_907,25.45,2.31,0.73,-0.33,-0.5,-0.68,0.15
A_M_2.1999999999999997_1.0_908,24.27,2.31,0.73,-0.33,-0.5,-0.68,0.15
A_M_2.1999999999999997_1.0_909,24.41,2.31,0.73,-0.33,-0.5,-0.68,0.15
A_M_2.1999999999999997_1.0_910,24.97,2.31,0.73,-0.33,-0.5,-0.68,0.15
A_M_2.1999999999999997_1.0_911,24.36,2.31,0.73,-0.33,-0.5,-0.68,0.15
A_M_2.1999999999999997_1.0_912,25.49,2.31,0.73,-0.33,-0.5,-0.68,0.15
A_M_2.1999999999999997_1.0_913,25.17,2.31,0.73,-0.33,-0.5,-0.68,0.15
A_M_2.1999999999999997_1.0_914,24.95,2.31,0.73,-0.33,-0.5,-0.68,0.15
A_M_2.1999999999999997_1.0_915,24.26,2.31,0.73,-0.33,-0.5,-0.68,0.15
A_M_2.1999999999999997_1.0_916,23.73,2.31,0.73,-0.33,-0.5,-0.68,0.15
A_M_2.1999999999999997_1.0_917,24.27,2.31,0.73,-0.33,-0.5,-0.68,0.15
A_M_2.1999999999999997_1.0_918,25.3,2.31,0.73,-0.33,-0.5,-0.68,0.15
A_M_2.1999999999999997_1.0_919,25.47,2.31,0.73,-0.33,-0.5,-0.68,0.15
A_M_2.1999999999999997_1.0_920,23.62,2.31,0.73,-0.33,-0.5,-0.68,0.15
A_M_2.1999999999999997_1.0_921,25.31,2.31,0.73,-0.33,-0.5,-0.68,0.15
A_M_2.1999999999999997_1.0_922,25.42,2.31,0.73,-0.33,-0.5,-0.68,0.15
A_M_2.1999999999999997_1.0_923,25.25,2.31,0.73,-0.33,-0.5,-0.68,0.15
A_M_2.1999999999999997_1.0_924,22.3,2.31,0.73,-0.33,-0.5,-0.68,0.15
A_M_2.1999999999999997_1.0_925,23.62,2.31,0.73,-0.33,-0.5,-0.68,0.15
A_M_2.1999999999999997_1.0_926,24.02,2.31,0.73,-0.33,-0.5,-0.68,0.15
A_M_2.1999999999999997_1.0_927,23.58,2.31,0.73,-0.33,-0.5,-0.68,0.15
A_M_2.1999999999999997_1.0_928,25.18,2.31,0.73,-0.33,-0.5,-0.68,0.15
A_M_2.1999999999999997_1.0_929,24.67,2.31,0.73,-0.33,-0.5,-0.68,0.15
A_M_2.1999999999999997_1.0_930,21.32,2.31,0.73,-0.33,-0.5,-0.68,0.15
A_M_2.1999999999999997_1.0_931,25.41,2.31,0.73,-0.33,-0.5,-0.68,0.15
A_M_2.1999999999999997_1.0_932,25.29,2.31,0.73,-0.33,-0.5,-0.68,0.15
A_M_2.1999999999999997_1.0_933,25.52,2.31,0.73,-0.33,-0.5,-0.68,0.15
A_M_2.1999999999999997_1.0_934,24.08,2.31,0.73,-0.33,-0.5,-0.68,0.15
A_M_2.1999999999999997_1.0_935,24.92,2.31,0.73,-0.33,-0.5,-0.68,0.15
A_M_2.1999999999999997_1.0_936,25.5,2.31,0.73,-0.33,-0.5,-0.68,0.15
A_M_2.1999999999999997_1.0_937,24.34,2.31,0.73,-0.33,-0.5,-0.68,0.15
A_M_2.1999999999999997_1.0_938,25.51,2.31,0.73,-0.33,-0.5,-0.68,0.15
A_M_2.1999999999999997_1.0_939,25.52,2.31,0.73,-0.33,-0.5,-0.68,0.15
A_M_2.1999999999999997_1.0_940,25.32,2.31,0.73,-0.33,-0.5,-0.68,0.15
A_M_2.1999999999999997_1.0_941,25.15,2.31,0.73,-0.33,-0.5,-0.68,0.15
A_M_2.1999999999999997_1.0_942,23.12,2.31,0.73,-0.33,-0.5,-0.68,0.15
A_M_2.1999999999999997_1.0_943,25.45,2.31,0.73,-0.33,-0.5,-0.68,0.15
A_M_2.1999999999999997_1.0_944,24.81,2.31,0.73,-0.33,-0.5,-0.68,0.15
A_M_2.1999999999999997_1.0_945,21.47,2.31,0.73,-0.33,-0.5,-0.68,0.15
A_M_2.1999999999999997_1.0_946,23.96,2.31,0.73,-0.33,-0.5,-0.68,0.15
A_M_2.1999999999999997_1.0_947,24.47,2.31,0.73,-0.33,-0.5,-0.68,0.15
A_M_2.1999999999999997_1.0_948,25.26,2.31,0.73,-0.33,-0.5,-0.68,0.15
A_M_2.1999999999999997_1.0_949,25.06,2.31,0.73,-0.33,-0.5,-0.68,0.15
A_M_2.1999999999999997_1.0_950,23.73,2.31,0.73,-0.33,-0.5,-0.68,0.15
A_M_2.1999999999999997_1.0_951,23.85,2.31,0.73,-0.33,-0.5,-0.68,0.15
A_M_2.1999999999999997_1.0_952,25.56,2.31,0.73,-0.33,-0.5,-0.68,0.15
A_M_2.1999999999999997_1.0_953,19.94,2.31,0.73,-0.33,-0.5,-0.68,0.15
A_M_2.1999999999999997_1.0_954,21.11,2.31,0.73,-0.33,-0.5,-0.68,0.15
A_M_2.1999999999999997_1.0_955,25.08,2.31,0.73,-0.33,-0.5,-0.68,0.15
A_M_2.1999999999999997_1.0_956,19.9,2.31,0.73,-0.33,-0.5,-0.68,0.15
A_M_2.1999999999999997_1.0_957,19.57,2.31,0.73,-0.33,-0.5,-0.68,0.15
A_M_2.1999999999999997_1.0_958,25.36,2.31,0.73,-0.33,-0.5,-0.68,0.15
A_M_2.1999999999999997_1.0_959,25.46,2.31,0.73,-0.33,-0.5,-0.68,0.15
A_M_2.1999999999999997_1.0_960,24.96,2.31,0.73,-0.33,-0.5,-0.68,0.15
A_M_2.1999999999999997_1.0_961,23.69,2.31,0.73,-0.33,-0.5,-0.68,0.15
A_M_2.1999999999999997_1.0_962,24.95,2.31,0.73,-0.33,-0.5,-0.68,0.15
A_M_2.1999999999999997_1.0_963,23.57,2.31,0.73,-0.33,-0.5,-0.68,0.15
A_M_2.1999999999999997_1.0_964,25.59,2.31,0.73,-0.33,-0.5,-0.68,0.15
A_M_2.1999999999999997_1.0_965,24.92,2.31,0.73,-0.33,-0.5,-0.68,0.15
A_M_2.1999999999999997_1.0_966,25.44,2.31,0.73,-0.33,-0.5,-0.68,0.15
A_M_2.1999999999999997_1.0_967,24.09,2.31,0.73,-0.33,-0.5,-0.68,0.15
A_M_2.1999999999999997_1.0_968,24.77,2.31,0.73,-0.33,-0.5,-0.68,0.15
A_M_2.1999999999999997_1.0_969,24.65,2.31,0.73,-0.33,-0.5,-0.68,0.15
A_M_2.1999999999999997_1.0_970,25.26,2.31,0.73,-0.33,-0.5,-0.68,0.15
A_M_2.1999999999999997_1.0_971,24.95,2.31,0.73,-0.33,-0.5,-0.68,0.15
A_M_2.1999999999999997_1.0_972,24.66,2.31,0.73,-0.33,-0.5,-0.68,0.15
A_M_2.1999999999999997_1.0_973,20.63,2.31,0.73,-0.33,-0.5,-0.68,0.15
A_M_2.1999999999999997_1.0_974,25.35,2.31,0.73,-0.33,-0.5,-0.68,0.15
A_M_2.1999999999999997_1.0_975,25.12,2.31,0.73,-0.33,-0.5,-0.68,0.15
A_M_2.1999999999999997_1.0_976,24.81,2.31,0.73,-0.33,-0.5,-0.68,0.15
A_M_2.1999999999999997_1.0_977,25.53,2.31,0.73,-0.33,-0.5,-0.68,0.15
A_M_2.1999999999999997_1.0_978,23.44,2.31,0.73,-0.33,-0.5,-0.68,0.15
A_M_2.1999999999999997_1.0_979,24.4,2.31,0.73,-0.33,-0.5,-0.68,0.15
A_M_2.1999999999999997_1.0_980,24.24,2.31,0.73,-0.33,-0.5,-0.68,0.15
A_M_2.1999999999999997_1.0_981,23.24,2.31,0.73,-0.33,-0.5,-0.68,0.15
A_M_2.1999999999999997_1.0_982,24.74,2.31,0.73,-0.33,-0.5,-0.68,0.15
A_M_2.1999999999999997_1.0_983,24.88,2.31,0.73,-0.33,-0.5,-0.68,0.15
A_M_2.1999999999999997_1.0_984,23.97,2.31,0.73,-0.33,-0.5,-0.68,0.15
A_M_2.1999999999999997_1.0_985,24.66,2.31,0.73,-0.33,-0.5,-0.68,0.15
A_M_2.1999999999999997_1.0_986,22.44,2.31,0.73,-0.33,-0.5,-0.68,0.15
A_M_2.1999999999999997_1.0_987,24.94,2.31,0.73,-0.33,-0.5,-0.68,0.15
A_M_2.1999999999999997_1.0_988,25.59,2.31,0.73,-0.33,-0.5,-0.68,0.15
A_M_2.1999999999999997_1.0_989,25.44,2.31,0.73,-0.33,-0.5,-0.68,0.15
A_M_2.1999999999999997_1.0_990,25.37,2.31,0.73,-0.33,-0.5,-0.68,0.15
A_M_2.1999999999999997_1.0_991,25.05,2.31,0.73,-0.33,-0.5,-0.68,0.15
A_M_2.1999999999999997_1.0_992,24.15,2.31,0.73,-0.33,-0.5,-0.68,0.15
A_M_2.1999999999999997_1.0_993,24.15,2.31,0.73,-0.33,-0.5,-0.68,0.15
A_M_2.1999999999999997_1.0_994,24.89,2.31,0.73,-0.33,-0.5,-0.68,0.15
A_M_2.1999999999999997_1.0_995,24.17,2.31,0.73,-0.33,-0.5,-0.68,0.15
A_M_2.1999999999999997_1.0_996,23.2,2.31,0.73,-0.33,-0.5,-0.68,0.15
A_M_2.1999999999999997_1.0_997,23.66,2.31,0.73,-0.33,-0.5,-0.68,0.15
A_M_2.1999999999999997_1.0_998,25.09,2.31,0.73,-0.33,-0.5,-0.68,0.15
A_M_2.1999999999999997_1.0_999,24.45,2.31,0.73,-0.33,-0.5,-0.68,0.15
A_M_2.1999999999999997_1.0_1000,22.83,2.31,0.73,-0.33,-0.5,-0.68,0.15
A_M_2.1999999999999997_1.0_1001,25.21,2.31,0.73,-0.33,-0.5,-0.68,0.15
A_M_2.1999999999999997_1.0_1002,23.09,2.31,0.73,-0.33,-0.5,-0.68,0.15
A_M_2.1999999999999997_1.0_1003,25.14,2.31,0.73,-0.33,-0.5,-0.68,0.15
A_M_2.1999999999999997_1.0_1004,25.61,2.31,0.73,-0.33,-0.5,-0.68,0.15
A_M_2.1999999999999997_1.0_1005,25.39,2.31,0.73,-0.33,-0.5,-0.68,0.15
A_M_2.1999999999999997_1.0_1006,25.45,2.31,0.73,-0.33,-0.5,-0.68,0.15
A_M_2.1999999999999997_1.0_1007,25.52,2.31,0.73,-0.33,-0.5,-0.68,0.15
A_M_2.1999999999999997_1.0_1008,23.29,2.31,0.73,-0.33,-0.5,-0.68,0.15
A_M_2.1999999999999997_1.0_1009,25.45,2.31,0.73,-0.33,-0.5,-0.68,0.15
A_M_2.1999999999999997_1.0_1010,25.49,2.31,0.73,-0.33,-0.5,-0.68,0.15
A_M_2.1999999999999997_1.0_1011,24.7,2.31,0.73,-0.33,-0.5,-0.68,0.15
A_M_2.1999999999999997_1.0_1012,25.38,2.31,0.73,-0.33,-0.5,-0.68,0.15
A_M_2.1999999999999997_1.0_1013,25.35,2.31,0.73,-0.33,-0.5,-0.68,0.15
A_M_2.1999999999999997_1.0_1014,25.35,2.31,0.73,-0.33,-0.5,-0.68,0.15
A_M_2.1999999999999997_1.0_1015,23.76,2.31,0.73,-0.33,-0.5,-0.68,0.15
A_M_2.1999999999999997_1.0_1016,25.03,2.31,0.73,-0.33,-0.5,-0.68,0.15
A_M_2.1999999999999997_1.0_1017,25.6,2.31,0.73,-0.33,-0.5,-0.68,0.15
A_M_2.1999999999999997_1.0_1018,23.93,2.31,0.73,-0.33,-0.5,-0.68,0.15
A_M_2.1999999999999997_1.0_1019,23.5,2.31,0.73,-0.33,-0.5,-0.68,0.15
A_M_2.1999999999999997_1.0_1020,24.41,2.31,0.73,-0.33,-0.5,-0.68,0.15
A_M_2.1999999999999997_1.0_1021,24.87,2.31,0.73,-0.33,-0.5,-0.68,0.15
A_M_2.1999999999999997_1.0_1022,24.08,2.31,0.73,-0.33,-0.5,-0.68,0.15
A_M_2.1999999999999997_1.0_1023,25.2,2.31,0.73,-0.33,-0.5,-0.68,0.15
A_M_2.1999999999999997_1.0_1024,25.0,2.31,0.73,-0.33,-0.5,-0.68,0.15
A_M_2.1999999999999997_1.0_1025,24.71,2.31,0.73,-0.33,-0.5,-0.68,0.15
A_M_2.1999999999999997_1.0_1026,24.85,2.31,0.73,-0.33,-0.5,-0.68,0.15
A_M_2.1999999999999997_1.0_1027,24.51,2.31,0.73,-0.33,-0.5,-0.68,0.15
A_M_2.1999999999999997_1.0_1028,23.95,2.31,0.73,-0.33,-0.5,-0.68,0.15
A_M_2.1999999999999997_1.0_1029,24.03,2.31,0.73,-0.33,-0.5,-0.68,0.15
A_M_2.1999999999999997_1.0_1030,24.97,2.31,0.73,-0.33,-0.5,-0.68,0.15
A_M_2.1999999999999997_1.0_1031,24.83,2.31,0.73,-0.33,-0.5,-0.68,0.15
A_M_2.1999999999999997_1.0_1032,24.92,2.31,0.73,-0.33,-0.5,-0.68,0.15
A_M_2.1999999999999997_1.0_1033,25.53,2.31,0.73,-0.33,-0.5,-0.68,0.15
A_M_2.1999999999999997_1.0_1034,25.55,2.31,0.73,-0.33,-0.5,-0.68,0.15
A_M_2.1999999999999997_1.0_1035,23.73,2.31,0.73,-0.33,-0.5,-0.68,0.15
A_M_2.1999999999999997_1.0_1036,25.57,2.31,0.73,-0.33,-0.5,-0.68,0.15
A_M_2.1999999999999997_1.0_1037,23.68,2.31,0.73,-0.33,-0.5,-0.68,0.15
A_M_2.1999999999999997_1.0_1038,24.56,2.31,0.73,-0.33,-0.5,-0.68,0.15
A_M_2.1999999999999997_1.0_1039,25.24,2.31,0.73,-0.33,-0.5,-0.68,0.15
A_M_2.1999999999999997_1.0_1040,23.96,2.31,0.73,-0.33,-0.5,-0.68,0.15
A_M_2.1999999999999997_1.0_1041,23.6,2.31,0.73,-0.33,-0.5,-0.68,0.15
A_M_2.1999999999999997_1.0_1042,25.35,2.31,0.73,-0.33,-0.5,-0.68,0.15
A_M_2.1999999999999997_1.0_1043,23.87,2.31,0.73,-0.33,-0.5,-0.68,0.15
A_M_2.1999999999999997_1.0_1044,25.58,2.31,0.73,-0.33,-0.5,-0.68,0.15
A_M_2.1999999999999997_1.0_1045,23.65,2.31,0.73,-0.33,-0.5,-0.68,0.15
A_M_2.1999999999999997_1.0_1046,23.86,2.31,0.73,-0.33,-0.5,-0.68,0.15
A_M_2.1999999999999997_1.0_1047,24.22,2.31,0.73,-0.33,-0.5,-0.68,0.15
A_M_2.1999999999999997_1.0_1048,25.26,2.31,0.73,-0.33,-0.5,-0.68,0.15
A_M_2.1999999999999997_1.0_1049,24.78,2.31,0.73,-0.33,-0.5,-0.68,0.15
A_M_2.1999999999999997_1.0_1050,23.43,2.31,0.73,-0.33,-0.5,-0.68,0.15
A_M_2.1999999999999997_1.0_1051,25.03,2.31,0.73,-0.33,-0.5,-0.68,0.15
A_M_2.1999999999999997_1.0_1052,24.84,2.31,0.73,-0.33,-0.5,-0.68,0.15
A_M_2.1999999999999997_1.0_1053,23.09,2.31,0.73,-0.33,-0.5,-0.68,0.15
A_M_2.1999999999999997_1.0_1054,22.57,2.31,0.73,-0.33,-0.5,-0.68,0.15
A_M_2.1999999999999997_1.0_1055,24.49,2.31,0.73,-0.33,-0.5,-0.68,0.15
A_M_2.1999999999999997_1.0_1056,21.79,2.31,0.73,-0.33,-0.5,-0.68,0.15
A_M_2.1999999999999997_1.0_1057,25.51,2.31,0.73,-0.33,-0.5,-0.68,0.15
A_M_2.1999999999999997_1.0_1058,24.54,2.31,0.73,-0.33,-0.5,-0.68,0.15
A_M_2.1999999999999997_1.0_1059,23.07,2.31,0.73,-0.33,-0.5,-0.68,0.15
A_M_2.1999999999999997_1.0_1060,25.35,2.31,0.73,-0.33,-0.5,-0.68,0.15
A_M_2.1999999999999997_1.0_1061,25.17,2.31,0.73,-0.33,-0.5,-0.68,0.15
A_M_2.1999999999999997_1.0_1062,25.32,2.31,0.73,-0.33,-0.5,-0.68,0.15
A_M_2.1999999999999997_1.0_1063,24.71,2.31,0.73,-0.33,-0.5,-0.68,0.15
A_M_2.1999999999999997_1.0_1064,25.45,2.31,0.73,-0.33,-0.5,-0.68,0.15
A_M_2.1999999999999997_1.0_1065,25.57,2.31,0.73,-0.33,-0.5,-0.68,0.15
A_M_2.1999999999999997_1.0_1066,23.04,2.31,0.73,-0.33,-0.5,-0.68,0.15
A_M_2.1999999999999997_1.0_1067,25.29,2.31,0.73,-0.33,-0.5,-0.68,0.15
A_M_2.1999999999999997_1.0_1068,25.19,2.31,0.73,-0.33,-0.5,-0.68,0.15
A_M_2.1999999999999997_1.0_1069,24.62,2.31,0.73,-0.33,-0.5,-0.68,0.15
A_M_2.1999999999999997_1.0_1070,25.03,2.31,0.73,-0.33,-0.5,-0.68,0.15
A_M_2.1999999999999997_1.0_1071,24.01,2.31,0.73,-0.33,-0.5,-0.68,0.15
A_M_2.1999999999999997_1.0_1072,23.48,2.31,0.73,-0.33,-0.5,-0.68,0.15
A_M_2.1999999999999997_1.0_1073,25.15,2.31,0.73,-0.33,-0.5,-0.68,0.15
A_M_2.1999999999999997_1.0_1074,24.17,2.31,0.73,-0.33,-0.5,-0.68,0.15
A_M_2.1999999999999997_1.0_1075,24.96,2.31,0.73,-0.33,-0.5,-0.68,0.15
A_M_2.1999999999999997_1.0_1076,25.22,2.31,0.73,-0.33,-0.5,-0.68,0.15
A_M_2.1999999999999997_1.0_1077,24.75,2.31,0.73,-0.33,-0.5,-0.68,0.15
A_M_2.1999999999999997_1.0_1078,24.63,2.31,0.73,-0.33,-0.5,-0.68,0.15
A_M_2.1999999999999997_1.0_1079,21.19,2.31,0.73,-0.33,-0.5,-0.68,0.15
A_M_2.1999999999999997_1.0_1080,23.8,2.31,0.73,-0.33,-0.5,-0.68,0.15
A_M_2.1999999999999997_1.0_1081,23.54,2.31,0.73,-0.33,-0.5,-0.68,0.15
