ObjID,H_r,u-r,g-r,i-r,z-r,y-r,GS
A_M_1.7999999999999998_1.0_0,25.08,2.31,0.73,-0.33,-0.5,-0.68,0.15
A_M_1.7999999999999998_1.0_1,25.05,2.31,0.73,-0.33,-0.5,-0.68,0.15
A_M_1.7999999999999998_1.0_2,22.21,2.31,0.73,-0.33,-0.5,-0.68,0.15
A_M_1.7999999999999998_1.0_3,23.9,2.31,0.73,-0.33,-0.5,-0.68,0.15
A_M_1.7999999999999998_1.0_4,23.8,2.31,0.73,-0.33,-0.5,-0.68,0.15
A_M_1.7999999999999998_1.0_5,24.7,2.31,0.73,-0.33,-0.5,-0.68,0.15
A_M_1.7999999999999998_1.0_6,25.18,2.31,0.73,-0.33,-0.5,-0.68,0.15
A_M_1.7999999999999998_1.0_7,22.3,2.31,0.73,-0.33,-0.5,-0.68,0.15
A_M_1.7999999999999998_1.0_8,25.5,2.31,0.73,-0.33,-0.5,-0.68,0.15
A_M_1.7999999999999998_1.0_9,23.61,2.31,0.73,-0.33,-0.5,-0.68,0.15
A_M_1.7999999999999998_1.0_10,24.75,2.31,0.73,-0.33,-0.5,-0.68,0.15
A_M_1.7999999999999998_1.0_11,25.04,2.31,0.73,-0.33,-0.5,-0.68,0.15
A_M_1.7999999999999998_1.0_12,24.38,2.31,0.73,-0.33,-0.5,-0.68,0.15
A_M_1.7999999999999998_1.0_13,24.81,2.31,0.73,-0.33,-0.5,-0.68,0.15
A_M_1.7999999999999998_1.0_14,23.98,2.31,0.73,-0.33,-0.5,-0.68,0.15
A_M_1.7999999999999998_1.0_15,22.97,2.31,0.73,-0.33,-0.5,-0.68,0.15
A_M_1.7999999999999998_1.0_16,24.72,2.31,0.73,-0.33,-0.5,-0.68,0.15
A_M_1.7999999999999998_1.0_17,22.15,2.31,0.73,-0.33,-0.5,-0.68,0.15
A_M_1.7999999999999998_1.0_18,24.09,2.31,0.73,-0.33,-0.5,-0.68,0.15
A_M_1.7999999999999998_1.0_19,25.33,2.31,0.73,-0.33,-0.5,-0.68,0.15
A_M_1.7999999999999998_1.0_20,25.35,2.31,0.73,-0.33,-0.5,-0.68,0.15
A_M_1.7999999999999998_1.0_21,23.8,2.31,0.73,-0.33,-0.5,-0.68,0.15
A_M_1.7999999999999998_1.0_22,24.25,2.31,0.73,-0.33,-0.5,-0.68,0.15
A_M_1.7999999999999998_1.0_23,22.35,2.31,0.73,-0.33,-0.5,-0.68,0.15
A_M_1.7999999999999998_1.0_24,20.92,2.31,0.73,-0.33,-0.5,-0.68,0.15
A_M_1.7999999999999998_1.0_25,24.54,2.31,0.73,-0.33,-0.5,-0.68,0.15
A_M_1.7999999999999998_1.0_26,25.35,2.31,0.73,-0.33,-0.5,-0.68,0.15
A_M_1.7999999999999998_1.0_27,25.51,2.31,0.73,-0.33,-0.5,-0.68,0.15
A_M_1.7999999999999998_1.0_28,25.25,2.31,0.73,-0.33,-0.5,-0.68,0.15
A_M_1.7999999999999998_1.0_29,24.86,2.31,0.73,-0.33,-0.5,-0.68,0.15
A_M_1.7999999999999998_1.0_30,24.16,2.31,0.73,-0.33,-0.5,-0.68,0.15
A_M_1.7999999999999998_1.0_31,25.31,2.31,0.73,-0.33,-0.5,-0.68,0.15
A_M_1.7999999999999998_1.0_32,23.93,2.31,0.73,-0.33,-0.5,-0.68,0.15
A_M_1.7999999999999998_1.0_33,23.34,2.31,0.73,-0.33,-0.5,-0.68,0.15
A_M_1.7999999999999998_1.0_34,25.56,2.31,0.73,-0.33,-0.5,-0.68,0.15
A_M_1.7999999999999998_1.0_35,22.91,2.31,0.73,-0.33,-0.5,-0.68,0.15
A_M_1.7999999999999998_1.0_36,24.13,2.31,0.73,-0.33,-0.5,-0.68,0.15
A_M_1.7999999999999998_1.0_37,23.69,2.31,0.73,-0.33,-0.5,-0.68,0.15
A_M_1.7999999999999998_1.0_38,24.42,2.31,0.73,-0.33,-0.5,-0.68,0.15
A_M_1.7999999999999998_1.0_39,23.98,2.31,0.73,-0.33,-0.5,-0.68,0.15
A_M_1.7999999999999998_1.0_40,15.76,2.31,0.73,-0.33,-0.5,-0.68,0.15
A_M_1.7999999999999998_1.0_41,24.61,2.31,0.73,-0.33,-0.5,-0.68,0.15
A_M_1.7999999999999998_1.0_42,25.12,2.31,0.73,-0.33,-0.5,-0.68,0.15
A_M_1.7999999999999998_1.0_43,25.25,2.31,0.73,-0.33,-0.5,-0.68,0.15
A_M_1.7999999999999998_1.0_44,23.28,2.31,0.73,-0.33,-0.5,-0.68,0.15
A_M_1.7999999999999998_1.0_45,25.57,2.31,0.73,-0.33,-0.5,-0.68,0.15
A_M_1.7999999999999998_1.0_46,25.61,2.31,0.73,-0.33,-0.5,-0.68,0.15
A_M_1.7999999999999998_1.0_47,24.28,2.31,0.73,-0.33,-0.5,-0.68,0.15
A_M_1.7999999999999998_1.0_48,24.9,2.31,0.73,-0.33,-0.5,-0.68,0.15
A_M_1.7999999999999998_1.0_49,24.31,2.31,0.73,-0.33,-0.5,-0.68,0.15
A_M_1.7999999999999998_1.0_50,25.01,2.31,0.73,-0.33,-0.5,-0.68,0.15
A_M_1.7999999999999998_1.0_51,25.48,2.31,0.73,-0.33,-0.5,-0.68,0.15
A_M_1.7999999999999998_1.0_52,25.24,2.31,0.73,-0.33,-0.5,-0.68,0.15
A_M_1.7999999999999998_1.0_53,25.6,2.31,0.73,-0.33,-0.5,-0.68,0.15
A_M_1.7999999999999998_1.0_54,22.22,2.31,0.73,-0.33,-0.5,-0.68,0.15
A_M_1.7999999999999998_1.0_55,23.26,2.31,0.73,-0.33,-0.5,-0.68,0.15
A_M_1.7999999999999998_1.0_56,25.49,2.31,0.73,-0.33,-0.5,-0.68,0.15
A_M_1.7999999999999998_1.0_57,24.55,2.31,0.73,-0.33,-0.5,-0.68,0.15
A_M_1.7999999999999998_1.0_58,24.24,2.31,0.73,-0.33,-0.5,-0.68,0.15
A_M_1.7999999999999998_1.0_59,25.23,2.31,0.73,-0.33,-0.5,-0.68,0.15
A_M_1.7999999999999998_1.0_60,14.9,2.31,0.73,-0.33,-0.5,-0.68,0.15
A_M_1.7999999999999998_1.0_61,24.09,2.31,0.73,-0.33,-0.5,-0.68,0.15
A_M_1.7999999999999998_1.0_62,24.56,2.31,0.73,-0.33,-0.5,-0.68,0.15
A_M_1.7999999999999998_1.0_63,22.11,2.31,0.73,-0.33,-0.5,-0.68,0.15
A_M_1.7999999999999998_1.0_64,25.17,2.31,0.73,-0.33,-0.5,-0.68,0.15
A_M_1.7999999999999998_1.0_65,25.51,2.31,0.73,-0.33,-0.5,-0.68,0.15
A_M_1.7999999999999998_1.0_66,25.14,2.31,0.73,-0.33,-0.5,-0.68,0.15
A_M_1.7999999999999998_1.0_67,25.49,2.31,0.73,-0.33,-0.5,-0.68,0.15
A_M_1.7999999999999998_1.0_68,24.85,2.31,0.73,-0.33,-0.5,-0.68,0.15
A_M_1.7999999999999998_1.0_69,23.91,2.31,0.73,-0.33,-0.5,-0.68,0.15
A_M_1.7999999999999998_1.0_70,22.97,2.31,0.73,-0.33,-0.5,-0.68,0.15
A_M_1.7999999999999998_1.0_71,25.51,2.31,0.73,-0.33,-0.5,-0.68,0.15
A_M_1.7999999999999998_1.0_72,25.01,2.31,0.73,-0.33,-0.5,-0.68,0.15
A_M_1.7999999999999998_1.0_73,21.62,2.31,0.73,-0.33,-0.5,-0.68,0.15
A_M_1.7999999999999998_1.0_74,25.23,2.31,0.73,-0.33,-0.5,-0.68,0.15
A_M_1.7999999999999998_1.0_75,25.28,2.31,0.73,-0.33,-0.5,-0.68,0.15
A_M_1.7999999999999998_1.0_76,24.68,2.31,0.73,-0.33,-0.5,-0.68,0.15
A_M_1.7999999999999998_1.0_77,21.25,2.31,0.73,-0.33,-0.5,-0.68,0.15
A_M_1.7999999999999998_1.0_78,25.58,2.31,0.73,-0.33,-0.5,-0.68,0.15
A_M_1.7999999999999998_1.0_79,24.3,2.31,0.73,-0.33,-0.5,-0.68,0.15
A_M_1.7999999999999998_1.0_80,21.34,2.31,0.73,-0.33,-0.5,-0.68,0.15
A_M_1.7999999999999998_1.0_81,24.86,2.31,0.73,-0.33,-0.5,-0.68,0.15
A_M_1.7999999999999998_1.0_82,24.92,2.31,0.73,-0.33,-0.5,-0.68,0.15
A_M_1.7999999999999998_1.0_83,24.57,2.31,0.73,-0.33,-0.5,-0.68,0.15
A_M_1.7999999999999998_1.0_84,23.28,2.31,0.73,-0.33,-0.5,-0.68,0.15
A_M_1.7999999999999998_1.0_85,24.28,2.31,0.73,-0.33,-0.5,-0.68,0.15
A_M_1.7999999999999998_1.0_86,24.44,2.31,0.73,-0.33,-0.5,-0.68,0.15
A_M_1.7999999999999998_1.0_87,23.29,2.31,0.73,-0.33,-0.5,-0.68,0.15
A_M_1.7999999999999998_1.0_88,25.6,2.31,0.73,-0.33,-0.5,-0.68,0.15
A_M_1.7999999999999998_1.0_89,25.16,2.31,0.73,-0.33,-0.5,-0.68,0.15
A_M_1.7999999999999998_1.0_90,25.46,2.31,0.73,-0.33,-0.5,-0.68,0.15
A_M_1.7999999999999998_1.0_91,24.06,2.31,0.73,-0.33,-0.5,-0.68,0.15
A_M_1.7999999999999998_1.0_92,24.92,2.31,0.73,-0.33,-0.5,-0.68,0.15
A_M_1.7999999999999998_1.0_93,22.6,2.31,0.73,-0.33,-0.5,-0.68,0.15
A_M_1.7999999999999998_1.0_94,24.05,2.31,0.73,-0.33,-0.5,-0.68,0.15
A_M_1.7999999999999998_1.0_95,23.02,2.31,0.73,-0.33,-0.5,-0.68,0.15
A_M_1.7999999999999998_1.0_96,23.97,2.31,0.73,-0.33,-0.5,-0.68,0.15
A_M_1.7999999999999998_1.0_97,23.44,2.31,0.73,-0.33,-0.5,-0.68,0.15
A_M_1.7999999999999998_1.0_98,25.1,2.31,0.73,-0.33,-0.5,-0.68,0.15
A_M_1.7999999999999998_1.0_99,25.17,2.31,0.73,-0.33,-0.5,-0.68,0.15
A_M_1.7999999999999998_1.0_100,23.68,2.31,0.73,-0.33,-0.5,-0.68,0.15
A_M_1.7999999999999998_1.0_101,24.02,2.31,0.73,-0.33,-0.5,-0.68,0.15
A_M_1.7999999999999998_1.0_102,25.57,2.31,0.73,-0.33,-0.5,-0.68,0.15
A_M_1.7999999999999998_1.0_103,23.73,2.31,0.73,-0.33,-0.5,-0.68,0.15
A_M_1.7999999999999998_1.0_104,24.08,2.31,0.73,-0.33,-0.5,-0.68,0.15
A_M_1.7999999999999998_1.0_105,24.08,2.31,0.73,-0.33,-0.5,-0.68,0.15
A_M_1.7999999999999998_1.0_106,24.81,2.31,0.73,-0.33,-0.5,-0.68,0.15
A_M_1.7999999999999998_1.0_107,24.55,2.31,0.73,-0.33,-0.5,-0.68,0.15
A_M_1.7999999999999998_1.0_108,25.03,2.31,0.73,-0.33,-0.5,-0.68,0.15
A_M_1.7999999999999998_1.0_109,22.95,2.31,0.73,-0.33,-0.5,-0.68,0.15
A_M_1.7999999999999998_1.0_110,21.79,2.31,0.73,-0.33,-0.5,-0.68,0.15
A_M_1.7999999999999998_1.0_111,25.35,2.31,0.73,-0.33,-0.5,-0.68,0.15
A_M_1.7999999999999998_1.0_112,24.79,2.31,0.73,-0.33,-0.5,-0.68,0.15
A_M_1.7999999999999998_1.0_113,25.42,2.31,0.73,-0.33,-0.5,-0.68,0.15
A_M_1.7999999999999998_1.0_114,25.14,2.31,0.73,-0.33,-0.5,-0.68,0.15
A_M_1.7999999999999998_1.0_115,25.07,2.31,0.73,-0.33,-0.5,-0.68,0.15
A_M_1.7999999999999998_1.0_116,24.87,2.31,0.73,-0.33,-0.5,-0.68,0.15
A_M_1.7999999999999998_1.0_117,21.84,2.31,0.73,-0.33,-0.5,-0.68,0.15
A_M_1.7999999999999998_1.0_118,22.52,2.31,0.73,-0.33,-0.5,-0.68,0.15
A_M_1.7999999999999998_1.0_119,24.09,2.31,0.73,-0.33,-0.5,-0.68,0.15
A_M_1.7999999999999998_1.0_120,25.43,2.31,0.73,-0.33,-0.5,-0.68,0.15
A_M_1.7999999999999998_1.0_121,25.3,2.31,0.73,-0.33,-0.5,-0.68,0.15
A_M_1.7999999999999998_1.0_122,21.54,2.31,0.73,-0.33,-0.5,-0.68,0.15
A_M_1.7999999999999998_1.0_123,22.05,2.31,0.73,-0.33,-0.5,-0.68,0.15
A_M_1.7999999999999998_1.0_124,24.36,2.31,0.73,-0.33,-0.5,-0.68,0.15
A_M_1.7999999999999998_1.0_125,25.43,2.31,0.73,-0.33,-0.5,-0.68,0.15
A_M_1.7999999999999998_1.0_126,25.14,2.31,0.73,-0.33,-0.5,-0.68,0.15
A_M_1.7999999999999998_1.0_127,24.38,2.31,0.73,-0.33,-0.5,-0.68,0.15
A_M_1.7999999999999998_1.0_128,24.87,2.31,0.73,-0.33,-0.5,-0.68,0.15
A_M_1.7999999999999998_1.0_129,25.6,2.31,0.73,-0.33,-0.5,-0.68,0.15
A_M_1.7999999999999998_1.0_130,25.37,2.31,0.73,-0.33,-0.5,-0.68,0.15
A_M_1.7999999999999998_1.0_131,20.86,2.31,0.73,-0.33,-0.5,-0.68,0.15
A_M_1.7999999999999998_1.0_132,21.15,2.31,0.73,-0.33,-0.5,-0.68,0.15
A_M_1.7999999999999998_1.0_133,25.06,2.31,0.73,-0.33,-0.5,-0.68,0.15
A_M_1.7999999999999998_1.0_134,23.87,2.31,0.73,-0.33,-0.5,-0.68,0.15
A_M_1.7999999999999998_1.0_135,25.05,2.31,0.73,-0.33,-0.5,-0.68,0.15
A_M_1.7999999999999998_1.0_136,25.07,2.31,0.73,-0.33,-0.5,-0.68,0.15
A_M_1.7999999999999998_1.0_137,25.04,2.31,0.73,-0.33,-0.5,-0.68,0.15
A_M_1.7999999999999998_1.0_138,23.81,2.31,0.73,-0.33,-0.5,-0.68,0.15
A_M_1.7999999999999998_1.0_139,23.43,2.31,0.73,-0.33,-0.5,-0.68,0.15
A_M_1.7999999999999998_1.0_140,25.15,2.31,0.73,-0.33,-0.5,-0.68,0.15
A_M_1.7999999999999998_1.0_141,23.9,2.31,0.73,-0.33,-0.5,-0.68,0.15
A_M_1.7999999999999998_1.0_142,24.51,2.31,0.73,-0.33,-0.5,-0.68,0.15
A_M_1.7999999999999998_1.0_143,24.39,2.31,0.73,-0.33,-0.5,-0.68,0.15
A_M_1.7999999999999998_1.0_144,25.06,2.31,0.73,-0.33,-0.5,-0.68,0.15
A_M_1.7999999999999998_1.0_145,25.54,2.31,0.73,-0.33,-0.5,-0.68,0.15
A_M_1.7999999999999998_1.0_146,25.23,2.31,0.73,-0.33,-0.5,-0.68,0.15
A_M_1.7999999999999998_1.0_147,20.46,2.31,0.73,-0.33,-0.5,-0.68,0.15
A_M_1.7999999999999998_1.0_148,24.89,2.31,0.73,-0.33,-0.5,-0.68,0.15
A_M_1.7999999999999998_1.0_149,25.19,2.31,0.73,-0.33,-0.5,-0.68,0.15
A_M_1.7999999999999998_1.0_150,22.38,2.31,0.73,-0.33,-0.5,-0.68,0.15
A_M_1.7999999999999998_1.0_151,24.54,2.31,0.73,-0.33,-0.5,-0.68,0.15
A_M_1.7999999999999998_1.0_152,23.66,2.31,0.73,-0.33,-0.5,-0.68,0.15
A_M_1.7999999999999998_1.0_153,24.61,2.31,0.73,-0.33,-0.5,-0.68,0.15
A_M_1.7999999999999998_1.0_154,24.34,2.31,0.73,-0.33,-0.5,-0.68,0.15
A_M_1.7999999999999998_1.0_155,24.27,2.31,0.73,-0.33,-0.5,-0.68,0.15
A_M_1.7999999999999998_1.0_156,25.02,2.31,0.73,-0.33,-0.5,-0.68,0.15
A_M_1.7999999999999998_1.0_157,25.45,2.31,0.73,-0.33,-0.5,-0.68,0.15
A_M_1.7999999999999998_1.0_158,25.25,2.31,0.73,-0.33,-0.5,-0.68,0.15
A_M_1.7999999999999998_1.0_159,24.11,2.31,0.73,-0.33,-0.5,-0.68,0.15
A_M_1.7999999999999998_1.0_160,25.36,2.31,0.73,-0.33,-0.5,-0.68,0.15
A_M_1.7999999999999998_1.0_161,25.31,2.31,0.73,-0.33,-0.5,-0.68,0.15
A_M_1.7999999999999998_1.0_162,25.23,2.31,0.73,-0.33,-0.5,-0.68,0.15
A_M_1.7999999999999998_1.0_163,23.93,2.31,0.73,-0.33,-0.5,-0.68,0.15
A_M_1.7999999999999998_1.0_164,24.59,2.31,0.73,-0.33,-0.5,-0.68,0.15
A_M_1.7999999999999998_1.0_165,25.11,2.31,0.73,-0.33,-0.5,-0.68,0.15
A_M_1.7999999999999998_1.0_166,24.65,2.31,0.73,-0.33,-0.5,-0.68,0.15
A_M_1.7999999999999998_1.0_167,23.68,2.31,0.73,-0.33,-0.5,-0.68,0.15
A_M_1.7999999999999998_1.0_168,25.56,2.31,0.73,-0.33,-0.5,-0.68,0.15
A_M_1.7999999999999998_1.0_169,23.03,2.31,0.73,-0.33,-0.5,-0.68,0.15
A_M_1.7999999999999998_1.0_170,20.36,2.31,0.73,-0.33,-0.5,-0.68,0.15
A_M_1.7999999999999998_1.0_171,23.03,2.31,0.73,-0.33,-0.5,-0.68,0.15
A_M_1.7999999999999998_1.0_172,25.39,2.31,0.73,-0.33,-0.5,-0.68,0.15
A_M_1.7999999999999998_1.0_173,24.19,2.31,0.73,-0.33,-0.5,-0.68,0.15
A_M_1.7999999999999998_1.0_174,24.22,2.31,0.73,-0.33,-0.5,-0.68,0.15
A_M_1.7999999999999998_1.0_175,24.49,2.31,0.73,-0.33,-0.5,-0.68,0.15
A_M_1.7999999999999998_1.0_176,24.32,2.31,0.73,-0.33,-0.5,-0.68,0.15
A_M_1.7999999999999998_1.0_177,22.91,2.31,0.73,-0.33,-0.5,-0.68,0.15
A_M_1.7999999999999998_1.0_178,24.85,2.31,0.73,-0.33,-0.5,-0.68,0.15
A_M_1.7999999999999998_1.0_179,21.56,2.31,0.73,-0.33,-0.5,-0.68,0.15
A_M_1.7999999999999998_1.0_180,24.95,2.31,0.73,-0.33,-0.5,-0.68,0.15
A_M_1.7999999999999998_1.0_181,21.55,2.31,0.73,-0.33,-0.5,-0.68,0.15
A_M_1.7999999999999998_1.0_182,22.13,2.31,0.73,-0.33,-0.5,-0.68,0.15
A_M_1.7999999999999998_1.0_183,23.37,2.31,0.73,-0.33,-0.5,-0.68,0.15
A_M_1.7999999999999998_1.0_184,25.15,2.31,0.73,-0.33,-0.5,-0.68,0.15
A_M_1.7999999999999998_1.0_185,24.83,2.31,0.73,-0.33,-0.5,-0.68,0.15
A_M_1.7999999999999998_1.0_186,24.39,2.31,0.73,-0.33,-0.5,-0.68,0.15
A_M_1.7999999999999998_1.0_187,24.58,2.31,0.73,-0.33,-0.5,-0.68,0.15
A_M_1.7999999999999998_1.0_188,25.36,2.31,0.73,-0.33,-0.5,-0.68,0.15
A_M_1.7999999999999998_1.0_189,20.36,2.31,0.73,-0.33,-0.5,-0.68,0.15
A_M_1.7999999999999998_1.0_190,24.77,2.31,0.73,-0.33,-0.5,-0.68,0.15
A_M_1.7999999999999998_1.0_191,24.97,2.31,0.73,-0.33,-0.5,-0.68,0.15
A_M_1.7999999999999998_1.0_192,25.54,2.31,0.73,-0.33,-0.5,-0.68,0.15
A_M_1.7999999999999998_1.0_193,25.05,2.31,0.73,-0.33,-0.5,-0.68,0.15
A_M_1.7999999999999998_1.0_194,24.45,2.31,0.73,-0.33,-0.5,-0.68,0.15
A_M_1.7999999999999998_1.0_195,23.48,2.31,0.73,-0.33,-0.5,-0.68,0.15
A_M_1.7999999999999998_1.0_196,23.56,2.31,0.73,-0.33,-0.5,-0.68,0.15
A_M_1.7999999999999998_1.0_197,25.24,2.31,0.73,-0.33,-0.5,-0.68,0.15
A_M_1.7999999999999998_1.0_198,25.38,2.31,0.73,-0.33,-0.5,-0.68,0.15
A_M_1.7999999999999998_1.0_199,21.52,2.31,0.73,-0.33,-0.5,-0.68,0.15
A_M_1.7999999999999998_1.0_200,25.18,2.31,0.73,-0.33,-0.5,-0.68,0.15
A_M_1.7999999999999998_1.0_201,23.52,2.31,0.73,-0.33,-0.5,-0.68,0.15
A_M_1.7999999999999998_1.0_202,25.33,2.31,0.73,-0.33,-0.5,-0.68,0.15
A_M_1.7999999999999998_1.0_203,24.18,2.31,0.73,-0.33,-0.5,-0.68,0.15
A_M_1.7999999999999998_1.0_204,25.52,2.31,0.73,-0.33,-0.5,-0.68,0.15
A_M_1.7999999999999998_1.0_205,24.68,2.31,0.73,-0.33,-0.5,-0.68,0.15
A_M_1.7999999999999998_1.0_206,25.06,2.31,0.73,-0.33,-0.5,-0.68,0.15
A_M_1.7999999999999998_1.0_207,24.09,2.31,0.73,-0.33,-0.5,-0.68,0.15
A_M_1.7999999999999998_1.0_208,22.1,2.31,0.73,-0.33,-0.5,-0.68,0.15
A_M_1.7999999999999998_1.0_209,22.34,2.31,0.73,-0.33,-0.5,-0.68,0.15
A_M_1.7999999999999998_1.0_210,24.46,2.31,0.73,-0.33,-0.5,-0.68,0.15
A_M_1.7999999999999998_1.0_211,25.32,2.31,0.73,-0.33,-0.5,-0.68,0.15
A_M_1.7999999999999998_1.0_212,24.46,2.31,0.73,-0.33,-0.5,-0.68,0.15
A_M_1.7999999999999998_1.0_213,21.08,2.31,0.73,-0.33,-0.5,-0.68,0.15
A_M_1.7999999999999998_1.0_214,22.7,2.31,0.73,-0.33,-0.5,-0.68,0.15
A_M_1.7999999999999998_1.0_215,21.07,2.31,0.73,-0.33,-0.5,-0.68,0.15
A_M_1.7999999999999998_1.0_216,25.24,2.31,0.73,-0.33,-0.5,-0.68,0.15
A_M_1.7999999999999998_1.0_217,25.47,2.31,0.73,-0.33,-0.5,-0.68,0.15
A_M_1.7999999999999998_1.0_218,25.49,2.31,0.73,-0.33,-0.5,-0.68,0.15
A_M_1.7999999999999998_1.0_219,23.01,2.31,0.73,-0.33,-0.5,-0.68,0.15
A_M_1.7999999999999998_1.0_220,25.16,2.31,0.73,-0.33,-0.5,-0.68,0.15
A_M_1.7999999999999998_1.0_221,25.29,2.31,0.73,-0.33,-0.5,-0.68,0.15
A_M_1.7999999999999998_1.0_222,24.44,2.31,0.73,-0.33,-0.5,-0.68,0.15
A_M_1.7999999999999998_1.0_223,25.38,2.31,0.73,-0.33,-0.5,-0.68,0.15
A_M_1.7999999999999998_1.0_224,25.49,2.31,0.73,-0.33,-0.5,-0.68,0.15
A_M_1.7999999999999998_1.0_225,25.33,2.31,0.73,-0.33,-0.5,-0.68,0.15
A_M_1.7999999999999998_1.0_226,21.27,2.31,0.73,-0.33,-0.5,-0.68,0.15
A_M_1.7999999999999998_1.0_227,23.43,2.31,0.73,-0.33,-0.5,-0.68,0.15
A_M_1.7999999999999998_1.0_228,25.46,2.31,0.73,-0.33,-0.5,-0.68,0.15
A_M_1.7999999999999998_1.0_229,25.29,2.31,0.73,-0.33,-0.5,-0.68,0.15
A_M_1.7999999999999998_1.0_230,22.57,2.31,0.73,-0.33,-0.5,-0.68,0.15
A_M_1.7999999999999998_1.0_231,20.16,2.31,0.73,-0.33,-0.5,-0.68,0.15
A_M_1.7999999999999998_1.0_232,24.3,2.31,0.73,-0.33,-0.5,-0.68,0.15
A_M_1.7999999999999998_1.0_233,24.44,2.31,0.73,-0.33,-0.5,-0.68,0.15
A_M_1.7999999999999998_1.0_234,25.6,2.31,0.73,-0.33,-0.5,-0.68,0.15
A_M_1.7999999999999998_1.0_235,25.12,2.31,0.73,-0.33,-0.5,-0.68,0.15
A_M_1.7999999999999998_1.0_236,23.72,2.31,0.73,-0.33,-0.5,-0.68,0.15
A_M_1.7999999999999998_1.0_237,23.31,2.31,0.73,-0.33,-0.5,-0.68,0.15
A_M_1.7999999999999998_1.0_238,24.98,2.31,0.73,-0.33,-0.5,-0.68,0.15
A_M_1.7999999999999998_1.0_239,24.29,2.31,0.73,-0.33,-0.5,-0.68,0.15
A_M_1.7999999999999998_1.0_240,25.2,2.31,0.73,-0.33,-0.5,-0.68,0.15
A_M_1.7999999999999998_1.0_241,24.73,2.31,0.73,-0.33,-0.5,-0.68,0.15
A_M_1.7999999999999998_1.0_242,24.18,2.31,0.73,-0.33,-0.5,-0.68,0.15
A_M_1.7999999999999998_1.0_243,23.01,2.31,0.73,-0.33,-0.5,-0.68,0.15
A_M_1.7999999999999998_1.0_244,25.35,2.31,0.73,-0.33,-0.5,-0.68,0.15
A_M_1.7999999999999998_1.0_245,23.12,2.31,0.73,-0.33,-0.5,-0.68,0.15
A_M_1.7999999999999998_1.0_246,24.87,2.31,0.73,-0.33,-0.5,-0.68,0.15
A_M_1.7999999999999998_1.0_247,24.35,2.31,0.73,-0.33,-0.5,-0.68,0.15
A_M_1.7999999999999998_1.0_248,25.17,2.31,0.73,-0.33,-0.5,-0.68,0.15
A_M_1.7999999999999998_1.0_249,25.01,2.31,0.73,-0.33,-0.5,-0.68,0.15
A_M_1.7999999999999998_1.0_250,21.06,2.31,0.73,-0.33,-0.5,-0.68,0.15
A_M_1.7999999999999998_1.0_251,24.19,2.31,0.73,-0.33,-0.5,-0.68,0.15
A_M_1.7999999999999998_1.0_252,22.51,2.31,0.73,-0.33,-0.5,-0.68,0.15
A_M_1.7999999999999998_1.0_253,25.16,2.31,0.73,-0.33,-0.5,-0.68,0.15
A_M_1.7999999999999998_1.0_254,23.79,2.31,0.73,-0.33,-0.5,-0.68,0.15
A_M_1.7999999999999998_1.0_255,25.01,2.31,0.73,-0.33,-0.5,-0.68,0.15
A_M_1.7999999999999998_1.0_256,24.56,2.31,0.73,-0.33,-0.5,-0.68,0.15
A_M_1.7999999999999998_1.0_257,22.91,2.31,0.73,-0.33,-0.5,-0.68,0.15
A_M_1.7999999999999998_1.0_258,22.84,2.31,0.73,-0.33,-0.5,-0.68,0.15
A_M_1.7999999999999998_1.0_259,24.3,2.31,0.73,-0.33,-0.5,-0.68,0.15
A_M_1.7999999999999998_1.0_260,24.79,2.31,0.73,-0.33,-0.5,-0.68,0.15
A_M_1.7999999999999998_1.0_261,24.9,2.31,0.73,-0.33,-0.5,-0.68,0.15
A_M_1.7999999999999998_1.0_262,23.1,2.31,0.73,-0.33,-0.5,-0.68,0.15
A_M_1.7999999999999998_1.0_263,25.47,2.31,0.73,-0.33,-0.5,-0.68,0.15
A_M_1.7999999999999998_1.0_264,15.25,2.31,0.73,-0.33,-0.5,-0.68,0.15
A_M_1.7999999999999998_1.0_265,21.59,2.31,0.73,-0.33,-0.5,-0.68,0.15
A_M_1.7999999999999998_1.0_266,25.4,2.31,0.73,-0.33,-0.5,-0.68,0.15
A_M_1.7999999999999998_1.0_267,23.68,2.31,0.73,-0.33,-0.5,-0.68,0.15
A_M_1.7999999999999998_1.0_268,23.65,2.31,0.73,-0.33,-0.5,-0.68,0.15
A_M_1.7999999999999998_1.0_269,23.95,2.31,0.73,-0.33,-0.5,-0.68,0.15
A_M_1.7999999999999998_1.0_270,24.35,2.31,0.73,-0.33,-0.5,-0.68,0.15
A_M_1.7999999999999998_1.0_271,25.59,2.31,0.73,-0.33,-0.5,-0.68,0.15
A_M_1.7999999999999998_1.0_272,25.3,2.31,0.73,-0.33,-0.5,-0.68,0.15
A_M_1.7999999999999998_1.0_273,24.98,2.31,0.73,-0.33,-0.5,-0.68,0.15
A_M_1.7999999999999998_1.0_274,23.82,2.31,0.73,-0.33,-0.5,-0.68,0.15
A_M_1.7999999999999998_1.0_275,23.32,2.31,0.73,-0.33,-0.5,-0.68,0.15
A_M_1.7999999999999998_1.0_276,22.58,2.31,0.73,-0.33,-0.5,-0.68,0.15
A_M_1.7999999999999998_1.0_277,23.41,2.31,0.73,-0.33,-0.5,-0.68,0.15
A_M_1.7999999999999998_1.0_278,25.08,2.31,0.73,-0.33,-0.5,-0.68,0.15
A_M_1.7999999999999998_1.0_279,24.62,2.31,0.73,-0.33,-0.5,-0.68,0.15
A_M_1.7999999999999998_1.0_280,21.29,2.31,0.73,-0.33,-0.5,-0.68,0.15
A_M_1.7999999999999998_1.0_281,24.84,2.31,0.73,-0.33,-0.5,-0.68,0.15
A_M_1.7999999999999998_1.0_282,24.52,2.31,0.73,-0.33,-0.5,-0.68,0.15
A_M_1.7999999999999998_1.0_283,25.25,2.31,0.73,-0.33,-0.5,-0.68,0.15
A_M_1.7999999999999998_1.0_284,20.39,2.31,0.73,-0.33,-0.5,-0.68,0.15
A_M_1.7999999999999998_1.0_285,25.23,2.31,0.73,-0.33,-0.5,-0.68,0.15
A_M_1.7999999999999998_1.0_286,22.34,2.31,0.73,-0.33,-0.5,-0.68,0.15
A_M_1.7999999999999998_1.0_287,25.2,2.31,0.73,-0.33,-0.5,-0.68,0.15
A_M_1.7999999999999998_1.0_288,22.78,2.31,0.73,-0.33,-0.5,-0.68,0.15
A_M_1.7999999999999998_1.0_289,14.38,2.31,0.73,-0.33,-0.5,-0.68,0.15
A_M_1.7999999999999998_1.0_290,23.8,2.31,0.73,-0.33,-0.5,-0.68,0.15
A_M_1.7999999999999998_1.0_291,22.61,2.31,0.73,-0.33,-0.5,-0.68,0.15
A_M_1.7999999999999998_1.0_292,24.39,2.31,0.73,-0.33,-0.5,-0.68,0.15
A_M_1.7999999999999998_1.0_293,23.56,2.31,0.73,-0.33,-0.5,-0.68,0.15
A_M_1.7999999999999998_1.0_294,25.34,2.31,0.73,-0.33,-0.5,-0.68,0.15
A_M_1.7999999999999998_1.0_295,24.71,2.31,0.73,-0.33,-0.5,-0.68,0.15
A_M_1.7999999999999998_1.0_296,25.41,2.31,0.73,-0.33,-0.5,-0.68,0.15
A_M_1.7999999999999998_1.0_297,25.19,2.31,0.73,-0.33,-0.5,-0.68,0.15
A_M_1.7999999999999998_1.0_298,12.39,2.31,0.73,-0.33,-0.5,-0.68,0.15
A_M_1.7999999999999998_1.0_299,24.74,2.31,0.73,-0.33,-0.5,-0.68,0.15
A_M_1.7999999999999998_1.0_300,22.68,2.31,0.73,-0.33,-0.5,-0.68,0.15
A_M_1.7999999999999998_1.0_301,24.33,2.31,0.73,-0.33,-0.5,-0.68,0.15
A_M_1.7999999999999998_1.0_302,24.79,2.31,0.73,-0.33,-0.5,-0.68,0.15
A_M_1.7999999999999998_1.0_303,25.58,2.31,0.73,-0.33,-0.5,-0.68,0.15
A_M_1.7999999999999998_1.0_304,18.74,2.31,0.73,-0.33,-0.5,-0.68,0.15
A_M_1.7999999999999998_1.0_305,22.36,2.31,0.73,-0.33,-0.5,-0.68,0.15
A_M_1.7999999999999998_1.0_306,23.63,2.31,0.73,-0.33,-0.5,-0.68,0.15
A_M_1.7999999999999998_1.0_307,25.55,2.31,0.73,-0.33,-0.5,-0.68,0.15
A_M_1.7999999999999998_1.0_308,25.53,2.31,0.73,-0.33,-0.5,-0.68,0.15
A_M_1.7999999999999998_1.0_309,25.26,2.31,0.73,-0.33,-0.5,-0.68,0.15
A_M_1.7999999999999998_1.0_310,22.36,2.31,0.73,-0.33,-0.5,-0.68,0.15
A_M_1.7999999999999998_1.0_311,24.6,2.31,0.73,-0.33,-0.5,-0.68,0.15
A_M_1.7999999999999998_1.0_312,25.1,2.31,0.73,-0.33,-0.5,-0.68,0.15
A_M_1.7999999999999998_1.0_313,24.93,2.31,0.73,-0.33,-0.5,-0.68,0.15
A_M_1.7999999999999998_1.0_314,24.42,2.31,0.73,-0.33,-0.5,-0.68,0.15
A_M_1.7999999999999998_1.0_315,25.47,2.31,0.73,-0.33,-0.5,-0.68,0.15
A_M_1.7999999999999998_1.0_316,25.11,2.31,0.73,-0.33,-0.5,-0.68,0.15
A_M_1.7999999999999998_1.0_317,22.6,2.31,0.73,-0.33,-0.5,-0.68,0.15
A_M_1.7999999999999998_1.0_318,25.48,2.31,0.73,-0.33,-0.5,-0.68,0.15
A_M_1.7999999999999998_1.0_319,21.26,2.31,0.73,-0.33,-0.5,-0.68,0.15
A_M_1.7999999999999998_1.0_320,20.49,2.31,0.73,-0.33,-0.5,-0.68,0.15
A_M_1.7999999999999998_1.0_321,25.37,2.31,0.73,-0.33,-0.5,-0.68,0.15
A_M_1.7999999999999998_1.0_322,24.15,2.31,0.73,-0.33,-0.5,-0.68,0.15
A_M_1.7999999999999998_1.0_323,24.97,2.31,0.73,-0.33,-0.5,-0.68,0.15
A_M_1.7999999999999998_1.0_324,25.53,2.31,0.73,-0.33,-0.5,-0.68,0.15
A_M_1.7999999999999998_1.0_325,25.61,2.31,0.73,-0.33,-0.5,-0.68,0.15
A_M_1.7999999999999998_1.0_326,24.29,2.31,0.73,-0.33,-0.5,-0.68,0.15
A_M_1.7999999999999998_1.0_327,24.64,2.31,0.73,-0.33,-0.5,-0.68,0.15
A_M_1.7999999999999998_1.0_328,23.69,2.31,0.73,-0.33,-0.5,-0.68,0.15
A_M_1.7999999999999998_1.0_329,20.95,2.31,0.73,-0.33,-0.5,-0.68,0.15
A_M_1.7999999999999998_1.0_330,25.4,2.31,0.73,-0.33,-0.5,-0.68,0.15
A_M_1.7999999999999998_1.0_331,23.12,2.31,0.73,-0.33,-0.5,-0.68,0.15
A_M_1.7999999999999998_1.0_332,23.5,2.31,0.73,-0.33,-0.5,-0.68,0.15
A_M_1.7999999999999998_1.0_333,25.56,2.31,0.73,-0.33,-0.5,-0.68,0.15
A_M_1.7999999999999998_1.0_334,11.85,2.31,0.73,-0.33,-0.5,-0.68,0.15
A_M_1.7999999999999998_1.0_335,25.14,2.31,0.73,-0.33,-0.5,-0.68,0.15
A_M_1.7999999999999998_1.0_336,25.0,2.31,0.73,-0.33,-0.5,-0.68,0.15
A_M_1.7999999999999998_1.0_337,24.66,2.31,0.73,-0.33,-0.5,-0.68,0.15
A_M_1.7999999999999998_1.0_338,24.92,2.31,0.73,-0.33,-0.5,-0.68,0.15
A_M_1.7999999999999998_1.0_339,23.59,2.31,0.73,-0.33,-0.5,-0.68,0.15
A_M_1.7999999999999998_1.0_340,23.78,2.31,0.73,-0.33,-0.5,-0.68,0.15
A_M_1.7999999999999998_1.0_341,25.32,2.31,0.73,-0.33,-0.5,-0.68,0.15
A_M_1.7999999999999998_1.0_342,24.98,2.31,0.73,-0.33,-0.5,-0.68,0.15
A_M_1.7999999999999998_1.0_343,18.39,2.31,0.73,-0.33,-0.5,-0.68,0.15
A_M_1.7999999999999998_1.0_344,23.74,2.31,0.73,-0.33,-0.5,-0.68,0.15
A_M_1.7999999999999998_1.0_345,23.4,2.31,0.73,-0.33,-0.5,-0.68,0.15
A_M_1.7999999999999998_1.0_346,23.59,2.31,0.73,-0.33,-0.5,-0.68,0.15
A_M_1.7999999999999998_1.0_347,25.2,2.31,0.73,-0.33,-0.5,-0.68,0.15
A_M_1.7999999999999998_1.0_348,25.35,2.31,0.73,-0.33,-0.5,-0.68,0.15
A_M_1.7999999999999998_1.0_349,25.17,2.31,0.73,-0.33,-0.5,-0.68,0.15
A_M_1.7999999999999998_1.0_350,24.82,2.31,0.73,-0.33,-0.5,-0.68,0.15
A_M_1.7999999999999998_1.0_351,24.5,2.31,0.73,-0.33,-0.5,-0.68,0.15
A_M_1.7999999999999998_1.0_352,22.61,2.31,0.73,-0.33,-0.5,-0.68,0.15
A_M_1.7999999999999998_1.0_353,25.53,2.31,0.73,-0.33,-0.5,-0.68,0.15
A_M_1.7999999999999998_1.0_354,24.78,2.31,0.73,-0.33,-0.5,-0.68,0.15
A_M_1.7999999999999998_1.0_355,24.27,2.31,0.73,-0.33,-0.5,-0.68,0.15
A_M_1.7999999999999998_1.0_356,23.03,2.31,0.73,-0.33,-0.5,-0.68,0.15
A_M_1.7999999999999998_1.0_357,22.59,2.31,0.73,-0.33,-0.5,-0.68,0.15
A_M_1.7999999999999998_1.0_358,21.77,2.31,0.73,-0.33,-0.5,-0.68,0.15
A_M_1.7999999999999998_1.0_359,25.43,2.31,0.73,-0.33,-0.5,-0.68,0.15
A_M_1.7999999999999998_1.0_360,25.18,2.31,0.73,-0.33,-0.5,-0.68,0.15
A_M_1.7999999999999998_1.0_361,25.52,2.31,0.73,-0.33,-0.5,-0.68,0.15
A_M_1.7999999999999998_1.0_362,24.61,2.31,0.73,-0.33,-0.5,-0.68,0.15
A_M_1.7999999999999998_1.0_363,23.2,2.31,0.73,-0.33,-0.5,-0.68,0.15
A_M_1.7999999999999998_1.0_364,17.09,2.31,0.73,-0.33,-0.5,-0.68,0.15
A_M_1.7999999999999998_1.0_365,23.04,2.31,0.73,-0.33,-0.5,-0.68,0.15
A_M_1.7999999999999998_1.0_366,25.51,2.31,0.73,-0.33,-0.5,-0.68,0.15
A_M_1.7999999999999998_1.0_367,25.12,2.31,0.73,-0.33,-0.5,-0.68,0.15
A_M_1.7999999999999998_1.0_368,24.4,2.31,0.73,-0.33,-0.5,-0.68,0.15
A_M_1.7999999999999998_1.0_369,24.4,2.31,0.73,-0.33,-0.5,-0.68,0.15
A_M_1.7999999999999998_1.0_370,24.68,2.31,0.73,-0.33,-0.5,-0.68,0.15
A_M_1.7999999999999998_1.0_371,24.41,2.31,0.73,-0.33,-0.5,-0.68,0.15
A_M_1.7999999999999998_1.0_372,25.21,2.31,0.73,-0.33,-0.5,-0.68,0.15
A_M_1.7999999999999998_1.0_373,21.12,2.31,0.73,-0.33,-0.5,-0.68,0.15
A_M_1.7999999999999998_1.0_374,24.16,2.31,0.73,-0.33,-0.5,-0.68,0.15
A_M_1.7999999999999998_1.0_375,16.55,2.31,0.73,-0.33,-0.5,-0.68,0.15
A_M_1.7999999999999998_1.0_376,24.08,2.31,0.73,-0.33,-0.5,-0.68,0.15
A_M_1.7999999999999998_1.0_377,24.86,2.31,0.73,-0.33,-0.5,-0.68,0.15
A_M_1.7999999999999998_1.0_378,25.28,2.31,0.73,-0.33,-0.5,-0.68,0.15
A_M_1.7999999999999998_1.0_379,21.14,2.31,0.73,-0.33,-0.5,-0.68,0.15
A_M_1.7999999999999998_1.0_380,19.84,2.31,0.73,-0.33,-0.5,-0.68,0.15
A_M_1.7999999999999998_1.0_381,25.0,2.31,0.73,-0.33,-0.5,-0.68,0.15
A_M_1.7999999999999998_1.0_382,25.57,2.31,0.73,-0.33,-0.5,-0.68,0.15
A_M_1.7999999999999998_1.0_383,24.77,2.31,0.73,-0.33,-0.5,-0.68,0.15
A_M_1.7999999999999998_1.0_384,25.21,2.31,0.73,-0.33,-0.5,-0.68,0.15
A_M_1.7999999999999998_1.0_385,24.73,2.31,0.73,-0.33,-0.5,-0.68,0.15
A_M_1.7999999999999998_1.0_386,24.72,2.31,0.73,-0.33,-0.5,-0.68,0.15
A_M_1.7999999999999998_1.0_387,24.77,2.31,0.73,-0.33,-0.5,-0.68,0.15
A_M_1.7999999999999998_1.0_388,23.97,2.31,0.73,-0.33,-0.5,-0.68,0.15
A_M_1.7999999999999998_1.0_389,23.9,2.31,0.73,-0.33,-0.5,-0.68,0.15
A_M_1.7999999999999998_1.0_390,20.94,2.31,0.73,-0.33,-0.5,-0.68,0.15
A_M_1.7999999999999998_1.0_391,23.72,2.31,0.73,-0.33,-0.5,-0.68,0.15
A_M_1.7999999999999998_1.0_392,23.81,2.31,0.73,-0.33,-0.5,-0.68,0.15
A_M_1.7999999999999998_1.0_393,24.66,2.31,0.73,-0.33,-0.5,-0.68,0.15
A_M_1.7999999999999998_1.0_394,20.39,2.31,0.73,-0.33,-0.5,-0.68,0.15
A_M_1.7999999999999998_1.0_395,25.17,2.31,0.73,-0.33,-0.5,-0.68,0.15
A_M_1.7999999999999998_1.0_396,24.05,2.31,0.73,-0.33,-0.5,-0.68,0.15
A_M_1.7999999999999998_1.0_397,21.82,2.31,0.73,-0.33,-0.5,-0.68,0.15
A_M_1.7999999999999998_1.0_398,23.04,2.31,0.73,-0.33,-0.5,-0.68,0.15
A_M_1.7999999999999998_1.0_399,24.56,2.31,0.73,-0.33,-0.5,-0.68,0.15
A_M_1.7999999999999998_1.0_400,24.66,2.31,0.73,-0.33,-0.5,-0.68,0.15
A_M_1.7999999999999998_1.0_401,24.42,2.31,0.73,-0.33,-0.5,-0.68,0.15
A_M_1.7999999999999998_1.0_402,25.28,2.31,0.73,-0.33,-0.5,-0.68,0.15
A_M_1.7999999999999998_1.0_403,25.44,2.31,0.73,-0.33,-0.5,-0.68,0.15
A_M_1.7999999999999998_1.0_404,24.2,2.31,0.73,-0.33,-0.5,-0.68,0.15
A_M_1.7999999999999998_1.0_405,25.37,2.31,0.73,-0.33,-0.5,-0.68,0.15
A_M_1.7999999999999998_1.0_406,24.83,2.31,0.73,-0.33,-0.5,-0.68,0.15
A_M_1.7999999999999998_1.0_407,24.97,2.31,0.73,-0.33,-0.5,-0.68,0.15
A_M_1.7999999999999998_1.0_408,24.68,2.31,0.73,-0.33,-0.5,-0.68,0.15
A_M_1.7999999999999998_1.0_409,25.12,2.31,0.73,-0.33,-0.5,-0.68,0.15
A_M_1.7999999999999998_1.0_410,22.67,2.31,0.73,-0.33,-0.5,-0.68,0.15
A_M_1.7999999999999998_1.0_411,24.62,2.31,0.73,-0.33,-0.5,-0.68,0.15
A_M_1.7999999999999998_1.0_412,22.76,2.31,0.73,-0.33,-0.5,-0.68,0.15
A_M_1.7999999999999998_1.0_413,24.13,2.31,0.73,-0.33,-0.5,-0.68,0.15
A_M_1.7999999999999998_1.0_414,23.68,2.31,0.73,-0.33,-0.5,-0.68,0.15
A_M_1.7999999999999998_1.0_415,24.45,2.31,0.73,-0.33,-0.5,-0.68,0.15
A_M_1.7999999999999998_1.0_416,25.24,2.31,0.73,-0.33,-0.5,-0.68,0.15
A_M_1.7999999999999998_1.0_417,25.13,2.31,0.73,-0.33,-0.5,-0.68,0.15
A_M_1.7999999999999998_1.0_418,21.16,2.31,0.73,-0.33,-0.5,-0.68,0.15
A_M_1.7999999999999998_1.0_419,23.18,2.31,0.73,-0.33,-0.5,-0.68,0.15
A_M_1.7999999999999998_1.0_420,25.25,2.31,0.73,-0.33,-0.5,-0.68,0.15
A_M_1.7999999999999998_1.0_421,25.56,2.31,0.73,-0.33,-0.5,-0.68,0.15
A_M_1.7999999999999998_1.0_422,24.74,2.31,0.73,-0.33,-0.5,-0.68,0.15
A_M_1.7999999999999998_1.0_423,24.87,2.31,0.73,-0.33,-0.5,-0.68,0.15
A_M_1.7999999999999998_1.0_424,24.32,2.31,0.73,-0.33,-0.5,-0.68,0.15
A_M_1.7999999999999998_1.0_425,19.21,2.31,0.73,-0.33,-0.5,-0.68,0.15
A_M_1.7999999999999998_1.0_426,24.53,2.31,0.73,-0.33,-0.5,-0.68,0.15
A_M_1.7999999999999998_1.0_427,24.82,2.31,0.73,-0.33,-0.5,-0.68,0.15
A_M_1.7999999999999998_1.0_428,18.06,2.31,0.73,-0.33,-0.5,-0.68,0.15
A_M_1.7999999999999998_1.0_429,25.55,2.31,0.73,-0.33,-0.5,-0.68,0.15
A_M_1.7999999999999998_1.0_430,22.34,2.31,0.73,-0.33,-0.5,-0.68,0.15
A_M_1.7999999999999998_1.0_431,19.98,2.31,0.73,-0.33,-0.5,-0.68,0.15
A_M_1.7999999999999998_1.0_432,18.58,2.31,0.73,-0.33,-0.5,-0.68,0.15
A_M_1.7999999999999998_1.0_433,25.3,2.31,0.73,-0.33,-0.5,-0.68,0.15
A_M_1.7999999999999998_1.0_434,24.69,2.31,0.73,-0.33,-0.5,-0.68,0.15
A_M_1.7999999999999998_1.0_435,23.53,2.31,0.73,-0.33,-0.5,-0.68,0.15
A_M_1.7999999999999998_1.0_436,23.1,2.31,0.73,-0.33,-0.5,-0.68,0.15
A_M_1.7999999999999998_1.0_437,21.83,2.31,0.73,-0.33,-0.5,-0.68,0.15
A_M_1.7999999999999998_1.0_438,22.98,2.31,0.73,-0.33,-0.5,-0.68,0.15
A_M_1.7999999999999998_1.0_439,25.11,2.31,0.73,-0.33,-0.5,-0.68,0.15
A_M_1.7999999999999998_1.0_440,25.36,2.31,0.73,-0.33,-0.5,-0.68,0.15
A_M_1.7999999999999998_1.0_441,23.58,2.31,0.73,-0.33,-0.5,-0.68,0.15
A_M_1.7999999999999998_1.0_442,25.56,2.31,0.73,-0.33,-0.5,-0.68,0.15
A_M_1.7999999999999998_1.0_443,23.73,2.31,0.73,-0.33,-0.5,-0.68,0.15
A_M_1.7999999999999998_1.0_444,23.75,2.31,0.73,-0.33,-0.5,-0.68,0.15
A_M_1.7999999999999998_1.0_445,25.04,2.31,0.73,-0.33,-0.5,-0.68,0.15
A_M_1.7999999999999998_1.0_446,24.34,2.31,0.73,-0.33,-0.5,-0.68,0.15
A_M_1.7999999999999998_1.0_447,24.25,2.31,0.73,-0.33,-0.5,-0.68,0.15
A_M_1.7999999999999998_1.0_448,22.85,2.31,0.73,-0.33,-0.5,-0.68,0.15
A_M_1.7999999999999998_1.0_449,22.52,2.31,0.73,-0.33,-0.5,-0.68,0.15
A_M_1.7999999999999998_1.0_450,24.12,2.31,0.73,-0.33,-0.5,-0.68,0.15
A_M_1.7999999999999998_1.0_451,24.44,2.31,0.73,-0.33,-0.5,-0.68,0.15
A_M_1.7999999999999998_1.0_452,17.71,2.31,0.73,-0.33,-0.5,-0.68,0.15
A_M_1.7999999999999998_1.0_453,18.65,2.31,0.73,-0.33,-0.5,-0.68,0.15
A_M_1.7999999999999998_1.0_454,24.78,2.31,0.73,-0.33,-0.5,-0.68,0.15
A_M_1.7999999999999998_1.0_455,20.37,2.31,0.73,-0.33,-0.5,-0.68,0.15
