ObjID,FORMAT,q,e,inc,node,argPeri,t_p_MJD_TDB,epochMJD_TDB
A_M_1.9999999999999998_1.0_0,COM,0.401199,1.002488,2.468,2.867,0.976,61344.52499587724,60980.00158187724
A_M_1.9999999999999998_1.0_1,COM,0.603445,1.006236,1.939,0.118,2.046,64162.73943887724,60980.00158187724
A_M_1.9999999999999998_1.0_2,COM,1.509444,1.021735,1.862,6.171,1.646,62761.88966987724,60980.00158187724
A_M_1.9999999999999998_1.0_3,COM,1.259511,1.02176,2.085,4.945,3.995,63186.483675877236,60980.00158187724
A_M_1.9999999999999998_1.0_4,COM,1.421238,1.021518,0.659,4.875,3.771,63730.382896877236,60980.00158187724
A_M_1.9999999999999998_1.0_5,COM,0.314078,1.006485,1.924,1.918,0.757,63370.249192877236,60980.00158187724
A_M_1.9999999999999998_1.0_6,COM,2.087864,1.052462,0.152,3.631,5.463,63869.93717787724,60980.00158187724
A_M_1.9999999999999998_1.0_7,COM,0.689611,1.018987,2.247,2.039,3.186,61081.72321787724,60980.00158187724
A_M_1.9999999999999998_1.0_8,COM,0.407185,1.014142,1.284,1.521,2.755,62605.67781787724,60980.00158187724
A_M_1.9999999999999998_1.0_9,COM,1.406132,1.043654,1.694,4.197,6.171,64311.12177087724,60980.00158187724
A_M_1.9999999999999998_1.0_10,COM,1.392272,1.057654,2.99,4.855,5.442,62355.229351877235,60980.00158187724
A_M_1.9999999999999998_1.0_11,COM,0.722104,1.022323,0.901,5.453,5.542,64186.85689987724,60980.00158187724
A_M_1.9999999999999998_1.0_12,COM,0.676455,1.049227,2.675,4.008,5.407,64428.132313877235,60980.00158187724
A_M_1.9999999999999998_1.0_13,COM,0.25524,1.016728,2.108,5.059,3.057,64505.48551387724,60980.00158187724
A_M_1.9999999999999998_1.0_14,COM,0.805485,1.058235,1.626,3.338,0.165,61576.332428877235,60980.00158187724
A_M_1.9999999999999998_1.0_15,COM,1.198058,1.068838,0.825,4.916,2.286,62924.68970787724,60980.00158187724
A_M_1.9999999999999998_1.0_16,COM,1.062422,1.090762,0.874,3.45,6.25,62457.85443387724,60980.00158187724
A_M_1.9999999999999998_1.0_17,COM,0.891942,1.07058,1.665,5.997,3.842,61411.40973487724,60980.00158187724
A_M_1.9999999999999998_1.0_18,COM,0.868456,1.078667,0.321,3.814,4.663,62060.852869877235,60980.00158187724
A_M_1.9999999999999998_1.0_19,COM,1.102759,1.090349,0.269,4.607,0.088,61329.25497987724,60980.00158187724
A_M_1.9999999999999998_1.0_20,COM,0.295781,1.023675,1.745,1.532,3.458,64189.04805287724,60980.00158187724
A_M_1.9999999999999998_1.0_21,COM,0.929497,1.105887,1.918,2.835,2.993,61492.814267877235,60980.00158187724
A_M_1.9999999999999998_1.0_22,COM,0.324968,1.032778,0.11,1.024,5.406,62813.28648387724,60980.00158187724
A_M_1.9999999999999998_1.0_23,COM,1.574843,1.160992,2.423,4.418,5.129,62969.45387587724,60980.00158187724
A_M_1.9999999999999998_1.0_24,COM,0.4036,1.037803,1.112,0.703,5.709,63337.27387987724,60980.00158187724
A_M_1.9999999999999998_1.0_25,COM,1.283765,1.139586,1.905,3.916,4.564,63124.62927687724,60980.00158187724
A_M_1.9999999999999998_1.0_26,COM,0.428986,1.058669,0.234,5.726,6.206,63910.25949687724,60980.00158187724
A_M_1.9999999999999998_1.0_27,COM,0.199738,1.025735,1.083,5.813,1.926,61367.983908877235,60980.00158187724
A_M_1.9999999999999998_1.0_28,COM,0.527347,1.072102,1.875,4.095,4.727,64475.163347877235,60980.00158187724
A_M_1.9999999999999998_1.0_29,COM,1.425416,1.185404,2.175,3.288,2.565,63680.63200087724,60980.00158187724
A_M_1.9999999999999998_1.0_30,COM,0.412556,1.05728,0.847,5.923,2.459,64647.28740787724,60980.00158187724
A_M_1.9999999999999998_1.0_31,COM,0.957427,1.153814,1.732,0.624,5.186,62343.105578877236,60980.00158187724
A_M_1.9999999999999998_1.0_32,COM,0.991508,1.147282,1.466,1.79,4.712,61947.62409487724,60980.00158187724
A_M_1.9999999999999998_1.0_33,COM,0.556268,1.106385,1.544,2.949,2.007,64434.001553877235,60980.00158187724
A_M_1.9999999999999998_1.0_34,COM,0.750528,1.134359,1.735,1.992,4.942,63255.81013787724,60980.00158187724
A_M_1.9999999999999998_1.0_35,COM,2.351139,1.417921,0.897,5.381,3.35,63835.230811877234,60980.00158187724
A_M_1.9999999999999998_1.0_36,COM,1.389181,1.232052,2.533,4.581,3.816,64391.15316887724,60980.00158187724
A_M_1.9999999999999998_1.0_37,COM,0.226214,1.038342,1.506,0.835,4.417,62614.78493687724,60980.00158187724
A_M_1.9999999999999998_1.0_38,COM,1.65191,1.302254,1.982,5.413,2.985,62818.98905587724,60980.00158187724
A_M_1.9999999999999998_1.0_39,COM,0.27623,1.050742,1.294,3.037,5.554,63211.18786487724,60980.00158187724
A_M_1.9999999999999998_1.0_40,COM,0.524962,1.108648,1.07,1.684,2.646,63483.73832287724,60980.00158187724
A_M_1.9999999999999998_1.0_41,COM,0.624192,1.135203,1.457,4.016,2.094,63822.29973287724,60980.00158187724
A_M_1.9999999999999998_1.0_42,COM,0.745074,1.156545,1.851,4.759,0.585,63367.60995487724,60980.00158187724
A_M_1.9999999999999998_1.0_43,COM,1.573706,1.306244,2.418,3.83,6.258,62374.666101877236,60980.00158187724
A_M_1.9999999999999998_1.0_44,COM,1.464226,1.286912,0.229,1.285,3.636,61372.31952287724,60980.00158187724
A_M_1.9999999999999998_1.0_45,COM,0.045391,1.009994,1.194,6.056,4.674,63295.95907587724,60980.00158187724
A_M_1.9999999999999998_1.0_46,COM,1.174696,1.233731,0.501,2.111,2.605,61426.560807877235,60980.00158187724
A_M_1.9999999999999998_1.0_47,COM,0.894534,1.191044,2.444,0.276,5.231,61213.53307087724,60980.00158187724
A_M_1.9999999999999998_1.0_48,COM,0.031267,1.006319,2.654,0.697,3.672,61855.096165877236,60980.00158187724
A_M_1.9999999999999998_1.0_49,COM,0.700776,1.13859,2.868,1.219,0.916,63223.15535887724,60980.00158187724
A_M_1.9999999999999998_1.0_50,COM,2.981621,1.609789,2.04,4.34,3.658,62461.41033387724,60980.00158187724
A_M_1.9999999999999998_1.0_51,COM,0.941636,1.239731,1.363,4.537,3.203,64338.53986387724,60980.00158187724
A_M_1.9999999999999998_1.0_52,COM,0.839681,1.196688,1.236,3.577,2.099,62954.49083587724,60980.00158187724
A_M_1.9999999999999998_1.0_53,COM,0.297147,1.070325,0.517,3.509,3.704,64769.33673587724,60980.00158187724
A_M_1.9999999999999998_1.0_54,COM,1.05287,1.242593,2.524,2.816,3.694,62433.53979887724,60980.00158187724
A_M_1.9999999999999998_1.0_55,COM,0.381026,1.090032,1.934,0.767,3.011,62223.664681877235,60980.00158187724
A_M_1.9999999999999998_1.0_56,COM,0.279644,1.069357,1.217,6.102,4.99,61750.22377587724,60980.00158187724
A_M_1.9999999999999998_1.0_57,COM,0.991605,1.246184,1.881,5.539,6.005,61304.58209287724,60980.00158187724
A_M_1.9999999999999998_1.0_58,COM,0.160625,1.045409,2.937,0.899,5.619,63233.95079887724,60980.00158187724
A_M_1.9999999999999998_1.0_59,COM,1.63878,1.432877,0.631,4.419,5.415,60886.94633287724,60980.00158187724
A_M_1.9999999999999998_1.0_60,COM,1.024188,1.295369,2.471,4.525,3.669,60999.31937187724,60980.00158187724
A_M_1.9999999999999998_1.0_61,COM,0.574896,1.157287,1.272,6.107,0.388,63486.84868787724,60980.00158187724
A_M_1.9999999999999998_1.0_62,COM,0.794451,1.220936,0.868,3.054,3.695,63731.86757887724,60980.00158187724
A_M_1.9999999999999998_1.0_63,COM,1.601129,1.45133,2.185,3.833,1.345,61732.068634877236,60980.00158187724
A_M_1.9999999999999998_1.0_64,COM,0.400221,1.106643,0.516,2.198,5.818,62561.25409887724,60980.00158187724
A_M_1.9999999999999998_1.0_65,COM,0.872548,1.249069,2.637,5.346,3.63,64470.22089487724,60980.00158187724
A_M_1.9999999999999998_1.0_66,COM,0.082034,1.023675,0.815,6.167,1.685,63793.26097787724,60980.00158187724
A_M_1.9999999999999998_1.0_67,COM,1.158512,1.327311,0.704,4.491,2.841,63964.02679787724,60980.00158187724
A_M_1.9999999999999998_1.0_68,COM,0.020739,1.005432,2.162,0.644,4.806,61331.65145487724,60980.00158187724
A_M_1.9999999999999998_1.0_69,COM,0.62243,1.179677,3.028,0.3,3.523,63502.763095877235,60980.00158187724
A_M_1.9999999999999998_1.0_70,COM,1.15449,1.321715,1.666,2.615,4.796,63783.836084877235,60980.00158187724
A_M_1.9999999999999998_1.0_71,COM,1.220758,1.326742,1.609,4.381,5.385,63732.85593387724,60980.00158187724
A_M_1.9999999999999998_1.0_72,COM,0.900919,1.257934,0.675,2.323,2.007,62975.89043287724,60980.00158187724
A_M_1.9999999999999998_1.0_73,COM,0.649097,1.20242,2.278,2.023,4.106,62588.90020087724,60980.00158187724
A_M_1.9999999999999998_1.0_74,COM,0.562746,1.17766,0.181,3.252,3.037,61958.314615877236,60980.00158187724
A_M_1.9999999999999998_1.0_75,COM,0.654547,1.201484,1.634,2.367,1.715,62478.02662187724,60980.00158187724
A_M_1.9999999999999998_1.0_76,COM,3.640925,2.079757,1.32,2.081,3.576,61537.77197787724,60980.00158187724
A_M_1.9999999999999998_1.0_77,COM,2.23233,1.722373,2.136,4.707,3.196,62193.30426487724,60980.00158187724
A_M_1.9999999999999998_1.0_78,COM,0.335358,1.101007,1.692,4.923,5.408,64164.79033087724,60980.00158187724
A_M_1.9999999999999998_1.0_79,COM,0.754616,1.239474,1.469,3.431,4.425,62109.99488387724,60980.00158187724
A_M_1.9999999999999998_1.0_80,COM,1.122729,1.352971,1.97,2.88,3.682,62036.41449287724,60980.00158187724
A_M_1.9999999999999998_1.0_81,COM,0.843691,1.25224,1.205,0.294,0.141,63524.21960087724,60980.00158187724
A_M_1.9999999999999998_1.0_82,COM,1.363842,1.45854,1.464,1.043,2.318,61275.20597287724,60980.00158187724
A_M_1.9999999999999998_1.0_83,COM,1.374233,1.481449,1.342,3.047,4.852,61795.857595877234,60980.00158187724
A_M_1.9999999999999998_1.0_84,COM,1.38559,1.486716,0.69,3.509,3.659,64225.368129877235,60980.00158187724
A_M_1.9999999999999998_1.0_85,COM,0.755062,1.257918,2.881,5.996,0.262,61375.898345877235,60980.00158187724
A_M_1.9999999999999998_1.0_86,COM,1.162362,1.385258,0.436,6.232,4.132,63328.75364787724,60980.00158187724
A_M_1.9999999999999998_1.0_87,COM,1.536869,1.552473,2.063,5.089,1.852,64128.14583987724,60980.00158187724
A_M_1.9999999999999998_1.0_88,COM,1.443201,1.517019,1.146,4.165,5.336,62007.71810287724,60980.00158187724
A_M_1.9999999999999998_1.0_89,COM,1.81175,1.637667,1.173,1.135,2.306,62460.276141877235,60980.00158187724
A_M_1.9999999999999998_1.0_90,COM,1.337949,1.476427,2.619,3.95,2.166,61924.65574787724,60980.00158187724
A_M_1.9999999999999998_1.0_91,COM,1.058763,1.373998,1.996,5.029,5.787,64605.81990587724,60980.00158187724
A_M_1.9999999999999998_1.0_92,COM,0.792764,1.271687,2.13,4.98,2.308,63091.52600387724,60980.00158187724
A_M_1.9999999999999998_1.0_93,COM,0.776597,1.301804,2.265,1.109,5.354,63800.97037387724,60980.00158187724
A_M_1.9999999999999998_1.0_94,COM,0.270277,1.107615,1.762,0.494,1.613,61945.18796487724,60980.00158187724
A_M_1.9999999999999998_1.0_95,COM,1.389828,1.527716,1.412,4.257,1.735,62335.325936877234,60980.00158187724
A_M_1.9999999999999998_1.0_96,COM,1.528154,1.607395,0.403,5.816,0.254,62939.65269687724,60980.00158187724
A_M_1.9999999999999998_1.0_97,COM,0.909665,1.365489,1.521,4.505,3.357,60980.05030487724,60980.00158187724
A_M_1.9999999999999998_1.0_98,COM,0.576549,1.213315,0.37,3.566,2.513,63379.74189387724,60980.00158187724
A_M_1.9999999999999998_1.0_99,COM,0.584364,1.218605,0.349,0.995,5.316,62363.43520087724,60980.00158187724
A_M_1.9999999999999998_1.0_100,COM,0.964918,1.363426,1.398,2.905,3.468,61918.74035287724,60980.00158187724
A_M_1.9999999999999998_1.0_101,COM,1.202482,1.461208,1.901,0.24,4.202,62845.76705687724,60980.00158187724
A_M_1.9999999999999998_1.0_102,COM,1.202482,1.461208,1.901,0.24,4.202,62845.76705687724,60980.00158187724
A_M_1.9999999999999998_1.0_103,COM,0.866365,1.393165,2.22,2.769,2.717,63710.53442487724,60980.00158187724
A_M_1.9999999999999998_1.0_104,COM,2.908535,2.319379,1.736,5.455,0.643,64477.79723187724,60980.00158187724
A_M_1.9999999999999998_1.0_105,COM,0.906816,1.374896,0.932,2.92,4.491,64658.436627877236,60980.00158187724
A_M_1.9999999999999998_1.0_106,COM,0.302165,1.12684,0.633,3.98,2.155,63923.348611877234,60980.00158187724
A_M_1.9999999999999998_1.0_107,COM,1.44245,1.642832,2.928,2.396,4.609,64224.29829387724,60980.00158187724
A_M_1.9999999999999998_1.0_108,COM,1.029773,1.464435,0.275,2.953,4.314,62298.68532187724,60980.00158187724
A_M_1.9999999999999998_1.0_109,COM,0.547552,1.234641,0.984,3.206,2.926,61126.717334877234,60980.00158187724
A_M_1.9999999999999998_1.0_110,COM,1.73375,1.854128,1.879,1.209,3.765,64263.894050877236,60980.00158187724
A_M_1.9999999999999998_1.0_111,COM,1.454872,1.662823,1.36,0.475,5.116,64360.39002287724,60980.00158187724
A_M_1.9999999999999998_1.0_112,COM,0.480375,1.21854,2.811,0.105,0.513,64294.97868087724,60980.00158187724
A_M_1.9999999999999998_1.0_113,COM,0.139821,1.068018,0.545,3.591,4.579,63973.35113787724,60980.00158187724
A_M_1.9999999999999998_1.0_114,COM,1.024704,1.509113,2.64,0.953,5.573,63186.87128187724,60980.00158187724
A_M_1.9999999999999998_1.0_115,COM,0.181867,1.088527,1.546,0.413,6.023,63716.597109877235,60980.00158187724
A_M_1.9999999999999998_1.0_116,COM,2.03696,1.956252,1.551,2.258,2.421,64534.04988387724,60980.00158187724
A_M_1.9999999999999998_1.0_117,COM,0.890827,1.411219,1.733,4.791,4.429,61741.53837987724,60980.00158187724
A_M_1.9999999999999998_1.0_118,COM,1.553763,1.732209,1.789,6.101,4.022,63835.60468687724,60980.00158187724
A_M_1.9999999999999998_1.0_119,COM,1.147056,1.610365,2.423,2.908,5.763,61136.89864087724,60980.00158187724
A_M_1.9999999999999998_1.0_120,COM,0.679277,1.363671,0.138,5.089,1.903,61637.74382587724,60980.00158187724
A_M_1.9999999999999998_1.0_121,COM,1.227129,1.671985,0.897,3.066,4.162,62883.111100877235,60980.00158187724
A_M_1.9999999999999998_1.0_122,COM,0.707088,1.373617,1.665,2.699,1.797,62857.265953877235,60980.00158187724
A_M_1.9999999999999998_1.0_123,COM,3.003181,2.648674,1.772,0.333,2.174,62917.65121787724,60980.00158187724
A_M_1.9999999999999998_1.0_124,COM,1.13072,1.602887,1.645,2.901,3.967,62335.60429487724,60980.00158187724
A_M_1.9999999999999998_1.0_125,COM,1.363378,1.694063,0.857,1.056,5.893,63260.18214087724,60980.00158187724
A_M_1.9999999999999998_1.0_126,COM,0.899375,1.480103,1.669,4.79,5.797,62174.980082877235,60980.00158187724
A_M_1.9999999999999998_1.0_127,COM,0.450849,1.242447,2.684,2.493,6.261,63061.86573087724,60980.00158187724
A_M_1.9999999999999998_1.0_128,COM,0.738094,1.378503,0.28,3.239,1.86,62161.39528787724,60980.00158187724
A_M_1.9999999999999998_1.0_129,COM,1.938959,2.129977,1.914,5.238,5.14,64161.65682887724,60980.00158187724
A_M_1.9999999999999998_1.0_130,COM,1.074695,1.598262,1.177,2.585,3.688,63440.22869487724,60980.00158187724
A_M_1.9999999999999998_1.0_131,COM,3.242714,2.821879,1.874,4.221,5.463,61725.70692387724,60980.00158187724
A_M_1.9999999999999998_1.0_132,COM,0.343966,1.198734,0.338,4.247,2.719,61251.15027587724,60980.00158187724
A_M_1.9999999999999998_1.0_133,COM,1.197946,1.684556,0.348,4.004,1.092,63008.78279687724,60980.00158187724
A_M_1.9999999999999998_1.0_134,COM,0.921185,1.540123,1.183,1.631,4.921,64224.041399877235,60980.00158187724
A_M_1.9999999999999998_1.0_135,COM,1.103515,1.637049,2.236,3.552,3.162,63277.65280187724,60980.00158187724
A_M_1.9999999999999998_1.0_136,COM,1.205015,1.687892,0.246,5.714,1.451,62295.56378487724,60980.00158187724
A_M_1.9999999999999998_1.0_137,COM,0.686901,1.381758,1.417,3.255,2.13,62059.76869387724,60980.00158187724
A_M_1.9999999999999998_1.0_138,COM,0.283236,1.158851,2.402,1.618,1.418,61614.47799287724,60980.00158187724
A_M_1.9999999999999998_1.0_139,COM,0.587929,1.342162,1.908,2.423,2.913,64627.02580887724,60980.00158187724
A_M_1.9999999999999998_1.0_140,COM,2.239668,2.315926,0.674,1.857,4.561,63425.622512877235,60980.00158187724
A_M_1.9999999999999998_1.0_141,COM,1.478465,1.867316,1.89,3.167,5.505,64389.66024887724,60980.00158187724
A_M_1.9999999999999998_1.0_142,COM,1.199837,1.720536,1.839,1.922,5.021,63774.72252787724,60980.00158187724
A_M_1.9999999999999998_1.0_143,COM,0.498772,1.319553,2.526,2.483,2.132,61389.000521877235,60980.00158187724
A_M_1.9999999999999998_1.0_144,COM,0.912775,1.547998,1.809,0.589,4.962,61223.02928787724,60980.00158187724
A_M_1.9999999999999998_1.0_145,COM,1.030561,1.631007,1.067,3.9,4.034,64585.835115877235,60980.00158187724
A_M_1.9999999999999998_1.0_146,COM,1.264465,1.819315,1.893,3.438,4.039,61982.549870877236,60980.00158187724
A_M_1.9999999999999998_1.0_147,COM,1.107443,1.671181,1.21,6.026,4.83,62526.80209287724,60980.00158187724
A_M_1.9999999999999998_1.0_148,COM,0.657079,1.416262,1.239,5.952,5.602,62631.08804487724,60980.00158187724
A_M_1.9999999999999998_1.0_149,COM,0.811839,1.508697,2.178,3.063,4.16,61163.64706387724,60980.00158187724
A_M_1.9999999999999998_1.0_150,COM,1.375931,1.827777,2.011,4.09,1.863,64603.795546877234,60980.00158187724
A_M_1.9999999999999998_1.0_151,COM,1.396712,1.903351,1.011,5.575,4.832,64430.646158877236,60980.00158187724
A_M_1.9999999999999998_1.0_152,COM,1.760653,2.117556,2.484,2.32,5.264,62759.74474687724,60980.00158187724
A_M_1.9999999999999998_1.0_153,COM,2.613736,2.627853,1.777,0.762,3.435,62059.990074877234,60980.00158187724
A_M_1.9999999999999998_1.0_154,COM,0.849785,1.54042,2.088,2.956,3.9,61592.50355887724,60980.00158187724
A_M_1.9999999999999998_1.0_155,COM,0.935915,1.582859,2.15,0.094,4.162,60890.17344187724,60980.00158187724
A_M_1.9999999999999998_1.0_156,COM,0.155359,1.099549,0.675,5.524,2.281,64430.843259877234,60980.00158187724
A_M_1.9999999999999998_1.0_157,COM,1.150826,1.69767,2.021,5.186,3.204,63639.15650087724,60980.00158187724
A_M_1.9999999999999998_1.0_158,COM,0.383306,1.266505,1.757,0.979,4.366,64091.97365187724,60980.00158187724
A_M_1.9999999999999998_1.0_159,COM,0.156001,1.103018,2.068,1.516,2.731,62654.99903387724,60980.00158187724
A_M_1.9999999999999998_1.0_160,COM,0.950963,1.654803,1.607,0.073,3.808,61668.802212877235,60980.00158187724
A_M_1.9999999999999998_1.0_161,COM,1.66058,2.156936,1.453,5.765,2.342,63934.29248087724,60980.00158187724
A_M_1.9999999999999998_1.0_162,COM,1.843545,2.294479,1.141,1.973,2.863,62453.968264877236,60980.00158187724
A_M_1.9999999999999998_1.0_163,COM,0.408846,1.281112,2.269,5.163,1.34,64185.500089877234,60980.00158187724
A_M_1.9999999999999998_1.0_164,COM,1.341698,1.897649,1.945,1.344,4.655,61026.73504087724,60980.00158187724
A_M_1.9999999999999998_1.0_165,COM,0.246611,1.161564,1.94,1.583,4.769,61958.335478877234,60980.00158187724
A_M_1.9999999999999998_1.0_166,COM,0.574939,1.377491,0.629,3.476,4.12,64308.12521387724,60980.00158187724
A_M_1.9999999999999998_1.0_167,COM,0.785769,1.523402,2.297,0.868,3.689,64137.49150687724,60980.00158187724
A_M_1.9999999999999998_1.0_168,COM,0.446626,1.304048,1.997,0.564,1.857,62175.58162187724,60980.00158187724
A_M_1.9999999999999998_1.0_169,COM,0.787828,1.52682,1.396,0.153,4.532,62474.51523387724,60980.00158187724
A_M_1.9999999999999998_1.0_170,COM,1.153971,1.789493,1.978,4.945,0.619,61685.36065487724,60980.00158187724
A_M_1.9999999999999998_1.0_171,COM,1.368439,1.958253,1.868,3.639,3.91,62745.349859877235,60980.00158187724
A_M_1.9999999999999998_1.0_172,COM,0.846851,1.617538,1.549,1.869,3.382,62189.98434287724,60980.00158187724
A_M_1.9999999999999998_1.0_173,COM,0.850926,1.647189,0.204,3.625,0.978,61447.92917187724,60980.00158187724
A_M_1.9999999999999998_1.0_174,COM,1.321923,1.973306,1.781,4.827,2.295,63706.070478877235,60980.00158187724
A_M_1.9999999999999998_1.0_175,COM,2.486461,2.900481,2.335,2.412,0.887,61539.25162887724,60980.00158187724
A_M_1.9999999999999998_1.0_176,COM,1.516812,2.101157,1.6,5.149,3.15,63202.31569987724,60980.00158187724
A_M_1.9999999999999998_1.0_177,COM,1.241595,1.897276,1.707,1.051,4.428,64175.23724787724,60980.00158187724
A_M_1.9999999999999998_1.0_178,COM,0.271673,1.192918,1.678,2.248,5.183,61977.41705387724,60980.00158187724
A_M_1.9999999999999998_1.0_179,COM,0.66186,1.483892,0.303,4.424,4.934,61587.17154387724,60980.00158187724
A_M_1.9999999999999998_1.0_180,COM,0.306907,1.226869,1.202,2.222,3.709,62232.09576887724,60980.00158187724
A_M_1.9999999999999998_1.0_181,COM,1.532687,2.129934,2.172,3.88,1.317,60972.76665187724,60980.00158187724
A_M_1.9999999999999998_1.0_182,COM,1.031061,1.789433,1.116,1.536,4.346,61372.340380877235,60980.00158187724
A_M_1.9999999999999998_1.0_183,COM,0.177597,1.134028,2.353,0.786,4.487,64135.79100887724,60980.00158187724
A_M_1.9999999999999998_1.0_184,COM,0.695002,1.494206,2.704,1.861,1.888,63571.29410087724,60980.00158187724
A_M_1.9999999999999998_1.0_185,COM,1.67141,2.207175,0.511,4.655,1.921,63870.887514877235,60980.00158187724
A_M_1.9999999999999998_1.0_186,COM,0.886129,1.639413,0.777,4.443,4.093,63039.931080877235,60980.00158187724
A_M_1.9999999999999998_1.0_187,COM,3.041427,3.370024,1.317,3.923,2.901,64368.96958087724,60980.00158187724
A_M_1.9999999999999998_1.0_188,COM,0.010414,1.008072,2.343,1.362,0.14,61344.712246877236,60980.00158187724
A_M_1.9999999999999998_1.0_189,COM,2.701781,3.141163,0.378,2.348,1.093,62566.68994787724,60980.00158187724
A_M_1.9999999999999998_1.0_190,COM,1.319807,2.021252,1.49,0.88,2.207,61356.07005587724,60980.00158187724
A_M_1.9999999999999998_1.0_191,COM,0.863314,1.68174,0.891,2.228,4.588,63433.479652877235,60980.00158187724
A_M_1.9999999999999998_1.0_192,COM,1.317731,2.015114,2.648,2.182,1.812,63031.33164787724,60980.00158187724
A_M_1.9999999999999998_1.0_193,COM,2.895587,3.335104,2.385,4.667,4.772,61583.20612987724,60980.00158187724
A_M_1.9999999999999998_1.0_194,COM,1.579088,2.244037,2.55,2.109,3.001,63213.57319887724,60980.00158187724
A_M_1.9999999999999998_1.0_195,COM,1.472087,2.202472,1.027,3.331,1.599,64474.32883087724,60980.00158187724
A_M_1.9999999999999998_1.0_196,COM,0.820841,1.665713,1.862,1.619,4.41,61034.33549787724,60980.00158187724
A_M_1.9999999999999998_1.0_197,COM,0.19175,1.153438,2.127,4.233,2.755,63423.22427087724,60980.00158187724
A_M_1.9999999999999998_1.0_198,COM,1.341666,2.085121,1.212,1.067,5.672,64274.89399187724,60980.00158187724
A_M_1.9999999999999998_1.0_199,COM,0.728002,1.576711,1.567,4.865,3.393,63264.067341877235,60980.00158187724
A_M_1.9999999999999998_1.0_200,COM,1.257993,2.006899,1.147,1.766,0.646,63456.219612877234,60980.00158187724
A_M_1.9999999999999998_1.0_201,COM,0.960383,1.76799,2.692,0.035,5.189,62362.610993877235,60980.00158187724
A_M_1.9999999999999998_1.0_202,COM,2.227246,2.773842,2.117,4.874,4.093,62672.60646387724,60980.00158187724
A_M_1.9999999999999998_1.0_203,COM,0.544498,1.425941,1.253,4.013,0.269,62428.74661987724,60980.00158187724
A_M_1.9999999999999998_1.0_204,COM,0.462995,1.373773,1.595,1.347,5.324,61384.520035877234,60980.00158187724
A_M_1.9999999999999998_1.0_205,COM,1.342414,2.10182,0.686,0.551,3.419,61887.04344987724,60980.00158187724
A_M_1.9999999999999998_1.0_206,COM,0.958069,1.824446,1.192,4.231,3.385,62109.261550877236,60980.00158187724
A_M_1.9999999999999998_1.0_207,COM,0.800556,1.710363,1.674,5.623,3.506,61593.42576787724,60980.00158187724
A_M_1.9999999999999998_1.0_208,COM,0.547429,1.477447,1.697,2.326,3.375,63895.81337787724,60980.00158187724
A_M_1.9999999999999998_1.0_209,COM,3.446046,3.90529,2.688,2.836,3.055,61125.19102087724,60980.00158187724
A_M_1.9999999999999998_1.0_210,COM,0.028537,1.024864,1.81,1.954,6.09,64353.76665787724,60980.00158187724
A_M_1.9999999999999998_1.0_211,COM,1.290448,2.094404,2.485,3.893,0.799,62190.80162787724,60980.00158187724
A_M_1.9999999999999998_1.0_212,COM,1.381292,2.143379,0.897,0.96,3.93,61279.96139387724,60980.00158187724
A_M_1.9999999999999998_1.0_213,COM,0.959458,1.793419,1.572,1.951,3.308,61090.14468087724,60980.00158187724
A_M_1.9999999999999998_1.0_214,COM,1.297305,2.121168,1.329,6.205,4.511,64489.96860187724,60980.00158187724
A_M_1.9999999999999998_1.0_215,COM,0.563428,1.487716,1.258,0.695,3.206,64611.25447087724,60980.00158187724
A_M_1.9999999999999998_1.0_216,COM,1.244401,2.079865,2.93,5.685,2.855,63728.61162787724,60980.00158187724
A_M_1.9999999999999998_1.0_217,COM,0.240933,1.199345,2.533,0.034,0.976,64475.79246087724,60980.00158187724
A_M_1.9999999999999998_1.0_218,COM,1.160324,1.964821,1.471,2.985,4.823,61652.22086787724,60980.00158187724
A_M_1.9999999999999998_1.0_219,COM,1.174842,2.01939,2.378,1.77,0.013,61759.86807687724,60980.00158187724
A_M_1.9999999999999998_1.0_220,COM,1.094932,1.919632,2.083,3.138,4.309,62821.43446687724,60980.00158187724
A_M_1.9999999999999998_1.0_221,COM,1.484616,2.245319,2.598,0.651,5.111,62971.24674387724,60980.00158187724
A_M_1.9999999999999998_1.0_222,COM,1.723457,2.491251,0.851,1.994,4.621,63874.41880087724,60980.00158187724
A_M_1.9999999999999998_1.0_223,COM,1.804621,2.525347,1.254,1.965,4.871,61933.036454877234,60980.00158187724
A_M_1.9999999999999998_1.0_224,COM,0.591197,1.517834,0.288,3.087,3.18,62225.42570287724,60980.00158187724
A_M_1.9999999999999998_1.0_225,COM,1.366389,2.217497,1.454,4.608,3.87,61841.84928687724,60980.00158187724
A_M_1.9999999999999998_1.0_226,COM,1.290769,2.194946,2.645,4.622,2.002,63943.204206877235,60980.00158187724
A_M_1.9999999999999998_1.0_227,COM,1.594682,2.448482,2.036,2.169,3.87,64068.58091987724,60980.00158187724
A_M_1.9999999999999998_1.0_228,COM,0.530425,1.504523,0.495,2.886,1.015,61722.909329877235,60980.00158187724
A_M_1.9999999999999998_1.0_229,COM,0.295846,1.27043,1.564,2.436,3.694,63489.23530987724,60980.00158187724
A_M_1.9999999999999998_1.0_230,COM,0.8932,1.805814,0.891,3.21,2.548,61149.89444087724,60980.00158187724
A_M_1.9999999999999998_1.0_231,COM,0.906921,1.825332,1.336,4.888,2.428,62883.448335877234,60980.00158187724
A_M_1.9999999999999998_1.0_232,COM,0.700331,1.636287,1.826,3.74,4.858,62976.48812687724,60980.00158187724
A_M_1.9999999999999998_1.0_233,COM,1.416088,2.333534,2.74,4.373,3.788,61039.08083287724,60980.00158187724
A_M_1.9999999999999998_1.0_234,COM,1.093414,1.97456,1.6,1.63,0.286,62848.350504877235,60980.00158187724
A_M_1.9999999999999998_1.0_235,COM,0.659867,1.617527,1.484,4.222,0.688,62734.669816877235,60980.00158187724
A_M_1.9999999999999998_1.0_236,COM,0.899507,1.850869,2.155,2.328,3.324,61376.14614187724,60980.00158187724
A_M_1.9999999999999998_1.0_237,COM,1.368075,2.32946,1.128,3.095,3.838,61850.03753687724,60980.00158187724
A_M_1.9999999999999998_1.0_238,COM,1.384599,2.325414,0.485,1.68,1.476,62551.07330987724,60980.00158187724
A_M_1.9999999999999998_1.0_239,COM,0.547519,1.529273,1.081,2.2,4.538,61788.282220877234,60980.00158187724
A_M_1.9999999999999998_1.0_240,COM,1.260801,2.247622,1.142,0.406,5.604,63016.63017587724,60980.00158187724
A_M_1.9999999999999998_1.0_241,COM,1.1629,2.131807,1.681,1.887,0.686,64679.40005187724,60980.00158187724
A_M_1.9999999999999998_1.0_242,COM,0.769489,1.781366,1.72,5.728,3.178,64645.20641387724,60980.00158187724
A_M_1.9999999999999998_1.0_243,COM,1.21227,2.184699,2.664,4.026,4.315,64603.536284877235,60980.00158187724
A_M_1.9999999999999998_1.0_244,COM,0.12755,1.127181,1.621,1.696,4.851,63615.53960087724,60980.00158187724
A_M_1.9999999999999998_1.0_245,COM,1.018316,1.97252,0.618,2.519,4.708,63403.46167887724,60980.00158187724
A_M_1.9999999999999998_1.0_246,COM,1.303895,2.320227,1.562,5.556,5.563,62600.38324987724,60980.00158187724
A_M_1.9999999999999998_1.0_247,COM,0.883228,1.84291,0.814,3.846,1.491,62387.20445687724,60980.00158187724
A_M_1.9999999999999998_1.0_248,COM,0.368657,1.374225,1.784,1.838,2.632,63070.868690877236,60980.00158187724
A_M_1.9999999999999998_1.0_249,COM,1.744885,2.738288,1.212,4.279,6.065,63769.387943877235,60980.00158187724
A_M_1.9999999999999998_1.0_250,COM,0.941695,1.913096,1.623,4.274,0.266,62598.848808877236,60980.00158187724
A_M_1.9999999999999998_1.0_251,COM,1.41495,2.528199,1.713,0.456,4.697,64464.17047487724,60980.00158187724
A_M_1.9999999999999998_1.0_252,COM,1.573817,2.666494,2.406,5.651,3.86,62185.06410387724,60980.00158187724
A_M_1.9999999999999998_1.0_253,COM,0.335553,1.364402,1.62,4.95,3.877,63537.655741877235,60980.00158187724
A_M_1.9999999999999998_1.0_254,COM,0.94926,1.970265,1.615,4.775,2.33,63770.46278587724,60980.00158187724
A_M_1.9999999999999998_1.0_255,COM,1.078588,2.103473,2.313,4.86,4.718,63646.31946387724,60980.00158187724
A_M_1.9999999999999998_1.0_256,COM,0.989621,2.016716,2.145,4.598,6.146,62102.197372877235,60980.00158187724
A_M_1.9999999999999998_1.0_257,COM,1.367129,2.441272,2.309,4.751,4.334,64079.468431877234,60980.00158187724
A_M_1.9999999999999998_1.0_258,COM,1.147817,2.217962,1.97,0.043,4.681,63744.79816187724,60980.00158187724
A_M_1.9999999999999998_1.0_259,COM,1.508101,2.569416,1.184,3.776,0.753,63377.60496887724,60980.00158187724
A_M_1.9999999999999998_1.0_260,COM,1.192059,2.241906,0.98,1.871,2.232,61918.339009877236,60980.00158187724
A_M_1.9999999999999998_1.0_261,COM,0.87863,1.954466,1.93,0.423,1.566,61867.56802087724,60980.00158187724
A_M_1.9999999999999998_1.0_262,COM,1.588565,2.722265,0.664,1.798,4.318,62766.679357877234,60980.00158187724
A_M_1.9999999999999998_1.0_263,COM,1.336908,2.425285,1.32,0.858,4.732,63540.16155487724,60980.00158187724
A_M_1.9999999999999998_1.0_264,COM,1.360897,2.477845,1.88,1.321,1.267,63347.79538187724,60980.00158187724
A_M_1.9999999999999998_1.0_265,COM,1.354009,2.419395,1.172,0.13,2.819,61553.387084877235,60980.00158187724
A_M_1.9999999999999998_1.0_266,COM,1.063643,2.123918,2.018,5.969,4.069,61842.18500487724,60980.00158187724
A_M_1.9999999999999998_1.0_267,COM,0.992977,2.150313,1.629,2.596,2.283,64237.289896877235,60980.00158187724
A_M_1.9999999999999998_1.0_268,COM,0.465121,1.50743,0.259,2.973,3.498,63806.30937587724,60980.00158187724
A_M_1.9999999999999998_1.0_269,COM,1.384046,2.583852,2.376,1.974,5.368,63659.11635987724,60980.00158187724
A_M_1.9999999999999998_1.0_270,COM,1.503872,2.736514,1.802,1.412,2.489,61326.42733187724,60980.00158187724
A_M_1.9999999999999998_1.0_271,COM,0.539287,1.589636,1.953,2.472,3.913,61129.98898487724,60980.00158187724
A_M_1.9999999999999998_1.0_272,COM,0.466121,1.519608,0.257,5.189,4.669,61963.341132877234,60980.00158187724
A_M_1.9999999999999998_1.0_273,COM,0.683118,1.765597,1.837,3.701,4.388,62895.62420587724,60980.00158187724
A_M_1.9999999999999998_1.0_274,COM,0.351901,1.399225,2.043,0.363,4.496,62436.22889487724,60980.00158187724
A_M_1.9999999999999998_1.0_275,COM,3.506856,4.955348,0.985,0.864,5.18,64212.24043087724,60980.00158187724
A_M_1.9999999999999998_1.0_276,COM,0.716876,1.797259,0.182,0.1,3.636,63460.89751887724,60980.00158187724
A_M_1.9999999999999998_1.0_277,COM,1.418444,2.576314,2.465,1.175,4.348,62951.19755587724,60980.00158187724
A_M_1.9999999999999998_1.0_278,COM,0.535416,1.60754,1.354,0.207,5.857,62886.558914877234,60980.00158187724
A_M_1.9999999999999998_1.0_279,COM,0.629685,1.710295,1.724,0.478,4.533,63536.63783387724,60980.00158187724
A_M_1.9999999999999998_1.0_280,COM,2.312577,3.809578,1.889,1.632,4.483,63872.41226587724,60980.00158187724
A_M_1.9999999999999998_1.0_281,COM,0.324727,1.378687,1.72,4.759,4.676,64058.197545877236,60980.00158187724
A_M_1.9999999999999998_1.0_282,COM,1.111385,2.309116,2.402,5.175,5.225,63258.41843787724,60980.00158187724
A_M_1.9999999999999998_1.0_283,COM,0.528067,1.613159,1.843,2.758,3.664,61509.36358587724,60980.00158187724
A_M_1.9999999999999998_1.0_284,COM,1.512012,2.85762,0.604,5.86,5.205,61627.998868877236,60980.00158187724
A_M_1.9999999999999998_1.0_285,COM,0.571849,1.67895,1.416,4.848,5.189,63027.22373587724,60980.00158187724
A_M_1.9999999999999998_1.0_286,COM,1.438113,2.736464,0.263,5.845,4.798,62575.77703987724,60980.00158187724
A_M_1.9999999999999998_1.0_287,COM,0.929255,2.102746,1.953,2.344,3.709,61409.067576877234,60980.00158187724
A_M_1.9999999999999998_1.0_288,COM,1.340673,2.556561,1.511,5.744,4.599,63377.91523387724,60980.00158187724
A_M_1.9999999999999998_1.0_289,COM,1.340673,2.556561,1.511,5.744,4.599,63377.91523387724,60980.00158187724
A_M_1.9999999999999998_1.0_290,COM,1.344579,2.64456,1.933,4.067,3.48,63657.00111287724,60980.00158187724
A_M_1.9999999999999998_1.0_291,COM,1.567069,2.82886,0.989,4.696,2.444,63103.21748487724,60980.00158187724
A_M_1.9999999999999998_1.0_292,COM,0.818795,1.995664,1.331,1.498,2.107,61863.489754877235,60980.00158187724
A_M_1.9999999999999998_1.0_293,COM,0.416627,1.499177,0.809,4.324,3.988,63708.76201387724,60980.00158187724
A_M_1.9999999999999998_1.0_294,COM,1.405903,2.666816,0.184,0.76,2.96,63991.309902877234,60980.00158187724
A_M_1.9999999999999998_1.0_295,COM,1.824877,3.37653,1.349,1.531,2.433,64276.30452587724,60980.00158187724
A_M_1.9999999999999998_1.0_296,COM,1.487587,2.87245,1.791,0.233,4.301,62652.83944887724,60980.00158187724
A_M_1.9999999999999998_1.0_297,COM,0.870713,2.125842,1.381,4.262,6.027,62414.977311877235,60980.00158187724
A_M_1.9999999999999998_1.0_298,COM,1.064725,2.361117,2.799,4.186,5.126,63062.634396877234,60980.00158187724
A_M_1.9999999999999998_1.0_299,COM,1.488101,2.834249,1.67,5.951,4.854,62275.45920287724,60980.00158187724
A_M_1.9999999999999998_1.0_300,COM,0.630626,1.808397,0.413,5.169,1.387,63600.866451877235,60980.00158187724
A_M_1.9999999999999998_1.0_301,COM,1.191646,2.491901,1.081,5.176,3.957,63783.71418687724,60980.00158187724
A_M_1.9999999999999998_1.0_302,COM,0.414981,1.531799,1.841,2.611,3.172,63064.55093387724,60980.00158187724
A_M_1.9999999999999998_1.0_303,COM,1.141547,2.437791,0.646,5.275,1.256,64637.54715387724,60980.00158187724
A_M_1.9999999999999998_1.0_304,COM,0.904825,2.162649,1.145,2.039,4.807,62969.347407877234,60980.00158187724
A_M_1.9999999999999998_1.0_305,COM,1.677497,3.179319,2.357,3.647,2.234,61490.97843487724,60980.00158187724
A_M_1.9999999999999998_1.0_306,COM,1.460685,2.870378,2.142,1.186,0.446,62248.61235187724,60980.00158187724
A_M_1.9999999999999998_1.0_307,COM,0.890361,2.13835,1.553,1.038,4.657,61615.126446877235,60980.00158187724
A_M_1.9999999999999998_1.0_308,COM,0.577878,1.744367,2.602,2.048,2.923,63532.28288487724,60980.00158187724
A_M_1.9999999999999998_1.0_309,COM,3.084335,4.956503,0.709,3.533,6.101,62672.76907587724,60980.00158187724
A_M_1.9999999999999998_1.0_310,COM,1.155665,2.515003,1.59,0.23,3.769,64499.303456877235,60980.00158187724
A_M_1.9999999999999998_1.0_311,COM,0.720587,1.947094,2.03,3.832,2.51,61706.42959187724,60980.00158187724
A_M_1.9999999999999998_1.0_312,COM,1.512879,3.079896,1.918,0.446,0.041,64738.52329387724,60980.00158187724
A_M_1.9999999999999998_1.0_313,COM,1.176969,2.582511,0.599,6.223,0.845,62513.71704787724,60980.00158187724
A_M_1.9999999999999998_1.0_314,COM,0.979598,2.310074,1.298,0.598,3.65,64341.941996877234,60980.00158187724
A_M_1.9999999999999998_1.0_315,COM,2.556552,4.498249,2.766,2.032,5.054,63170.40695787724,60980.00158187724
A_M_1.9999999999999998_1.0_316,COM,0.989155,2.325372,2.443,1.192,3.532,61319.07238087724,60980.00158187724
A_M_1.9999999999999998_1.0_317,COM,1.659894,3.2967,2.449,1.001,4.806,62208.43230987724,60980.00158187724
A_M_1.9999999999999998_1.0_318,COM,0.842851,2.110546,1.298,1.679,5.0,63039.69708587724,60980.00158187724
A_M_1.9999999999999998_1.0_319,COM,1.275345,2.702199,1.158,1.428,3.877,61468.432068877235,60980.00158187724
A_M_1.9999999999999998_1.0_320,COM,0.425341,1.56037,2.07,4.285,4.959,63102.29056987724,60980.00158187724
A_M_1.9999999999999998_1.0_321,COM,0.431598,1.603877,1.548,2.576,1.816,64093.65760087724,60980.00158187724
A_M_1.9999999999999998_1.0_322,COM,0.728628,2.049905,1.046,5.2,3.203,64394.286267877236,60980.00158187724
A_M_1.9999999999999998_1.0_323,COM,0.599744,1.853996,1.636,0.931,4.041,62583.150282877235,60980.00158187724
A_M_1.9999999999999998_1.0_324,COM,0.463003,1.645201,0.847,3.405,4.619,63898.27681487724,60980.00158187724
A_M_1.9999999999999998_1.0_325,COM,0.622853,1.874049,0.98,3.604,3.106,63649.160083877236,60980.00158187724
A_M_1.9999999999999998_1.0_326,COM,0.651081,1.903744,3.01,0.244,4.29,63473.10850887724,60980.00158187724
A_M_1.9999999999999998_1.0_327,COM,0.794399,2.104816,0.698,4.003,2.946,64046.311046877236,60980.00158187724
A_M_1.9999999999999998_1.0_328,COM,1.985263,3.813363,0.501,5.049,4.796,63371.307066877234,60980.00158187724
A_M_1.9999999999999998_1.0_329,COM,0.418104,1.596735,1.309,1.663,3.578,62863.48869687724,60980.00158187724
A_M_1.9999999999999998_1.0_330,COM,1.009524,2.552255,1.137,4.781,2.8,61847.65813087724,60980.00158187724
A_M_1.9999999999999998_1.0_331,COM,1.262102,2.891231,0.733,4.869,2.848,62271.006691877235,60980.00158187724
A_M_1.9999999999999998_1.0_332,COM,0.923451,2.361402,1.448,3.077,2.496,64203.43940287724,60980.00158187724
A_M_1.9999999999999998_1.0_333,COM,0.05746,1.088274,0.921,3.432,3.595,62201.330645877235,60980.00158187724
A_M_1.9999999999999998_1.0_334,COM,1.302294,2.95195,1.361,5.917,3.105,64579.74694287724,60980.00158187724
A_M_1.9999999999999998_1.0_335,COM,1.324311,3.02824,2.363,6.257,3.477,64306.27226487724,60980.00158187724
A_M_1.9999999999999998_1.0_336,COM,1.336618,3.002491,1.035,1.319,5.677,63219.024423877236,60980.00158187724
A_M_1.9999999999999998_1.0_337,COM,1.105548,2.690048,0.679,1.44,5.391,64090.20801487724,60980.00158187724
A_M_1.9999999999999998_1.0_338,COM,0.617023,1.932779,2.01,3.884,4.193,62314.385301877235,60980.00158187724
A_M_1.9999999999999998_1.0_339,COM,1.513996,3.275882,0.607,5.26,4.451,64200.553501877235,60980.00158187724
A_M_1.9999999999999998_1.0_340,COM,1.345591,3.036422,1.32,4.106,3.405,62372.329699877235,60980.00158187724
A_M_1.9999999999999998_1.0_341,COM,1.38787,3.053789,2.087,3.736,3.721,64098.24028187724,60980.00158187724
A_M_1.9999999999999998_1.0_342,COM,1.620686,3.442055,1.2,4.153,2.975,62650.88905087724,60980.00158187724
A_M_1.9999999999999998_1.0_343,COM,0.427519,1.658029,1.484,1.522,5.339,64050.87172287724,60980.00158187724
A_M_1.9999999999999998_1.0_344,COM,1.211537,2.850509,0.669,5.257,4.72,63432.150306877236,60980.00158187724
A_M_1.9999999999999998_1.0_345,COM,0.122248,1.181483,1.563,0.969,1.345,64585.19996087724,60980.00158187724
A_M_1.9999999999999998_1.0_346,COM,0.281351,1.452691,1.789,4.119,2.297,62818.603834877234,60980.00158187724
A_M_1.9999999999999998_1.0_347,COM,1.090182,2.770121,2.35,2.033,5.982,63479.807133877235,60980.00158187724
A_M_1.9999999999999998_1.0_348,COM,0.841623,2.316365,1.909,5.214,4.324,61222.04770587724,60980.00158187724
A_M_1.9999999999999998_1.0_349,COM,0.823077,2.291073,0.79,3.5,3.709,62191.39849387724,60980.00158187724
A_M_1.9999999999999998_1.0_350,COM,0.871581,2.365207,1.093,4.002,1.922,63381.005748877236,60980.00158187724
A_M_1.9999999999999998_1.0_351,COM,1.378716,3.156312,2.911,3.214,0.429,62467.572568877236,60980.00158187724
A_M_1.9999999999999998_1.0_352,COM,0.094471,1.14814,0.652,4.407,3.071,62855.639384877235,60980.00158187724
A_M_1.9999999999999998_1.0_353,COM,0.916104,2.4251,1.867,4.252,2.466,61789.810725877236,60980.00158187724
A_M_1.9999999999999998_1.0_354,COM,1.0282,2.615078,2.312,4.247,1.296,64634.38673287724,60980.00158187724
A_M_1.9999999999999998_1.0_355,COM,0.40182,1.670413,1.505,1.356,3.046,62855.625091877235,60980.00158187724
A_M_1.9999999999999998_1.0_356,COM,1.746293,3.906706,1.153,2.67,0.66,64281.62211087724,60980.00158187724
A_M_1.9999999999999998_1.0_357,COM,1.47527,3.412898,0.656,4.516,3.047,63318.10878787724,60980.00158187724
A_M_1.9999999999999998_1.0_358,COM,1.526242,3.496935,2.718,5.817,3.748,64649.91039287724,60980.00158187724
A_M_1.9999999999999998_1.0_359,COM,1.970132,4.221396,1.067,4.517,1.483,61668.29532087724,60980.00158187724
A_M_1.9999999999999998_1.0_360,COM,1.871762,4.08625,2.304,3.189,3.534,63143.19781487724,60980.00158187724
A_M_1.9999999999999998_1.0_361,COM,2.15561,4.542902,0.695,3.787,2.715,61217.606095877236,60980.00158187724
A_M_1.9999999999999998_1.0_362,COM,1.765038,3.970643,1.884,1.856,5.076,61433.81464687724,60980.00158187724
A_M_1.9999999999999998_1.0_363,COM,0.456958,1.750495,2.745,4.076,2.047,63164.08503887724,60980.00158187724
A_M_1.9999999999999998_1.0_364,COM,0.85208,2.449276,1.562,3.466,3.057,61586.63206187724,60980.00158187724
A_M_1.9999999999999998_1.0_365,COM,0.214684,1.353763,1.652,1.08,5.358,63672.41256787724,60980.00158187724
A_M_1.9999999999999998_1.0_366,COM,0.71987,2.182966,2.357,3.026,0.828,63439.986982877235,60980.00158187724
A_M_1.9999999999999998_1.0_367,COM,3.190376,6.374338,0.183,1.385,4.435,63716.137384877235,60980.00158187724
A_M_1.9999999999999998_1.0_368,COM,0.782012,2.403267,1.594,4.442,4.281,61343.33487387724,60980.00158187724
A_M_1.9999999999999998_1.0_369,COM,1.085686,2.95859,2.168,0.782,3.263,64388.839952877235,60980.00158187724
A_M_1.9999999999999998_1.0_370,COM,0.719874,2.291116,2.409,0.104,0.782,64032.602161877236,60980.00158187724
A_M_1.9999999999999998_1.0_371,COM,0.719874,2.291116,2.409,0.104,0.782,64032.602161877236,60980.00158187724
A_M_1.9999999999999998_1.0_372,COM,0.741409,2.331703,0.761,1.633,5.556,62501.426912877236,60980.00158187724
A_M_1.9999999999999998_1.0_373,COM,0.958217,2.710034,2.27,0.911,4.844,62200.26794387724,60980.00158187724
A_M_1.9999999999999998_1.0_374,COM,1.405372,3.501503,1.348,3.095,4.268,62254.676649877234,60980.00158187724
A_M_1.9999999999999998_1.0_375,COM,2.617497,5.680095,1.552,1.385,4.559,63007.294649877236,60980.00158187724
A_M_1.9999999999999998_1.0_376,COM,1.359763,3.424696,0.453,1.968,0.536,62392.330666877235,60980.00158187724
A_M_1.9999999999999998_1.0_377,COM,0.732079,2.305852,2.085,0.377,2.584,63218.340467877235,60980.00158187724
A_M_1.9999999999999998_1.0_378,COM,1.333268,3.322982,1.312,1.539,4.266,62140.18577387724,60980.00158187724
A_M_1.9999999999999998_1.0_379,COM,0.052552,1.093621,1.04,0.684,6.187,62801.59339587724,60980.00158187724
A_M_1.9999999999999998_1.0_380,COM,0.077127,1.135151,1.335,5.028,1.693,62862.824262877235,60980.00158187724
A_M_1.9999999999999998_1.0_381,COM,0.976437,2.693556,1.908,4.027,3.293,62494.04784087724,60980.00158187724
A_M_1.9999999999999998_1.0_382,COM,0.979366,2.845197,2.56,4.28,3.351,63714.672355877236,60980.00158187724
A_M_1.9999999999999998_1.0_383,COM,0.639759,2.198356,1.195,1.1,2.431,64122.319214877236,60980.00158187724
A_M_1.9999999999999998_1.0_384,COM,1.284846,3.346092,2.008,3.477,1.15,63266.30796087724,60980.00158187724
A_M_1.9999999999999998_1.0_385,COM,0.768967,2.408318,2.066,4.698,5.678,63322.764663877235,60980.00158187724
A_M_1.9999999999999998_1.0_386,COM,1.381717,3.616701,1.284,1.644,4.294,62446.65465087724,60980.00158187724
A_M_1.9999999999999998_1.0_387,COM,1.693516,4.161258,1.887,4.907,3.38,62442.30542887724,60980.00158187724
A_M_1.9999999999999998_1.0_388,COM,1.307149,3.459209,0.577,1.097,3.016,64308.83192587724,60980.00158187724
A_M_1.9999999999999998_1.0_389,COM,0.712717,2.315751,1.201,2.623,4.207,62176.573210877235,60980.00158187724
A_M_1.9999999999999998_1.0_390,COM,0.259047,1.474437,2.302,1.766,4.399,63010.993280877236,60980.00158187724
A_M_1.9999999999999998_1.0_391,COM,0.387058,1.714193,1.25,4.564,4.095,61190.57577187724,60980.00158187724
A_M_1.9999999999999998_1.0_392,COM,1.29497,3.374053,1.089,3.958,5.9,63392.739815877234,60980.00158187724
A_M_1.9999999999999998_1.0_393,COM,0.583332,2.103991,2.101,4.059,4.362,61625.355273877234,60980.00158187724
A_M_1.9999999999999998_1.0_394,COM,1.015869,2.89991,1.695,5.17,3.983,63801.074712877235,60980.00158187724
A_M_1.9999999999999998_1.0_395,COM,1.039139,2.972525,2.136,4.917,2.568,62434.62648287724,60980.00158187724
A_M_1.9999999999999998_1.0_396,COM,1.10592,3.07101,0.468,0.023,6.269,64311.10225587724,60980.00158187724
A_M_1.9999999999999998_1.0_397,COM,1.372628,3.518897,2.662,2.487,2.835,63492.13011787724,60980.00158187724
A_M_1.9999999999999998_1.0_398,COM,1.210196,3.318443,1.168,4.97,1.85,61638.918766877236,60980.00158187724
A_M_1.9999999999999998_1.0_399,COM,1.186949,3.304919,1.208,6.11,1.824,62416.294370877236,60980.00158187724
A_M_1.9999999999999998_1.0_400,COM,0.910924,2.787457,0.966,3.761,4.03,63450.981717877235,60980.00158187724
A_M_1.9999999999999998_1.0_401,COM,0.990999,2.939803,1.056,0.494,6.274,64058.549415877234,60980.00158187724
A_M_1.9999999999999998_1.0_402,COM,0.530697,2.009808,2.555,1.899,0.196,61195.226428877235,60980.00158187724
A_M_1.9999999999999998_1.0_403,COM,1.866308,4.609517,1.351,4.768,2.729,61617.27769487724,60980.00158187724
A_M_1.9999999999999998_1.0_404,COM,0.912833,2.739934,2.716,0.706,4.911,63847.68605187724,60980.00158187724
A_M_1.9999999999999998_1.0_405,COM,2.974584,6.881903,1.949,5.984,5.437,61312.952511877236,60980.00158187724
A_M_1.9999999999999998_1.0_406,COM,1.078063,3.088372,1.136,2.856,4.794,62756.10375787724,60980.00158187724
A_M_1.9999999999999998_1.0_407,COM,1.55338,4.077686,1.401,5.219,3.626,61792.49215787724,60980.00158187724
A_M_1.9999999999999998_1.0_408,COM,0.864814,2.677942,1.175,5.023,2.534,63989.87785687724,60980.00158187724
A_M_1.9999999999999998_1.0_409,COM,1.527152,4.152547,0.952,4.616,0.843,61626.51641487724,60980.00158187724
A_M_1.9999999999999998_1.0_410,COM,0.689084,2.396416,1.751,4.29,2.51,63787.22658487724,60980.00158187724
A_M_1.9999999999999998_1.0_411,COM,0.004861,1.009798,0.778,0.165,4.043,61886.868731877235,60980.00158187724
A_M_1.9999999999999998_1.0_412,COM,0.479152,2.001202,2.84,0.296,4.919,64156.51382187724,60980.00158187724
A_M_1.9999999999999998_1.0_413,COM,1.268466,3.612848,1.536,2.735,3.991,62321.12828187724,60980.00158187724
A_M_1.9999999999999998_1.0_414,COM,1.411113,3.824034,0.896,5.991,3.827,61040.45693987724,60980.00158187724
A_M_1.9999999999999998_1.0_415,COM,0.944417,2.946774,1.458,1.732,4.269,62930.51599287724,60980.00158187724
A_M_1.9999999999999998_1.0_416,COM,1.681221,4.390821,1.756,4.595,2.701,64607.39279787724,60980.00158187724
A_M_1.9999999999999998_1.0_417,COM,1.552345,4.135385,0.37,4.933,1.727,62761.52170987724,60980.00158187724
A_M_1.9999999999999998_1.0_418,COM,1.843522,4.805356,1.415,3.786,2.906,64269.040393877236,60980.00158187724
A_M_1.9999999999999998_1.0_419,COM,0.327011,1.681636,2.295,4.188,2.232,63524.61341787724,60980.00158187724
A_M_1.9999999999999998_1.0_420,COM,0.97192,3.021842,1.527,0.301,5.676,63056.65324287724,60980.00158187724
A_M_1.9999999999999998_1.0_421,COM,7.61078,17.334717,1.69,3.825,3.479,61319.924526877236,60980.00158187724
A_M_1.9999999999999998_1.0_422,COM,0.09756,1.20417,1.991,1.716,5.621,63205.78357087724,60980.00158187724
A_M_1.9999999999999998_1.0_423,COM,2.218021,5.845238,2.963,1.353,0.824,61071.651097877235,60980.00158187724
A_M_1.9999999999999998_1.0_424,COM,1.804755,4.809315,1.408,3.963,3.053,64639.15327787724,60980.00158187724
A_M_1.9999999999999998_1.0_425,COM,1.31329,3.760539,1.439,0.964,4.212,62612.549994877234,60980.00158187724
A_M_1.9999999999999998_1.0_426,COM,2.69211,6.72611,0.437,2.204,2.198,62874.93874787724,60980.00158187724
A_M_1.9999999999999998_1.0_427,COM,0.334048,1.709498,0.708,4.719,2.656,61598.761718877235,60980.00158187724
A_M_1.9999999999999998_1.0_428,COM,1.533169,4.231161,2.635,1.859,5.886,63416.391703877234,60980.00158187724
A_M_1.9999999999999998_1.0_429,COM,0.128122,1.276377,0.827,4.405,2.392,64268.57096087724,60980.00158187724
A_M_1.9999999999999998_1.0_430,COM,1.401466,4.012158,0.952,5.082,5.576,61030.605836877236,60980.00158187724
A_M_1.9999999999999998_1.0_431,COM,2.441672,6.513825,2.412,4.467,3.545,64559.62948487724,60980.00158187724
A_M_1.9999999999999998_1.0_432,COM,1.574349,4.49123,2.556,0.907,3.829,63757.08957787724,60980.00158187724
A_M_1.9999999999999998_1.0_433,COM,0.778765,2.715845,2.371,2.64,3.548,63248.094660877236,60980.00158187724
A_M_1.9999999999999998_1.0_434,COM,1.656654,4.685357,0.671,1.146,1.899,61833.78259687724,60980.00158187724
A_M_1.9999999999999998_1.0_435,COM,1.028035,3.337577,0.421,5.376,5.908,63237.101814877235,60980.00158187724
A_M_1.9999999999999998_1.0_436,COM,0.608776,2.388651,3.072,4.901,3.761,62067.376400877234,60980.00158187724
A_M_1.9999999999999998_1.0_437,COM,1.439192,4.175041,2.087,5.329,4.823,62134.43109787724,60980.00158187724
A_M_1.9999999999999998_1.0_438,COM,0.980873,3.310041,1.445,1.21,3.544,64381.61414887724,60980.00158187724
A_M_1.9999999999999998_1.0_439,COM,0.544615,2.262654,1.943,4.779,3.391,63988.213660877234,60980.00158187724
A_M_1.9999999999999998_1.0_440,COM,1.586457,4.765954,2.587,1.768,4.663,61276.172374877235,60980.00158187724
A_M_1.9999999999999998_1.0_441,COM,0.102191,1.236418,2.288,3.815,1.967,64163.10223887724,60980.00158187724
A_M_1.9999999999999998_1.0_442,COM,1.198162,3.755234,1.311,1.557,5.293,64462.81415187724,60980.00158187724
A_M_1.9999999999999998_1.0_443,COM,0.145394,1.341759,1.599,4.126,3.483,62329.37485187724,60980.00158187724
A_M_1.9999999999999998_1.0_444,COM,0.449438,2.034762,2.107,5.876,3.593,61313.054336877234,60980.00158187724
A_M_1.9999999999999998_1.0_445,COM,0.572571,2.316268,2.006,1.187,0.068,62303.375847877236,60980.00158187724
A_M_1.9999999999999998_1.0_446,COM,0.407506,1.957694,0.467,6.265,3.693,63468.28453287724,60980.00158187724
A_M_1.9999999999999998_1.0_447,COM,1.747164,5.14161,1.985,1.445,5.873,62954.25484887724,60980.00158187724
A_M_1.9999999999999998_1.0_448,COM,1.395266,4.201549,2.324,0.758,4.747,62032.892111877234,60980.00158187724
A_M_1.9999999999999998_1.0_449,COM,0.656225,2.630815,1.922,0.414,3.651,64667.891621877236,60980.00158187724
A_M_1.9999999999999998_1.0_450,COM,1.553142,4.769011,2.21,1.266,4.447,64436.72921087724,60980.00158187724
A_M_1.9999999999999998_1.0_451,COM,0.081246,1.198563,1.884,4.991,5.093,61386.64194787724,60980.00158187724
A_M_1.9999999999999998_1.0_452,COM,0.680142,2.686948,1.968,3.21,4.178,62378.648280877234,60980.00158187724
A_M_1.9999999999999998_1.0_453,COM,1.016486,3.502408,0.637,4.893,1.261,64327.49668587724,60980.00158187724
A_M_1.9999999999999998_1.0_454,COM,1.288085,4.152203,2.728,1.396,4.996,62498.574521877235,60980.00158187724
A_M_1.9999999999999998_1.0_455,COM,1.07215,3.667696,0.881,3.786,3.578,61056.82796487724,60980.00158187724
A_M_1.9999999999999998_1.0_456,COM,1.638969,5.037599,2.153,0.236,3.382,61912.674673877234,60980.00158187724
A_M_1.9999999999999998_1.0_457,COM,1.19145,3.852494,2.934,0.687,2.023,62790.941995877234,60980.00158187724
A_M_1.9999999999999998_1.0_458,COM,0.744224,2.804052,0.84,3.636,3.247,62248.98376787724,60980.00158187724
A_M_1.9999999999999998_1.0_459,COM,1.228884,3.969877,1.264,2.649,4.284,63218.02703487724,60980.00158187724
A_M_1.9999999999999998_1.0_460,COM,0.712525,2.77278,0.704,2.432,4.171,62028.76910087724,60980.00158187724
A_M_1.9999999999999998_1.0_461,COM,0.936862,3.331857,1.313,5.079,3.331,64135.62136487724,60980.00158187724
A_M_1.9999999999999998_1.0_462,COM,0.828258,3.065765,0.937,4.106,2.627,61159.63911287724,60980.00158187724
A_M_1.9999999999999998_1.0_463,COM,1.656254,5.050848,1.768,0.96,3.662,62223.65123287724,60980.00158187724
A_M_1.9999999999999998_1.0_464,COM,1.512133,4.77865,2.184,1.729,4.044,64264.635109877236,60980.00158187724
A_M_1.9999999999999998_1.0_465,COM,1.264242,4.156491,2.181,0.278,4.661,62280.675408877236,60980.00158187724
A_M_1.9999999999999998_1.0_466,COM,1.581258,5.114077,2.209,1.805,2.655,63428.18512487724,60980.00158187724
A_M_1.9999999999999998_1.0_467,COM,1.793167,5.539665,1.659,0.681,4.513,62721.383710877235,60980.00158187724
A_M_1.9999999999999998_1.0_468,COM,1.442466,4.82265,2.048,4.884,1.953,62915.11955687724,60980.00158187724
A_M_1.9999999999999998_1.0_469,COM,1.552347,5.115773,2.16,4.492,1.837,62865.01863587724,60980.00158187724
A_M_1.9999999999999998_1.0_470,COM,1.661361,5.485417,0.238,2.656,3.321,62677.71204087724,60980.00158187724
A_M_1.9999999999999998_1.0_471,COM,0.818021,3.131062,1.284,4.993,3.169,61855.17793087724,60980.00158187724
A_M_1.9999999999999998_1.0_472,COM,0.638411,2.669562,1.761,5.352,4.138,61263.53532487724,60980.00158187724
A_M_1.9999999999999998_1.0_473,COM,1.076595,3.897225,1.452,1.178,5.496,62930.84701187724,60980.00158187724
A_M_1.9999999999999998_1.0_474,COM,0.884619,3.307596,1.765,1.033,2.136,63179.54152487724,60980.00158187724
A_M_1.9999999999999998_1.0_475,COM,0.505729,2.350795,2.348,0.997,1.493,61148.945374877236,60980.00158187724
A_M_1.9999999999999998_1.0_476,COM,1.11514,4.044215,2.096,1.567,4.16,61114.922440877235,60980.00158187724
A_M_1.9999999999999998_1.0_477,COM,0.559345,2.564286,0.969,1.627,5.193,61848.98546187724,60980.00158187724
A_M_1.9999999999999998_1.0_478,COM,0.251043,1.699484,0.194,4.415,2.81,64392.43530987724,60980.00158187724
A_M_1.9999999999999998_1.0_479,COM,0.53261,2.466415,1.949,1.279,5.352,61329.266144877234,60980.00158187724
A_M_1.9999999999999998_1.0_480,COM,1.246719,4.416974,1.994,1.709,4.418,62479.369590877235,60980.00158187724
A_M_1.9999999999999998_1.0_481,COM,1.488353,5.106929,3.002,1.973,5.408,63078.070460877236,60980.00158187724
A_M_1.9999999999999998_1.0_482,COM,0.616612,2.6764,2.577,4.664,3.303,64314.643427877236,60980.00158187724
A_M_1.9999999999999998_1.0_483,COM,2.359361,7.419267,1.302,1.477,2.144,61452.39958487724,60980.00158187724
A_M_1.9999999999999998_1.0_484,COM,1.204095,4.290882,1.801,4.513,1.396,64392.89240887724,60980.00158187724
A_M_1.9999999999999998_1.0_485,COM,1.101821,4.045995,2.568,6.275,3.482,63217.268834877235,60980.00158187724
A_M_1.9999999999999998_1.0_486,COM,1.385562,5.001383,2.672,5.787,5.28,62013.727351877234,60980.00158187724
A_M_1.9999999999999998_1.0_487,COM,1.436302,5.163906,2.846,1.847,0.776,62137.83798087724,60980.00158187724
A_M_1.9999999999999998_1.0_488,COM,0.169443,1.478541,2.614,3.039,4.082,62702.431936877234,60980.00158187724
A_M_1.9999999999999998_1.0_489,COM,1.404248,4.981384,0.394,6.047,3.92,61543.631237877235,60980.00158187724
A_M_1.9999999999999998_1.0_490,COM,1.040521,3.948134,1.953,1.345,3.279,63826.564226877235,60980.00158187724
A_M_1.9999999999999998_1.0_491,COM,1.072439,4.134256,1.178,4.873,5.137,62766.32149687724,60980.00158187724
A_M_1.9999999999999998_1.0_492,COM,1.168637,4.319104,1.089,2.287,3.903,61303.95080187724,60980.00158187724
A_M_1.9999999999999998_1.0_493,COM,1.215249,4.538637,2.44,2.927,6.133,61771.37063587724,60980.00158187724
A_M_1.9999999999999998_1.0_494,COM,0.360594,2.033067,2.42,0.941,3.792,62080.437464877235,60980.00158187724
A_M_1.9999999999999998_1.0_495,COM,1.381853,4.965961,1.896,5.273,2.846,62513.60868287724,60980.00158187724
A_M_1.9999999999999998_1.0_496,COM,1.31268,4.788828,1.375,0.976,5.337,61347.95511287724,60980.00158187724
A_M_1.9999999999999998_1.0_497,COM,0.419606,2.224411,2.202,2.502,0.255,61305.292755877235,60980.00158187724
A_M_1.9999999999999998_1.0_498,COM,0.656418,2.926569,1.254,1.772,4.48,61683.39270987724,60980.00158187724
A_M_1.9999999999999998_1.0_499,COM,1.35127,5.003712,2.204,4.577,1.179,63173.44697787724,60980.00158187724
A_M_1.9999999999999998_1.0_500,COM,0.436601,2.320339,1.678,1.535,4.879,62197.83590187724,60980.00158187724
A_M_1.9999999999999998_1.0_501,COM,1.128438,4.403042,0.637,4.282,2.087,62947.84153587724,60980.00158187724
A_M_1.9999999999999998_1.0_502,COM,1.641951,5.967284,1.455,2.227,4.077,61811.797094877234,60980.00158187724
A_M_1.9999999999999998_1.0_503,COM,1.412498,5.293657,0.977,1.648,2.001,63813.66346687724,60980.00158187724
A_M_1.9999999999999998_1.0_504,COM,1.068578,4.243189,1.036,0.986,3.076,64444.69798387724,60980.00158187724
A_M_1.9999999999999998_1.0_505,COM,0.947053,3.961984,0.599,3.921,2.747,61691.72794687724,60980.00158187724
A_M_1.9999999999999998_1.0_506,COM,0.522469,2.608995,3.082,5.098,2.16,63295.30138887724,60980.00158187724
A_M_1.9999999999999998_1.0_507,COM,0.766503,3.361332,0.947,2.437,3.554,62154.49261787724,60980.00158187724
A_M_1.9999999999999998_1.0_508,COM,1.477263,5.515187,2.73,1.092,1.038,62916.21155087724,60980.00158187724
A_M_1.9999999999999998_1.0_509,COM,1.318021,5.123054,1.093,0.115,2.361,63531.02010987724,60980.00158187724
A_M_1.9999999999999998_1.0_510,COM,0.079822,1.247178,2.075,1.843,3.418,63328.62312787724,60980.00158187724
A_M_1.9999999999999998_1.0_511,COM,1.407735,5.403339,1.094,2.11,4.289,64087.312503877234,60980.00158187724
A_M_1.9999999999999998_1.0_512,COM,1.927412,6.91636,1.533,1.632,2.379,61464.05515187724,60980.00158187724
A_M_1.9999999999999998_1.0_513,COM,0.233409,1.720693,1.993,0.878,3.262,61003.766060877235,60980.00158187724
A_M_1.9999999999999998_1.0_514,COM,1.47104,5.537551,1.665,4.763,2.408,63587.83783287724,60980.00158187724
A_M_1.9999999999999998_1.0_515,COM,1.079045,4.405231,0.782,1.603,2.181,60957.272893877234,60980.00158187724
A_M_1.9999999999999998_1.0_516,COM,0.044696,1.141759,1.101,2.947,4.144,63792.149380877236,60980.00158187724
A_M_1.9999999999999998_1.0_517,COM,1.672777,6.126934,0.36,6.281,6.158,63487.67027487724,60980.00158187724
A_M_1.9999999999999998_1.0_518,COM,1.133164,4.717035,0.652,4.787,2.119,64620.20905087724,60980.00158187724
A_M_1.9999999999999998_1.0_519,COM,2.295585,8.291691,2.482,4.118,3.695,61293.782719877236,60980.00158187724
A_M_1.9999999999999998_1.0_520,COM,1.129404,4.61919,2.507,1.9,6.254,64314.963061877235,60980.00158187724
A_M_1.9999999999999998_1.0_521,COM,1.35493,5.391932,2.213,0.116,4.031,62220.61917787724,60980.00158187724
A_M_1.9999999999999998_1.0_522,COM,1.609993,6.294308,0.206,1.375,5.044,64612.32311087724,60980.00158187724
A_M_1.9999999999999998_1.0_523,COM,1.360725,5.436011,1.114,5.266,2.696,62622.97560087724,60980.00158187724
A_M_1.9999999999999998_1.0_524,COM,1.13238,4.624304,1.89,0.82,3.718,64104.486250877235,60980.00158187724
A_M_1.9999999999999998_1.0_525,COM,1.483351,5.795124,2.316,1.362,3.855,62513.65643287724,60980.00158187724
A_M_1.9999999999999998_1.0_526,COM,0.667772,3.187576,0.412,2.372,4.65,63682.41129887724,60980.00158187724
A_M_1.9999999999999998_1.0_527,COM,0.848933,3.790179,2.275,0.476,4.442,62811.03485687724,60980.00158187724
A_M_1.9999999999999998_1.0_528,COM,1.374402,5.518689,1.197,4.489,1.85,61069.769647877234,60980.00158187724
A_M_1.9999999999999998_1.0_529,COM,1.559651,5.958574,0.763,4.946,4.683,62861.595132877235,60980.00158187724
A_M_1.9999999999999998_1.0_530,COM,1.59115,6.183531,0.604,2.293,4.217,63664.290112877236,60980.00158187724
A_M_1.9999999999999998_1.0_531,COM,1.146474,4.661773,1.997,4.156,2.294,64339.12699087724,60980.00158187724
A_M_1.9999999999999998_1.0_532,COM,1.138258,4.641766,2.278,1.864,5.125,62485.39429987724,60980.00158187724
A_M_1.9999999999999998_1.0_533,COM,0.510875,2.635683,1.137,0.408,2.957,62665.55822187724,60980.00158187724
A_M_1.9999999999999998_1.0_534,COM,0.305314,2.00721,2.855,2.497,3.748,62213.259377877235,60980.00158187724
A_M_1.9999999999999998_1.0_535,COM,1.413324,5.79132,1.056,4.901,2.029,62985.17903487724,60980.00158187724
A_M_1.9999999999999998_1.0_536,COM,1.33777,5.498971,0.769,5.103,2.229,64242.46708487724,60980.00158187724
A_M_1.9999999999999998_1.0_537,COM,0.839884,3.778481,2.726,5.514,2.533,63672.79931987724,60980.00158187724
A_M_1.9999999999999998_1.0_538,COM,1.417635,5.695922,1.891,1.326,1.513,63483.802380877234,60980.00158187724
A_M_1.9999999999999998_1.0_539,COM,0.840403,3.839195,1.199,2.371,2.212,61888.33238087724,60980.00158187724
A_M_1.9999999999999998_1.0_540,COM,1.155171,4.941413,1.796,4.904,1.787,62890.05142087724,60980.00158187724
A_M_1.9999999999999998_1.0_541,COM,1.78607,7.043296,0.921,5.601,1.063,64212.432608877236,60980.00158187724
A_M_1.9999999999999998_1.0_542,COM,0.592478,3.005558,0.785,4.429,2.109,64494.86751287724,60980.00158187724
A_M_1.9999999999999998_1.0_543,COM,0.968999,4.288998,1.659,4.381,3.96,61706.24385587724,60980.00158187724
A_M_1.9999999999999998_1.0_544,COM,1.398078,5.945042,2.071,1.436,4.577,62109.870410877236,60980.00158187724
A_M_1.9999999999999998_1.0_545,COM,1.660718,6.806824,1.434,4.492,2.12,61495.366126877234,60980.00158187724
A_M_1.9999999999999998_1.0_546,COM,1.179606,5.167791,0.821,0.775,2.265,62066.11865287724,60980.00158187724
A_M_1.9999999999999998_1.0_547,COM,1.29387,5.533783,2.273,0.693,3.554,64569.54255087724,60980.00158187724
A_M_1.9999999999999998_1.0_548,COM,1.513614,6.246433,1.152,5.305,1.703,63708.443524877235,60980.00158187724
A_M_1.9999999999999998_1.0_549,COM,1.833471,7.366828,1.856,5.047,3.505,64549.415477877235,60980.00158187724
A_M_1.9999999999999998_1.0_550,COM,1.344113,5.673161,2.193,1.53,4.973,61380.30072487724,60980.00158187724
A_M_1.9999999999999998_1.0_551,COM,1.619626,6.900894,0.541,2.05,1.011,61085.36762987724,60980.00158187724
A_M_1.9999999999999998_1.0_552,COM,0.860371,4.151464,1.856,4.576,1.326,64003.80190287724,60980.00158187724
A_M_1.9999999999999998_1.0_553,COM,1.542521,6.642005,0.688,1.198,3.267,62521.51217587724,60980.00158187724
A_M_1.9999999999999998_1.0_554,COM,0.740594,3.650371,2.247,1.479,1.596,64331.12422487724,60980.00158187724
A_M_1.9999999999999998_1.0_555,COM,0.818564,3.932684,1.789,5.122,2.507,64049.88079687724,60980.00158187724
A_M_1.9999999999999998_1.0_556,COM,0.75647,3.741325,1.389,4.778,4.674,63411.31769087724,60980.00158187724
A_M_1.9999999999999998_1.0_557,COM,0.815576,3.889495,0.954,2.174,4.807,63389.36691287724,60980.00158187724
A_M_1.9999999999999998_1.0_558,COM,1.558224,6.565976,2.885,2.902,0.31,64264.25985887724,60980.00158187724
A_M_1.9999999999999998_1.0_559,COM,1.34476,5.89486,2.067,0.893,3.725,61208.93482587724,60980.00158187724
A_M_1.9999999999999998_1.0_560,COM,0.921428,4.289424,1.965,1.188,4.736,62970.90040487724,60980.00158187724
A_M_1.9999999999999998_1.0_561,COM,0.611075,3.208095,2.187,0.407,3.295,63983.96831487724,60980.00158187724
A_M_1.9999999999999998_1.0_562,COM,3.343738,13.104664,2.118,1.575,0.889,62611.836602877236,60980.00158187724
A_M_1.9999999999999998_1.0_563,COM,1.360841,6.066684,1.574,1.056,4.952,61486.366256877234,60980.00158187724
A_M_1.9999999999999998_1.0_564,COM,1.023053,4.7777,1.889,1.666,3.716,62861.035190877235,60980.00158187724
A_M_1.9999999999999998_1.0_565,COM,0.33774,2.270581,1.582,1.538,4.511,61007.198679877234,60980.00158187724
A_M_1.9999999999999998_1.0_566,COM,1.407876,6.248564,2.429,1.872,0.421,64105.261936877236,60980.00158187724
A_M_1.9999999999999998_1.0_567,COM,1.288524,5.882157,1.486,5.059,1.076,61365.70013787724,60980.00158187724
A_M_1.9999999999999998_1.0_568,COM,0.969346,4.612813,1.999,6.219,2.758,61380.47678187724,60980.00158187724
A_M_1.9999999999999998_1.0_569,COM,0.138008,1.522087,1.053,2.29,4.556,62683.19762187724,60980.00158187724
A_M_1.9999999999999998_1.0_570,COM,1.017915,4.759427,1.85,5.151,1.998,62854.045527877235,60980.00158187724
A_M_1.9999999999999998_1.0_571,COM,0.754779,3.77645,1.588,4.746,1.488,62293.35687687724,60980.00158187724
A_M_1.9999999999999998_1.0_572,COM,0.620461,3.41192,2.127,3.814,3.94,63690.84234287724,60980.00158187724
A_M_1.9999999999999998_1.0_573,COM,0.348734,2.334091,1.275,4.742,4.233,60953.58981987724,60980.00158187724
A_M_1.9999999999999998_1.0_574,COM,2.287856,9.876607,2.896,4.8,5.621,64475.48953287724,60980.00158187724
A_M_1.9999999999999998_1.0_575,COM,1.425922,6.536942,2.349,2.535,2.369,63954.835134877234,60980.00158187724
A_M_1.9999999999999998_1.0_576,COM,1.344259,6.205857,1.447,4.562,5.256,63354.439163877236,60980.00158187724
A_M_1.9999999999999998_1.0_577,COM,0.636101,3.547337,0.543,5.419,6.203,61475.247837877236,60980.00158187724
A_M_1.9999999999999998_1.0_578,COM,0.953079,4.841817,1.259,3.231,3.356,63074.97528587724,60980.00158187724
A_M_1.9999999999999998_1.0_579,COM,1.522875,7.183385,1.897,2.903,2.95,61096.317813877235,60980.00158187724
A_M_1.9999999999999998_1.0_580,COM,0.849532,4.437179,1.565,1.414,4.61,63313.79670287724,60980.00158187724
A_M_1.9999999999999998_1.0_581,COM,0.515294,3.10021,1.989,1.303,2.515,62522.23952987724,60980.00158187724
A_M_1.9999999999999998_1.0_582,COM,0.468299,2.956059,0.991,3.3,3.145,64050.26781387724,60980.00158187724
A_M_1.9999999999999998_1.0_583,COM,3.381169,14.751199,0.521,4.391,2.913,61276.29596687724,60980.00158187724
A_M_1.9999999999999998_1.0_584,COM,0.217735,1.906467,2.571,1.756,5.216,63264.01822587724,60980.00158187724
A_M_1.9999999999999998_1.0_585,COM,1.667166,7.940089,2.742,6.229,3.358,62667.55402787724,60980.00158187724
A_M_1.9999999999999998_1.0_586,COM,0.395463,2.6333,1.796,0.797,3.286,64207.44013687724,60980.00158187724
A_M_1.9999999999999998_1.0_587,COM,1.293235,6.322121,2.564,0.913,4.131,63888.216649877235,60980.00158187724
A_M_1.9999999999999998_1.0_588,COM,0.638446,3.659439,0.988,4.606,1.899,61047.03463887724,60980.00158187724
A_M_1.9999999999999998_1.0_589,COM,0.453257,2.847071,2.023,4.887,3.558,63029.829746877236,60980.00158187724
A_M_1.9999999999999998_1.0_590,COM,1.388156,6.75309,0.683,3.926,2.333,64562.29657687724,60980.00158187724
A_M_1.9999999999999998_1.0_591,COM,1.005466,5.110911,1.006,5.381,2.527,61040.33865687724,60980.00158187724
A_M_1.9999999999999998_1.0_592,COM,0.464591,2.994586,0.579,4.669,1.196,63992.95879987724,60980.00158187724
A_M_1.9999999999999998_1.0_593,COM,0.011659,1.049136,0.798,4.023,4.054,61903.46483387724,60980.00158187724
A_M_1.9999999999999998_1.0_594,COM,1.164862,5.980043,1.466,3.575,3.432,63488.26878087724,60980.00158187724
A_M_1.9999999999999998_1.0_595,COM,2.288281,10.857048,2.399,1.705,5.238,63581.60873187724,60980.00158187724
A_M_1.9999999999999998_1.0_596,COM,0.31987,2.348674,2.607,1.244,0.926,62261.888181877235,60980.00158187724
A_M_1.9999999999999998_1.0_597,COM,1.54431,7.587317,0.549,1.299,4.917,63767.78874687724,60980.00158187724
A_M_1.9999999999999998_1.0_598,COM,2.476898,11.507147,2.521,4.066,1.031,61695.731997877236,60980.00158187724
A_M_1.9999999999999998_1.0_599,COM,0.555066,3.405243,1.111,1.093,4.799,63838.339159877236,60980.00158187724
A_M_1.9999999999999998_1.0_600,COM,0.460504,2.985943,2.131,1.772,5.562,63917.56531087724,60980.00158187724
A_M_1.9999999999999998_1.0_601,COM,2.341306,10.869467,1.892,5.72,3.161,64163.58996287724,60980.00158187724
A_M_1.9999999999999998_1.0_602,COM,0.907813,4.852965,1.421,4.376,1.957,63911.71334687724,60980.00158187724
A_M_1.9999999999999998_1.0_603,COM,0.495464,3.117672,1.007,4.144,2.831,60952.945799877234,60980.00158187724
A_M_1.9999999999999998_1.0_604,COM,1.128104,6.043342,2.396,4.008,3.43,64107.56802487724,60980.00158187724
A_M_1.9999999999999998_1.0_605,COM,0.953079,5.179604,0.554,1.704,4.797,64640.42831587724,60980.00158187724
A_M_1.9999999999999998_1.0_606,COM,0.979089,5.349567,1.253,4.327,2.673,63815.52980387724,60980.00158187724
A_M_1.9999999999999998_1.0_607,COM,0.869396,4.862631,1.212,1.62,4.693,61777.78125087724,60980.00158187724
A_M_1.9999999999999998_1.0_608,COM,1.326166,7.054906,0.238,6.024,0.7,62458.13025887724,60980.00158187724
A_M_1.9999999999999998_1.0_609,COM,1.34426,7.067977,1.929,4.771,4.376,63965.131088877235,60980.00158187724
A_M_1.9999999999999998_1.0_610,COM,1.27915,6.776124,0.863,2.866,4.063,64569.71745887724,60980.00158187724
A_M_1.9999999999999998_1.0_611,COM,1.327964,7.10983,1.976,1.305,4.275,62374.58428587724,60980.00158187724
A_M_1.9999999999999998_1.0_612,COM,0.350138,2.601711,0.429,2.349,4.548,62870.369329877234,60980.00158187724
A_M_1.9999999999999998_1.0_613,COM,1.380862,7.371075,1.911,1.116,1.899,62475.986722877235,60980.00158187724
A_M_1.9999999999999998_1.0_614,COM,0.917614,5.297794,1.982,5.008,1.879,64430.605104877235,60980.00158187724
A_M_1.9999999999999998_1.0_615,COM,1.543096,8.350925,1.83,1.432,3.764,63786.982813877235,60980.00158187724
A_M_1.9999999999999998_1.0_616,COM,1.466326,7.956224,0.398,3.958,2.514,63080.12125887724,60980.00158187724
A_M_1.9999999999999998_1.0_617,COM,0.677113,4.165132,0.58,2.296,3.993,61185.24167487724,60980.00158187724
A_M_1.9999999999999998_1.0_618,COM,1.163615,6.506375,0.732,4.754,1.847,63176.524590877234,60980.00158187724
A_M_1.9999999999999998_1.0_619,COM,0.153867,1.730846,1.197,4.652,2.635,63107.78273487724,60980.00158187724
A_M_1.9999999999999998_1.0_620,COM,0.129199,1.620969,0.287,2.836,4.19,61094.776574877236,60980.00158187724
A_M_1.9999999999999998_1.0_621,COM,1.320102,7.475206,1.166,4.206,1.657,61050.870043877236,60980.00158187724
A_M_1.9999999999999998_1.0_622,COM,1.26058,7.132144,1.986,4.428,1.737,64339.67893987724,60980.00158187724
A_M_1.9999999999999998_1.0_623,COM,0.367035,2.772178,2.59,2.332,2.421,61729.515220877234,60980.00158187724
A_M_1.9999999999999998_1.0_624,COM,1.333515,7.483084,1.77,4.967,5.064,61643.39046587724,60980.00158187724
A_M_1.9999999999999998_1.0_625,COM,1.287887,7.157998,1.989,4.69,2.321,64626.792970877235,60980.00158187724
A_M_1.9999999999999998_1.0_626,COM,0.264677,2.286397,1.845,5.508,5.315,62055.330043877235,60980.00158187724
A_M_1.9999999999999998_1.0_627,COM,1.805094,9.72552,2.15,1.396,2.547,62193.44299387724,60980.00158187724
A_M_1.9999999999999998_1.0_628,COM,2.345965,12.31393,2.341,5.882,3.083,64077.81150487724,60980.00158187724
A_M_1.9999999999999998_1.0_629,COM,1.693914,9.605748,2.79,2.789,2.256,61594.26564787724,60980.00158187724
A_M_1.9999999999999998_1.0_630,COM,1.477935,8.703642,2.441,4.606,1.997,64344.83345187724,60980.00158187724
A_M_1.9999999999999998_1.0_631,COM,0.40336,3.046998,2.064,1.563,4.859,63514.118045877236,60980.00158187724
A_M_1.9999999999999998_1.0_632,COM,0.390939,3.036997,2.301,0.228,6.147,61233.15472287724,60980.00158187724
A_M_1.9999999999999998_1.0_633,COM,1.254173,7.440541,2.23,2.422,3.623,62081.69497887724,60980.00158187724
A_M_1.9999999999999998_1.0_634,COM,0.85893,5.360953,0.869,0.595,3.646,62810.97880487724,60980.00158187724
A_M_1.9999999999999998_1.0_635,COM,0.86354,5.564243,1.296,4.941,0.984,64035.842467877235,60980.00158187724
A_M_1.9999999999999998_1.0_636,COM,0.682095,4.623627,1.829,5.495,3.62,61344.38111687724,60980.00158187724
A_M_1.9999999999999998_1.0_637,COM,1.662904,9.779778,1.03,1.695,4.716,61285.20272987724,60980.00158187724
A_M_1.9999999999999998_1.0_638,COM,1.748991,10.251813,1.393,5.082,1.665,63526.94362287724,60980.00158187724
A_M_1.9999999999999998_1.0_639,COM,0.802307,5.198307,0.772,5.451,0.755,61314.98469487724,60980.00158187724
A_M_1.9999999999999998_1.0_640,COM,0.017837,1.093838,1.66,1.238,5.544,64403.44650487724,60980.00158187724
A_M_1.9999999999999998_1.0_641,COM,1.025941,6.451317,0.829,0.946,4.47,63540.99835587724,60980.00158187724
A_M_1.9999999999999998_1.0_642,COM,0.485982,3.684931,1.719,0.747,3.603,62733.895360877235,60980.00158187724
A_M_1.9999999999999998_1.0_643,COM,0.848676,5.640663,1.383,5.025,2.415,62214.42113787724,60980.00158187724
A_M_1.9999999999999998_1.0_644,COM,0.630506,4.462454,1.579,0.906,3.276,63841.91780487724,60980.00158187724
A_M_1.9999999999999998_1.0_645,COM,1.411939,8.681549,0.474,6.083,3.101,64087.09286687724,60980.00158187724
A_M_1.9999999999999998_1.0_646,COM,1.694815,10.405847,2.128,5.247,3.809,62537.44998387724,60980.00158187724
A_M_1.9999999999999998_1.0_647,COM,1.993134,12.136556,2.032,5.504,2.643,60946.23144387724,60980.00158187724
A_M_1.9999999999999998_1.0_648,COM,1.132478,7.431236,2.334,0.45,4.414,64555.71814287724,60980.00158187724
A_M_1.9999999999999998_1.0_649,COM,0.978039,6.498967,1.398,4.705,2.33,62208.752868877236,60980.00158187724
A_M_1.9999999999999998_1.0_650,COM,1.631822,10.472162,1.786,1.729,3.825,62702.312268877235,60980.00158187724
A_M_1.9999999999999998_1.0_651,COM,1.320867,8.571949,0.464,1.492,4.758,63302.85395687724,60980.00158187724
A_M_1.9999999999999998_1.0_652,COM,1.182626,7.892772,1.076,1.636,4.688,63529.704828877235,60980.00158187724
A_M_1.9999999999999998_1.0_653,COM,1.177604,7.83619,1.281,1.278,4.866,62808.12497587724,60980.00158187724
A_M_1.9999999999999998_1.0_654,COM,1.634409,10.488942,1.305,1.759,4.766,64284.23052987724,60980.00158187724
A_M_1.9999999999999998_1.0_655,COM,0.753182,5.328441,2.446,4.311,1.646,62529.204832877236,60980.00158187724
A_M_1.9999999999999998_1.0_656,COM,1.167056,7.871636,1.844,1.587,4.477,61124.03901187724,60980.00158187724
A_M_1.9999999999999998_1.0_657,COM,1.128094,7.673066,0.665,3.97,2.867,61647.978426877235,60980.00158187724
A_M_1.9999999999999998_1.0_658,COM,1.198983,8.172892,2.287,1.855,4.104,64223.11737287724,60980.00158187724
A_M_1.9999999999999998_1.0_659,COM,0.857474,6.056599,2.955,0.22,3.935,64497.706957877235,60980.00158187724
A_M_1.9999999999999998_1.0_660,COM,0.31706,2.88032,1.441,1.425,5.693,63243.33878487724,60980.00158187724
A_M_1.9999999999999998_1.0_661,COM,1.135696,7.810919,2.622,6.039,3.454,64172.83084787724,60980.00158187724
A_M_1.9999999999999998_1.0_662,COM,1.13056,7.930075,0.66,1.472,4.807,62387.16325387724,60980.00158187724
A_M_1.9999999999999998_1.0_663,COM,1.261609,8.61765,1.667,2.462,3.792,61533.421362877234,60980.00158187724
A_M_1.9999999999999998_1.0_664,COM,1.24738,8.612444,2.308,0.279,3.047,61223.63895987724,60980.00158187724
A_M_1.9999999999999998_1.0_665,COM,0.938212,6.716273,1.508,2.395,3.338,62342.07472487724,60980.00158187724
A_M_1.9999999999999998_1.0_666,COM,1.604453,11.17769,0.904,4.549,1.487,64398.87723187724,60980.00158187724
A_M_1.9999999999999998_1.0_667,COM,0.996337,7.190065,1.928,0.888,3.149,63415.11977087724,60980.00158187724
A_M_1.9999999999999998_1.0_668,COM,0.350739,3.196238,2.258,5.824,5.683,64065.840037877235,60980.00158187724
A_M_1.9999999999999998_1.0_669,COM,1.503429,10.499668,0.565,3.241,3.378,63179.325271877235,60980.00158187724
A_M_1.9999999999999998_1.0_670,COM,0.86381,6.386878,0.734,2.282,4.15,61208.70683887724,60980.00158187724
A_M_1.9999999999999998_1.0_671,COM,2.021858,13.733315,1.248,4.579,1.4,60998.93491787724,60980.00158187724
A_M_1.9999999999999998_1.0_672,COM,1.927083,13.087628,0.983,2.531,3.873,61346.29792587724,60980.00158187724
A_M_1.9999999999999998_1.0_673,COM,0.887417,6.841553,2.677,2.914,2.71,61077.730812877235,60980.00158187724
A_M_1.9999999999999998_1.0_674,COM,0.392258,3.575046,1.305,4.706,2.432,62930.637194877236,60980.00158187724
A_M_1.9999999999999998_1.0_675,COM,0.931108,7.189232,0.82,2.041,3.661,63530.34950887724,60980.00158187724
A_M_1.9999999999999998_1.0_676,COM,3.070398,21.983056,1.795,0.872,4.052,61973.93682987724,60980.00158187724
A_M_1.9999999999999998_1.0_677,COM,1.626207,12.022047,1.815,5.948,3.065,62144.39231587724,60980.00158187724
A_M_1.9999999999999998_1.0_678,COM,1.189745,8.973412,1.129,2.554,3.723,63511.55669287724,60980.00158187724
A_M_1.9999999999999998_1.0_679,COM,1.008281,7.783561,0.825,3.741,3.252,62149.25533187724,60980.00158187724
A_M_1.9999999999999998_1.0_680,COM,1.283951,9.885978,2.369,5.02,1.888,63469.474259877235,60980.00158187724
A_M_1.9999999999999998_1.0_681,COM,1.421852,10.933434,2.819,5.347,2.652,62929.85272387724,60980.00158187724
A_M_1.9999999999999998_1.0_682,COM,0.76458,6.287884,1.784,4.225,1.9,62379.90868987724,60980.00158187724
A_M_1.9999999999999998_1.0_683,COM,0.320341,3.226511,1.22,2.523,3.628,62696.20664887724,60980.00158187724
A_M_1.9999999999999998_1.0_684,COM,0.995538,8.075767,1.547,1.46,4.783,63505.02816687724,60980.00158187724
A_M_1.9999999999999998_1.0_685,COM,2.294923,17.186572,0.665,0.76,1.944,64056.203666877234,60980.00158187724
A_M_1.9999999999999998_1.0_686,COM,0.719598,6.257271,1.346,1.383,4.36,62304.423168877234,60980.00158187724
A_M_1.9999999999999998_1.0_687,COM,1.155946,9.542516,2.236,1.879,2.378,61969.077896877236,60980.00158187724
A_M_1.9999999999999998_1.0_688,COM,1.307535,10.678055,1.64,1.589,4.484,62013.22343387724,60980.00158187724
A_M_1.9999999999999998_1.0_689,COM,0.699831,6.498798,1.286,4.382,2.747,62300.111785877234,60980.00158187724
A_M_1.9999999999999998_1.0_690,COM,1.799866,15.50774,1.806,3.204,3.863,62922.27527187724,60980.00158187724
A_M_1.9999999999999998_1.0_691,COM,1.557994,13.674685,0.412,1.245,4.725,63571.32844787724,60980.00158187724
A_M_1.9999999999999998_1.0_692,COM,1.13478,10.195611,1.882,1.541,4.822,64369.51781587724,60980.00158187724
A_M_1.9999999999999998_1.0_693,COM,1.481868,13.54241,2.44,1.295,4.872,62498.23488087724,60980.00158187724
A_M_1.9999999999999998_1.0_694,COM,1.142756,10.592699,0.824,3.437,3.208,60976.26962287724,60980.00158187724
A_M_1.9999999999999998_1.0_695,COM,2.010177,18.682704,1.821,6.145,3.106,62019.639984877234,60980.00158187724
A_M_1.9999999999999998_1.0_696,COM,1.096902,11.597695,2.568,0.095,3.387,61209.90788187724,60980.00158187724
A_M_1.9999999999999998_1.0_697,COM,0.399848,4.913329,1.614,5.339,2.571,63529.66582587724,60980.00158187724
A_M_1.9999999999999998_1.0_698,COM,0.471575,5.982442,2.085,4.16,4.153,64072.077725877236,60980.00158187724
A_M_1.9999999999999998_1.0_699,COM,0.228309,3.513339,2.347,1.374,5.116,61097.77380787724,60980.00158187724
