ObjID,FORMAT,q,e,inc,node,argPeri,t_p_MJD_TDB,epochMJD_TDB
A_M_1.2_1.0_0,COM,1.432597,1.031387,2.114,2.897,3.849,64695.417969877235,60980.00158187724
A_M_1.2_1.0_1,COM,0.458224,1.011454,1.941,5.377,5.451,63827.437294877236,60980.00158187724
A_M_1.2_1.0_2,COM,1.042598,1.046927,1.997,6.162,0.391,61318.524036877236,60980.00158187724
A_M_1.2_1.0_3,COM,1.193615,1.128027,1.483,4.843,2.767,64413.75055287724,60980.00158187724
A_M_1.2_1.0_4,COM,0.143406,1.026579,1.866,2.812,3.878,63758.39064587724,60980.00158187724
A_M_1.2_1.0_5,COM,0.91117,1.182855,1.315,0.163,4.275,62424.21048887724,60980.00158187724
A_M_1.2_1.0_6,COM,0.738007,1.173646,1.191,0.566,5.078,62831.096767877236,60980.00158187724
A_M_1.2_1.0_7,COM,0.008022,1.001947,1.785,4.841,5.285,62056.552618877235,60980.00158187724
A_M_1.2_1.0_8,COM,1.103372,1.279576,0.548,3.932,4.112,62123.93517287724,60980.00158187724
A_M_1.2_1.0_9,COM,2.247641,1.556569,2.38,6.246,4.092,65426.526891877234,60980.00158187724
A_M_1.2_1.0_10,COM,1.006172,1.269803,0.951,0.965,4.461,62458.43399687724,60980.00158187724
A_M_1.2_1.0_11,COM,1.669835,1.434828,1.27,3.288,0.054,62383.93708587724,60980.00158187724
A_M_1.2_1.0_12,COM,0.931428,1.300784,0.961,5.23,1.384,62372.14033487724,60980.00158187724
A_M_1.2_1.0_13,COM,1.45185,1.428216,1.841,5.173,1.218,63778.351469877234,60980.00158187724
A_M_1.2_1.0_14,COM,4.178573,2.427506,2.591,2.726,2.53,62895.742895877236,60980.00158187724
A_M_1.2_1.0_15,COM,1.096161,1.36477,1.466,0.392,3.713,61526.79110987724,60980.00158187724
A_M_1.2_1.0_16,COM,1.283656,1.46579,1.486,4.856,3.501,64156.74372187724,60980.00158187724
A_M_1.2_1.0_17,COM,0.580662,1.208298,1.169,0.009,1.411,64279.02737887724,60980.00158187724
A_M_1.2_1.0_18,COM,1.326274,1.529386,1.038,1.876,4.862,62221.70563287724,60980.00158187724
A_M_1.2_1.0_19,COM,6.650912,3.645765,1.908,0.166,5.177,63428.867420877235,60980.00158187724
A_M_1.2_1.0_20,COM,3.688279,2.366186,0.855,3.333,5.08,61933.55426187724,60980.00158187724
A_M_1.2_1.0_21,COM,0.845972,1.349708,0.684,2.901,3.815,62001.649677877234,60980.00158187724
A_M_1.2_1.0_22,COM,0.750352,1.32728,1.867,5.481,4.923,64462.98097787724,60980.00158187724
A_M_1.2_1.0_23,COM,2.246098,1.925392,1.959,1.062,2.385,62732.60237987724,60980.00158187724
A_M_1.2_1.0_24,COM,8.08019,4.962736,1.261,5.457,2.099,63471.262834877234,60980.00158187724
A_M_1.2_1.0_25,COM,0.204099,1.097819,1.478,2.181,2.697,63705.19573187724,60980.00158187724
A_M_1.2_1.0_26,COM,0.031899,1.014779,0.309,2.005,0.185,61762.65209287724,60980.00158187724
A_M_1.2_1.0_27,COM,1.835858,1.947151,1.55,6.038,0.092,63687.31024387724,60980.00158187724
A_M_1.2_1.0_28,COM,0.812245,1.413544,1.335,2.929,4.557,64508.36281387724,60980.00158187724
A_M_1.2_1.0_29,COM,0.206769,1.106544,0.85,5.554,3.728,60946.03855587724,60980.00158187724
A_M_1.2_1.0_30,COM,5.804747,3.978361,1.301,4.563,4.845,62405.82674787724,60980.00158187724
A_M_1.2_1.0_31,COM,1.384706,1.724987,1.279,1.752,4.84,62047.02849087724,60980.00158187724
A_M_1.2_1.0_32,COM,1.513797,1.891055,0.76,5.418,3.858,61731.20312687724,60980.00158187724
A_M_1.2_1.0_33,COM,4.133882,3.346168,1.522,3.225,3.338,64912.98936387724,60980.00158187724
A_M_1.2_1.0_34,COM,0.181097,1.104929,1.061,4.169,5.741,63981.754023877234,60980.00158187724
A_M_1.2_1.0_35,COM,1.103903,1.628333,2.245,6.133,4.842,63883.906903877236,60980.00158187724
A_M_1.2_1.0_36,COM,1.580993,1.963087,0.975,4.831,5.687,63083.457236877235,60980.00158187724
A_M_1.2_1.0_37,COM,0.888755,1.540363,1.878,0.633,4.147,62926.04142687724,60980.00158187724
A_M_1.2_1.0_38,COM,0.14291,1.089745,2.308,4.927,3.51,64222.48336787724,60980.00158187724
A_M_1.2_1.0_39,COM,0.560484,1.372042,2.219,1.293,6.136,61844.868042877235,60980.00158187724
A_M_1.2_1.0_40,COM,1.469268,2.029368,1.517,0.838,2.485,63267.461385877235,60980.00158187724
A_M_1.2_1.0_41,COM,2.919544,3.211666,1.586,5.073,2.162,62910.26181687724,60980.00158187724
A_M_1.2_1.0_42,COM,0.89864,1.646165,1.636,0.531,4.579,62782.61059287724,60980.00158187724
A_M_1.2_1.0_43,COM,1.820872,2.456281,2.124,3.83,4.304,61005.50042887724,60980.00158187724
A_M_1.2_1.0_44,COM,7.862166,7.404502,1.763,0.867,5.442,63585.14922087724,60980.00158187724
A_M_1.2_1.0_45,COM,0.181907,1.144543,1.797,2.076,4.821,64619.17068287724,60980.00158187724
A_M_1.2_1.0_46,COM,33.439635,27.485728,0.638,2.969,2.207,60830.59318687724,60980.00158187724
A_M_1.2_1.0_47,COM,19.934174,18.248111,1.387,0.25,2.126,62087.454547877234,60980.00158187724
A_M_1.2_1.0_48,COM,21.372331,20.303325,1.502,2.486,3.355,65565.41872587724,60980.00158187724
A_M_1.2_1.0_49,COM,1.161827,2.087345,1.188,3.627,0.791,61752.03269187724,60980.00158187724
A_M_1.2_1.0_50,COM,1.195689,2.065469,0.492,4.726,5.853,63400.73069187724,60980.00158187724
A_M_1.2_1.0_51,COM,16.724025,16.011838,0.366,4.695,2.404,65822.45314887723,60980.00158187724
A_M_1.2_1.0_52,COM,2.090964,3.011065,2.081,0.457,2.234,61788.50255287724,60980.00158187724
A_M_1.2_1.0_53,COM,1.582158,2.555438,2.74,3.993,1.619,61782.18611887724,60980.00158187724
A_M_1.2_1.0_54,COM,1.254163,2.223461,0.463,1.739,2.53,62188.15617787724,60980.00158187724
A_M_1.2_1.0_55,COM,0.225269,1.225071,2.728,1.094,4.463,61470.523496877235,60980.00158187724
A_M_1.2_1.0_56,COM,0.864559,1.884992,0.319,6.254,0.506,61427.820651877235,60980.00158187724
A_M_1.2_1.0_57,COM,1.66868,2.751906,0.594,3.902,4.256,64566.01304587724,60980.00158187724
A_M_1.2_1.0_58,COM,10.787294,12.17882,0.685,0.167,1.245,64850.32068787724,60980.00158187724
A_M_1.2_1.0_59,COM,0.427152,1.450184,1.624,4.814,4.639,61716.58282387724,60980.00158187724
A_M_1.2_1.0_60,COM,0.083731,1.085626,0.382,2.082,4.808,61185.13621387724,60980.00158187724
A_M_1.2_1.0_61,COM,0.520099,1.584398,1.732,3.081,3.739,62615.24056687724,60980.00158187724
A_M_1.2_1.0_62,COM,5.71268,7.391079,1.792,2.892,2.076,63239.076283877235,60980.00158187724
A_M_1.2_1.0_63,COM,2.298827,3.656767,1.551,1.913,4.584,62603.58289087724,60980.00158187724
A_M_1.2_1.0_64,COM,2.029753,3.215362,1.355,3.8,3.9,63986.08932087724,60980.00158187724
A_M_1.2_1.0_65,COM,4.200043,6.122685,2.175,3.101,1.514,64037.298645877236,60980.00158187724
A_M_1.2_1.0_66,COM,5.962351,8.16281,1.74,2.35,2.337,63548.66762087724,60980.00158187724
A_M_1.2_1.0_67,COM,1.419803,2.800783,1.167,0.42,1.673,61504.21989987724,60980.00158187724
A_M_1.2_1.0_68,COM,1.608599,3.104085,2.083,5.353,2.618,62331.560679877235,60980.00158187724
A_M_1.2_1.0_69,COM,0.961473,2.213004,1.747,1.751,4.993,63753.172119877236,60980.00158187724
A_M_1.2_1.0_70,COM,1.147793,2.437355,1.29,3.158,3.026,64638.813236877235,60980.00158187724
A_M_1.2_1.0_71,COM,0.636126,1.843449,1.354,2.498,2.923,61820.54931887724,60980.00158187724
A_M_1.2_1.0_72,COM,5.019989,7.635866,1.641,2.455,2.609,63756.206422877236,60980.00158187724
A_M_1.2_1.0_73,COM,1.321418,2.824605,2.725,5.142,4.036,64083.439955877235,60980.00158187724
A_M_1.2_1.0_74,COM,1.392378,3.020167,2.392,0.793,1.528,62723.34602187724,60980.00158187724
A_M_1.2_1.0_75,COM,1.418373,2.975246,1.24,2.743,3.966,61825.29091587724,60980.00158187724
A_M_1.2_1.0_76,COM,1.336361,2.881858,0.896,3.468,3.145,63960.25438387724,60980.00158187724
A_M_1.2_1.0_77,COM,5.176096,8.490932,1.888,4.862,2.076,63218.67182187724,60980.00158187724
A_M_1.2_1.0_78,COM,0.400575,1.593939,0.865,3.78,0.577,61124.52977787724,60980.00158187724
A_M_1.2_1.0_79,COM,1.130831,2.693223,0.588,2.608,4.102,63627.27722887724,60980.00158187724
A_M_1.2_1.0_80,COM,7.192142,11.697321,0.108,5.4,4.34,63354.23272187724,60980.00158187724
A_M_1.2_1.0_81,COM,0.18125,1.276348,2.722,5.774,4.464,63539.811815877234,60980.00158187724
A_M_1.2_1.0_82,COM,0.897415,2.345667,0.1,4.024,5.357,61476.70271587724,60980.00158187724
A_M_1.2_1.0_83,COM,10.837412,19.092606,1.412,1.503,4.721,64174.142628877235,60980.00158187724
A_M_1.2_1.0_84,COM,0.85406,2.52492,2.326,0.431,5.033,64559.26351687724,60980.00158187724
A_M_1.2_1.0_85,COM,0.974561,2.746357,0.997,5.899,3.471,61387.46313187724,60980.00158187724
A_M_1.2_1.0_86,COM,12.607284,23.522204,1.313,3.812,2.906,63765.031793877235,60980.00158187724
A_M_1.2_1.0_87,COM,2.176964,5.012793,1.592,1.018,4.661,63328.30380687724,60980.00158187724
A_M_1.2_1.0_88,COM,0.374228,1.705998,1.085,0.306,3.025,63599.79912487724,60980.00158187724
A_M_1.2_1.0_89,COM,1.356016,3.454372,1.244,2.674,4.774,62817.68416287724,60980.00158187724
A_M_1.2_1.0_90,COM,0.397762,1.778678,1.468,3.428,4.464,62427.56444987724,60980.00158187724
A_M_1.2_1.0_91,COM,2.264052,5.512264,1.366,1.211,2.557,62019.39644387724,60980.00158187724
A_M_1.2_1.0_92,COM,2.42059,5.824386,2.068,4.137,2.656,63962.79279287724,60980.00158187724
A_M_1.2_1.0_93,COM,3.716521,8.522572,1.089,1.818,3.009,62726.38804787724,60980.00158187724
A_M_1.2_1.0_94,COM,3.311474,7.694788,1.989,4.037,4.432,61930.81537987724,60980.00158187724
A_M_1.2_1.0_95,COM,0.379375,1.775029,1.448,4.842,5.097,61617.79946587724,60980.00158187724
A_M_1.2_1.0_96,COM,1.87167,4.937236,1.7,2.926,3.829,64262.04488687724,60980.00158187724
A_M_1.2_1.0_97,COM,1.026039,3.229645,0.287,1.974,1.423,64607.445265877235,60980.00158187724
A_M_1.2_1.0_98,COM,3.811309,9.374201,2.11,1.246,4.447,60856.72308887724,60980.00158187724
A_M_1.2_1.0_99,COM,6.915848,16.388005,0.374,4.944,0.58,60865.26626887724,60980.00158187724
A_M_1.2_1.0_100,COM,0.906832,3.105436,2.111,4.271,4.503,64271.99731387724,60980.00158187724
A_M_1.2_1.0_101,COM,0.517266,2.2686,2.151,0.699,3.377,62663.914141877234,60980.00158187724
A_M_1.2_1.0_102,COM,1.314208,4.219394,2.635,1.728,5.369,64047.53017687724,60980.00158187724
A_M_1.2_1.0_103,COM,5.262399,13.904677,2.228,2.493,2.451,64048.41729787724,60980.00158187724
A_M_1.2_1.0_104,COM,22.228598,57.975831,1.59,5.008,2.743,64667.796193877235,60980.00158187724
A_M_1.2_1.0_105,COM,1.402571,4.636228,0.024,5.536,1.495,62502.35339487724,60980.00158187724
A_M_1.2_1.0_106,COM,1.083813,3.711753,1.639,5.744,2.913,63744.344468877236,60980.00158187724
A_M_1.2_1.0_107,COM,7.106252,19.476175,2.179,5.444,1.88,60954.61872587724,60980.00158187724
A_M_1.2_1.0_108,COM,26.571941,68.527746,1.978,3.01,3.397,64175.97136287724,60980.00158187724
A_M_1.2_1.0_109,COM,1.451386,4.8449,2.702,1.828,4.863,63800.19542687724,60980.00158187724
A_M_1.2_1.0_110,COM,1.240613,4.424153,1.331,4.558,1.919,63724.291314877235,60980.00158187724
A_M_1.2_1.0_111,COM,0.970139,3.633682,2.016,4.29,1.603,61864.56423187724,60980.00158187724
A_M_1.2_1.0_112,COM,26.52668,75.315177,2.006,1.003,3.007,63605.40682387724,60980.00158187724
A_M_1.2_1.0_113,COM,0.530989,2.511765,0.333,4.258,2.606,61614.205219877236,60980.00158187724
A_M_1.2_1.0_114,COM,2.838483,9.018934,2.393,0.742,4.148,61592.06387587724,60980.00158187724
A_M_1.2_1.0_115,COM,1.530475,5.472933,2.16,2.218,0.195,63924.382762877234,60980.00158187724
A_M_1.2_1.0_116,COM,2.480312,8.247644,0.852,3.754,3.299,64307.11614587724,60980.00158187724
A_M_1.2_1.0_117,COM,1.530735,5.401861,0.431,3.382,2.698,61048.79665387724,60980.00158187724
A_M_1.2_1.0_118,COM,12.924961,39.939317,2.168,5.579,2.673,65036.04893287724,60980.00158187724
A_M_1.2_1.0_119,COM,17.406813,54.116503,1.728,1.445,4.429,61713.06974487724,60980.00158187724
A_M_1.2_1.0_120,COM,1.541731,5.538871,0.435,2.373,4.847,62329.251728877236,60980.00158187724
A_M_1.2_1.0_121,COM,5.702785,18.933538,1.524,5.945,2.684,64384.62262487724,60980.00158187724
A_M_1.2_1.0_122,COM,18.149934,57.485738,0.174,0.327,5.925,61939.80329687724,60980.00158187724
A_M_1.2_1.0_123,COM,2.131045,7.528846,1.734,4.732,2.249,63683.224538877235,60980.00158187724
A_M_1.2_1.0_124,COM,1.972784,7.135537,1.32,1.208,5.421,61229.96672087724,60980.00158187724
A_M_1.2_1.0_125,COM,19.274143,63.206472,2.906,2.376,6.184,60681.59533387724,60980.00158187724
A_M_1.2_1.0_126,COM,3.496544,12.728479,1.149,4.996,2.594,62820.299696877235,60980.00158187724
A_M_1.2_1.0_127,COM,0.354584,2.232017,1.432,3.735,1.733,62191.303009877236,60980.00158187724
A_M_1.2_1.0_128,COM,1.270588,5.762193,0.478,2.372,3.743,62137.92593287724,60980.00158187724
A_M_1.2_1.0_129,COM,3.822304,15.178007,2.562,5.7,5.119,62460.74191787724,60980.00158187724
A_M_1.2_1.0_130,COM,1.172578,5.400876,1.18,3.574,3.161,61171.40694887724,60980.00158187724
A_M_1.2_1.0_131,COM,0.653996,3.448427,2.307,5.49,2.844,61773.53543187724,60980.00158187724
A_M_1.2_1.0_132,COM,1.454593,6.423586,2.184,4.075,3.441,62933.18085187724,60980.00158187724
A_M_1.2_1.0_133,COM,1.418182,6.449589,1.146,3.268,1.104,63995.36166987724,60980.00158187724
A_M_1.2_1.0_134,COM,8.176009,32.733584,1.534,4.84,1.734,62543.399036877236,60980.00158187724
A_M_1.2_1.0_135,COM,8.050927,32.075468,0.921,3.009,1.208,64084.88253487724,60980.00158187724
A_M_1.2_1.0_136,COM,0.780467,4.026093,1.284,2.998,3.957,63801.50296287724,60980.00158187724
A_M_1.2_1.0_137,COM,16.944195,67.003923,1.03,4.377,2.432,62258.95071387724,60980.00158187724
A_M_1.2_1.0_138,COM,63.401166,248.950444,0.449,1.899,4.165,64347.89906987724,60980.00158187724
A_M_1.2_1.0_139,COM,0.83074,4.165616,2.542,4.019,4.158,62062.60059987724,60980.00158187724
A_M_1.2_1.0_140,COM,20.984137,82.959354,0.957,4.517,4.24,64505.366260877236,60980.00158187724
A_M_1.2_1.0_141,COM,0.97406,4.917733,1.165,2.94,3.086,63177.326456877236,60980.00158187724
A_M_1.2_1.0_142,COM,2.72175,12.747737,1.758,4.571,1.841,63773.16516687724,60980.00158187724
A_M_1.2_1.0_143,COM,0.397472,2.691702,2.373,5.518,5.997,62562.67914087724,60980.00158187724
A_M_1.2_1.0_144,COM,0.776201,4.461365,2.876,0.663,3.387,62542.78977387724,60980.00158187724
A_M_1.2_1.0_145,COM,2.980369,14.539994,0.76,3.937,2.675,62960.77198787724,60980.00158187724
A_M_1.2_1.0_146,COM,1.049417,5.74601,2.159,1.067,4.199,64511.76684687724,60980.00158187724
A_M_1.2_1.0_147,COM,0.063013,1.288203,2.483,6.246,3.92,64047.13711187724,60980.00158187724
A_M_1.2_1.0_148,COM,28.328798,134.832016,0.807,3.179,3.482,59292.279343877235,60980.00158187724
A_M_1.2_1.0_149,COM,1.090977,6.064394,2.056,4.708,1.883,61664.94587287724,60980.00158187724
A_M_1.2_1.0_150,COM,2.382095,12.215017,1.029,4.789,1.435,63811.74795787724,60980.00158187724
A_M_1.2_1.0_151,COM,25.163911,125.518139,2.847,3.671,3.283,63501.03711787724,60980.00158187724
A_M_1.2_1.0_152,COM,1.262647,7.252196,0.79,2.026,3.642,62113.325527877234,60980.00158187724
A_M_1.2_1.0_153,COM,2.927731,15.672338,1.142,0.571,2.331,63879.104890877235,60980.00158187724
A_M_1.2_1.0_154,COM,1.734411,9.59977,1.15,2.709,3.354,62632.93823287724,60980.00158187724
A_M_1.2_1.0_155,COM,3.293289,18.736589,2.784,0.699,4.426,63631.49039387724,60980.00158187724
A_M_1.2_1.0_156,COM,27.698819,153.246672,1.251,3.91,2.777,63161.505855877236,60980.00158187724
A_M_1.2_1.0_157,COM,1.189602,7.597195,0.996,1.495,4.906,64272.65799087724,60980.00158187724
A_M_1.2_1.0_158,COM,20.289389,120.705451,1.177,4.264,1.948,62668.69680187724,60980.00158187724
A_M_1.2_1.0_159,COM,0.801021,5.81628,2.802,2.557,2.812,62800.749104877235,60980.00158187724
A_M_1.2_1.0_160,COM,1.471634,9.953563,1.642,4.884,2.136,63495.454013877235,60980.00158187724
A_M_1.2_1.0_161,COM,9.24321,58.123444,2.919,0.158,2.925,61730.50450587724,60980.00158187724
A_M_1.2_1.0_162,COM,1.596839,11.110201,1.722,4.322,1.412,61629.43559987724,60980.00158187724
A_M_1.2_1.0_163,COM,1.051941,7.754516,0.369,0.544,5.268,62221.033901877236,60980.00158187724
A_M_1.2_1.0_164,COM,0.965711,7.430186,2.416,5.264,4.842,64250.91614887724,60980.00158187724
A_M_1.2_1.0_165,COM,1.820941,13.136636,1.423,1.538,4.063,62048.823059877235,60980.00158187724
A_M_1.2_1.0_166,COM,15.986696,110.099636,1.637,4.224,1.52,62726.365505877235,60980.00158187724
A_M_1.2_1.0_167,COM,0.553625,4.836364,2.425,0.166,3.588,61860.86646587724,60980.00158187724
A_M_1.2_1.0_168,COM,11.355961,82.471159,0.901,4.329,1.399,63254.98173287724,60980.00158187724
A_M_1.2_1.0_169,COM,1.638134,13.354324,2.7,3.814,1.266,62800.924418877235,60980.00158187724
A_M_1.2_1.0_170,COM,2.201006,17.717743,2.069,0.658,3.028,61211.456545877234,60980.00158187724
A_M_1.2_1.0_171,COM,2.117015,18.40327,1.256,4.28,2.187,62390.910210877235,60980.00158187724
A_M_1.2_1.0_172,COM,1.592439,15.046287,2.846,4.062,3.974,63413.48511787724,60980.00158187724
A_M_1.2_1.0_173,COM,0.573258,6.077736,1.769,1.092,2.576,63741.381794877234,60980.00158187724
A_M_1.2_1.0_174,COM,1.068776,10.850285,1.785,1.381,4.963,61645.556575877235,60980.00158187724
A_M_1.2_1.0_175,COM,7.554731,74.561579,2.212,4.781,1.909,60785.58794787724,60980.00158187724
A_M_1.2_1.0_176,COM,1.472388,16.00445,2.801,4.75,1.872,63891.31069587724,60980.00158187724
