ObjID,H_r,u-r,g-r,i-r,z-r,y-r,GS
A_M_1.0_1.0_0,19.48,2.31,0.73,-0.33,-0.5,-0.68,0.15
A_M_1.0_1.0_1,24.56,2.31,0.73,-0.33,-0.5,-0.68,0.15
A_M_1.0_1.0_2,19.4,2.31,0.73,-0.33,-0.5,-0.68,0.15
A_M_1.0_1.0_3,13.41,2.31,0.73,-0.33,-0.5,-0.68,0.15
A_M_1.0_1.0_4,6.84,2.31,0.73,-0.33,-0.5,-0.68,0.15
A_M_1.0_1.0_5,25.1,2.31,0.73,-0.33,-0.5,-0.68,0.15
A_M_1.0_1.0_6,22.74,2.31,0.73,-0.33,-0.5,-0.68,0.15
A_M_1.0_1.0_7,12.41,2.31,0.73,-0.33,-0.5,-0.68,0.15
A_M_1.0_1.0_8,10.07,2.31,0.73,-0.33,-0.5,-0.68,0.15
A_M_1.0_1.0_9,20.71,2.31,0.73,-0.33,-0.5,-0.68,0.15
A_M_1.0_1.0_10,21.7,2.31,0.73,-0.33,-0.5,-0.68,0.15
A_M_1.0_1.0_11,15.81,2.31,0.73,-0.33,-0.5,-0.68,0.15
A_M_1.0_1.0_12,21.89,2.31,0.73,-0.33,-0.5,-0.68,0.15
A_M_1.0_1.0_13,12.36,2.31,0.73,-0.33,-0.5,-0.68,0.15
A_M_1.0_1.0_14,25.23,2.31,0.73,-0.33,-0.5,-0.68,0.15
A_M_1.0_1.0_15,23.27,2.31,0.73,-0.33,-0.5,-0.68,0.15
A_M_1.0_1.0_16,18.31,2.31,0.73,-0.33,-0.5,-0.68,0.15
A_M_1.0_1.0_17,23.1,2.31,0.73,-0.33,-0.5,-0.68,0.15
A_M_1.0_1.0_18,24.31,2.31,0.73,-0.33,-0.5,-0.68,0.15
A_M_1.0_1.0_19,14.92,2.31,0.73,-0.33,-0.5,-0.68,0.15
A_M_1.0_1.0_20,22.05,2.31,0.73,-0.33,-0.5,-0.68,0.15
A_M_1.0_1.0_21,23.55,2.31,0.73,-0.33,-0.5,-0.68,0.15
A_M_1.0_1.0_22,23.33,2.31,0.73,-0.33,-0.5,-0.68,0.15
A_M_1.0_1.0_23,22.9,2.31,0.73,-0.33,-0.5,-0.68,0.15
A_M_1.0_1.0_24,7.02,2.31,0.73,-0.33,-0.5,-0.68,0.15
A_M_1.0_1.0_25,9.26,2.31,0.73,-0.33,-0.5,-0.68,0.15
A_M_1.0_1.0_26,15.67,2.31,0.73,-0.33,-0.5,-0.68,0.15
A_M_1.0_1.0_27,24.98,2.31,0.73,-0.33,-0.5,-0.68,0.15
A_M_1.0_1.0_28,14.31,2.31,0.73,-0.33,-0.5,-0.68,0.15
A_M_1.0_1.0_29,23.79,2.31,0.73,-0.33,-0.5,-0.68,0.15
A_M_1.0_1.0_30,21.85,2.31,0.73,-0.33,-0.5,-0.68,0.15
A_M_1.0_1.0_31,18.41,2.31,0.73,-0.33,-0.5,-0.68,0.15
A_M_1.0_1.0_32,24.99,2.31,0.73,-0.33,-0.5,-0.68,0.15
A_M_1.0_1.0_33,6.4,2.31,0.73,-0.33,-0.5,-0.68,0.15
A_M_1.0_1.0_34,5.85,2.31,0.73,-0.33,-0.5,-0.68,0.15
A_M_1.0_1.0_35,8.47,2.31,0.73,-0.33,-0.5,-0.68,0.15
A_M_1.0_1.0_36,9.64,2.31,0.73,-0.33,-0.5,-0.68,0.15
A_M_1.0_1.0_37,12.41,2.31,0.73,-0.33,-0.5,-0.68,0.15
A_M_1.0_1.0_38,9.49,2.31,0.73,-0.33,-0.5,-0.68,0.15
A_M_1.0_1.0_39,12.92,2.31,0.73,-0.33,-0.5,-0.68,0.15
A_M_1.0_1.0_40,23.63,2.31,0.73,-0.33,-0.5,-0.68,0.15
A_M_1.0_1.0_41,16.55,2.31,0.73,-0.33,-0.5,-0.68,0.15
A_M_1.0_1.0_42,19.38,2.31,0.73,-0.33,-0.5,-0.68,0.15
A_M_1.0_1.0_43,13.75,2.31,0.73,-0.33,-0.5,-0.68,0.15
A_M_1.0_1.0_44,18.86,2.31,0.73,-0.33,-0.5,-0.68,0.15
A_M_1.0_1.0_45,5.83,2.31,0.73,-0.33,-0.5,-0.68,0.15
A_M_1.0_1.0_46,23.53,2.31,0.73,-0.33,-0.5,-0.68,0.15
A_M_1.0_1.0_47,19.55,2.31,0.73,-0.33,-0.5,-0.68,0.15
A_M_1.0_1.0_48,8.01,2.31,0.73,-0.33,-0.5,-0.68,0.15
A_M_1.0_1.0_49,9.55,2.31,0.73,-0.33,-0.5,-0.68,0.15
A_M_1.0_1.0_50,20.07,2.31,0.73,-0.33,-0.5,-0.68,0.15
A_M_1.0_1.0_51,17.87,2.31,0.73,-0.33,-0.5,-0.68,0.15
A_M_1.0_1.0_52,9.05,2.31,0.73,-0.33,-0.5,-0.68,0.15
A_M_1.0_1.0_53,15.73,2.31,0.73,-0.33,-0.5,-0.68,0.15
A_M_1.0_1.0_54,12.67,2.31,0.73,-0.33,-0.5,-0.68,0.15
A_M_1.0_1.0_55,19.04,2.31,0.73,-0.33,-0.5,-0.68,0.15
A_M_1.0_1.0_56,9.07,2.31,0.73,-0.33,-0.5,-0.68,0.15
A_M_1.0_1.0_57,22.65,2.31,0.73,-0.33,-0.5,-0.68,0.15
A_M_1.0_1.0_58,9.27,2.31,0.73,-0.33,-0.5,-0.68,0.15
A_M_1.0_1.0_59,25.12,2.31,0.73,-0.33,-0.5,-0.68,0.15
A_M_1.0_1.0_60,24.91,2.31,0.73,-0.33,-0.5,-0.68,0.15
A_M_1.0_1.0_61,22.74,2.31,0.73,-0.33,-0.5,-0.68,0.15
A_M_1.0_1.0_62,21.46,2.31,0.73,-0.33,-0.5,-0.68,0.15
A_M_1.0_1.0_63,21.88,2.31,0.73,-0.33,-0.5,-0.68,0.15
A_M_1.0_1.0_64,5.93,2.31,0.73,-0.33,-0.5,-0.68,0.15
A_M_1.0_1.0_65,25.16,2.31,0.73,-0.33,-0.5,-0.68,0.15
A_M_1.0_1.0_66,17.35,2.31,0.73,-0.33,-0.5,-0.68,0.15
A_M_1.0_1.0_67,23.47,2.31,0.73,-0.33,-0.5,-0.68,0.15
A_M_1.0_1.0_68,25.17,2.31,0.73,-0.33,-0.5,-0.68,0.15
A_M_1.0_1.0_69,21.93,2.31,0.73,-0.33,-0.5,-0.68,0.15
A_M_1.0_1.0_70,8.87,2.31,0.73,-0.33,-0.5,-0.68,0.15
A_M_1.0_1.0_71,24.61,2.31,0.73,-0.33,-0.5,-0.68,0.15
A_M_1.0_1.0_72,19.0,2.31,0.73,-0.33,-0.5,-0.68,0.15
A_M_1.0_1.0_73,21.51,2.31,0.73,-0.33,-0.5,-0.68,0.15
A_M_1.0_1.0_74,24.88,2.31,0.73,-0.33,-0.5,-0.68,0.15
A_M_1.0_1.0_75,8.3,2.31,0.73,-0.33,-0.5,-0.68,0.15
A_M_1.0_1.0_76,9.52,2.31,0.73,-0.33,-0.5,-0.68,0.15
A_M_1.0_1.0_77,24.63,2.31,0.73,-0.33,-0.5,-0.68,0.15
A_M_1.0_1.0_78,20.15,2.31,0.73,-0.33,-0.5,-0.68,0.15
A_M_1.0_1.0_79,22.84,2.31,0.73,-0.33,-0.5,-0.68,0.15
A_M_1.0_1.0_80,7.48,2.31,0.73,-0.33,-0.5,-0.68,0.15
A_M_1.0_1.0_81,18.89,2.31,0.73,-0.33,-0.5,-0.68,0.15
A_M_1.0_1.0_82,21.56,2.31,0.73,-0.33,-0.5,-0.68,0.15
A_M_1.0_1.0_83,8.66,2.31,0.73,-0.33,-0.5,-0.68,0.15
A_M_1.0_1.0_84,8.65,2.31,0.73,-0.33,-0.5,-0.68,0.15
A_M_1.0_1.0_85,21.67,2.31,0.73,-0.33,-0.5,-0.68,0.15
A_M_1.0_1.0_86,15.34,2.31,0.73,-0.33,-0.5,-0.68,0.15
A_M_1.0_1.0_87,25.52,2.31,0.73,-0.33,-0.5,-0.68,0.15
A_M_1.0_1.0_88,14.91,2.31,0.73,-0.33,-0.5,-0.68,0.15
A_M_1.0_1.0_89,18.96,2.31,0.73,-0.33,-0.5,-0.68,0.15
A_M_1.0_1.0_90,24.21,2.31,0.73,-0.33,-0.5,-0.68,0.15
A_M_1.0_1.0_91,14.75,2.31,0.73,-0.33,-0.5,-0.68,0.15
A_M_1.0_1.0_92,7.07,2.31,0.73,-0.33,-0.5,-0.68,0.15
A_M_1.0_1.0_93,13.24,2.31,0.73,-0.33,-0.5,-0.68,0.15
A_M_1.0_1.0_94,25.47,2.31,0.73,-0.33,-0.5,-0.68,0.15
A_M_1.0_1.0_95,17.33,2.31,0.73,-0.33,-0.5,-0.68,0.15
A_M_1.0_1.0_96,14.32,2.31,0.73,-0.33,-0.5,-0.68,0.15
A_M_1.0_1.0_97,12.37,2.31,0.73,-0.33,-0.5,-0.68,0.15
A_M_1.0_1.0_98,9.57,2.31,0.73,-0.33,-0.5,-0.68,0.15
A_M_1.0_1.0_99,19.86,2.31,0.73,-0.33,-0.5,-0.68,0.15
A_M_1.0_1.0_100,25.07,2.31,0.73,-0.33,-0.5,-0.68,0.15
A_M_1.0_1.0_101,16.5,2.31,0.73,-0.33,-0.5,-0.68,0.15
A_M_1.0_1.0_102,23.06,2.31,0.73,-0.33,-0.5,-0.68,0.15
A_M_1.0_1.0_103,17.58,2.31,0.73,-0.33,-0.5,-0.68,0.15
A_M_1.0_1.0_104,21.23,2.31,0.73,-0.33,-0.5,-0.68,0.15
A_M_1.0_1.0_105,15.78,2.31,0.73,-0.33,-0.5,-0.68,0.15
A_M_1.0_1.0_106,24.6,2.31,0.73,-0.33,-0.5,-0.68,0.15
A_M_1.0_1.0_107,8.46,2.31,0.73,-0.33,-0.5,-0.68,0.15
A_M_1.0_1.0_108,18.98,2.31,0.73,-0.33,-0.5,-0.68,0.15
A_M_1.0_1.0_109,13.34,2.31,0.73,-0.33,-0.5,-0.68,0.15
A_M_1.0_1.0_110,22.21,2.31,0.73,-0.33,-0.5,-0.68,0.15
A_M_1.0_1.0_111,22.68,2.31,0.73,-0.33,-0.5,-0.68,0.15
A_M_1.0_1.0_112,23.25,2.31,0.73,-0.33,-0.5,-0.68,0.15
A_M_1.0_1.0_113,24.81,2.31,0.73,-0.33,-0.5,-0.68,0.15
A_M_1.0_1.0_114,23.64,2.31,0.73,-0.33,-0.5,-0.68,0.15
A_M_1.0_1.0_115,6.77,2.31,0.73,-0.33,-0.5,-0.68,0.15
A_M_1.0_1.0_116,22.95,2.31,0.73,-0.33,-0.5,-0.68,0.15
A_M_1.0_1.0_117,8.47,2.31,0.73,-0.33,-0.5,-0.68,0.15
A_M_1.0_1.0_118,11.24,2.31,0.73,-0.33,-0.5,-0.68,0.15
A_M_1.0_1.0_119,19.18,2.31,0.73,-0.33,-0.5,-0.68,0.15
A_M_1.0_1.0_120,24.14,2.31,0.73,-0.33,-0.5,-0.68,0.15
A_M_1.0_1.0_121,17.28,2.31,0.73,-0.33,-0.5,-0.68,0.15
A_M_1.0_1.0_122,13.42,2.31,0.73,-0.33,-0.5,-0.68,0.15
A_M_1.0_1.0_123,11.97,2.31,0.73,-0.33,-0.5,-0.68,0.15
A_M_1.0_1.0_124,23.99,2.31,0.73,-0.33,-0.5,-0.68,0.15
A_M_1.0_1.0_125,8.6,2.31,0.73,-0.33,-0.5,-0.68,0.15
A_M_1.0_1.0_126,9.04,2.31,0.73,-0.33,-0.5,-0.68,0.15
A_M_1.0_1.0_127,8.22,2.31,0.73,-0.33,-0.5,-0.68,0.15
A_M_1.0_1.0_128,17.59,2.31,0.73,-0.33,-0.5,-0.68,0.15
A_M_1.0_1.0_129,21.92,2.31,0.73,-0.33,-0.5,-0.68,0.15
A_M_1.0_1.0_130,16.79,2.31,0.73,-0.33,-0.5,-0.68,0.15
A_M_1.0_1.0_131,10.71,2.31,0.73,-0.33,-0.5,-0.68,0.15
A_M_1.0_1.0_132,25.09,2.31,0.73,-0.33,-0.5,-0.68,0.15
A_M_1.0_1.0_133,24.54,2.31,0.73,-0.33,-0.5,-0.68,0.15
A_M_1.0_1.0_134,25.45,2.31,0.73,-0.33,-0.5,-0.68,0.15
A_M_1.0_1.0_135,14.86,2.31,0.73,-0.33,-0.5,-0.68,0.15
A_M_1.0_1.0_136,22.16,2.31,0.73,-0.33,-0.5,-0.68,0.15
A_M_1.0_1.0_137,23.92,2.31,0.73,-0.33,-0.5,-0.68,0.15
A_M_1.0_1.0_138,20.7,2.31,0.73,-0.33,-0.5,-0.68,0.15
A_M_1.0_1.0_139,24.17,2.31,0.73,-0.33,-0.5,-0.68,0.15
A_M_1.0_1.0_140,16.27,2.31,0.73,-0.33,-0.5,-0.68,0.15
A_M_1.0_1.0_141,23.55,2.31,0.73,-0.33,-0.5,-0.68,0.15
A_M_1.0_1.0_142,14.72,2.31,0.73,-0.33,-0.5,-0.68,0.15
A_M_1.0_1.0_143,21.94,2.31,0.73,-0.33,-0.5,-0.68,0.15
A_M_1.0_1.0_144,20.85,2.31,0.73,-0.33,-0.5,-0.68,0.15
A_M_1.0_1.0_145,21.71,2.31,0.73,-0.33,-0.5,-0.68,0.15
A_M_1.0_1.0_146,15.95,2.31,0.73,-0.33,-0.5,-0.68,0.15
A_M_1.0_1.0_147,24.96,2.31,0.73,-0.33,-0.5,-0.68,0.15
A_M_1.0_1.0_148,24.34,2.31,0.73,-0.33,-0.5,-0.68,0.15
A_M_1.0_1.0_149,7.89,2.31,0.73,-0.33,-0.5,-0.68,0.15
A_M_1.0_1.0_150,9.04,2.31,0.73,-0.33,-0.5,-0.68,0.15
A_M_1.0_1.0_151,14.54,2.31,0.73,-0.33,-0.5,-0.68,0.15
A_M_1.0_1.0_152,6.42,2.31,0.73,-0.33,-0.5,-0.68,0.15
A_M_1.0_1.0_153,23.13,2.31,0.73,-0.33,-0.5,-0.68,0.15
A_M_1.0_1.0_154,12.27,2.31,0.73,-0.33,-0.5,-0.68,0.15
A_M_1.0_1.0_155,19.14,2.31,0.73,-0.33,-0.5,-0.68,0.15
A_M_1.0_1.0_156,13.92,2.31,0.73,-0.33,-0.5,-0.68,0.15
A_M_1.0_1.0_157,23.93,2.31,0.73,-0.33,-0.5,-0.68,0.15
A_M_1.0_1.0_158,18.48,2.31,0.73,-0.33,-0.5,-0.68,0.15
A_M_1.0_1.0_159,25.57,2.31,0.73,-0.33,-0.5,-0.68,0.15
A_M_1.0_1.0_160,12.28,2.31,0.73,-0.33,-0.5,-0.68,0.15
A_M_1.0_1.0_161,16.78,2.31,0.73,-0.33,-0.5,-0.68,0.15
A_M_1.0_1.0_162,11.07,2.31,0.73,-0.33,-0.5,-0.68,0.15
