ObjID,FORMAT,q,e,inc,node,argPeri,t_p_MJD_TDB,epochMJD_TDB
A_M_1.9999999999999998_1.0_0,COM,3.474715,1.012176,0.82,0.636,3.577,62083.484554877235,60980.00158187724
A_M_1.9999999999999998_1.0_1,COM,0.388278,1.000839,0.766,4.74,3.155,62765.309236877234,60980.00158187724
A_M_1.9999999999999998_1.0_2,COM,0.574767,1.005791,2.133,4.189,0.632,62719.90690587724,60980.00158187724
A_M_1.9999999999999998_1.0_3,COM,1.637327,1.009419,1.95,4.206,1.114,64398.236812877236,60980.00158187724
A_M_1.9999999999999998_1.0_4,COM,0.460484,1.007318,1.213,5.786,5.671,64269.55916187724,60980.00158187724
A_M_1.9999999999999998_1.0_5,COM,0.24592,1.003779,2.152,2.19,4.385,61035.94529587724,60980.00158187724
A_M_1.9999999999999998_1.0_6,COM,0.034383,1.001194,1.435,4.458,6.186,62631.85981787724,60980.00158187724
A_M_1.9999999999999998_1.0_7,COM,0.984013,1.030765,1.309,6.176,1.083,63242.13195987724,60980.00158187724
A_M_1.9999999999999998_1.0_8,COM,1.356666,1.064924,1.765,2.19,3.781,63075.84939787724,60980.00158187724
A_M_1.9999999999999998_1.0_9,COM,1.018904,1.053377,1.931,5.032,0.025,63990.70685787724,60980.00158187724
A_M_1.9999999999999998_1.0_10,COM,1.85993,1.122595,1.312,4.756,4.854,63334.426265877235,60980.00158187724
A_M_1.9999999999999998_1.0_11,COM,0.970623,1.060501,1.665,4.25,2.369,63013.304126877236,60980.00158187724
A_M_1.9999999999999998_1.0_12,COM,0.863587,1.055209,1.952,2.014,4.823,63015.41743887724,60980.00158187724
A_M_1.9999999999999998_1.0_13,COM,3.7151,1.337125,2.87,0.445,0.893,61743.378727877236,60980.00158187724
A_M_1.9999999999999998_1.0_14,COM,0.033273,1.002619,2.303,1.782,1.652,63632.17999187724,60980.00158187724
A_M_1.9999999999999998_1.0_15,COM,1.852335,1.142696,0.746,1.516,5.142,61011.261761877235,60980.00158187724
A_M_1.9999999999999998_1.0_16,COM,0.824726,1.065927,1.118,4.942,3.505,63511.30421887724,60980.00158187724
A_M_1.9999999999999998_1.0_17,COM,0.467844,1.039659,2.321,4.554,1.682,63886.87665187724,60980.00158187724
A_M_1.9999999999999998_1.0_18,COM,0.016045,1.001513,2.529,4.912,5.881,61391.55646187724,60980.00158187724
A_M_1.9999999999999998_1.0_19,COM,0.091169,1.00892,0.766,0.66,4.21,63237.45041887724,60980.00158187724
A_M_1.9999999999999998_1.0_20,COM,0.790706,1.096581,0.89,4.169,3.331,64101.57699787724,60980.00158187724
A_M_1.9999999999999998_1.0_21,COM,0.719714,1.098821,0.562,0.445,0.891,61606.510623877235,60980.00158187724
A_M_1.9999999999999998_1.0_22,COM,1.121435,1.14468,0.733,0.244,2.815,61442.01824887724,60980.00158187724
A_M_1.9999999999999998_1.0_23,COM,0.859463,1.105879,0.691,5.336,3.397,61827.18180587724,60980.00158187724
A_M_1.9999999999999998_1.0_24,COM,0.7014,1.083955,0.49,3.392,1.674,64695.10403787724,60980.00158187724
A_M_1.9999999999999998_1.0_25,COM,1.536594,1.250406,1.69,0.294,4.48,62866.50777687724,60980.00158187724
A_M_1.9999999999999998_1.0_26,COM,1.254689,1.19431,2.239,2.842,2.127,61254.22967887724,60980.00158187724
A_M_1.9999999999999998_1.0_27,COM,1.409456,1.195823,2.595,4.062,5.311,64524.354438877235,60980.00158187724
A_M_1.9999999999999998_1.0_28,COM,1.64699,1.256038,1.196,4.272,3.343,63863.81797787724,60980.00158187724
A_M_1.9999999999999998_1.0_29,COM,0.674602,1.100073,1.485,4.661,1.394,62189.50771787724,60980.00158187724
A_M_1.9999999999999998_1.0_30,COM,1.807446,1.333554,2.104,2.294,4.743,63282.70894987724,60980.00158187724
A_M_1.9999999999999998_1.0_31,COM,1.663706,1.312096,1.334,1.919,6.083,63361.220586877236,60980.00158187724
A_M_1.9999999999999998_1.0_32,COM,0.282979,1.051938,1.556,2.513,4.649,64576.76053087724,60980.00158187724
A_M_1.9999999999999998_1.0_33,COM,1.410342,1.263936,1.817,2.318,6.123,62545.657526877236,60980.00158187724
A_M_1.9999999999999998_1.0_34,COM,0.702392,1.130309,2.468,6.253,4.938,62935.27970187724,60980.00158187724
A_M_1.9999999999999998_1.0_35,COM,1.20939,1.224983,1.296,5.429,5.411,62389.171964877234,60980.00158187724
A_M_1.9999999999999998_1.0_36,COM,10.64757,2.943569,1.923,5.087,2.62,60970.25771287724,60980.00158187724
A_M_1.9999999999999998_1.0_37,COM,0.985558,1.179331,2.292,0.399,5.711,62744.519714877235,60980.00158187724
A_M_1.9999999999999998_1.0_38,COM,0.913632,1.185178,0.574,2.045,4.285,62895.47758287724,60980.00158187724
A_M_1.9999999999999998_1.0_39,COM,0.236912,1.051193,1.903,4.427,5.113,62622.614153877235,60980.00158187724
A_M_1.9999999999999998_1.0_40,COM,0.015406,1.003007,2.251,4.547,3.207,61556.29526387724,60980.00158187724
A_M_1.9999999999999998_1.0_41,COM,1.049815,1.20386,1.645,1.118,5.074,62348.93057587724,60980.00158187724
A_M_1.9999999999999998_1.0_42,COM,0.025743,1.005408,1.127,6.14,0.135,63887.864023877235,60980.00158187724
A_M_1.9999999999999998_1.0_43,COM,1.484719,1.297817,2.349,1.47,1.867,62733.05791487724,60980.00158187724
A_M_1.9999999999999998_1.0_44,COM,0.730396,1.151773,1.444,2.099,0.534,60941.706976877234,60980.00158187724
A_M_1.9999999999999998_1.0_45,COM,0.781013,1.183841,1.393,3.849,4.54,62354.10105187724,60980.00158187724
A_M_1.9999999999999998_1.0_46,COM,1.378713,1.339851,1.981,4.542,4.775,62264.66274187724,60980.00158187724
A_M_1.9999999999999998_1.0_47,COM,1.433223,1.336634,2.895,2.964,1.703,64341.038821877235,60980.00158187724
A_M_1.9999999999999998_1.0_48,COM,1.378713,1.339851,1.981,4.542,4.775,62264.66274187724,60980.00158187724
A_M_1.9999999999999998_1.0_49,COM,1.228338,1.31162,1.049,4.592,4.931,62755.84245187724,60980.00158187724
A_M_1.9999999999999998_1.0_50,COM,0.665382,1.170543,1.297,2.115,3.163,62245.012149877235,60980.00158187724
A_M_1.9999999999999998_1.0_51,COM,0.299225,1.069688,2.201,1.948,2.377,63374.204807877235,60980.00158187724
A_M_1.9999999999999998_1.0_52,COM,0.937952,1.237282,0.277,2.867,3.902,61598.53603587724,60980.00158187724
A_M_1.9999999999999998_1.0_53,COM,1.431084,1.355178,1.334,0.475,4.504,61386.80342887724,60980.00158187724
A_M_1.9999999999999998_1.0_54,COM,1.089097,1.259635,1.387,1.625,5.897,64335.19636787724,60980.00158187724
A_M_1.9999999999999998_1.0_55,COM,1.239511,1.337407,0.669,5.334,1.26,61078.646502877236,60980.00158187724
A_M_1.9999999999999998_1.0_56,COM,1.002541,1.265861,2.094,3.135,1.887,62509.45583587724,60980.00158187724
A_M_1.9999999999999998_1.0_57,COM,0.837849,1.229151,0.546,3.146,5.812,62805.733609877236,60980.00158187724
A_M_1.9999999999999998_1.0_58,COM,0.85397,1.226532,2.362,2.378,1.369,61304.521174877234,60980.00158187724
A_M_1.9999999999999998_1.0_59,COM,0.562986,1.151676,0.627,0.694,3.588,62070.589713877234,60980.00158187724
A_M_1.9999999999999998_1.0_60,COM,1.465737,1.378576,0.587,0.944,5.653,62489.973378877236,60980.00158187724
A_M_1.9999999999999998_1.0_61,COM,0.891835,1.23279,1.21,2.026,4.649,62491.29342687724,60980.00158187724
A_M_1.9999999999999998_1.0_62,COM,0.577891,1.158517,1.086,4.296,3.798,61264.95703087724,60980.00158187724
A_M_1.9999999999999998_1.0_63,COM,1.050012,1.272425,0.701,5.704,4.188,61038.210588877235,60980.00158187724
A_M_1.9999999999999998_1.0_64,COM,1.235248,1.376111,1.898,5.878,3.233,64341.03611887724,60980.00158187724
A_M_1.9999999999999998_1.0_65,COM,1.662306,1.494977,0.806,4.009,5.319,64300.118666877235,60980.00158187724
A_M_1.9999999999999998_1.0_66,COM,2.030047,1.607767,1.976,1.846,0.548,64392.24402287724,60980.00158187724
A_M_1.9999999999999998_1.0_67,COM,0.025689,1.007793,2.147,3.788,5.597,62443.507142877235,60980.00158187724
A_M_1.9999999999999998_1.0_68,COM,1.341659,1.439373,1.374,3.319,4.815,63445.512707877235,60980.00158187724
A_M_1.9999999999999998_1.0_69,COM,1.702861,1.528631,2.916,0.268,3.954,64217.98980487724,60980.00158187724
A_M_1.9999999999999998_1.0_70,COM,1.768098,1.55648,1.318,1.332,4.631,64204.05695787724,60980.00158187724
A_M_1.9999999999999998_1.0_71,COM,1.453102,1.487713,2.085,1.785,6.148,63469.03216487724,60980.00158187724
A_M_1.9999999999999998_1.0_72,COM,0.70575,1.246479,1.913,4.848,2.752,61562.304830877234,60980.00158187724
A_M_1.9999999999999998_1.0_73,COM,0.735603,1.245346,1.568,3.358,3.681,61981.40841487724,60980.00158187724
A_M_1.9999999999999998_1.0_74,COM,0.607819,1.21422,0.425,3.482,4.937,63020.362541877235,60980.00158187724
A_M_1.9999999999999998_1.0_75,COM,0.633656,1.228158,0.281,5.372,3.566,62051.771048877235,60980.00158187724
A_M_1.9999999999999998_1.0_76,COM,1.052323,1.357387,2.581,1.499,4.486,63588.49930187724,60980.00158187724
A_M_1.9999999999999998_1.0_77,COM,1.447078,1.48195,0.867,2.393,4.372,62089.871459877235,60980.00158187724
A_M_1.9999999999999998_1.0_78,COM,0.792706,1.28476,0.855,2.82,4.068,61174.75231787724,60980.00158187724
A_M_1.9999999999999998_1.0_79,COM,1.397213,1.462896,1.821,5.086,1.177,64064.16186087724,60980.00158187724
A_M_1.9999999999999998_1.0_80,COM,1.202993,1.479386,2.745,0.904,3.479,63980.628550877234,60980.00158187724
A_M_1.9999999999999998_1.0_81,COM,1.592384,1.592639,1.105,2.903,4.423,63781.12969587724,60980.00158187724
A_M_1.9999999999999998_1.0_82,COM,1.377823,1.54273,1.07,3.901,5.995,64060.62815287724,60980.00158187724
A_M_1.9999999999999998_1.0_83,COM,0.502259,1.191632,1.619,4.386,4.319,62518.84589087724,60980.00158187724
A_M_1.9999999999999998_1.0_84,COM,0.9721,1.358494,1.955,0.746,4.123,61620.20715487724,60980.00158187724
A_M_1.9999999999999998_1.0_85,COM,1.704983,1.62882,0.744,5.008,6.151,62504.92247587724,60980.00158187724
A_M_1.9999999999999998_1.0_86,COM,0.529925,1.213237,2.604,4.531,5.703,61261.93486887724,60980.00158187724
A_M_1.9999999999999998_1.0_87,COM,1.507118,1.588214,2.487,1.625,5.277,64117.48110787724,60980.00158187724
A_M_1.9999999999999998_1.0_88,COM,1.510641,1.606984,1.463,5.766,6.027,62296.83841287724,60980.00158187724
A_M_1.9999999999999998_1.0_89,COM,1.516896,1.611752,0.857,4.842,1.76,64187.76224487724,60980.00158187724
A_M_1.9999999999999998_1.0_90,COM,0.334327,1.146912,0.418,1.954,2.471,64115.57956787724,60980.00158187724
A_M_1.9999999999999998_1.0_91,COM,0.322772,1.133293,2.437,0.474,1.153,63794.109921877236,60980.00158187724
A_M_1.9999999999999998_1.0_92,COM,0.003441,1.001414,2.166,4.606,0.15,62587.43904287724,60980.00158187724
A_M_1.9999999999999998_1.0_93,COM,0.375639,1.155872,1.694,2.778,1.623,61331.207862877236,60980.00158187724
A_M_1.9999999999999998_1.0_94,COM,0.610269,1.252243,0.579,4.044,4.864,63378.51024787724,60980.00158187724
A_M_1.9999999999999998_1.0_95,COM,1.278709,1.578348,2.592,3.361,1.063,61390.41652387724,60980.00158187724
A_M_1.9999999999999998_1.0_96,COM,1.002894,1.454137,0.365,5.289,5.292,61796.69297987724,60980.00158187724
A_M_1.9999999999999998_1.0_97,COM,0.379624,1.158772,0.6,6.151,4.566,63990.366560877235,60980.00158187724
A_M_1.9999999999999998_1.0_98,COM,1.423368,1.623144,0.862,2.816,1.215,61403.70871187724,60980.00158187724
A_M_1.9999999999999998_1.0_99,COM,1.679233,1.833529,0.888,4.636,1.924,61027.99696087724,60980.00158187724
A_M_1.9999999999999998_1.0_100,COM,0.977452,1.450058,1.725,5.734,3.285,61244.98316087724,60980.00158187724
A_M_1.9999999999999998_1.0_101,COM,0.066709,1.031031,2.52,3.88,2.15,62733.254627877235,60980.00158187724
A_M_1.9999999999999998_1.0_102,COM,1.268143,1.619767,2.105,1.997,4.453,63126.818479877234,60980.00158187724
A_M_1.9999999999999998_1.0_103,COM,0.15804,1.075978,1.173,0.902,6.263,63528.48697687724,60980.00158187724
A_M_1.9999999999999998_1.0_104,COM,1.411388,1.705947,0.93,5.061,1.756,61257.78208387724,60980.00158187724
A_M_1.9999999999999998_1.0_105,COM,0.939416,1.445006,2.38,0.07,2.74,63078.908750877235,60980.00158187724
A_M_1.9999999999999998_1.0_106,COM,1.395766,1.667735,0.894,3.819,0.625,64426.901396877234,60980.00158187724
A_M_1.9999999999999998_1.0_107,COM,0.345431,1.166155,0.416,1.89,1.761,61122.95134287724,60980.00158187724
A_M_1.9999999999999998_1.0_108,COM,1.866917,1.915944,2.811,5.329,3.163,64509.76336487724,60980.00158187724
A_M_1.9999999999999998_1.0_109,COM,9.38217,6.148267,1.616,5.654,5.439,64714.49982487724,60980.00158187724
A_M_1.9999999999999998_1.0_110,COM,1.562016,1.853048,1.873,3.697,3.869,63920.01269787724,60980.00158187724
A_M_1.9999999999999998_1.0_111,COM,2.409474,2.259275,1.363,3.743,3.635,63776.313280877235,60980.00158187724
A_M_1.9999999999999998_1.0_112,COM,1.127802,1.586395,2.798,3.019,0.774,63466.00262187724,60980.00158187724
A_M_1.9999999999999998_1.0_113,COM,1.082377,1.565737,2.663,3.523,2.455,61314.293639877236,60980.00158187724
A_M_1.9999999999999998_1.0_114,COM,1.547478,1.810329,1.112,4.311,5.243,62293.96164687724,60980.00158187724
A_M_1.9999999999999998_1.0_115,COM,0.0578,1.030867,2.154,4.329,2.743,63948.08832687724,60980.00158187724
A_M_1.9999999999999998_1.0_116,COM,1.878576,1.969067,0.63,3.489,4.104,61745.95748387724,60980.00158187724
A_M_1.9999999999999998_1.0_117,COM,2.770227,2.518565,2.323,5.265,5.275,60954.08656787724,60980.00158187724
A_M_1.9999999999999998_1.0_118,COM,1.770266,1.929518,0.8,1.245,3.003,62258.87718287724,60980.00158187724
A_M_1.9999999999999998_1.0_119,COM,0.169529,1.087893,0.844,1.207,3.77,63980.03425687724,60980.00158187724
A_M_1.9999999999999998_1.0_120,COM,0.135675,1.069434,1.395,3.255,3.555,63974.78275487724,60980.00158187724
A_M_1.9999999999999998_1.0_121,COM,0.533698,1.27596,0.223,2.314,4.652,61047.24968887724,60980.00158187724
A_M_1.9999999999999998_1.0_122,COM,0.31345,1.174187,2.012,4.557,1.19,64271.55061187724,60980.00158187724
A_M_1.9999999999999998_1.0_123,COM,0.810031,1.46465,2.946,0.097,4.959,62057.02088987724,60980.00158187724
A_M_1.9999999999999998_1.0_124,COM,0.320963,1.179558,2.38,2.427,5.621,62353.66178587724,60980.00158187724
A_M_1.9999999999999998_1.0_125,COM,0.964241,1.547135,2.762,2.135,4.611,63237.141233877235,60980.00158187724
A_M_1.9999999999999998_1.0_126,COM,0.964241,1.547135,2.762,2.135,4.611,63237.141233877235,60980.00158187724
A_M_1.9999999999999998_1.0_127,COM,1.393357,1.831007,2.9,5.758,5.499,64146.27585487724,60980.00158187724
A_M_1.9999999999999998_1.0_128,COM,1.596518,1.897825,1.898,2.788,2.597,62249.87572687724,60980.00158187724
A_M_1.9999999999999998_1.0_129,COM,0.793367,1.457906,2.292,4.504,2.983,64524.70066587724,60980.00158187724
A_M_1.9999999999999998_1.0_130,COM,1.418071,1.828919,2.398,0.121,3.349,61843.427835877235,60980.00158187724
A_M_1.9999999999999998_1.0_131,COM,0.243454,1.150079,1.723,2.989,1.893,63301.51953787724,60980.00158187724
A_M_1.9999999999999998_1.0_132,COM,0.564711,1.365044,1.979,0.313,1.779,63866.25544887724,60980.00158187724
A_M_1.9999999999999998_1.0_133,COM,0.984683,1.623667,1.342,0.833,3.569,64358.10232587724,60980.00158187724
A_M_1.9999999999999998_1.0_134,COM,1.45781,1.884585,2.639,3.798,4.216,63488.808550877235,60980.00158187724
A_M_1.9999999999999998_1.0_135,COM,0.43608,1.26999,1.02,4.803,2.946,64037.65364387724,60980.00158187724
A_M_1.9999999999999998_1.0_136,COM,0.832179,1.514648,1.267,1.232,3.996,62163.256708877234,60980.00158187724
A_M_1.9999999999999998_1.0_137,COM,0.220998,1.135392,1.831,1.674,0.577,63367.37560187724,60980.00158187724
A_M_1.9999999999999998_1.0_138,COM,0.259737,1.15845,0.494,2.278,5.01,62852.78700587724,60980.00158187724
A_M_1.9999999999999998_1.0_139,COM,0.293327,1.177285,0.374,2.654,2.836,61130.47602587724,60980.00158187724
A_M_1.9999999999999998_1.0_140,COM,2.318373,2.58505,0.769,3.285,2.05,64459.55534187724,60980.00158187724
A_M_1.9999999999999998_1.0_141,COM,1.164326,1.799241,1.936,3.838,1.608,61746.13869287724,60980.00158187724
A_M_1.9999999999999998_1.0_142,COM,2.828717,2.906018,1.813,5.319,3.689,61974.36629487724,60980.00158187724
A_M_1.9999999999999998_1.0_143,COM,0.924192,1.635173,1.554,4.066,3.759,62816.793160877234,60980.00158187724
A_M_1.9999999999999998_1.0_144,COM,0.514491,1.337411,1.979,4.998,3.751,61012.531666877236,60980.00158187724
A_M_1.9999999999999998_1.0_145,COM,1.18594,1.791323,0.871,1.564,2.501,64342.327121877235,60980.00158187724
A_M_1.9999999999999998_1.0_146,COM,1.236787,1.842005,1.157,1.595,4.421,64625.06597887724,60980.00158187724
A_M_1.9999999999999998_1.0_147,COM,1.188054,1.82067,2.364,1.433,1.727,63818.62351387724,60980.00158187724
A_M_1.9999999999999998_1.0_148,COM,1.462817,2.049602,2.122,2.107,5.176,61561.00605387724,60980.00158187724
A_M_1.9999999999999998_1.0_149,COM,0.392603,1.292854,2.312,3.312,4.328,63619.59157487724,60980.00158187724
A_M_1.9999999999999998_1.0_150,COM,0.392603,1.292854,2.312,3.312,4.328,63619.59157487724,60980.00158187724
A_M_1.9999999999999998_1.0_151,COM,1.190415,1.856986,0.565,4.188,1.705,63598.18738687724,60980.00158187724
A_M_1.9999999999999998_1.0_152,COM,0.839031,1.64042,1.069,5.792,6.126,61992.255014877235,60980.00158187724
A_M_1.9999999999999998_1.0_153,COM,0.982723,1.752846,0.353,0.841,2.083,63258.10001487724,60980.00158187724
A_M_1.9999999999999998_1.0_154,COM,1.197742,1.89515,1.283,4.479,1.157,61651.512621877235,60980.00158187724
A_M_1.9999999999999998_1.0_155,COM,1.413162,2.039039,1.904,3.943,5.651,63830.55245987724,60980.00158187724
A_M_1.9999999999999998_1.0_156,COM,0.514927,1.377919,0.436,5.785,5.948,63003.26277887724,60980.00158187724
A_M_1.9999999999999998_1.0_157,COM,1.502647,2.114994,2.489,4.122,4.53,62430.88584287724,60980.00158187724
A_M_1.9999999999999998_1.0_158,COM,0.976916,1.724409,0.49,4.697,5.255,64142.297399877236,60980.00158187724
A_M_1.9999999999999998_1.0_159,COM,0.694619,1.527894,1.361,3.133,1.864,63303.09210687724,60980.00158187724
A_M_1.9999999999999998_1.0_160,COM,1.539943,2.092066,2.803,3.653,4.415,63743.178866877235,60980.00158187724
A_M_1.9999999999999998_1.0_161,COM,1.715477,2.361349,2.687,4.036,5.731,61460.913908877235,60980.00158187724
A_M_1.9999999999999998_1.0_162,COM,0.226465,1.176337,1.046,5.982,2.647,62703.02422187724,60980.00158187724
A_M_1.9999999999999998_1.0_163,COM,1.248767,1.967164,0.969,3.647,2.071,64504.78059787724,60980.00158187724
A_M_1.9999999999999998_1.0_164,COM,0.425862,1.336257,1.694,2.639,1.98,61523.99677487724,60980.00158187724
A_M_1.9999999999999998_1.0_165,COM,0.53538,1.419709,1.31,4.058,3.647,64329.35999187724,60980.00158187724
A_M_1.9999999999999998_1.0_166,COM,1.533993,2.235827,1.567,1.716,5.195,60969.31453587724,60980.00158187724
A_M_1.9999999999999998_1.0_167,COM,0.774767,1.597597,1.944,5.189,4.983,62536.04627087724,60980.00158187724
A_M_1.9999999999999998_1.0_168,COM,0.980341,1.817757,0.861,5.5,4.609,61860.35315287724,60980.00158187724
A_M_1.9999999999999998_1.0_169,COM,1.20902,2.048559,2.724,2.26,1.353,61461.763289877235,60980.00158187724
A_M_1.9999999999999998_1.0_170,COM,0.110877,1.094804,0.499,2.564,5.165,62056.57317387724,60980.00158187724
A_M_1.9999999999999998_1.0_171,COM,1.35083,2.143985,0.892,3.492,3.854,61892.827161877234,60980.00158187724
A_M_1.9999999999999998_1.0_172,COM,0.82212,1.726495,2.121,2.411,4.805,61752.84978387724,60980.00158187724
A_M_1.9999999999999998_1.0_173,COM,1.071213,1.89406,2.633,4.868,4.604,63762.690321877235,60980.00158187724
A_M_1.9999999999999998_1.0_174,COM,2.59698,3.289389,1.518,3.11,4.308,63660.014512877235,60980.00158187724
A_M_1.9999999999999998_1.0_175,COM,0.926939,1.775505,0.553,5.322,2.423,62617.34709787724,60980.00158187724
A_M_1.9999999999999998_1.0_176,COM,0.591095,1.509458,1.705,1.81,3.635,63203.84298887724,60980.00158187724
A_M_1.9999999999999998_1.0_177,COM,1.267305,2.059198,1.573,0.191,3.81,62692.446317877235,60980.00158187724
A_M_1.9999999999999998_1.0_178,COM,1.212216,2.004328,2.485,3.486,1.951,63236.303050877235,60980.00158187724
A_M_1.9999999999999998_1.0_179,COM,1.466044,2.278726,1.672,1.661,5.592,61091.61835587724,60980.00158187724
A_M_1.9999999999999998_1.0_180,COM,1.641837,2.427173,2.106,5.506,3.355,61589.21591287724,60980.00158187724
A_M_1.9999999999999998_1.0_181,COM,0.534791,1.489495,1.503,5.951,2.648,63939.52897287724,60980.00158187724
A_M_1.9999999999999998_1.0_182,COM,1.457199,2.332049,1.728,2.326,3.244,62076.19983387724,60980.00158187724
A_M_1.9999999999999998_1.0_183,COM,0.382764,1.363095,0.965,1.224,5.297,63521.23396187724,60980.00158187724
A_M_1.9999999999999998_1.0_184,COM,1.653272,2.474774,1.752,3.67,3.71,63895.438215877235,60980.00158187724
A_M_1.9999999999999998_1.0_185,COM,1.256895,2.151879,1.223,3.344,3.74,63430.01497987724,60980.00158187724
A_M_1.9999999999999998_1.0_186,COM,0.917049,1.852377,2.326,0.091,3.502,64420.537809877234,60980.00158187724
A_M_1.9999999999999998_1.0_187,COM,0.683712,1.632298,0.648,5.901,3.235,63240.973744877236,60980.00158187724
A_M_1.9999999999999998_1.0_188,COM,1.401821,2.287775,2.248,2.742,4.068,61766.77473587724,60980.00158187724
A_M_1.9999999999999998_1.0_189,COM,1.133186,2.069526,1.541,4.744,2.914,61361.67103587724,60980.00158187724
A_M_1.9999999999999998_1.0_190,COM,0.527393,1.487407,0.478,0.363,2.684,63946.896176877235,60980.00158187724
A_M_1.9999999999999998_1.0_191,COM,0.558552,1.5007,2.366,3.013,2.901,61508.67062087724,60980.00158187724
A_M_1.9999999999999998_1.0_192,COM,1.306525,2.18926,2.176,3.459,4.046,64477.36160287724,60980.00158187724
A_M_1.9999999999999998_1.0_193,COM,2.986778,3.693506,0.4,2.179,3.606,61128.702397877234,60980.00158187724
A_M_1.9999999999999998_1.0_194,COM,1.544903,2.463665,1.722,4.571,5.289,61572.82855787724,60980.00158187724
A_M_1.9999999999999998_1.0_195,COM,0.643544,1.590119,2.257,0.319,5.433,61881.265613877236,60980.00158187724
A_M_1.9999999999999998_1.0_196,COM,0.432687,1.39266,1.63,1.561,2.646,63109.399445877236,60980.00158187724
A_M_1.9999999999999998_1.0_197,COM,1.413073,2.337951,1.153,2.78,3.188,62290.664335877234,60980.00158187724
A_M_1.9999999999999998_1.0_198,COM,0.157537,1.141677,1.598,1.749,4.965,62849.855038877235,60980.00158187724
A_M_1.9999999999999998_1.0_199,COM,1.286411,2.247456,0.706,0.574,3.472,61464.31489687724,60980.00158187724
A_M_1.9999999999999998_1.0_200,COM,0.987358,1.997959,2.616,5.278,2.767,62357.88562787724,60980.00158187724
A_M_1.9999999999999998_1.0_201,COM,0.039786,1.038889,2.148,5.188,3.356,63338.426588877235,60980.00158187724
A_M_1.9999999999999998_1.0_202,COM,1.721612,2.668091,1.63,4.036,5.238,62471.803240877234,60980.00158187724
A_M_1.9999999999999998_1.0_203,COM,0.775354,1.757348,1.879,4.021,1.984,63065.24258687724,60980.00158187724
A_M_1.9999999999999998_1.0_204,COM,1.526049,2.469153,1.917,0.814,5.36,62597.34091087724,60980.00158187724
A_M_1.9999999999999998_1.0_205,COM,0.699519,1.674144,2.781,5.611,3.37,63696.25124287724,60980.00158187724
A_M_1.9999999999999998_1.0_206,COM,0.266788,1.255912,1.552,4.272,0.806,62099.49507987724,60980.00158187724
A_M_1.9999999999999998_1.0_207,COM,1.115772,2.091364,1.215,5.888,4.137,61373.61403287724,60980.00158187724
A_M_1.9999999999999998_1.0_208,COM,0.63855,1.646379,2.209,2.35,5.678,63193.527497877236,60980.00158187724
A_M_1.9999999999999998_1.0_209,COM,0.386494,1.38361,0.702,3.205,3.548,62121.50848587724,60980.00158187724
A_M_1.9999999999999998_1.0_210,COM,0.953862,1.943094,1.213,2.164,4.864,60952.20220087724,60980.00158187724
A_M_1.9999999999999998_1.0_211,COM,0.66812,1.64874,1.732,3.056,3.812,62433.90674587724,60980.00158187724
A_M_1.9999999999999998_1.0_212,COM,1.351376,2.350972,1.725,3.233,5.161,63581.00102287724,60980.00158187724
A_M_1.9999999999999998_1.0_213,COM,1.026069,1.982831,2.142,3.07,4.059,61616.80311887724,60980.00158187724
A_M_1.9999999999999998_1.0_214,COM,1.092691,2.042833,0.989,1.213,1.179,62267.30729787724,60980.00158187724
A_M_1.9999999999999998_1.0_215,COM,0.935102,1.963857,0.58,2.411,5.516,62027.98492887724,60980.00158187724
A_M_1.9999999999999998_1.0_216,COM,0.935102,1.963857,0.58,2.411,5.516,62027.98492887724,60980.00158187724
A_M_1.9999999999999998_1.0_217,COM,0.26557,1.272329,0.124,0.045,4.337,63925.769072877236,60980.00158187724
A_M_1.9999999999999998_1.0_218,COM,0.217687,1.231228,1.577,4.851,3.361,64350.20703787724,60980.00158187724
A_M_1.9999999999999998_1.0_219,COM,1.700135,2.848275,1.222,5.009,2.715,61392.637646877236,60980.00158187724
A_M_1.9999999999999998_1.0_220,COM,4.33011,5.652505,0.383,0.216,4.7,62576.56311287724,60980.00158187724
A_M_1.9999999999999998_1.0_221,COM,0.348869,1.374291,2.84,4.049,1.431,64510.47688887724,60980.00158187724
A_M_1.9999999999999998_1.0_222,COM,1.321903,2.436124,1.269,4.069,3.668,61930.113983877236,60980.00158187724
A_M_1.9999999999999998_1.0_223,COM,1.407394,2.465188,1.453,4.208,4.39,61068.76359987724,60980.00158187724
A_M_1.9999999999999998_1.0_224,COM,0.142138,1.146707,1.616,4.694,4.8,61043.24152987724,60980.00158187724
A_M_1.9999999999999998_1.0_225,COM,0.674608,1.695562,2.071,2.331,3.474,62802.57640487724,60980.00158187724
A_M_1.9999999999999998_1.0_226,COM,2.34182,3.488546,2.002,2.895,1.825,64173.64248487724,60980.00158187724
A_M_1.9999999999999998_1.0_227,COM,0.768036,1.811199,2.022,1.489,5.47,63078.957690877236,60980.00158187724
A_M_1.9999999999999998_1.0_228,COM,0.275677,1.287203,0.531,1.892,6.114,63246.005462877234,60980.00158187724
A_M_1.9999999999999998_1.0_229,COM,1.175388,2.203622,1.158,2.775,5.572,64198.205150877235,60980.00158187724
A_M_1.9999999999999998_1.0_230,COM,1.262888,2.385988,2.358,0.151,4.028,62952.78844887724,60980.00158187724
A_M_1.9999999999999998_1.0_231,COM,1.480753,2.715567,0.5,4.069,3.363,64502.31750087724,60980.00158187724
A_M_1.9999999999999998_1.0_232,COM,0.700474,1.805681,1.4,3.353,2.567,61733.61656787724,60980.00158187724
A_M_1.9999999999999998_1.0_233,COM,0.978635,2.089425,2.19,5.788,5.125,62557.85184887724,60980.00158187724
A_M_1.9999999999999998_1.0_234,COM,0.870069,1.98173,2.775,0.401,3.927,62671.69153087724,60980.00158187724
A_M_1.9999999999999998_1.0_235,COM,0.9495,2.077441,2.601,4.176,2.512,64457.06468787724,60980.00158187724
A_M_1.9999999999999998_1.0_236,COM,0.683143,1.760383,0.596,3.743,2.528,62022.231498877234,60980.00158187724
A_M_1.9999999999999998_1.0_237,COM,1.113527,2.266119,0.521,1.732,4.956,63255.63914487724,60980.00158187724
A_M_1.9999999999999998_1.0_238,COM,1.728876,2.885897,1.338,4.676,1.755,62003.75168987724,60980.00158187724
A_M_1.9999999999999998_1.0_239,COM,0.473035,1.524306,1.939,0.606,3.187,61201.222128877234,60980.00158187724
A_M_1.9999999999999998_1.0_240,COM,1.428063,2.569572,2.168,3.172,2.742,63474.92468787724,60980.00158187724
A_M_1.9999999999999998_1.0_241,COM,0.454639,1.505787,1.866,5.736,3.332,63381.63260587724,60980.00158187724
A_M_1.9999999999999998_1.0_242,COM,0.454639,1.505787,1.866,5.736,3.332,63381.63260587724,60980.00158187724
A_M_1.9999999999999998_1.0_243,COM,1.565438,2.87343,2.091,4.854,2.495,61765.98274287724,60980.00158187724
A_M_1.9999999999999998_1.0_244,COM,0.887552,2.077145,2.156,1.98,4.248,64337.06387387724,60980.00158187724
A_M_1.9999999999999998_1.0_245,COM,0.819387,1.953683,2.234,5.204,2.746,63858.93468087724,60980.00158187724
A_M_1.9999999999999998_1.0_246,COM,0.501414,1.606047,1.23,5.313,5.569,64329.90018487724,60980.00158187724
A_M_1.9999999999999998_1.0_247,COM,0.446747,1.518014,1.91,4.016,3.007,63395.500289877236,60980.00158187724
A_M_1.9999999999999998_1.0_248,COM,0.961433,2.157666,2.859,0.766,4.299,63495.05974487724,60980.00158187724
A_M_1.9999999999999998_1.0_249,COM,0.813629,1.972756,1.562,2.396,3.467,62606.05331787724,60980.00158187724
A_M_1.9999999999999998_1.0_250,COM,1.215037,2.435497,2.19,0.385,3.262,64565.22689387724,60980.00158187724
A_M_1.9999999999999998_1.0_251,COM,2.405323,3.839111,1.156,5.254,4.186,63612.89708887724,60980.00158187724
A_M_1.9999999999999998_1.0_252,COM,0.992947,2.222555,2.621,1.297,4.489,60998.54840287724,60980.00158187724
A_M_1.9999999999999998_1.0_253,COM,0.353024,1.428715,0.84,0.807,6.047,63572.09614687724,60980.00158187724
A_M_1.9999999999999998_1.0_254,COM,1.345812,2.5643,0.708,4.439,3.121,62054.47274087724,60980.00158187724
A_M_1.9999999999999998_1.0_255,COM,1.002867,2.217166,1.284,4.114,5.425,62749.676438877235,60980.00158187724
A_M_1.9999999999999998_1.0_256,COM,0.718907,1.842763,2.108,1.022,3.147,62022.38649587724,60980.00158187724
A_M_1.9999999999999998_1.0_257,COM,0.563004,1.710175,2.489,1.895,0.955,61371.43968487724,60980.00158187724
A_M_1.9999999999999998_1.0_258,COM,1.304733,2.65066,1.109,3.795,3.829,63960.52840987724,60980.00158187724
A_M_1.9999999999999998_1.0_259,COM,1.080354,2.386635,0.997,1.255,2.255,61413.06476787724,60980.00158187724
A_M_1.9999999999999998_1.0_260,COM,1.461706,2.802577,0.389,5.615,5.43,62368.276440877235,60980.00158187724
A_M_1.9999999999999998_1.0_261,COM,0.601346,1.766437,2.225,1.997,6.163,62117.31575887724,60980.00158187724
A_M_1.9999999999999998_1.0_262,COM,1.672917,3.121578,2.17,4.195,4.049,63198.49617487724,60980.00158187724
A_M_1.9999999999999998_1.0_263,COM,1.492633,2.891744,2.126,2.445,1.838,62721.427638877234,60980.00158187724
A_M_1.9999999999999998_1.0_264,COM,0.225165,1.294194,2.807,1.16,5.024,63117.31897987724,60980.00158187724
A_M_1.9999999999999998_1.0_265,COM,1.083275,2.374752,2.734,0.616,6.027,63103.477849877236,60980.00158187724
A_M_1.9999999999999998_1.0_266,COM,0.750852,1.929957,1.61,5.677,3.606,61204.904023877236,60980.00158187724
A_M_1.9999999999999998_1.0_267,COM,0.94128,2.192851,1.938,5.934,3.508,63472.42496387724,60980.00158187724
A_M_1.9999999999999998_1.0_268,COM,0.948842,2.228307,0.365,1.408,4.45,64597.83506187724,60980.00158187724
A_M_1.9999999999999998_1.0_269,COM,0.147893,1.203141,0.801,3.648,2.041,62364.29648587724,60980.00158187724
A_M_1.9999999999999998_1.0_270,COM,1.261992,2.695462,2.06,2.699,3.04,62019.81438187724,60980.00158187724
A_M_1.9999999999999998_1.0_271,COM,1.482275,2.983237,1.384,3.16,3.985,62957.573466877235,60980.00158187724
A_M_1.9999999999999998_1.0_272,COM,0.301748,1.414621,2.368,0.986,4.659,63812.02026287724,60980.00158187724
A_M_1.9999999999999998_1.0_273,COM,0.959735,2.296361,1.3,4.11,2.095,62321.81907087724,60980.00158187724
A_M_1.9999999999999998_1.0_274,COM,0.753285,2.026856,2.126,3.433,3.651,63783.97873387724,60980.00158187724
A_M_1.9999999999999998_1.0_275,COM,0.393188,1.529315,1.84,1.809,4.071,61560.350309877234,60980.00158187724
A_M_1.9999999999999998_1.0_276,COM,0.745376,2.019083,1.536,3.754,4.14,64058.65801287724,60980.00158187724
A_M_1.9999999999999998_1.0_277,COM,1.183347,2.5568,2.493,1.591,0.129,64550.429101877235,60980.00158187724
A_M_1.9999999999999998_1.0_278,COM,0.379943,1.508224,1.417,4.937,3.113,61413.43007587724,60980.00158187724
A_M_1.9999999999999998_1.0_279,COM,2.172486,4.111749,1.741,4.996,2.053,61713.85825887724,60980.00158187724
A_M_1.9999999999999998_1.0_280,COM,1.343466,2.863046,2.061,1.942,4.588,61793.33087887724,60980.00158187724
A_M_1.9999999999999998_1.0_281,COM,1.343466,2.863046,2.061,1.942,4.588,61793.33087887724,60980.00158187724
A_M_1.9999999999999998_1.0_282,COM,0.673598,1.946001,1.686,4.024,2.657,61361.20657487724,60980.00158187724
A_M_1.9999999999999998_1.0_283,COM,0.856036,2.198454,2.729,2.231,0.904,64659.04418487724,60980.00158187724
A_M_1.9999999999999998_1.0_284,COM,0.276727,1.384148,0.507,5.013,5.684,64663.780203877235,60980.00158187724
A_M_1.9999999999999998_1.0_285,COM,1.160823,2.676033,2.374,4.032,0.802,61845.08474487724,60980.00158187724
A_M_1.9999999999999998_1.0_286,COM,1.267584,2.815819,1.49,4.854,2.381,62927.50532187724,60980.00158187724
A_M_1.9999999999999998_1.0_287,COM,0.502811,1.72785,1.869,0.017,3.646,62568.72604787724,60980.00158187724
A_M_1.9999999999999998_1.0_288,COM,1.422426,3.02587,1.408,5.601,4.103,62792.34088787724,60980.00158187724
A_M_1.9999999999999998_1.0_289,COM,1.479564,3.187389,2.648,2.344,1.045,62447.21070087724,60980.00158187724
A_M_1.9999999999999998_1.0_290,COM,0.794668,2.21038,1.318,4.691,2.952,61052.63381387724,60980.00158187724
A_M_1.9999999999999998_1.0_291,COM,1.42594,3.180145,1.755,3.832,2.482,64465.55342287724,60980.00158187724
A_M_1.9999999999999998_1.0_292,COM,0.350877,1.53406,1.713,1.137,5.358,63742.12660887724,60980.00158187724
A_M_1.9999999999999998_1.0_293,COM,3.36817,6.066755,1.067,4.956,1.137,64404.17021387724,60980.00158187724
A_M_1.9999999999999998_1.0_294,COM,1.065685,2.591377,1.855,0.577,4.367,63984.65456487724,60980.00158187724
A_M_1.9999999999999998_1.0_295,COM,1.492292,3.190069,1.812,5.193,3.596,62758.806147877236,60980.00158187724
A_M_1.9999999999999998_1.0_296,COM,0.362351,1.549963,1.728,3.875,2.103,64378.347539877235,60980.00158187724
A_M_1.9999999999999998_1.0_297,COM,1.047937,2.596661,2.165,0.941,3.172,61207.02223987724,60980.00158187724
A_M_1.9999999999999998_1.0_298,COM,1.200125,2.772036,1.111,0.596,2.754,61455.77144587724,60980.00158187724
A_M_1.9999999999999998_1.0_299,COM,4.78439,8.288827,1.457,1.636,3.813,64198.87366987724,60980.00158187724
A_M_1.9999999999999998_1.0_300,COM,0.543493,1.813679,1.477,4.498,2.94,61645.64356187724,60980.00158187724
A_M_1.9999999999999998_1.0_301,COM,1.071418,2.658495,0.12,1.073,5.244,61917.13432687724,60980.00158187724
A_M_1.9999999999999998_1.0_302,COM,1.37191,3.130737,2.68,4.548,5.734,61869.549953877235,60980.00158187724
A_M_1.9999999999999998_1.0_303,COM,0.173729,1.270102,1.257,1.327,5.852,63463.58164487724,60980.00158187724
A_M_1.9999999999999998_1.0_304,COM,0.028808,1.046069,1.717,1.187,4.491,63003.80757987724,60980.00158187724
A_M_1.9999999999999998_1.0_305,COM,1.572397,3.475789,2.661,0.144,3.091,61297.079095877234,60980.00158187724
A_M_1.9999999999999998_1.0_306,COM,1.131604,2.75602,1.258,4.649,2.256,61417.30052787724,60980.00158187724
A_M_1.9999999999999998_1.0_307,COM,0.718733,2.167464,1.701,2.093,5.312,62735.194188877234,60980.00158187724
A_M_1.9999999999999998_1.0_308,COM,1.28107,3.036546,0.847,4.268,1.076,64678.32844387724,60980.00158187724
A_M_1.9999999999999998_1.0_309,COM,0.653799,2.02686,2.142,3.722,1.72,62231.639901877235,60980.00158187724
A_M_1.9999999999999998_1.0_310,COM,1.643792,3.5891,0.643,1.709,4.082,63122.229762877236,60980.00158187724
A_M_1.9999999999999998_1.0_311,COM,1.002285,2.610079,0.05,0.159,2.517,64385.08095187724,60980.00158187724
A_M_1.9999999999999998_1.0_312,COM,0.739968,2.14996,0.363,5.753,4.747,62057.507336877236,60980.00158187724
A_M_1.9999999999999998_1.0_313,COM,0.237743,1.369988,1.65,6.217,3.304,61015.01751387724,60980.00158187724
A_M_1.9999999999999998_1.0_314,COM,1.397691,3.197011,1.915,1.223,4.242,63134.43695287724,60980.00158187724
A_M_1.9999999999999998_1.0_315,COM,0.068941,1.11187,0.818,1.597,5.167,63519.884613877235,60980.00158187724
A_M_1.9999999999999998_1.0_316,COM,0.395717,1.626393,2.656,0.76,6.084,63746.14498387724,60980.00158187724
A_M_1.9999999999999998_1.0_317,COM,1.328009,3.076645,1.827,5.056,2.247,62015.82485887724,60980.00158187724
A_M_1.9999999999999998_1.0_318,COM,0.689143,2.166726,1.72,4.316,2.884,63509.454460877234,60980.00158187724
A_M_1.9999999999999998_1.0_319,COM,0.704848,2.153771,1.273,5.843,5.755,61164.936626877236,60980.00158187724
A_M_1.9999999999999998_1.0_320,COM,1.301331,3.208759,2.551,2.308,3.919,61177.99537287724,60980.00158187724
A_M_1.9999999999999998_1.0_321,COM,0.256339,1.426666,0.502,2.183,2.009,61497.626943877236,60980.00158187724
A_M_1.9999999999999998_1.0_322,COM,0.707783,2.213802,0.981,5.291,2.203,63959.65809287724,60980.00158187724
A_M_1.9999999999999998_1.0_323,COM,1.900273,4.143464,2.357,4.251,3.32,63508.61413587724,60980.00158187724
A_M_1.9999999999999998_1.0_324,COM,1.305822,3.198719,1.183,0.215,3.194,62096.724428877234,60980.00158187724
A_M_1.9999999999999998_1.0_325,COM,0.560898,1.96152,2.247,0.316,3.349,62817.464203877236,60980.00158187724
A_M_1.9999999999999998_1.0_326,COM,0.528662,1.905716,1.488,1.758,3.193,62870.69078887724,60980.00158187724
A_M_1.9999999999999998_1.0_327,COM,1.058311,2.79378,2.4,5.224,1.89,62059.55901187724,60980.00158187724
A_M_1.9999999999999998_1.0_328,COM,0.891916,2.48163,2.222,3.752,2.958,63096.12055287724,60980.00158187724
A_M_1.9999999999999998_1.0_329,COM,0.300698,1.512481,2.156,2.61,1.426,63114.08977087724,60980.00158187724
A_M_1.9999999999999998_1.0_330,COM,1.462873,3.473471,1.187,0.903,2.891,63573.329331877234,60980.00158187724
A_M_1.9999999999999998_1.0_331,COM,0.957294,2.698461,0.498,3.963,2.316,64061.142692877234,60980.00158187724
A_M_1.9999999999999998_1.0_332,COM,3.836766,7.761667,1.824,1.402,4.744,62583.509184877235,60980.00158187724
A_M_1.9999999999999998_1.0_333,COM,0.920589,2.634554,1.193,3.865,4.188,62853.26909787724,60980.00158187724
A_M_1.9999999999999998_1.0_334,COM,1.85928,4.208947,2.057,4.0,1.766,61220.30488887724,60980.00158187724
A_M_1.9999999999999998_1.0_335,COM,0.424391,1.740802,1.129,1.368,5.061,62480.21624787724,60980.00158187724
A_M_1.9999999999999998_1.0_336,COM,1.132457,3.019416,2.54,1.646,5.988,61146.06283787724,60980.00158187724
A_M_1.9999999999999998_1.0_337,COM,0.154949,1.277326,2.038,1.065,4.405,61548.603836877235,60980.00158187724
A_M_1.9999999999999998_1.0_338,COM,0.318295,1.571209,1.726,4.667,0.607,64243.270038877235,60980.00158187724
A_M_1.9999999999999998_1.0_339,COM,0.203065,1.354715,0.736,6.152,3.856,61802.949585877235,60980.00158187724
A_M_1.9999999999999998_1.0_340,COM,0.788605,2.403823,1.626,3.893,1.873,63401.480945877236,60980.00158187724
A_M_1.9999999999999998_1.0_341,COM,0.764096,2.325085,2.898,1.586,4.964,61522.97802487724,60980.00158187724
A_M_1.9999999999999998_1.0_342,COM,0.360811,1.644457,0.866,2.708,4.46,62681.048235877235,60980.00158187724
A_M_1.9999999999999998_1.0_343,COM,1.13655,3.048249,1.525,2.871,4.167,62194.051633877236,60980.00158187724
A_M_1.9999999999999998_1.0_344,COM,0.477527,1.852908,2.097,4.438,1.978,61492.58108987724,60980.00158187724
A_M_1.9999999999999998_1.0_345,COM,0.40362,1.702267,1.519,2.66,4.944,64663.982339877235,60980.00158187724
A_M_1.9999999999999998_1.0_346,COM,0.966954,2.69851,2.601,4.278,5.32,62464.097004877236,60980.00158187724
A_M_1.9999999999999998_1.0_347,COM,0.354421,1.626919,0.561,2.942,3.628,62336.61446387724,60980.00158187724
A_M_1.9999999999999998_1.0_348,COM,1.045784,2.897699,1.868,5.537,2.988,63477.797095877235,60980.00158187724
A_M_1.9999999999999998_1.0_349,COM,1.366221,3.595696,0.496,5.162,3.815,61224.67022287724,60980.00158187724
A_M_1.9999999999999998_1.0_350,COM,0.495408,1.911893,1.611,0.907,5.101,61761.91545187724,60980.00158187724
A_M_1.9999999999999998_1.0_351,COM,1.190333,3.160605,2.617,0.704,0.541,63588.078820877236,60980.00158187724
A_M_1.9999999999999998_1.0_352,COM,0.358694,1.679483,0.777,2.356,4.185,61807.05686987724,60980.00158187724
A_M_1.9999999999999998_1.0_353,COM,1.324759,3.446677,1.65,1.08,2.993,63480.14849187724,60980.00158187724
A_M_1.9999999999999998_1.0_354,COM,0.110482,1.209467,2.096,0.797,5.319,62147.06340487724,60980.00158187724
A_M_1.9999999999999998_1.0_355,COM,0.682866,2.26588,2.588,5.921,3.753,64531.09306387724,60980.00158187724
A_M_1.9999999999999998_1.0_356,COM,0.491459,1.92863,2.304,0.766,3.733,63788.059218877235,60980.00158187724
A_M_1.9999999999999998_1.0_357,COM,1.484509,3.759379,1.892,2.029,2.493,62718.112500877236,60980.00158187724
A_M_1.9999999999999998_1.0_358,COM,1.345335,3.545299,2.293,1.099,5.228,64470.224432877236,60980.00158187724
A_M_1.9999999999999998_1.0_359,COM,2.346403,5.635044,2.285,4.598,3.05,60953.720604877235,60980.00158187724
A_M_1.9999999999999998_1.0_360,COM,1.140515,3.176564,0.579,0.58,5.637,61217.995667877236,60980.00158187724
A_M_1.9999999999999998_1.0_361,COM,0.403748,1.782513,1.597,5.338,5.17,62888.833202877235,60980.00158187724
A_M_1.9999999999999998_1.0_362,COM,2.499336,5.762027,1.653,0.665,3.039,62078.844576877236,60980.00158187724
A_M_1.9999999999999998_1.0_363,COM,0.639392,2.236845,0.677,1.546,5.343,63664.30263287724,60980.00158187724
A_M_1.9999999999999998_1.0_364,COM,0.707691,2.400216,1.353,2.107,4.441,64296.57492287724,60980.00158187724
A_M_1.9999999999999998_1.0_365,COM,0.570239,2.11446,1.424,1.956,4.615,61460.31223187724,60980.00158187724
A_M_1.9999999999999998_1.0_366,COM,2.082135,5.000601,1.049,4.067,4.134,62742.45522387724,60980.00158187724
A_M_1.9999999999999998_1.0_367,COM,0.068358,1.13436,1.381,5.659,5.147,63746.171906877236,60980.00158187724
A_M_1.9999999999999998_1.0_368,COM,0.380845,1.746803,0.857,1.436,4.65,64478.63984587724,60980.00158187724
A_M_1.9999999999999998_1.0_369,COM,0.790081,2.554892,1.198,3.437,2.859,63571.87067987724,60980.00158187724
A_M_1.9999999999999998_1.0_370,COM,1.376426,3.730903,2.51,3.661,3.035,62384.697713877234,60980.00158187724
A_M_1.9999999999999998_1.0_371,COM,1.231356,3.430431,2.141,5.512,3.771,61619.12934387724,60980.00158187724
A_M_1.9999999999999998_1.0_372,COM,0.316817,1.629375,2.163,1.378,3.843,62920.04927987724,60980.00158187724
A_M_1.9999999999999998_1.0_373,COM,1.012414,2.978997,0.834,3.682,2.998,62081.65896087724,60980.00158187724
A_M_1.9999999999999998_1.0_374,COM,0.832408,2.6247,1.199,3.502,3.16,61308.56687887724,60980.00158187724
A_M_1.9999999999999998_1.0_375,COM,1.345365,3.581511,0.384,6.006,5.907,63337.26115587724,60980.00158187724
A_M_1.9999999999999998_1.0_376,COM,0.298943,1.605138,1.285,4.459,3.134,61635.68160487724,60980.00158187724
A_M_1.9999999999999998_1.0_377,COM,1.108786,3.240674,2.608,1.266,0.45,62417.88346387724,60980.00158187724
A_M_1.9999999999999998_1.0_378,COM,1.893455,4.840266,1.472,3.916,3.899,61818.873331877236,60980.00158187724
A_M_1.9999999999999998_1.0_379,COM,6.163738,13.858246,0.737,3.574,1.925,62661.724602877235,60980.00158187724
A_M_1.9999999999999998_1.0_380,COM,0.911158,2.84114,1.309,0.973,3.924,64512.34897187724,60980.00158187724
A_M_1.9999999999999998_1.0_381,COM,1.23971,3.487057,1.726,4.569,1.948,62149.972709877235,60980.00158187724
A_M_1.9999999999999998_1.0_382,COM,0.951876,2.915749,0.759,3.227,2.265,62094.428092877235,60980.00158187724
A_M_1.9999999999999998_1.0_383,COM,1.018335,3.034612,2.179,5.968,5.643,61427.154924877235,60980.00158187724
A_M_1.9999999999999998_1.0_384,COM,1.397367,3.916423,2.591,5.077,3.234,64551.76562287724,60980.00158187724
A_M_1.9999999999999998_1.0_385,COM,1.337966,3.675183,0.888,4.078,2.98,61962.68513187724,60980.00158187724
A_M_1.9999999999999998_1.0_386,COM,0.203264,1.414995,0.157,6.024,1.645,63654.57953687724,60980.00158187724
A_M_1.9999999999999998_1.0_387,COM,1.556504,4.165836,1.336,4.181,3.613,63814.25328587724,60980.00158187724
A_M_1.9999999999999998_1.0_388,COM,1.143094,3.391818,1.088,6.163,3.894,64416.09707387724,60980.00158187724
A_M_1.9999999999999998_1.0_389,COM,1.430327,4.030748,2.817,3.787,0.832,61665.04149787724,60980.00158187724
A_M_1.9999999999999998_1.0_390,COM,0.188272,1.409035,0.687,4.213,3.634,63078.45748787724,60980.00158187724
A_M_1.9999999999999998_1.0_391,COM,1.421677,4.013163,2.044,6.154,2.983,61542.79676987724,60980.00158187724
A_M_1.9999999999999998_1.0_392,COM,0.042832,1.089544,2.536,1.777,0.066,62017.172615877236,60980.00158187724
A_M_1.9999999999999998_1.0_393,COM,1.578569,4.32045,1.987,3.372,4.31,64298.21638287724,60980.00158187724
A_M_1.9999999999999998_1.0_394,COM,0.973056,3.111604,1.579,6.263,3.1,62793.95385187724,60980.00158187724
A_M_1.9999999999999998_1.0_395,COM,0.960889,3.074528,1.248,6.139,4.019,62251.70071387724,60980.00158187724
A_M_1.9999999999999998_1.0_396,COM,1.147042,3.48959,1.47,4.482,4.25,61909.47920987724,60980.00158187724
A_M_1.9999999999999998_1.0_397,COM,1.088951,3.356705,1.751,5.324,3.277,63651.287636877234,60980.00158187724
A_M_1.9999999999999998_1.0_398,COM,1.088951,3.356705,1.751,5.324,3.277,63651.287636877234,60980.00158187724
A_M_1.9999999999999998_1.0_399,COM,1.749362,4.825505,0.79,2.595,3.479,63837.69609387724,60980.00158187724
A_M_1.9999999999999998_1.0_400,COM,1.938769,5.161639,1.32,3.943,3.879,63306.053885877234,60980.00158187724
A_M_1.9999999999999998_1.0_401,COM,1.037874,3.239405,1.611,1.557,3.478,61572.657308877235,60980.00158187724
A_M_1.9999999999999998_1.0_402,COM,1.517657,4.306737,1.749,2.111,4.293,63764.48468787724,60980.00158187724
A_M_1.9999999999999998_1.0_403,COM,1.632448,4.419495,2.016,1.109,4.149,64199.290389877235,60980.00158187724
A_M_1.9999999999999998_1.0_404,COM,0.528106,2.188465,2.776,2.109,6.012,64175.67922387724,60980.00158187724
A_M_1.9999999999999998_1.0_405,COM,1.019408,3.318111,0.573,3.445,2.015,62922.877410877234,60980.00158187724
A_M_1.9999999999999998_1.0_406,COM,0.357172,1.808511,1.796,5.618,3.485,63789.59441387724,60980.00158187724
A_M_1.9999999999999998_1.0_407,COM,1.734632,4.844683,1.329,1.907,1.914,63527.588917877234,60980.00158187724
A_M_1.9999999999999998_1.0_408,COM,1.785463,4.972197,1.653,3.608,3.497,62374.22274487724,60980.00158187724
A_M_1.9999999999999998_1.0_409,COM,1.211731,3.654076,0.672,3.2,3.452,63755.20580887724,60980.00158187724
A_M_1.9999999999999998_1.0_410,COM,1.523874,4.435591,1.181,6.174,3.434,64028.15795987724,60980.00158187724
A_M_1.9999999999999998_1.0_411,COM,0.590165,2.339499,1.78,2.002,2.142,61678.928178877235,60980.00158187724
A_M_1.9999999999999998_1.0_412,COM,1.463669,4.231329,0.058,2.743,2.854,62181.99264387724,60980.00158187724
A_M_1.9999999999999998_1.0_413,COM,1.459647,4.277265,2.07,5.197,1.979,64301.72410387724,60980.00158187724
A_M_1.9999999999999998_1.0_414,COM,0.963631,3.170063,0.98,6.012,3.855,62494.24784587724,60980.00158187724
A_M_1.9999999999999998_1.0_415,COM,0.508835,2.141698,2.408,2.151,6.145,63774.29280687724,60980.00158187724
A_M_1.9999999999999998_1.0_416,COM,0.385037,1.868563,0.931,0.783,3.98,64467.07651087724,60980.00158187724
A_M_1.9999999999999998_1.0_417,COM,1.205974,3.696841,1.494,1.26,4.828,63786.43968287724,60980.00158187724
A_M_1.9999999999999998_1.0_418,COM,1.540354,4.634375,2.14,0.81,5.337,62339.50439887724,60980.00158187724
A_M_1.9999999999999998_1.0_419,COM,1.243407,3.964811,2.309,4.492,2.17,64311.48330187724,60980.00158187724
A_M_1.9999999999999998_1.0_420,COM,0.058191,1.135315,0.283,1.513,5.688,64559.37883887724,60980.00158187724
A_M_1.9999999999999998_1.0_421,COM,1.278252,3.961457,2.563,3.834,3.634,64540.617034877236,60980.00158187724
A_M_1.9999999999999998_1.0_422,COM,1.784014,5.140852,1.674,1.646,4.54,62648.33718587724,60980.00158187724
A_M_1.9999999999999998_1.0_423,COM,0.622084,2.442372,1.832,5.779,4.809,62140.87737887724,60980.00158187724
A_M_1.9999999999999998_1.0_424,COM,0.128452,1.295327,1.831,2.397,4.476,61717.71255387724,60980.00158187724
A_M_1.9999999999999998_1.0_425,COM,1.123783,3.628946,1.458,1.167,1.272,61682.156773877236,60980.00158187724
A_M_1.9999999999999998_1.0_426,COM,0.461028,2.077372,1.288,2.122,2.955,61285.17908787724,60980.00158187724
A_M_1.9999999999999998_1.0_427,COM,1.318517,4.046543,1.461,3.518,3.582,63693.15408187724,60980.00158187724
A_M_1.9999999999999998_1.0_428,COM,2.178397,6.285902,1.768,1.245,4.534,64168.01722687724,60980.00158187724
A_M_1.9999999999999998_1.0_429,COM,0.732738,2.805099,1.376,1.385,4.153,63389.54610387724,60980.00158187724
A_M_1.9999999999999998_1.0_430,COM,1.324671,4.290529,1.221,2.761,4.35,64455.57333387724,60980.00158187724
A_M_1.9999999999999998_1.0_431,COM,0.743718,2.829866,2.011,4.756,1.932,62000.23291387724,60980.00158187724
A_M_1.9999999999999998_1.0_432,COM,1.381378,4.347885,1.059,4.383,4.145,61148.62105987724,60980.00158187724
A_M_1.9999999999999998_1.0_433,COM,1.183422,3.90509,1.971,4.301,5.022,63688.39468887724,60980.00158187724
A_M_1.9999999999999998_1.0_434,COM,1.42101,4.421031,0.323,1.709,1.407,64439.561563877236,60980.00158187724
A_M_1.9999999999999998_1.0_435,COM,1.0974,3.698671,0.578,3.787,2.834,61496.52823387724,60980.00158187724
A_M_1.9999999999999998_1.0_436,COM,1.502979,4.671317,1.671,1.828,1.77,61980.010083877234,60980.00158187724
A_M_1.9999999999999998_1.0_437,COM,1.285851,4.220264,2.734,6.259,3.792,61295.035041877236,60980.00158187724
A_M_1.9999999999999998_1.0_438,COM,0.622113,2.60423,0.893,5.973,4.255,61516.409929877234,60980.00158187724
A_M_1.9999999999999998_1.0_439,COM,1.56391,4.979371,0.536,2.226,4.25,62561.83327687724,60980.00158187724
A_M_1.9999999999999998_1.0_440,COM,1.419725,4.680293,2.404,1.787,2.009,61116.848229877236,60980.00158187724
A_M_1.9999999999999998_1.0_441,COM,1.238577,4.21103,1.037,4.299,2.272,62698.48972687724,60980.00158187724
A_M_1.9999999999999998_1.0_442,COM,1.063338,3.701224,2.812,0.051,0.132,60959.69572087724,60980.00158187724
A_M_1.9999999999999998_1.0_443,COM,0.746359,2.920932,0.562,4.667,1.23,64301.587654877236,60980.00158187724
A_M_1.9999999999999998_1.0_444,COM,1.176638,4.037172,1.576,3.108,2.708,63312.01788187724,60980.00158187724
A_M_1.9999999999999998_1.0_445,COM,1.803565,5.593567,1.314,6.205,3.714,63457.842682877235,60980.00158187724
A_M_1.9999999999999998_1.0_446,COM,1.736715,5.425402,2.545,3.801,0.701,62890.79316887724,60980.00158187724
A_M_1.9999999999999998_1.0_447,COM,1.257928,4.245036,0.464,4.159,3.292,61531.325104877236,60980.00158187724
A_M_1.9999999999999998_1.0_448,COM,0.997675,3.500064,1.897,1.205,5.218,63705.82882887724,60980.00158187724
A_M_1.9999999999999998_1.0_449,COM,1.487365,4.777766,0.749,1.659,5.128,61283.781192877235,60980.00158187724
A_M_1.9999999999999998_1.0_450,COM,1.679568,5.315354,2.473,0.302,4.56,61854.523540877235,60980.00158187724
A_M_1.9999999999999998_1.0_451,COM,1.229378,4.166439,0.809,4.427,2.166,63638.95806987724,60980.00158187724
A_M_1.9999999999999998_1.0_452,COM,1.484697,4.779336,2.031,1.278,3.674,62952.67999087724,60980.00158187724
A_M_1.9999999999999998_1.0_453,COM,1.397583,4.582675,0.729,4.021,1.606,63589.77488787724,60980.00158187724
A_M_1.9999999999999998_1.0_454,COM,1.990522,6.235127,1.155,5.104,2.931,62535.606908877235,60980.00158187724
A_M_1.9999999999999998_1.0_455,COM,1.791919,5.833116,1.469,6.155,5.834,61959.98264787724,60980.00158187724
A_M_1.9999999999999998_1.0_456,COM,0.926785,3.476909,2.033,0.916,6.135,63227.35948287724,60980.00158187724
A_M_1.9999999999999998_1.0_457,COM,0.88326,3.327197,1.883,2.609,3.252,62316.38701187724,60980.00158187724
A_M_1.9999999999999998_1.0_458,COM,1.033457,3.785846,2.944,4.837,2.081,64374.74654287724,60980.00158187724
A_M_1.9999999999999998_1.0_459,COM,1.14926,3.994497,2.229,5.676,3.77,62840.42807587724,60980.00158187724
A_M_1.9999999999999998_1.0_460,COM,0.545111,2.464354,1.468,4.426,2.852,64489.709791877234,60980.00158187724
A_M_1.9999999999999998_1.0_461,COM,1.661308,5.473871,0.52,1.882,4.482,61236.00489187724,60980.00158187724
A_M_1.9999999999999998_1.0_462,COM,1.051734,3.747683,1.461,1.245,5.187,61011.26645287724,60980.00158187724
A_M_1.9999999999999998_1.0_463,COM,2.303548,7.190047,1.319,3.913,4.138,61736.59900787724,60980.00158187724
A_M_1.9999999999999998_1.0_464,COM,0.931095,3.491501,1.776,1.639,1.868,63176.41138387724,60980.00158187724
A_M_1.9999999999999998_1.0_465,COM,0.367038,1.955762,2.283,2.737,3.063,64493.18622387724,60980.00158187724
A_M_1.9999999999999998_1.0_466,COM,0.435909,2.167289,1.137,5.845,4.827,61566.80480087724,60980.00158187724
A_M_1.9999999999999998_1.0_467,COM,1.292888,4.497084,0.988,3.797,4.715,62754.342255877236,60980.00158187724
A_M_1.9999999999999998_1.0_468,COM,0.9315,3.589894,2.257,1.154,3.676,62755.57829287724,60980.00158187724
A_M_1.9999999999999998_1.0_469,COM,0.212793,1.580318,1.396,2.137,1.667,64204.615590877234,60980.00158187724
A_M_1.9999999999999998_1.0_470,COM,0.968349,3.720411,1.059,2.173,4.621,63187.641708877236,60980.00158187724
A_M_1.9999999999999998_1.0_471,COM,0.174238,1.489303,1.979,1.321,4.257,63514.885755877236,60980.00158187724
A_M_1.9999999999999998_1.0_472,COM,0.495623,2.379173,2.552,0.759,4.214,64290.40226987724,60980.00158187724
A_M_1.9999999999999998_1.0_473,COM,0.650827,2.778206,0.636,4.558,6.007,62659.626508877234,60980.00158187724
A_M_1.9999999999999998_1.0_474,COM,1.459254,4.974122,0.522,2.18,4.286,64437.360199877236,60980.00158187724
A_M_1.9999999999999998_1.0_475,COM,0.953917,3.647425,0.283,4.498,6.165,63976.285300877236,60980.00158187724
A_M_1.9999999999999998_1.0_476,COM,0.662859,2.811519,2.42,6.168,3.647,61466.905571877236,60980.00158187724
A_M_1.9999999999999998_1.0_477,COM,0.812876,3.260433,1.117,4.466,3.121,63943.48733987724,60980.00158187724
A_M_1.9999999999999998_1.0_478,COM,0.147326,1.413712,2.621,0.779,4.71,64639.22263787724,60980.00158187724
A_M_1.9999999999999998_1.0_479,COM,0.973293,3.737873,1.853,0.141,3.136,61001.114278877234,60980.00158187724
A_M_1.9999999999999998_1.0_480,COM,1.536821,5.333988,1.203,0.714,4.345,61884.22388287724,60980.00158187724
A_M_1.9999999999999998_1.0_481,COM,1.788896,6.001176,1.63,1.425,4.196,62993.95916287724,60980.00158187724
A_M_1.9999999999999998_1.0_482,COM,0.314761,1.866064,0.7,4.534,2.819,61821.59396287724,60980.00158187724
A_M_1.9999999999999998_1.0_483,COM,0.425736,2.218189,0.695,3.436,3.215,64420.740291877235,60980.00158187724
A_M_1.9999999999999998_1.0_484,COM,1.605597,5.556844,2.541,1.308,3.986,61009.742765877236,60980.00158187724
A_M_1.9999999999999998_1.0_485,COM,1.147196,4.31906,1.341,1.14,5.035,62496.851711877236,60980.00158187724
A_M_1.9999999999999998_1.0_486,COM,1.154283,4.299224,2.662,4.05,1.372,62483.47431487724,60980.00158187724
A_M_1.9999999999999998_1.0_487,COM,0.760895,3.15559,1.913,5.092,4.955,61790.46659787724,60980.00158187724
A_M_1.9999999999999998_1.0_488,COM,1.284267,4.719987,1.652,4.752,1.836,64103.605021877236,60980.00158187724
A_M_1.9999999999999998_1.0_489,COM,2.429506,8.010496,0.537,2.55,3.482,63031.335373877235,60980.00158187724
A_M_1.9999999999999998_1.0_490,COM,1.443995,5.080183,0.7,3.132,2.737,61649.97834787724,60980.00158187724
A_M_1.9999999999999998_1.0_491,COM,1.283383,4.638569,3.071,5.251,3.172,61025.744071877234,60980.00158187724
A_M_1.9999999999999998_1.0_492,COM,1.394211,4.967498,2.169,1.193,4.03,62860.788758877236,60980.00158187724
A_M_1.9999999999999998_1.0_493,COM,1.10832,4.213208,2.264,4.495,3.783,64146.16303187724,60980.00158187724
A_M_1.9999999999999998_1.0_494,COM,2.088982,7.121149,1.686,1.102,3.698,64035.81491787724,60980.00158187724
A_M_1.9999999999999998_1.0_495,COM,0.934721,3.687376,1.237,0.674,6.248,60980.97978887724,60980.00158187724
A_M_1.9999999999999998_1.0_496,COM,0.679367,2.94491,2.491,2.952,3.633,64511.56013087724,60980.00158187724
A_M_1.9999999999999998_1.0_497,COM,4.22917,13.272514,1.231,0.831,3.464,61753.00719287724,60980.00158187724
A_M_1.9999999999999998_1.0_498,COM,0.85968,3.503268,2.931,1.419,5.934,62914.853560877236,60980.00158187724
A_M_1.9999999999999998_1.0_499,COM,1.123784,4.257235,0.951,1.206,4.861,62102.66665487724,60980.00158187724
A_M_1.9999999999999998_1.0_500,COM,1.432205,5.306715,1.683,4.846,1.637,64292.09010987724,60980.00158187724
A_M_1.9999999999999998_1.0_501,COM,0.664022,2.979384,0.152,2.485,3.602,63783.07023987724,60980.00158187724
A_M_1.9999999999999998_1.0_502,COM,0.847084,3.490564,0.872,5.59,2.9,61185.224131877236,60980.00158187724
A_M_1.9999999999999998_1.0_503,COM,1.420036,5.243718,1.24,1.836,4.27,62884.444962877235,60980.00158187724
A_M_1.9999999999999998_1.0_504,COM,2.144064,7.318932,1.369,0.327,2.691,62601.813301877235,60980.00158187724
A_M_1.9999999999999998_1.0_505,COM,1.207396,4.554748,1.556,2.648,4.609,61840.036542877235,60980.00158187724
A_M_1.9999999999999998_1.0_506,COM,0.291149,1.873022,1.372,3.772,3.579,61832.85522587724,60980.00158187724
A_M_1.9999999999999998_1.0_507,COM,0.237717,1.705743,1.422,1.996,3.732,62108.055954877236,60980.00158187724
A_M_1.9999999999999998_1.0_508,COM,0.443108,2.357199,1.327,1.919,4.377,62412.08802387724,60980.00158187724
A_M_1.9999999999999998_1.0_509,COM,1.482205,5.532993,1.247,5.007,3.935,62116.135044877235,60980.00158187724
A_M_1.9999999999999998_1.0_510,COM,1.783486,6.53174,1.319,1.788,1.882,64433.94585487724,60980.00158187724
A_M_1.9999999999999998_1.0_511,COM,1.541247,5.870134,1.367,1.623,2.242,61412.120533877234,60980.00158187724
A_M_1.9999999999999998_1.0_512,COM,1.016583,4.135698,0.795,1.051,5.358,61359.60823687724,60980.00158187724
A_M_1.9999999999999998_1.0_513,COM,1.69204,6.328812,1.155,3.138,2.404,63088.93115687724,60980.00158187724
A_M_1.9999999999999998_1.0_514,COM,0.89976,3.8171,1.483,2.767,3.941,64429.22805887724,60980.00158187724
A_M_1.9999999999999998_1.0_515,COM,0.793455,3.456256,2.531,0.305,3.879,64382.005769877236,60980.00158187724
A_M_1.9999999999999998_1.0_516,COM,0.623012,2.972244,0.64,6.114,4.286,62616.43124187724,60980.00158187724
A_M_1.9999999999999998_1.0_517,COM,1.087351,4.394952,2.134,1.806,0.58,63728.83140687724,60980.00158187724
A_M_1.9999999999999998_1.0_518,COM,1.203643,4.778852,0.641,0.255,3.192,64651.68938187724,60980.00158187724
A_M_1.9999999999999998_1.0_519,COM,0.79895,3.505355,1.805,4.303,1.842,63656.50255787724,60980.00158187724
A_M_1.9999999999999998_1.0_520,COM,1.349038,5.216305,2.479,5.545,3.168,63611.04753287724,60980.00158187724
A_M_1.9999999999999998_1.0_521,COM,1.341358,5.280633,1.593,5.11,2.464,62686.85633687724,60980.00158187724
A_M_1.9999999999999998_1.0_522,COM,1.721309,6.534448,1.548,1.494,4.423,63143.84220087724,60980.00158187724
A_M_1.9999999999999998_1.0_523,COM,0.110515,1.361584,1.169,4.497,2.705,62950.48632287724,60980.00158187724
A_M_1.9999999999999998_1.0_524,COM,0.957913,4.141672,1.107,4.781,2.399,63390.00947987724,60980.00158187724
A_M_1.9999999999999998_1.0_525,COM,1.402286,5.584494,2.074,4.799,4.996,63313.950571877234,60980.00158187724
A_M_1.9999999999999998_1.0_526,COM,0.378137,2.208217,2.998,4.572,5.563,63830.67552787724,60980.00158187724
A_M_1.9999999999999998_1.0_527,COM,2.301613,8.505729,1.283,5.169,1.623,61979.12734187724,60980.00158187724
A_M_1.9999999999999998_1.0_528,COM,0.607023,3.047379,1.853,3.564,4.077,63933.73437287724,60980.00158187724
A_M_1.9999999999999998_1.0_529,COM,1.39639,5.763951,1.405,1.676,5.148,61634.008344877235,60980.00158187724
A_M_1.9999999999999998_1.0_530,COM,1.172803,4.883263,2.05,5.102,2.732,62811.33839087724,60980.00158187724
A_M_1.9999999999999998_1.0_531,COM,1.274841,5.324371,1.604,2.407,2.013,63832.829788877236,60980.00158187724
A_M_1.9999999999999998_1.0_532,COM,1.084686,4.704243,1.444,2.423,4.336,64618.03015387724,60980.00158187724
A_M_1.9999999999999998_1.0_533,COM,0.685276,3.263107,0.852,3.835,3.19,64402.87948587724,60980.00158187724
A_M_1.9999999999999998_1.0_534,COM,1.501641,5.983504,0.646,6.048,3.459,64139.65156187724,60980.00158187724
A_M_1.9999999999999998_1.0_535,COM,0.626393,3.203212,1.217,1.753,4.332,63254.37568387724,60980.00158187724
A_M_1.9999999999999998_1.0_536,COM,0.10858,1.373323,1.374,4.516,3.299,61004.46150187724,60980.00158187724
A_M_1.9999999999999998_1.0_537,COM,1.080838,4.747429,1.447,4.727,1.889,63912.357787877234,60980.00158187724
A_M_1.9999999999999998_1.0_538,COM,1.565673,6.489604,2.029,4.883,4.142,61761.96074787724,60980.00158187724
A_M_1.9999999999999998_1.0_539,COM,1.436273,5.944131,2.103,1.217,3.444,63082.463941877235,60980.00158187724
A_M_1.9999999999999998_1.0_540,COM,1.514531,6.207795,0.524,4.152,2.154,62621.29619887724,60980.00158187724
A_M_1.9999999999999998_1.0_541,COM,0.428884,2.51464,2.29,5.243,2.412,61234.27870587724,60980.00158187724
A_M_1.9999999999999998_1.0_542,COM,1.364278,5.78047,0.242,2.864,0.777,63672.99440287724,60980.00158187724
A_M_1.9999999999999998_1.0_543,COM,0.399725,2.38555,2.195,6.09,3.577,63851.90880187724,60980.00158187724
A_M_1.9999999999999998_1.0_544,COM,1.342429,5.595385,2.997,4.918,2.383,63934.26715187724,60980.00158187724
A_M_1.9999999999999998_1.0_545,COM,0.360751,2.24074,0.869,4.874,1.683,63978.02686687724,60980.00158187724
A_M_1.9999999999999998_1.0_546,COM,0.463911,2.611189,2.006,0.989,3.091,64573.464246877236,60980.00158187724
A_M_1.9999999999999998_1.0_547,COM,0.573372,2.961892,2.465,5.137,2.161,63958.020530877235,60980.00158187724
A_M_1.9999999999999998_1.0_548,COM,0.774765,3.782532,1.239,2.339,3.51,63710.57339787724,60980.00158187724
A_M_1.9999999999999998_1.0_549,COM,1.441498,6.282735,1.051,5.245,2.492,62610.20249987724,60980.00158187724
A_M_1.9999999999999998_1.0_550,COM,0.929965,4.32154,2.019,5.104,2.57,63623.98709487724,60980.00158187724
A_M_1.9999999999999998_1.0_551,COM,1.459183,6.219208,1.553,5.706,2.647,62770.179831877234,60980.00158187724
A_M_1.9999999999999998_1.0_552,COM,0.304128,2.087591,2.875,5.328,2.845,62401.22123987724,60980.00158187724
A_M_1.9999999999999998_1.0_553,COM,1.443184,6.256279,0.906,5.057,2.934,63511.52393887724,60980.00158187724
A_M_1.9999999999999998_1.0_554,COM,0.600659,3.155557,2.028,5.47,2.496,61469.284352877236,60980.00158187724
A_M_1.9999999999999998_1.0_555,COM,1.366147,5.899807,0.214,0.893,3.44,63043.49155587724,60980.00158187724
A_M_1.9999999999999998_1.0_556,COM,1.399048,6.000437,2.036,5.874,3.303,62631.947733877234,60980.00158187724
A_M_1.9999999999999998_1.0_557,COM,0.429647,2.567302,0.84,1.661,4.692,64002.98317087724,60980.00158187724
A_M_1.9999999999999998_1.0_558,COM,1.451519,6.245257,2.739,4.231,1.434,61031.09244187724,60980.00158187724
A_M_1.9999999999999998_1.0_559,COM,0.191065,1.682011,2.571,3.054,4.393,64653.03115987724,60980.00158187724
A_M_1.9999999999999998_1.0_560,COM,0.434645,2.57707,3.007,3.661,1.525,63343.73396587724,60980.00158187724
A_M_1.9999999999999998_1.0_561,COM,1.834447,7.666456,1.477,1.532,1.723,63304.58863687724,60980.00158187724
A_M_1.9999999999999998_1.0_562,COM,1.029865,4.901123,1.982,5.789,2.951,63079.05781287724,60980.00158187724
A_M_1.9999999999999998_1.0_563,COM,0.462756,2.705595,1.821,1.817,5.156,62872.32407987724,60980.00158187724
A_M_1.9999999999999998_1.0_564,COM,0.332815,2.221006,2.032,4.263,2.433,62538.009999877235,60980.00158187724
A_M_1.9999999999999998_1.0_565,COM,1.282562,5.82462,1.265,4.332,3.035,63168.993599877234,60980.00158187724
A_M_1.9999999999999998_1.0_566,COM,1.098542,5.292059,0.953,4.287,2.88,63001.558898877236,60980.00158187724
A_M_1.9999999999999998_1.0_567,COM,0.266428,2.035988,1.08,3.898,4.029,61418.14979787724,60980.00158187724
A_M_1.9999999999999998_1.0_568,COM,0.919389,4.500303,2.726,5.955,3.616,63885.355770877235,60980.00158187724
A_M_1.9999999999999998_1.0_569,COM,6.039066,24.017919,2.161,0.18,2.549,62822.002928877235,60980.00158187724
A_M_1.9999999999999998_1.0_570,COM,1.060188,5.038704,2.617,1.986,3.063,64272.70993887724,60980.00158187724
A_M_1.9999999999999998_1.0_571,COM,1.795365,7.99241,2.029,4.471,2.018,64484.93179887724,60980.00158187724
A_M_1.9999999999999998_1.0_572,COM,0.391014,2.525676,1.276,2.115,2.493,62981.15012487724,60980.00158187724
A_M_1.9999999999999998_1.0_573,COM,1.004857,4.909136,1.384,1.648,3.386,62354.60846187724,60980.00158187724
A_M_1.9999999999999998_1.0_574,COM,0.677391,3.74558,2.353,3.974,4.113,64047.70116387724,60980.00158187724
A_M_1.9999999999999998_1.0_575,COM,1.093496,5.387252,1.935,4.123,1.21,62545.697113877235,60980.00158187724
A_M_1.9999999999999998_1.0_576,COM,0.141248,1.573181,1.419,3.466,3.671,61995.80741887724,60980.00158187724
A_M_1.9999999999999998_1.0_577,COM,1.588742,7.331266,0.329,4.682,5.651,64048.021517877234,60980.00158187724
A_M_1.9999999999999998_1.0_578,COM,1.253822,6.001161,2.892,4.277,4.008,63547.86442287724,60980.00158187724
A_M_1.9999999999999998_1.0_579,COM,0.985442,4.997694,0.393,1.036,2.99,64038.49339487724,60980.00158187724
A_M_1.9999999999999998_1.0_580,COM,1.679479,7.853402,2.582,5.703,2.773,61503.99178287724,60980.00158187724
A_M_1.9999999999999998_1.0_581,COM,1.22811,6.121562,2.617,4.442,1.95,61104.111422877235,60980.00158187724
A_M_1.9999999999999998_1.0_582,COM,0.325817,2.360746,2.039,2.053,4.282,64309.346612877234,60980.00158187724
A_M_1.9999999999999998_1.0_583,COM,1.250624,6.227529,0.791,1.046,4.813,62751.29789887724,60980.00158187724
A_M_1.9999999999999998_1.0_584,COM,0.587942,3.446506,1.284,4.473,4.425,62900.139429877236,60980.00158187724
A_M_1.9999999999999998_1.0_585,COM,1.58353,7.593631,1.93,0.828,5.028,63872.106136877235,60980.00158187724
A_M_1.9999999999999998_1.0_586,COM,0.860916,4.6074,1.214,0.32,2.725,62172.747579877236,60980.00158187724
A_M_1.9999999999999998_1.0_587,COM,0.3538,2.448265,2.192,3.31,3.407,63291.36667887724,60980.00158187724
A_M_1.9999999999999998_1.0_588,COM,0.764559,4.306387,0.817,3.239,3.754,63944.98911687724,60980.00158187724
A_M_1.9999999999999998_1.0_589,COM,0.867868,4.671372,1.299,4.457,3.235,63593.05977087724,60980.00158187724
A_M_1.9999999999999998_1.0_590,COM,1.416734,6.992418,0.693,1.929,1.516,61914.883368877236,60980.00158187724
A_M_1.9999999999999998_1.0_591,COM,1.48521,7.39451,2.808,2.571,6.04,64371.08839187724,60980.00158187724
A_M_1.9999999999999998_1.0_592,COM,0.810979,4.446407,2.547,1.404,4.706,62340.53034287724,60980.00158187724
A_M_1.9999999999999998_1.0_593,COM,0.180201,1.767733,0.839,1.021,5.616,63995.25907287724,60980.00158187724
A_M_1.9999999999999998_1.0_594,COM,1.193498,6.099464,0.087,5.307,1.021,62604.86751787724,60980.00158187724
A_M_1.9999999999999998_1.0_595,COM,1.289389,6.423196,0.532,6.277,3.076,62473.17507587724,60980.00158187724
A_M_1.9999999999999998_1.0_596,COM,0.371754,2.626746,1.135,3.796,2.021,62502.689375877235,60980.00158187724
A_M_1.9999999999999998_1.0_597,COM,2.349223,11.327515,1.13,4.473,2.089,63065.58155887724,60980.00158187724
A_M_1.9999999999999998_1.0_598,COM,0.301426,2.358839,2.534,1.089,3.975,64594.57410287724,60980.00158187724
A_M_1.9999999999999998_1.0_599,COM,0.153911,1.710012,2.625,0.846,4.428,63821.010084877234,60980.00158187724
A_M_1.9999999999999998_1.0_600,COM,1.476677,7.745795,1.448,4.574,1.485,63800.80527287724,60980.00158187724
A_M_1.9999999999999998_1.0_601,COM,0.055047,1.25337,2.443,1.747,3.092,62995.034455877234,60980.00158187724
A_M_1.9999999999999998_1.0_602,COM,0.657311,3.949037,2.195,1.956,5.113,62218.52497687724,60980.00158187724
A_M_1.9999999999999998_1.0_603,COM,1.529147,8.219572,1.692,1.678,1.693,61454.44357987724,60980.00158187724
A_M_1.9999999999999998_1.0_604,COM,3.483359,17.305513,1.421,6.084,2.311,62266.76486587724,60980.00158187724
A_M_1.9999999999999998_1.0_605,COM,2.058449,10.661979,0.536,3.008,3.208,61398.697008877236,60980.00158187724
A_M_1.9999999999999998_1.0_606,COM,1.704423,8.958569,2.042,4.943,2.247,61515.98187787724,60980.00158187724
A_M_1.9999999999999998_1.0_607,COM,0.728933,4.412799,1.601,2.005,3.405,64198.06966887724,60980.00158187724
A_M_1.9999999999999998_1.0_608,COM,0.939724,5.378435,1.599,2.474,3.625,64623.65918687724,60980.00158187724
A_M_1.9999999999999998_1.0_609,COM,0.464402,3.194679,0.649,4.503,2.642,63561.95182787724,60980.00158187724
A_M_1.9999999999999998_1.0_610,COM,1.230171,6.800079,2.831,2.857,6.235,62050.65936287724,60980.00158187724
A_M_1.9999999999999998_1.0_611,COM,0.449671,3.173726,1.34,1.832,4.455,61342.48926487724,60980.00158187724
A_M_1.9999999999999998_1.0_612,COM,0.946871,5.641979,1.515,0.669,5.56,62954.12399087724,60980.00158187724
A_M_1.9999999999999998_1.0_613,COM,0.789629,4.825163,0.752,4.126,4.374,62151.817580877236,60980.00158187724
A_M_1.9999999999999998_1.0_614,COM,0.356681,2.734989,0.912,2.462,4.143,64324.93156687724,60980.00158187724
A_M_1.9999999999999998_1.0_615,COM,0.573446,3.807643,2.295,3.417,0.982,60965.33067887724,60980.00158187724
A_M_1.9999999999999998_1.0_616,COM,0.90036,5.430948,2.331,5.439,2.86,62612.32558187724,60980.00158187724
A_M_1.9999999999999998_1.0_617,COM,2.168673,11.886215,1.055,4.837,1.962,61888.57317587724,60980.00158187724
A_M_1.9999999999999998_1.0_618,COM,1.280539,7.637569,2.015,1.457,5.703,63888.70965787724,60980.00158187724
A_M_1.9999999999999998_1.0_619,COM,0.702309,4.658366,2.135,1.84,5.872,64140.18912487724,60980.00158187724
A_M_1.9999999999999998_1.0_620,COM,0.826387,5.249646,1.141,0.615,5.534,61680.15657087724,60980.00158187724
A_M_1.9999999999999998_1.0_621,COM,1.681824,9.534191,1.269,4.415,0.463,63192.99572287724,60980.00158187724
A_M_1.9999999999999998_1.0_622,COM,0.244724,2.26786,0.475,3.939,2.599,63580.93675987724,60980.00158187724
A_M_1.9999999999999998_1.0_623,COM,0.249257,2.298338,0.607,4.349,2.589,64031.23060587724,60980.00158187724
A_M_1.9999999999999998_1.0_624,COM,1.675857,9.502959,0.545,4.926,1.273,64100.10852987724,60980.00158187724
A_M_1.9999999999999998_1.0_625,COM,1.553692,8.976902,0.579,4.662,1.912,62731.01609787724,60980.00158187724
A_M_1.9999999999999998_1.0_626,COM,1.146062,7.050724,1.286,4.727,2.156,63886.96594587724,60980.00158187724
A_M_1.9999999999999998_1.0_627,COM,1.995481,11.668183,0.748,4.465,2.751,62601.86843587724,60980.00158187724
A_M_1.9999999999999998_1.0_628,COM,1.217695,7.400853,0.954,4.663,6.228,63763.684563877236,60980.00158187724
A_M_1.9999999999999998_1.0_629,COM,2.239912,13.068092,2.816,1.398,5.101,64455.75042087724,60980.00158187724
A_M_1.9999999999999998_1.0_630,COM,0.761163,5.093488,2.556,3.466,3.746,61654.321595877234,60980.00158187724
A_M_1.9999999999999998_1.0_631,COM,0.616501,4.335258,2.545,4.973,2.628,63977.24663687724,60980.00158187724
A_M_1.9999999999999998_1.0_632,COM,0.407634,3.193803,1.757,4.191,2.469,61079.19646087724,60980.00158187724
A_M_1.9999999999999998_1.0_633,COM,0.866075,5.745677,1.021,4.702,1.777,63143.845758877236,60980.00158187724
A_M_1.9999999999999998_1.0_634,COM,1.323081,8.47847,1.787,1.471,3.016,64066.19147287724,60980.00158187724
A_M_1.9999999999999998_1.0_635,COM,1.632023,10.04662,0.182,2.634,3.789,63332.27001087724,60980.00158187724
A_M_1.9999999999999998_1.0_636,COM,0.246847,2.37327,0.713,1.623,4.648,61729.762215877236,60980.00158187724
A_M_1.9999999999999998_1.0_637,COM,2.168892,13.415615,0.814,2.016,4.756,60901.821661877235,60980.00158187724
A_M_1.9999999999999998_1.0_638,COM,0.698909,5.058496,1.324,4.933,1.906,62795.318460877235,60980.00158187724
A_M_1.9999999999999998_1.0_639,COM,0.383691,3.224126,1.316,4.225,2.07,64575.415479877236,60980.00158187724
A_M_1.9999999999999998_1.0_640,COM,0.724511,5.208539,0.155,2.248,3.956,64359.513829877236,60980.00158187724
A_M_1.9999999999999998_1.0_641,COM,0.129023,1.74547,2.315,5.152,6.048,63341.16675787724,60980.00158187724
A_M_1.9999999999999998_1.0_642,COM,1.400441,9.233993,1.753,4.642,4.892,61066.21639887724,60980.00158187724
A_M_1.9999999999999998_1.0_643,COM,0.93825,6.579022,0.106,5.036,4.048,63515.59945687724,60980.00158187724
A_M_1.9999999999999998_1.0_644,COM,2.081799,13.433405,1.741,1.821,5.161,61517.18672487724,60980.00158187724
A_M_1.9999999999999998_1.0_645,COM,0.844596,6.050901,1.642,2.251,2.996,61436.50410487724,60980.00158187724
A_M_1.9999999999999998_1.0_646,COM,1.316735,8.787589,2.504,3.69,3.529,64385.70576287724,60980.00158187724
A_M_1.9999999999999998_1.0_647,COM,1.390265,9.137178,2.226,1.549,4.599,62761.81459587724,60980.00158187724
A_M_1.9999999999999998_1.0_648,COM,0.526013,4.209998,1.868,5.335,2.693,63008.33738787724,60980.00158187724
A_M_1.9999999999999998_1.0_649,COM,1.285108,8.913376,1.35,1.716,2.687,62332.75625687724,60980.00158187724
A_M_1.9999999999999998_1.0_650,COM,1.784312,11.73239,1.753,4.48,3.972,62798.007957877235,60980.00158187724
A_M_1.9999999999999998_1.0_651,COM,1.679866,11.51798,0.287,2.709,3.083,62689.55513887724,60980.00158187724
A_M_1.9999999999999998_1.0_652,COM,0.587879,4.683423,1.927,4.508,2.066,61922.35666487724,60980.00158187724
A_M_1.9999999999999998_1.0_653,COM,1.324273,9.603663,1.144,4.93,2.591,61351.86351587724,60980.00158187724
A_M_1.9999999999999998_1.0_654,COM,0.403255,3.577214,1.305,6.212,3.859,63267.95371887724,60980.00158187724
A_M_1.9999999999999998_1.0_655,COM,1.495096,10.866641,0.593,2.414,4.298,62645.24018987724,60980.00158187724
A_M_1.9999999999999998_1.0_656,COM,5.136636,35.994696,0.27,5.049,1.81,62895.041549877235,60980.00158187724
A_M_1.9999999999999998_1.0_657,COM,1.470315,11.066662,2.292,3.6,3.352,63073.65101787724,60980.00158187724
A_M_1.9999999999999998_1.0_658,COM,1.778199,14.030565,2.239,4.848,2.087,61240.85417387724,60980.00158187724
A_M_1.9999999999999998_1.0_659,COM,0.099376,1.730551,0.771,3.378,3.875,61999.38610087724,60980.00158187724
A_M_1.9999999999999998_1.0_660,COM,1.153878,9.378279,2.423,1.023,3.438,64357.139084877235,60980.00158187724
A_M_1.9999999999999998_1.0_661,COM,1.073554,8.856343,0.922,0.894,2.23,62275.841520877235,60980.00158187724
A_M_1.9999999999999998_1.0_662,COM,1.308187,10.530892,2.315,4.809,1.339,61484.582213877235,60980.00158187724
A_M_1.9999999999999998_1.0_663,COM,0.884497,7.69783,2.55,0.22,3.071,61668.16445087724,60980.00158187724
A_M_1.9999999999999998_1.0_664,COM,0.085445,1.654365,0.861,5.135,5.414,63775.32481787724,60980.00158187724
A_M_1.9999999999999998_1.0_665,COM,1.215836,10.299021,1.96,4.491,1.456,61619.933852877235,60980.00158187724
A_M_1.9999999999999998_1.0_666,COM,1.180935,10.473084,0.384,2.434,0.699,64433.799759877234,60980.00158187724
A_M_1.9999999999999998_1.0_667,COM,0.779765,7.470822,0.735,2.234,4.31,63855.58482487724,60980.00158187724
A_M_1.9999999999999998_1.0_668,COM,0.611222,6.063867,0.711,2.288,4.277,63792.96590487724,60980.00158187724
A_M_1.9999999999999998_1.0_669,COM,0.677335,6.771562,0.609,4.296,2.341,63590.948466877235,60980.00158187724
A_M_1.9999999999999998_1.0_670,COM,1.403661,13.306582,1.62,5.113,2.306,63795.34970487724,60980.00158187724
A_M_1.9999999999999998_1.0_671,COM,0.924039,9.096565,1.038,4.795,1.872,63420.05213287724,60980.00158187724
A_M_1.9999999999999998_1.0_672,COM,0.968442,9.716964,1.243,4.589,3.099,64203.31127687724,60980.00158187724
A_M_1.9999999999999998_1.0_673,COM,1.046595,10.510441,2.116,1.708,1.874,63029.16084287724,60980.00158187724
A_M_1.9999999999999998_1.0_674,COM,1.013119,10.698779,1.814,1.191,2.598,63238.28034387724,60980.00158187724
A_M_1.9999999999999998_1.0_675,COM,1.418372,14.819625,2.797,4.335,4.057,64436.782545877235,60980.00158187724
A_M_1.9999999999999998_1.0_676,COM,1.908729,19.404042,0.485,2.908,3.305,62191.00662087724,60980.00158187724
A_M_1.9999999999999998_1.0_677,COM,1.014234,10.714404,1.529,1.632,4.375,62796.39206687724,60980.00158187724
A_M_1.9999999999999998_1.0_678,COM,2.008529,20.588022,2.26,0.955,3.267,61069.45676787724,60980.00158187724
A_M_1.9999999999999998_1.0_679,COM,1.225024,13.287025,1.608,1.076,5.343,62182.52097087724,60980.00158187724
A_M_1.9999999999999998_1.0_680,COM,0.772797,8.947508,2.719,4.334,1.549,63520.96270887724,60980.00158187724
A_M_1.9999999999999998_1.0_681,COM,1.263128,13.915575,2.909,5.375,2.114,64471.28413087724,60980.00158187724
