ObjID,H_r,u-r,g-r,i-r,z-r,y-r,GS
A_M_1.9999999999999998_1.0_0,25.33,2.31,0.73,-0.33,-0.5,-0.68,0.15
A_M_1.9999999999999998_1.0_1,25.6,2.31,0.73,-0.33,-0.5,-0.68,0.15
A_M_1.9999999999999998_1.0_2,25.23,2.31,0.73,-0.33,-0.5,-0.68,0.15
A_M_1.9999999999999998_1.0_3,25.58,2.31,0.73,-0.33,-0.5,-0.68,0.15
A_M_1.9999999999999998_1.0_4,23.93,2.31,0.73,-0.33,-0.5,-0.68,0.15
A_M_1.9999999999999998_1.0_5,24.33,2.31,0.73,-0.33,-0.5,-0.68,0.15
A_M_1.9999999999999998_1.0_6,25.22,2.31,0.73,-0.33,-0.5,-0.68,0.15
A_M_1.9999999999999998_1.0_7,25.5,2.31,0.73,-0.33,-0.5,-0.68,0.15
A_M_1.9999999999999998_1.0_8,25.28,2.31,0.73,-0.33,-0.5,-0.68,0.15
A_M_1.9999999999999998_1.0_9,24.32,2.31,0.73,-0.33,-0.5,-0.68,0.15
A_M_1.9999999999999998_1.0_10,25.29,2.31,0.73,-0.33,-0.5,-0.68,0.15
A_M_1.9999999999999998_1.0_11,25.39,2.31,0.73,-0.33,-0.5,-0.68,0.15
A_M_1.9999999999999998_1.0_12,24.99,2.31,0.73,-0.33,-0.5,-0.68,0.15
A_M_1.9999999999999998_1.0_13,24.69,2.31,0.73,-0.33,-0.5,-0.68,0.15
A_M_1.9999999999999998_1.0_14,22.46,2.31,0.73,-0.33,-0.5,-0.68,0.15
A_M_1.9999999999999998_1.0_15,18.03,2.31,0.73,-0.33,-0.5,-0.68,0.15
A_M_1.9999999999999998_1.0_16,22.8,2.31,0.73,-0.33,-0.5,-0.68,0.15
A_M_1.9999999999999998_1.0_17,25.04,2.31,0.73,-0.33,-0.5,-0.68,0.15
A_M_1.9999999999999998_1.0_18,23.19,2.31,0.73,-0.33,-0.5,-0.68,0.15
A_M_1.9999999999999998_1.0_19,25.3,2.31,0.73,-0.33,-0.5,-0.68,0.15
A_M_1.9999999999999998_1.0_20,23.06,2.31,0.73,-0.33,-0.5,-0.68,0.15
A_M_1.9999999999999998_1.0_21,23.86,2.31,0.73,-0.33,-0.5,-0.68,0.15
A_M_1.9999999999999998_1.0_22,25.29,2.31,0.73,-0.33,-0.5,-0.68,0.15
A_M_1.9999999999999998_1.0_23,24.65,2.31,0.73,-0.33,-0.5,-0.68,0.15
A_M_1.9999999999999998_1.0_24,21.8,2.31,0.73,-0.33,-0.5,-0.68,0.15
A_M_1.9999999999999998_1.0_25,23.35,2.31,0.73,-0.33,-0.5,-0.68,0.15
A_M_1.9999999999999998_1.0_26,24.89,2.31,0.73,-0.33,-0.5,-0.68,0.15
A_M_1.9999999999999998_1.0_27,24.11,2.31,0.73,-0.33,-0.5,-0.68,0.15
A_M_1.9999999999999998_1.0_28,23.55,2.31,0.73,-0.33,-0.5,-0.68,0.15
A_M_1.9999999999999998_1.0_29,25.54,2.31,0.73,-0.33,-0.5,-0.68,0.15
A_M_1.9999999999999998_1.0_30,21.35,2.31,0.73,-0.33,-0.5,-0.68,0.15
A_M_1.9999999999999998_1.0_31,25.12,2.31,0.73,-0.33,-0.5,-0.68,0.15
A_M_1.9999999999999998_1.0_32,25.22,2.31,0.73,-0.33,-0.5,-0.68,0.15
A_M_1.9999999999999998_1.0_33,25.6,2.31,0.73,-0.33,-0.5,-0.68,0.15
A_M_1.9999999999999998_1.0_34,25.11,2.31,0.73,-0.33,-0.5,-0.68,0.15
A_M_1.9999999999999998_1.0_35,24.45,2.31,0.73,-0.33,-0.5,-0.68,0.15
A_M_1.9999999999999998_1.0_36,25.24,2.31,0.73,-0.33,-0.5,-0.68,0.15
A_M_1.9999999999999998_1.0_37,24.82,2.31,0.73,-0.33,-0.5,-0.68,0.15
A_M_1.9999999999999998_1.0_38,24.47,2.31,0.73,-0.33,-0.5,-0.68,0.15
A_M_1.9999999999999998_1.0_39,24.08,2.31,0.73,-0.33,-0.5,-0.68,0.15
A_M_1.9999999999999998_1.0_40,25.46,2.31,0.73,-0.33,-0.5,-0.68,0.15
A_M_1.9999999999999998_1.0_41,25.16,2.31,0.73,-0.33,-0.5,-0.68,0.15
A_M_1.9999999999999998_1.0_42,24.14,2.31,0.73,-0.33,-0.5,-0.68,0.15
A_M_1.9999999999999998_1.0_43,25.18,2.31,0.73,-0.33,-0.5,-0.68,0.15
A_M_1.9999999999999998_1.0_44,21.35,2.31,0.73,-0.33,-0.5,-0.68,0.15
A_M_1.9999999999999998_1.0_45,24.62,2.31,0.73,-0.33,-0.5,-0.68,0.15
A_M_1.9999999999999998_1.0_46,25.57,2.31,0.73,-0.33,-0.5,-0.68,0.15
A_M_1.9999999999999998_1.0_47,25.46,2.31,0.73,-0.33,-0.5,-0.68,0.15
A_M_1.9999999999999998_1.0_48,25.52,2.31,0.73,-0.33,-0.5,-0.68,0.15
A_M_1.9999999999999998_1.0_49,24.2,2.31,0.73,-0.33,-0.5,-0.68,0.15
A_M_1.9999999999999998_1.0_50,25.48,2.31,0.73,-0.33,-0.5,-0.68,0.15
A_M_1.9999999999999998_1.0_51,23.91,2.31,0.73,-0.33,-0.5,-0.68,0.15
A_M_1.9999999999999998_1.0_52,23.84,2.31,0.73,-0.33,-0.5,-0.68,0.15
A_M_1.9999999999999998_1.0_53,23.23,2.31,0.73,-0.33,-0.5,-0.68,0.15
A_M_1.9999999999999998_1.0_54,25.32,2.31,0.73,-0.33,-0.5,-0.68,0.15
A_M_1.9999999999999998_1.0_55,24.73,2.31,0.73,-0.33,-0.5,-0.68,0.15
A_M_1.9999999999999998_1.0_56,25.1,2.31,0.73,-0.33,-0.5,-0.68,0.15
A_M_1.9999999999999998_1.0_57,21.88,2.31,0.73,-0.33,-0.5,-0.68,0.15
A_M_1.9999999999999998_1.0_58,23.9,2.31,0.73,-0.33,-0.5,-0.68,0.15
A_M_1.9999999999999998_1.0_59,25.59,2.31,0.73,-0.33,-0.5,-0.68,0.15
A_M_1.9999999999999998_1.0_60,23.48,2.31,0.73,-0.33,-0.5,-0.68,0.15
A_M_1.9999999999999998_1.0_61,23.48,2.31,0.73,-0.33,-0.5,-0.68,0.15
A_M_1.9999999999999998_1.0_62,25.29,2.31,0.73,-0.33,-0.5,-0.68,0.15
A_M_1.9999999999999998_1.0_63,24.9,2.31,0.73,-0.33,-0.5,-0.68,0.15
A_M_1.9999999999999998_1.0_64,25.07,2.31,0.73,-0.33,-0.5,-0.68,0.15
A_M_1.9999999999999998_1.0_65,25.0,2.31,0.73,-0.33,-0.5,-0.68,0.15
A_M_1.9999999999999998_1.0_66,21.71,2.31,0.73,-0.33,-0.5,-0.68,0.15
A_M_1.9999999999999998_1.0_67,23.69,2.31,0.73,-0.33,-0.5,-0.68,0.15
A_M_1.9999999999999998_1.0_68,25.48,2.31,0.73,-0.33,-0.5,-0.68,0.15
A_M_1.9999999999999998_1.0_69,25.29,2.31,0.73,-0.33,-0.5,-0.68,0.15
A_M_1.9999999999999998_1.0_70,20.45,2.31,0.73,-0.33,-0.5,-0.68,0.15
A_M_1.9999999999999998_1.0_71,25.56,2.31,0.73,-0.33,-0.5,-0.68,0.15
A_M_1.9999999999999998_1.0_72,21.92,2.31,0.73,-0.33,-0.5,-0.68,0.15
A_M_1.9999999999999998_1.0_73,25.16,2.31,0.73,-0.33,-0.5,-0.68,0.15
A_M_1.9999999999999998_1.0_74,24.42,2.31,0.73,-0.33,-0.5,-0.68,0.15
A_M_1.9999999999999998_1.0_75,24.18,2.31,0.73,-0.33,-0.5,-0.68,0.15
A_M_1.9999999999999998_1.0_76,24.16,2.31,0.73,-0.33,-0.5,-0.68,0.15
A_M_1.9999999999999998_1.0_77,24.3,2.31,0.73,-0.33,-0.5,-0.68,0.15
A_M_1.9999999999999998_1.0_78,25.03,2.31,0.73,-0.33,-0.5,-0.68,0.15
A_M_1.9999999999999998_1.0_79,24.75,2.31,0.73,-0.33,-0.5,-0.68,0.15
A_M_1.9999999999999998_1.0_80,24.47,2.31,0.73,-0.33,-0.5,-0.68,0.15
A_M_1.9999999999999998_1.0_81,25.34,2.31,0.73,-0.33,-0.5,-0.68,0.15
A_M_1.9999999999999998_1.0_82,25.06,2.31,0.73,-0.33,-0.5,-0.68,0.15
A_M_1.9999999999999998_1.0_83,25.43,2.31,0.73,-0.33,-0.5,-0.68,0.15
A_M_1.9999999999999998_1.0_84,24.78,2.31,0.73,-0.33,-0.5,-0.68,0.15
A_M_1.9999999999999998_1.0_85,24.94,2.31,0.73,-0.33,-0.5,-0.68,0.15
A_M_1.9999999999999998_1.0_86,25.54,2.31,0.73,-0.33,-0.5,-0.68,0.15
A_M_1.9999999999999998_1.0_87,24.54,2.31,0.73,-0.33,-0.5,-0.68,0.15
A_M_1.9999999999999998_1.0_88,24.84,2.31,0.73,-0.33,-0.5,-0.68,0.15
A_M_1.9999999999999998_1.0_89,23.75,2.31,0.73,-0.33,-0.5,-0.68,0.15
A_M_1.9999999999999998_1.0_90,23.94,2.31,0.73,-0.33,-0.5,-0.68,0.15
A_M_1.9999999999999998_1.0_91,22.95,2.31,0.73,-0.33,-0.5,-0.68,0.15
A_M_1.9999999999999998_1.0_92,24.76,2.31,0.73,-0.33,-0.5,-0.68,0.15
A_M_1.9999999999999998_1.0_93,23.81,2.31,0.73,-0.33,-0.5,-0.68,0.15
A_M_1.9999999999999998_1.0_94,22.66,2.31,0.73,-0.33,-0.5,-0.68,0.15
A_M_1.9999999999999998_1.0_95,23.8,2.31,0.73,-0.33,-0.5,-0.68,0.15
A_M_1.9999999999999998_1.0_96,22.62,2.31,0.73,-0.33,-0.5,-0.68,0.15
A_M_1.9999999999999998_1.0_97,25.23,2.31,0.73,-0.33,-0.5,-0.68,0.15
A_M_1.9999999999999998_1.0_98,25.04,2.31,0.73,-0.33,-0.5,-0.68,0.15
A_M_1.9999999999999998_1.0_99,24.98,2.31,0.73,-0.33,-0.5,-0.68,0.15
A_M_1.9999999999999998_1.0_100,24.51,2.31,0.73,-0.33,-0.5,-0.68,0.15
A_M_1.9999999999999998_1.0_101,22.71,2.31,0.73,-0.33,-0.5,-0.68,0.15
A_M_1.9999999999999998_1.0_102,25.37,2.31,0.73,-0.33,-0.5,-0.68,0.15
A_M_1.9999999999999998_1.0_103,25.22,2.31,0.73,-0.33,-0.5,-0.68,0.15
A_M_1.9999999999999998_1.0_104,24.7,2.31,0.73,-0.33,-0.5,-0.68,0.15
A_M_1.9999999999999998_1.0_105,24.67,2.31,0.73,-0.33,-0.5,-0.68,0.15
A_M_1.9999999999999998_1.0_106,24.86,2.31,0.73,-0.33,-0.5,-0.68,0.15
A_M_1.9999999999999998_1.0_107,25.48,2.31,0.73,-0.33,-0.5,-0.68,0.15
A_M_1.9999999999999998_1.0_108,24.87,2.31,0.73,-0.33,-0.5,-0.68,0.15
A_M_1.9999999999999998_1.0_109,22.42,2.31,0.73,-0.33,-0.5,-0.68,0.15
A_M_1.9999999999999998_1.0_110,22.18,2.31,0.73,-0.33,-0.5,-0.68,0.15
A_M_1.9999999999999998_1.0_111,23.6,2.31,0.73,-0.33,-0.5,-0.68,0.15
A_M_1.9999999999999998_1.0_112,22.6,2.31,0.73,-0.33,-0.5,-0.68,0.15
A_M_1.9999999999999998_1.0_113,24.46,2.31,0.73,-0.33,-0.5,-0.68,0.15
A_M_1.9999999999999998_1.0_114,23.23,2.31,0.73,-0.33,-0.5,-0.68,0.15
A_M_1.9999999999999998_1.0_115,24.81,2.31,0.73,-0.33,-0.5,-0.68,0.15
A_M_1.9999999999999998_1.0_116,25.48,2.31,0.73,-0.33,-0.5,-0.68,0.15
A_M_1.9999999999999998_1.0_117,23.68,2.31,0.73,-0.33,-0.5,-0.68,0.15
A_M_1.9999999999999998_1.0_118,23.98,2.31,0.73,-0.33,-0.5,-0.68,0.15
A_M_1.9999999999999998_1.0_119,25.51,2.31,0.73,-0.33,-0.5,-0.68,0.15
A_M_1.9999999999999998_1.0_120,24.68,2.31,0.73,-0.33,-0.5,-0.68,0.15
A_M_1.9999999999999998_1.0_121,24.43,2.31,0.73,-0.33,-0.5,-0.68,0.15
A_M_1.9999999999999998_1.0_122,24.59,2.31,0.73,-0.33,-0.5,-0.68,0.15
A_M_1.9999999999999998_1.0_123,25.46,2.31,0.73,-0.33,-0.5,-0.68,0.15
A_M_1.9999999999999998_1.0_124,25.03,2.31,0.73,-0.33,-0.5,-0.68,0.15
A_M_1.9999999999999998_1.0_125,24.08,2.31,0.73,-0.33,-0.5,-0.68,0.15
A_M_1.9999999999999998_1.0_126,25.26,2.31,0.73,-0.33,-0.5,-0.68,0.15
A_M_1.9999999999999998_1.0_127,25.58,2.31,0.73,-0.33,-0.5,-0.68,0.15
A_M_1.9999999999999998_1.0_128,24.09,2.31,0.73,-0.33,-0.5,-0.68,0.15
A_M_1.9999999999999998_1.0_129,21.04,2.31,0.73,-0.33,-0.5,-0.68,0.15
A_M_1.9999999999999998_1.0_130,20.67,2.31,0.73,-0.33,-0.5,-0.68,0.15
A_M_1.9999999999999998_1.0_131,25.49,2.31,0.73,-0.33,-0.5,-0.68,0.15
A_M_1.9999999999999998_1.0_132,24.74,2.31,0.73,-0.33,-0.5,-0.68,0.15
A_M_1.9999999999999998_1.0_133,23.49,2.31,0.73,-0.33,-0.5,-0.68,0.15
A_M_1.9999999999999998_1.0_134,23.41,2.31,0.73,-0.33,-0.5,-0.68,0.15
A_M_1.9999999999999998_1.0_135,24.79,2.31,0.73,-0.33,-0.5,-0.68,0.15
A_M_1.9999999999999998_1.0_136,25.47,2.31,0.73,-0.33,-0.5,-0.68,0.15
A_M_1.9999999999999998_1.0_137,24.79,2.31,0.73,-0.33,-0.5,-0.68,0.15
A_M_1.9999999999999998_1.0_138,24.9,2.31,0.73,-0.33,-0.5,-0.68,0.15
A_M_1.9999999999999998_1.0_139,25.13,2.31,0.73,-0.33,-0.5,-0.68,0.15
A_M_1.9999999999999998_1.0_140,25.11,2.31,0.73,-0.33,-0.5,-0.68,0.15
A_M_1.9999999999999998_1.0_141,24.54,2.31,0.73,-0.33,-0.5,-0.68,0.15
A_M_1.9999999999999998_1.0_142,25.42,2.31,0.73,-0.33,-0.5,-0.68,0.15
A_M_1.9999999999999998_1.0_143,21.6,2.31,0.73,-0.33,-0.5,-0.68,0.15
A_M_1.9999999999999998_1.0_144,20.57,2.31,0.73,-0.33,-0.5,-0.68,0.15
A_M_1.9999999999999998_1.0_145,21.02,2.31,0.73,-0.33,-0.5,-0.68,0.15
A_M_1.9999999999999998_1.0_146,24.19,2.31,0.73,-0.33,-0.5,-0.68,0.15
A_M_1.9999999999999998_1.0_147,25.3,2.31,0.73,-0.33,-0.5,-0.68,0.15
A_M_1.9999999999999998_1.0_148,25.12,2.31,0.73,-0.33,-0.5,-0.68,0.15
A_M_1.9999999999999998_1.0_149,25.06,2.31,0.73,-0.33,-0.5,-0.68,0.15
A_M_1.9999999999999998_1.0_150,24.47,2.31,0.73,-0.33,-0.5,-0.68,0.15
A_M_1.9999999999999998_1.0_151,24.72,2.31,0.73,-0.33,-0.5,-0.68,0.15
A_M_1.9999999999999998_1.0_152,25.12,2.31,0.73,-0.33,-0.5,-0.68,0.15
A_M_1.9999999999999998_1.0_153,24.92,2.31,0.73,-0.33,-0.5,-0.68,0.15
A_M_1.9999999999999998_1.0_154,23.73,2.31,0.73,-0.33,-0.5,-0.68,0.15
A_M_1.9999999999999998_1.0_155,25.5,2.31,0.73,-0.33,-0.5,-0.68,0.15
A_M_1.9999999999999998_1.0_156,25.02,2.31,0.73,-0.33,-0.5,-0.68,0.15
A_M_1.9999999999999998_1.0_157,24.92,2.31,0.73,-0.33,-0.5,-0.68,0.15
A_M_1.9999999999999998_1.0_158,24.78,2.31,0.73,-0.33,-0.5,-0.68,0.15
A_M_1.9999999999999998_1.0_159,25.01,2.31,0.73,-0.33,-0.5,-0.68,0.15
A_M_1.9999999999999998_1.0_160,24.65,2.31,0.73,-0.33,-0.5,-0.68,0.15
A_M_1.9999999999999998_1.0_161,24.23,2.31,0.73,-0.33,-0.5,-0.68,0.15
A_M_1.9999999999999998_1.0_162,23.68,2.31,0.73,-0.33,-0.5,-0.68,0.15
A_M_1.9999999999999998_1.0_163,25.6,2.31,0.73,-0.33,-0.5,-0.68,0.15
A_M_1.9999999999999998_1.0_164,24.34,2.31,0.73,-0.33,-0.5,-0.68,0.15
A_M_1.9999999999999998_1.0_165,21.91,2.31,0.73,-0.33,-0.5,-0.68,0.15
A_M_1.9999999999999998_1.0_166,25.13,2.31,0.73,-0.33,-0.5,-0.68,0.15
A_M_1.9999999999999998_1.0_167,25.17,2.31,0.73,-0.33,-0.5,-0.68,0.15
A_M_1.9999999999999998_1.0_168,24.78,2.31,0.73,-0.33,-0.5,-0.68,0.15
A_M_1.9999999999999998_1.0_169,25.43,2.31,0.73,-0.33,-0.5,-0.68,0.15
A_M_1.9999999999999998_1.0_170,23.4,2.31,0.73,-0.33,-0.5,-0.68,0.15
A_M_1.9999999999999998_1.0_171,24.26,2.31,0.73,-0.33,-0.5,-0.68,0.15
A_M_1.9999999999999998_1.0_172,25.48,2.31,0.73,-0.33,-0.5,-0.68,0.15
A_M_1.9999999999999998_1.0_173,25.34,2.31,0.73,-0.33,-0.5,-0.68,0.15
A_M_1.9999999999999998_1.0_174,21.78,2.31,0.73,-0.33,-0.5,-0.68,0.15
A_M_1.9999999999999998_1.0_175,22.77,2.31,0.73,-0.33,-0.5,-0.68,0.15
A_M_1.9999999999999998_1.0_176,25.18,2.31,0.73,-0.33,-0.5,-0.68,0.15
A_M_1.9999999999999998_1.0_177,24.49,2.31,0.73,-0.33,-0.5,-0.68,0.15
A_M_1.9999999999999998_1.0_178,24.58,2.31,0.73,-0.33,-0.5,-0.68,0.15
A_M_1.9999999999999998_1.0_179,24.95,2.31,0.73,-0.33,-0.5,-0.68,0.15
A_M_1.9999999999999998_1.0_180,24.44,2.31,0.73,-0.33,-0.5,-0.68,0.15
A_M_1.9999999999999998_1.0_181,24.99,2.31,0.73,-0.33,-0.5,-0.68,0.15
A_M_1.9999999999999998_1.0_182,19.56,2.31,0.73,-0.33,-0.5,-0.68,0.15
A_M_1.9999999999999998_1.0_183,22.26,2.31,0.73,-0.33,-0.5,-0.68,0.15
A_M_1.9999999999999998_1.0_184,25.45,2.31,0.73,-0.33,-0.5,-0.68,0.15
A_M_1.9999999999999998_1.0_185,14.36,2.31,0.73,-0.33,-0.5,-0.68,0.15
A_M_1.9999999999999998_1.0_186,25.57,2.31,0.73,-0.33,-0.5,-0.68,0.15
A_M_1.9999999999999998_1.0_187,22.02,2.31,0.73,-0.33,-0.5,-0.68,0.15
A_M_1.9999999999999998_1.0_188,24.54,2.31,0.73,-0.33,-0.5,-0.68,0.15
A_M_1.9999999999999998_1.0_189,23.89,2.31,0.73,-0.33,-0.5,-0.68,0.15
A_M_1.9999999999999998_1.0_190,17.72,2.31,0.73,-0.33,-0.5,-0.68,0.15
A_M_1.9999999999999998_1.0_191,21.49,2.31,0.73,-0.33,-0.5,-0.68,0.15
A_M_1.9999999999999998_1.0_192,25.04,2.31,0.73,-0.33,-0.5,-0.68,0.15
A_M_1.9999999999999998_1.0_193,25.01,2.31,0.73,-0.33,-0.5,-0.68,0.15
A_M_1.9999999999999998_1.0_194,21.7,2.31,0.73,-0.33,-0.5,-0.68,0.15
A_M_1.9999999999999998_1.0_195,25.5,2.31,0.73,-0.33,-0.5,-0.68,0.15
A_M_1.9999999999999998_1.0_196,25.41,2.31,0.73,-0.33,-0.5,-0.68,0.15
A_M_1.9999999999999998_1.0_197,24.99,2.31,0.73,-0.33,-0.5,-0.68,0.15
A_M_1.9999999999999998_1.0_198,25.14,2.31,0.73,-0.33,-0.5,-0.68,0.15
A_M_1.9999999999999998_1.0_199,24.88,2.31,0.73,-0.33,-0.5,-0.68,0.15
A_M_1.9999999999999998_1.0_200,21.77,2.31,0.73,-0.33,-0.5,-0.68,0.15
A_M_1.9999999999999998_1.0_201,24.95,2.31,0.73,-0.33,-0.5,-0.68,0.15
A_M_1.9999999999999998_1.0_202,24.79,2.31,0.73,-0.33,-0.5,-0.68,0.15
A_M_1.9999999999999998_1.0_203,24.64,2.31,0.73,-0.33,-0.5,-0.68,0.15
A_M_1.9999999999999998_1.0_204,25.49,2.31,0.73,-0.33,-0.5,-0.68,0.15
A_M_1.9999999999999998_1.0_205,25.6,2.31,0.73,-0.33,-0.5,-0.68,0.15
A_M_1.9999999999999998_1.0_206,25.57,2.31,0.73,-0.33,-0.5,-0.68,0.15
A_M_1.9999999999999998_1.0_207,24.9,2.31,0.73,-0.33,-0.5,-0.68,0.15
A_M_1.9999999999999998_1.0_208,14.6,2.31,0.73,-0.33,-0.5,-0.68,0.15
A_M_1.9999999999999998_1.0_209,25.42,2.31,0.73,-0.33,-0.5,-0.68,0.15
A_M_1.9999999999999998_1.0_210,24.31,2.31,0.73,-0.33,-0.5,-0.68,0.15
A_M_1.9999999999999998_1.0_211,19.03,2.31,0.73,-0.33,-0.5,-0.68,0.15
A_M_1.9999999999999998_1.0_212,23.09,2.31,0.73,-0.33,-0.5,-0.68,0.15
A_M_1.9999999999999998_1.0_213,25.24,2.31,0.73,-0.33,-0.5,-0.68,0.15
A_M_1.9999999999999998_1.0_214,23.58,2.31,0.73,-0.33,-0.5,-0.68,0.15
A_M_1.9999999999999998_1.0_215,25.35,2.31,0.73,-0.33,-0.5,-0.68,0.15
A_M_1.9999999999999998_1.0_216,25.32,2.31,0.73,-0.33,-0.5,-0.68,0.15
A_M_1.9999999999999998_1.0_217,23.22,2.31,0.73,-0.33,-0.5,-0.68,0.15
A_M_1.9999999999999998_1.0_218,25.12,2.31,0.73,-0.33,-0.5,-0.68,0.15
A_M_1.9999999999999998_1.0_219,25.47,2.31,0.73,-0.33,-0.5,-0.68,0.15
A_M_1.9999999999999998_1.0_220,24.94,2.31,0.73,-0.33,-0.5,-0.68,0.15
A_M_1.9999999999999998_1.0_221,25.51,2.31,0.73,-0.33,-0.5,-0.68,0.15
A_M_1.9999999999999998_1.0_222,24.55,2.31,0.73,-0.33,-0.5,-0.68,0.15
A_M_1.9999999999999998_1.0_223,24.91,2.31,0.73,-0.33,-0.5,-0.68,0.15
A_M_1.9999999999999998_1.0_224,19.9,2.31,0.73,-0.33,-0.5,-0.68,0.15
A_M_1.9999999999999998_1.0_225,25.51,2.31,0.73,-0.33,-0.5,-0.68,0.15
A_M_1.9999999999999998_1.0_226,25.56,2.31,0.73,-0.33,-0.5,-0.68,0.15
A_M_1.9999999999999998_1.0_227,25.08,2.31,0.73,-0.33,-0.5,-0.68,0.15
A_M_1.9999999999999998_1.0_228,23.39,2.31,0.73,-0.33,-0.5,-0.68,0.15
A_M_1.9999999999999998_1.0_229,21.6,2.31,0.73,-0.33,-0.5,-0.68,0.15
A_M_1.9999999999999998_1.0_230,24.76,2.31,0.73,-0.33,-0.5,-0.68,0.15
A_M_1.9999999999999998_1.0_231,25.2,2.31,0.73,-0.33,-0.5,-0.68,0.15
A_M_1.9999999999999998_1.0_232,23.82,2.31,0.73,-0.33,-0.5,-0.68,0.15
A_M_1.9999999999999998_1.0_233,23.96,2.31,0.73,-0.33,-0.5,-0.68,0.15
A_M_1.9999999999999998_1.0_234,23.07,2.31,0.73,-0.33,-0.5,-0.68,0.15
A_M_1.9999999999999998_1.0_235,25.08,2.31,0.73,-0.33,-0.5,-0.68,0.15
A_M_1.9999999999999998_1.0_236,23.29,2.31,0.73,-0.33,-0.5,-0.68,0.15
A_M_1.9999999999999998_1.0_237,25.5,2.31,0.73,-0.33,-0.5,-0.68,0.15
A_M_1.9999999999999998_1.0_238,23.47,2.31,0.73,-0.33,-0.5,-0.68,0.15
A_M_1.9999999999999998_1.0_239,25.02,2.31,0.73,-0.33,-0.5,-0.68,0.15
A_M_1.9999999999999998_1.0_240,24.44,2.31,0.73,-0.33,-0.5,-0.68,0.15
A_M_1.9999999999999998_1.0_241,23.04,2.31,0.73,-0.33,-0.5,-0.68,0.15
A_M_1.9999999999999998_1.0_242,22.46,2.31,0.73,-0.33,-0.5,-0.68,0.15
A_M_1.9999999999999998_1.0_243,22.42,2.31,0.73,-0.33,-0.5,-0.68,0.15
A_M_1.9999999999999998_1.0_244,25.55,2.31,0.73,-0.33,-0.5,-0.68,0.15
A_M_1.9999999999999998_1.0_245,23.85,2.31,0.73,-0.33,-0.5,-0.68,0.15
A_M_1.9999999999999998_1.0_246,24.29,2.31,0.73,-0.33,-0.5,-0.68,0.15
A_M_1.9999999999999998_1.0_247,23.84,2.31,0.73,-0.33,-0.5,-0.68,0.15
A_M_1.9999999999999998_1.0_248,25.6,2.31,0.73,-0.33,-0.5,-0.68,0.15
A_M_1.9999999999999998_1.0_249,25.56,2.31,0.73,-0.33,-0.5,-0.68,0.15
A_M_1.9999999999999998_1.0_250,22.25,2.31,0.73,-0.33,-0.5,-0.68,0.15
A_M_1.9999999999999998_1.0_251,19.94,2.31,0.73,-0.33,-0.5,-0.68,0.15
A_M_1.9999999999999998_1.0_252,22.39,2.31,0.73,-0.33,-0.5,-0.68,0.15
A_M_1.9999999999999998_1.0_253,23.67,2.31,0.73,-0.33,-0.5,-0.68,0.15
A_M_1.9999999999999998_1.0_254,25.25,2.31,0.73,-0.33,-0.5,-0.68,0.15
A_M_1.9999999999999998_1.0_255,24.41,2.31,0.73,-0.33,-0.5,-0.68,0.15
A_M_1.9999999999999998_1.0_256,25.47,2.31,0.73,-0.33,-0.5,-0.68,0.15
A_M_1.9999999999999998_1.0_257,25.21,2.31,0.73,-0.33,-0.5,-0.68,0.15
A_M_1.9999999999999998_1.0_258,25.24,2.31,0.73,-0.33,-0.5,-0.68,0.15
A_M_1.9999999999999998_1.0_259,25.47,2.31,0.73,-0.33,-0.5,-0.68,0.15
A_M_1.9999999999999998_1.0_260,23.25,2.31,0.73,-0.33,-0.5,-0.68,0.15
A_M_1.9999999999999998_1.0_261,24.3,2.31,0.73,-0.33,-0.5,-0.68,0.15
A_M_1.9999999999999998_1.0_262,25.52,2.31,0.73,-0.33,-0.5,-0.68,0.15
A_M_1.9999999999999998_1.0_263,25.11,2.31,0.73,-0.33,-0.5,-0.68,0.15
A_M_1.9999999999999998_1.0_264,24.0,2.31,0.73,-0.33,-0.5,-0.68,0.15
A_M_1.9999999999999998_1.0_265,25.43,2.31,0.73,-0.33,-0.5,-0.68,0.15
A_M_1.9999999999999998_1.0_266,22.09,2.31,0.73,-0.33,-0.5,-0.68,0.15
A_M_1.9999999999999998_1.0_267,22.02,2.31,0.73,-0.33,-0.5,-0.68,0.15
A_M_1.9999999999999998_1.0_268,20.69,2.31,0.73,-0.33,-0.5,-0.68,0.15
A_M_1.9999999999999998_1.0_269,24.21,2.31,0.73,-0.33,-0.5,-0.68,0.15
A_M_1.9999999999999998_1.0_270,25.28,2.31,0.73,-0.33,-0.5,-0.68,0.15
A_M_1.9999999999999998_1.0_271,25.37,2.31,0.73,-0.33,-0.5,-0.68,0.15
A_M_1.9999999999999998_1.0_272,24.63,2.31,0.73,-0.33,-0.5,-0.68,0.15
A_M_1.9999999999999998_1.0_273,21.9,2.31,0.73,-0.33,-0.5,-0.68,0.15
A_M_1.9999999999999998_1.0_274,21.97,2.31,0.73,-0.33,-0.5,-0.68,0.15
A_M_1.9999999999999998_1.0_275,25.45,2.31,0.73,-0.33,-0.5,-0.68,0.15
A_M_1.9999999999999998_1.0_276,25.59,2.31,0.73,-0.33,-0.5,-0.68,0.15
A_M_1.9999999999999998_1.0_277,24.12,2.31,0.73,-0.33,-0.5,-0.68,0.15
A_M_1.9999999999999998_1.0_278,25.12,2.31,0.73,-0.33,-0.5,-0.68,0.15
A_M_1.9999999999999998_1.0_279,21.71,2.31,0.73,-0.33,-0.5,-0.68,0.15
A_M_1.9999999999999998_1.0_280,23.92,2.31,0.73,-0.33,-0.5,-0.68,0.15
A_M_1.9999999999999998_1.0_281,24.9,2.31,0.73,-0.33,-0.5,-0.68,0.15
A_M_1.9999999999999998_1.0_282,23.6,2.31,0.73,-0.33,-0.5,-0.68,0.15
A_M_1.9999999999999998_1.0_283,24.31,2.31,0.73,-0.33,-0.5,-0.68,0.15
A_M_1.9999999999999998_1.0_284,25.27,2.31,0.73,-0.33,-0.5,-0.68,0.15
A_M_1.9999999999999998_1.0_285,23.23,2.31,0.73,-0.33,-0.5,-0.68,0.15
A_M_1.9999999999999998_1.0_286,24.92,2.31,0.73,-0.33,-0.5,-0.68,0.15
A_M_1.9999999999999998_1.0_287,24.88,2.31,0.73,-0.33,-0.5,-0.68,0.15
A_M_1.9999999999999998_1.0_288,21.56,2.31,0.73,-0.33,-0.5,-0.68,0.15
A_M_1.9999999999999998_1.0_289,24.51,2.31,0.73,-0.33,-0.5,-0.68,0.15
A_M_1.9999999999999998_1.0_290,24.36,2.31,0.73,-0.33,-0.5,-0.68,0.15
A_M_1.9999999999999998_1.0_291,23.65,2.31,0.73,-0.33,-0.5,-0.68,0.15
A_M_1.9999999999999998_1.0_292,20.5,2.31,0.73,-0.33,-0.5,-0.68,0.15
A_M_1.9999999999999998_1.0_293,23.94,2.31,0.73,-0.33,-0.5,-0.68,0.15
A_M_1.9999999999999998_1.0_294,17.66,2.31,0.73,-0.33,-0.5,-0.68,0.15
A_M_1.9999999999999998_1.0_295,20.09,2.31,0.73,-0.33,-0.5,-0.68,0.15
A_M_1.9999999999999998_1.0_296,24.76,2.31,0.73,-0.33,-0.5,-0.68,0.15
A_M_1.9999999999999998_1.0_297,24.85,2.31,0.73,-0.33,-0.5,-0.68,0.15
A_M_1.9999999999999998_1.0_298,21.34,2.31,0.73,-0.33,-0.5,-0.68,0.15
A_M_1.9999999999999998_1.0_299,25.48,2.31,0.73,-0.33,-0.5,-0.68,0.15
A_M_1.9999999999999998_1.0_300,23.67,2.31,0.73,-0.33,-0.5,-0.68,0.15
A_M_1.9999999999999998_1.0_301,24.65,2.31,0.73,-0.33,-0.5,-0.68,0.15
A_M_1.9999999999999998_1.0_302,25.28,2.31,0.73,-0.33,-0.5,-0.68,0.15
A_M_1.9999999999999998_1.0_303,25.5,2.31,0.73,-0.33,-0.5,-0.68,0.15
A_M_1.9999999999999998_1.0_304,22.3,2.31,0.73,-0.33,-0.5,-0.68,0.15
A_M_1.9999999999999998_1.0_305,20.75,2.31,0.73,-0.33,-0.5,-0.68,0.15
A_M_1.9999999999999998_1.0_306,25.33,2.31,0.73,-0.33,-0.5,-0.68,0.15
A_M_1.9999999999999998_1.0_307,25.6,2.31,0.73,-0.33,-0.5,-0.68,0.15
A_M_1.9999999999999998_1.0_308,23.33,2.31,0.73,-0.33,-0.5,-0.68,0.15
A_M_1.9999999999999998_1.0_309,25.55,2.31,0.73,-0.33,-0.5,-0.68,0.15
A_M_1.9999999999999998_1.0_310,24.19,2.31,0.73,-0.33,-0.5,-0.68,0.15
A_M_1.9999999999999998_1.0_311,24.77,2.31,0.73,-0.33,-0.5,-0.68,0.15
A_M_1.9999999999999998_1.0_312,25.02,2.31,0.73,-0.33,-0.5,-0.68,0.15
A_M_1.9999999999999998_1.0_313,23.99,2.31,0.73,-0.33,-0.5,-0.68,0.15
A_M_1.9999999999999998_1.0_314,19.73,2.31,0.73,-0.33,-0.5,-0.68,0.15
A_M_1.9999999999999998_1.0_315,25.32,2.31,0.73,-0.33,-0.5,-0.68,0.15
A_M_1.9999999999999998_1.0_316,25.41,2.31,0.73,-0.33,-0.5,-0.68,0.15
A_M_1.9999999999999998_1.0_317,24.41,2.31,0.73,-0.33,-0.5,-0.68,0.15
A_M_1.9999999999999998_1.0_318,25.54,2.31,0.73,-0.33,-0.5,-0.68,0.15
A_M_1.9999999999999998_1.0_319,24.81,2.31,0.73,-0.33,-0.5,-0.68,0.15
A_M_1.9999999999999998_1.0_320,25.46,2.31,0.73,-0.33,-0.5,-0.68,0.15
A_M_1.9999999999999998_1.0_321,22.26,2.31,0.73,-0.33,-0.5,-0.68,0.15
A_M_1.9999999999999998_1.0_322,23.25,2.31,0.73,-0.33,-0.5,-0.68,0.15
A_M_1.9999999999999998_1.0_323,23.17,2.31,0.73,-0.33,-0.5,-0.68,0.15
A_M_1.9999999999999998_1.0_324,23.96,2.31,0.73,-0.33,-0.5,-0.68,0.15
A_M_1.9999999999999998_1.0_325,24.61,2.31,0.73,-0.33,-0.5,-0.68,0.15
A_M_1.9999999999999998_1.0_326,23.74,2.31,0.73,-0.33,-0.5,-0.68,0.15
A_M_1.9999999999999998_1.0_327,25.4,2.31,0.73,-0.33,-0.5,-0.68,0.15
A_M_1.9999999999999998_1.0_328,25.02,2.31,0.73,-0.33,-0.5,-0.68,0.15
A_M_1.9999999999999998_1.0_329,23.9,2.31,0.73,-0.33,-0.5,-0.68,0.15
A_M_1.9999999999999998_1.0_330,25.56,2.31,0.73,-0.33,-0.5,-0.68,0.15
A_M_1.9999999999999998_1.0_331,23.38,2.31,0.73,-0.33,-0.5,-0.68,0.15
A_M_1.9999999999999998_1.0_332,25.35,2.31,0.73,-0.33,-0.5,-0.68,0.15
A_M_1.9999999999999998_1.0_333,24.36,2.31,0.73,-0.33,-0.5,-0.68,0.15
A_M_1.9999999999999998_1.0_334,22.69,2.31,0.73,-0.33,-0.5,-0.68,0.15
A_M_1.9999999999999998_1.0_335,25.58,2.31,0.73,-0.33,-0.5,-0.68,0.15
A_M_1.9999999999999998_1.0_336,23.22,2.31,0.73,-0.33,-0.5,-0.68,0.15
A_M_1.9999999999999998_1.0_337,21.01,2.31,0.73,-0.33,-0.5,-0.68,0.15
A_M_1.9999999999999998_1.0_338,25.27,2.31,0.73,-0.33,-0.5,-0.68,0.15
A_M_1.9999999999999998_1.0_339,22.53,2.31,0.73,-0.33,-0.5,-0.68,0.15
A_M_1.9999999999999998_1.0_340,24.79,2.31,0.73,-0.33,-0.5,-0.68,0.15
A_M_1.9999999999999998_1.0_341,25.14,2.31,0.73,-0.33,-0.5,-0.68,0.15
A_M_1.9999999999999998_1.0_342,20.65,2.31,0.73,-0.33,-0.5,-0.68,0.15
A_M_1.9999999999999998_1.0_343,25.3,2.31,0.73,-0.33,-0.5,-0.68,0.15
A_M_1.9999999999999998_1.0_344,24.94,2.31,0.73,-0.33,-0.5,-0.68,0.15
A_M_1.9999999999999998_1.0_345,25.52,2.31,0.73,-0.33,-0.5,-0.68,0.15
A_M_1.9999999999999998_1.0_346,23.91,2.31,0.73,-0.33,-0.5,-0.68,0.15
A_M_1.9999999999999998_1.0_347,24.95,2.31,0.73,-0.33,-0.5,-0.68,0.15
A_M_1.9999999999999998_1.0_348,21.87,2.31,0.73,-0.33,-0.5,-0.68,0.15
A_M_1.9999999999999998_1.0_349,25.61,2.31,0.73,-0.33,-0.5,-0.68,0.15
A_M_1.9999999999999998_1.0_350,25.45,2.31,0.73,-0.33,-0.5,-0.68,0.15
A_M_1.9999999999999998_1.0_351,23.57,2.31,0.73,-0.33,-0.5,-0.68,0.15
A_M_1.9999999999999998_1.0_352,23.38,2.31,0.73,-0.33,-0.5,-0.68,0.15
A_M_1.9999999999999998_1.0_353,24.8,2.31,0.73,-0.33,-0.5,-0.68,0.15
A_M_1.9999999999999998_1.0_354,20.19,2.31,0.73,-0.33,-0.5,-0.68,0.15
A_M_1.9999999999999998_1.0_355,24.56,2.31,0.73,-0.33,-0.5,-0.68,0.15
A_M_1.9999999999999998_1.0_356,23.86,2.31,0.73,-0.33,-0.5,-0.68,0.15
A_M_1.9999999999999998_1.0_357,24.62,2.31,0.73,-0.33,-0.5,-0.68,0.15
A_M_1.9999999999999998_1.0_358,25.52,2.31,0.73,-0.33,-0.5,-0.68,0.15
A_M_1.9999999999999998_1.0_359,25.55,2.31,0.73,-0.33,-0.5,-0.68,0.15
A_M_1.9999999999999998_1.0_360,25.57,2.31,0.73,-0.33,-0.5,-0.68,0.15
A_M_1.9999999999999998_1.0_361,23.55,2.31,0.73,-0.33,-0.5,-0.68,0.15
A_M_1.9999999999999998_1.0_362,25.24,2.31,0.73,-0.33,-0.5,-0.68,0.15
A_M_1.9999999999999998_1.0_363,24.33,2.31,0.73,-0.33,-0.5,-0.68,0.15
A_M_1.9999999999999998_1.0_364,25.42,2.31,0.73,-0.33,-0.5,-0.68,0.15
A_M_1.9999999999999998_1.0_365,23.91,2.31,0.73,-0.33,-0.5,-0.68,0.15
A_M_1.9999999999999998_1.0_366,24.96,2.31,0.73,-0.33,-0.5,-0.68,0.15
A_M_1.9999999999999998_1.0_367,24.56,2.31,0.73,-0.33,-0.5,-0.68,0.15
A_M_1.9999999999999998_1.0_368,23.89,2.31,0.73,-0.33,-0.5,-0.68,0.15
A_M_1.9999999999999998_1.0_369,25.27,2.31,0.73,-0.33,-0.5,-0.68,0.15
A_M_1.9999999999999998_1.0_370,25.45,2.31,0.73,-0.33,-0.5,-0.68,0.15
A_M_1.9999999999999998_1.0_371,24.68,2.31,0.73,-0.33,-0.5,-0.68,0.15
A_M_1.9999999999999998_1.0_372,24.76,2.31,0.73,-0.33,-0.5,-0.68,0.15
A_M_1.9999999999999998_1.0_373,25.55,2.31,0.73,-0.33,-0.5,-0.68,0.15
A_M_1.9999999999999998_1.0_374,23.66,2.31,0.73,-0.33,-0.5,-0.68,0.15
A_M_1.9999999999999998_1.0_375,24.3,2.31,0.73,-0.33,-0.5,-0.68,0.15
A_M_1.9999999999999998_1.0_376,24.09,2.31,0.73,-0.33,-0.5,-0.68,0.15
A_M_1.9999999999999998_1.0_377,24.88,2.31,0.73,-0.33,-0.5,-0.68,0.15
A_M_1.9999999999999998_1.0_378,23.16,2.31,0.73,-0.33,-0.5,-0.68,0.15
A_M_1.9999999999999998_1.0_379,21.18,2.31,0.73,-0.33,-0.5,-0.68,0.15
A_M_1.9999999999999998_1.0_380,22.43,2.31,0.73,-0.33,-0.5,-0.68,0.15
A_M_1.9999999999999998_1.0_381,24.86,2.31,0.73,-0.33,-0.5,-0.68,0.15
A_M_1.9999999999999998_1.0_382,23.75,2.31,0.73,-0.33,-0.5,-0.68,0.15
A_M_1.9999999999999998_1.0_383,25.43,2.31,0.73,-0.33,-0.5,-0.68,0.15
A_M_1.9999999999999998_1.0_384,25.02,2.31,0.73,-0.33,-0.5,-0.68,0.15
A_M_1.9999999999999998_1.0_385,24.89,2.31,0.73,-0.33,-0.5,-0.68,0.15
A_M_1.9999999999999998_1.0_386,25.48,2.31,0.73,-0.33,-0.5,-0.68,0.15
A_M_1.9999999999999998_1.0_387,25.3,2.31,0.73,-0.33,-0.5,-0.68,0.15
A_M_1.9999999999999998_1.0_388,23.8,2.31,0.73,-0.33,-0.5,-0.68,0.15
A_M_1.9999999999999998_1.0_389,23.18,2.31,0.73,-0.33,-0.5,-0.68,0.15
A_M_1.9999999999999998_1.0_390,24.58,2.31,0.73,-0.33,-0.5,-0.68,0.15
A_M_1.9999999999999998_1.0_391,25.29,2.31,0.73,-0.33,-0.5,-0.68,0.15
A_M_1.9999999999999998_1.0_392,25.09,2.31,0.73,-0.33,-0.5,-0.68,0.15
A_M_1.9999999999999998_1.0_393,25.61,2.31,0.73,-0.33,-0.5,-0.68,0.15
A_M_1.9999999999999998_1.0_394,21.04,2.31,0.73,-0.33,-0.5,-0.68,0.15
A_M_1.9999999999999998_1.0_395,25.27,2.31,0.73,-0.33,-0.5,-0.68,0.15
A_M_1.9999999999999998_1.0_396,24.63,2.31,0.73,-0.33,-0.5,-0.68,0.15
A_M_1.9999999999999998_1.0_397,22.56,2.31,0.73,-0.33,-0.5,-0.68,0.15
A_M_1.9999999999999998_1.0_398,23.72,2.31,0.73,-0.33,-0.5,-0.68,0.15
A_M_1.9999999999999998_1.0_399,23.84,2.31,0.73,-0.33,-0.5,-0.68,0.15
A_M_1.9999999999999998_1.0_400,23.8,2.31,0.73,-0.33,-0.5,-0.68,0.15
A_M_1.9999999999999998_1.0_401,25.58,2.31,0.73,-0.33,-0.5,-0.68,0.15
A_M_1.9999999999999998_1.0_402,24.65,2.31,0.73,-0.33,-0.5,-0.68,0.15
A_M_1.9999999999999998_1.0_403,22.44,2.31,0.73,-0.33,-0.5,-0.68,0.15
A_M_1.9999999999999998_1.0_404,25.47,2.31,0.73,-0.33,-0.5,-0.68,0.15
A_M_1.9999999999999998_1.0_405,24.1,2.31,0.73,-0.33,-0.5,-0.68,0.15
A_M_1.9999999999999998_1.0_406,25.3,2.31,0.73,-0.33,-0.5,-0.68,0.15
A_M_1.9999999999999998_1.0_407,21.85,2.31,0.73,-0.33,-0.5,-0.68,0.15
A_M_1.9999999999999998_1.0_408,23.5,2.31,0.73,-0.33,-0.5,-0.68,0.15
A_M_1.9999999999999998_1.0_409,25.57,2.31,0.73,-0.33,-0.5,-0.68,0.15
A_M_1.9999999999999998_1.0_410,15.45,2.31,0.73,-0.33,-0.5,-0.68,0.15
A_M_1.9999999999999998_1.0_411,24.49,2.31,0.73,-0.33,-0.5,-0.68,0.15
A_M_1.9999999999999998_1.0_412,25.55,2.31,0.73,-0.33,-0.5,-0.68,0.15
A_M_1.9999999999999998_1.0_413,25.32,2.31,0.73,-0.33,-0.5,-0.68,0.15
A_M_1.9999999999999998_1.0_414,24.14,2.31,0.73,-0.33,-0.5,-0.68,0.15
A_M_1.9999999999999998_1.0_415,18.59,2.31,0.73,-0.33,-0.5,-0.68,0.15
A_M_1.9999999999999998_1.0_416,25.17,2.31,0.73,-0.33,-0.5,-0.68,0.15
A_M_1.9999999999999998_1.0_417,22.68,2.31,0.73,-0.33,-0.5,-0.68,0.15
A_M_1.9999999999999998_1.0_418,23.36,2.31,0.73,-0.33,-0.5,-0.68,0.15
A_M_1.9999999999999998_1.0_419,22.66,2.31,0.73,-0.33,-0.5,-0.68,0.15
A_M_1.9999999999999998_1.0_420,25.16,2.31,0.73,-0.33,-0.5,-0.68,0.15
A_M_1.9999999999999998_1.0_421,24.5,2.31,0.73,-0.33,-0.5,-0.68,0.15
A_M_1.9999999999999998_1.0_422,25.57,2.31,0.73,-0.33,-0.5,-0.68,0.15
A_M_1.9999999999999998_1.0_423,24.7,2.31,0.73,-0.33,-0.5,-0.68,0.15
A_M_1.9999999999999998_1.0_424,25.1,2.31,0.73,-0.33,-0.5,-0.68,0.15
A_M_1.9999999999999998_1.0_425,22.77,2.31,0.73,-0.33,-0.5,-0.68,0.15
A_M_1.9999999999999998_1.0_426,23.8,2.31,0.73,-0.33,-0.5,-0.68,0.15
A_M_1.9999999999999998_1.0_427,24.25,2.31,0.73,-0.33,-0.5,-0.68,0.15
A_M_1.9999999999999998_1.0_428,20.98,2.31,0.73,-0.33,-0.5,-0.68,0.15
A_M_1.9999999999999998_1.0_429,25.06,2.31,0.73,-0.33,-0.5,-0.68,0.15
A_M_1.9999999999999998_1.0_430,23.28,2.31,0.73,-0.33,-0.5,-0.68,0.15
A_M_1.9999999999999998_1.0_431,24.32,2.31,0.73,-0.33,-0.5,-0.68,0.15
A_M_1.9999999999999998_1.0_432,22.32,2.31,0.73,-0.33,-0.5,-0.68,0.15
A_M_1.9999999999999998_1.0_433,24.76,2.31,0.73,-0.33,-0.5,-0.68,0.15
A_M_1.9999999999999998_1.0_434,25.24,2.31,0.73,-0.33,-0.5,-0.68,0.15
A_M_1.9999999999999998_1.0_435,22.01,2.31,0.73,-0.33,-0.5,-0.68,0.15
A_M_1.9999999999999998_1.0_436,22.43,2.31,0.73,-0.33,-0.5,-0.68,0.15
A_M_1.9999999999999998_1.0_437,24.1,2.31,0.73,-0.33,-0.5,-0.68,0.15
A_M_1.9999999999999998_1.0_438,25.38,2.31,0.73,-0.33,-0.5,-0.68,0.15
A_M_1.9999999999999998_1.0_439,21.31,2.31,0.73,-0.33,-0.5,-0.68,0.15
A_M_1.9999999999999998_1.0_440,25.19,2.31,0.73,-0.33,-0.5,-0.68,0.15
A_M_1.9999999999999998_1.0_441,24.9,2.31,0.73,-0.33,-0.5,-0.68,0.15
A_M_1.9999999999999998_1.0_442,23.44,2.31,0.73,-0.33,-0.5,-0.68,0.15
A_M_1.9999999999999998_1.0_443,24.58,2.31,0.73,-0.33,-0.5,-0.68,0.15
A_M_1.9999999999999998_1.0_444,20.7,2.31,0.73,-0.33,-0.5,-0.68,0.15
A_M_1.9999999999999998_1.0_445,22.9,2.31,0.73,-0.33,-0.5,-0.68,0.15
A_M_1.9999999999999998_1.0_446,25.13,2.31,0.73,-0.33,-0.5,-0.68,0.15
A_M_1.9999999999999998_1.0_447,24.17,2.31,0.73,-0.33,-0.5,-0.68,0.15
A_M_1.9999999999999998_1.0_448,25.36,2.31,0.73,-0.33,-0.5,-0.68,0.15
A_M_1.9999999999999998_1.0_449,24.42,2.31,0.73,-0.33,-0.5,-0.68,0.15
A_M_1.9999999999999998_1.0_450,21.52,2.31,0.73,-0.33,-0.5,-0.68,0.15
A_M_1.9999999999999998_1.0_451,23.08,2.31,0.73,-0.33,-0.5,-0.68,0.15
A_M_1.9999999999999998_1.0_452,25.47,2.31,0.73,-0.33,-0.5,-0.68,0.15
A_M_1.9999999999999998_1.0_453,25.03,2.31,0.73,-0.33,-0.5,-0.68,0.15
A_M_1.9999999999999998_1.0_454,24.18,2.31,0.73,-0.33,-0.5,-0.68,0.15
A_M_1.9999999999999998_1.0_455,25.11,2.31,0.73,-0.33,-0.5,-0.68,0.15
A_M_1.9999999999999998_1.0_456,24.99,2.31,0.73,-0.33,-0.5,-0.68,0.15
A_M_1.9999999999999998_1.0_457,25.02,2.31,0.73,-0.33,-0.5,-0.68,0.15
A_M_1.9999999999999998_1.0_458,24.71,2.31,0.73,-0.33,-0.5,-0.68,0.15
A_M_1.9999999999999998_1.0_459,22.53,2.31,0.73,-0.33,-0.5,-0.68,0.15
A_M_1.9999999999999998_1.0_460,24.9,2.31,0.73,-0.33,-0.5,-0.68,0.15
A_M_1.9999999999999998_1.0_461,23.23,2.31,0.73,-0.33,-0.5,-0.68,0.15
A_M_1.9999999999999998_1.0_462,23.25,2.31,0.73,-0.33,-0.5,-0.68,0.15
A_M_1.9999999999999998_1.0_463,24.68,2.31,0.73,-0.33,-0.5,-0.68,0.15
A_M_1.9999999999999998_1.0_464,22.16,2.31,0.73,-0.33,-0.5,-0.68,0.15
A_M_1.9999999999999998_1.0_465,24.12,2.31,0.73,-0.33,-0.5,-0.68,0.15
A_M_1.9999999999999998_1.0_466,25.3,2.31,0.73,-0.33,-0.5,-0.68,0.15
A_M_1.9999999999999998_1.0_467,24.65,2.31,0.73,-0.33,-0.5,-0.68,0.15
A_M_1.9999999999999998_1.0_468,23.91,2.31,0.73,-0.33,-0.5,-0.68,0.15
A_M_1.9999999999999998_1.0_469,23.07,2.31,0.73,-0.33,-0.5,-0.68,0.15
A_M_1.9999999999999998_1.0_470,24.79,2.31,0.73,-0.33,-0.5,-0.68,0.15
A_M_1.9999999999999998_1.0_471,24.07,2.31,0.73,-0.33,-0.5,-0.68,0.15
A_M_1.9999999999999998_1.0_472,19.46,2.31,0.73,-0.33,-0.5,-0.68,0.15
A_M_1.9999999999999998_1.0_473,24.78,2.31,0.73,-0.33,-0.5,-0.68,0.15
A_M_1.9999999999999998_1.0_474,25.43,2.31,0.73,-0.33,-0.5,-0.68,0.15
A_M_1.9999999999999998_1.0_475,24.86,2.31,0.73,-0.33,-0.5,-0.68,0.15
A_M_1.9999999999999998_1.0_476,24.77,2.31,0.73,-0.33,-0.5,-0.68,0.15
A_M_1.9999999999999998_1.0_477,23.81,2.31,0.73,-0.33,-0.5,-0.68,0.15
A_M_1.9999999999999998_1.0_478,23.79,2.31,0.73,-0.33,-0.5,-0.68,0.15
A_M_1.9999999999999998_1.0_479,24.36,2.31,0.73,-0.33,-0.5,-0.68,0.15
A_M_1.9999999999999998_1.0_480,24.29,2.31,0.73,-0.33,-0.5,-0.68,0.15
A_M_1.9999999999999998_1.0_481,25.38,2.31,0.73,-0.33,-0.5,-0.68,0.15
A_M_1.9999999999999998_1.0_482,25.54,2.31,0.73,-0.33,-0.5,-0.68,0.15
A_M_1.9999999999999998_1.0_483,24.94,2.31,0.73,-0.33,-0.5,-0.68,0.15
A_M_1.9999999999999998_1.0_484,25.32,2.31,0.73,-0.33,-0.5,-0.68,0.15
A_M_1.9999999999999998_1.0_485,24.86,2.31,0.73,-0.33,-0.5,-0.68,0.15
A_M_1.9999999999999998_1.0_486,25.5,2.31,0.73,-0.33,-0.5,-0.68,0.15
A_M_1.9999999999999998_1.0_487,22.92,2.31,0.73,-0.33,-0.5,-0.68,0.15
A_M_1.9999999999999998_1.0_488,25.55,2.31,0.73,-0.33,-0.5,-0.68,0.15
A_M_1.9999999999999998_1.0_489,25.39,2.31,0.73,-0.33,-0.5,-0.68,0.15
A_M_1.9999999999999998_1.0_490,24.65,2.31,0.73,-0.33,-0.5,-0.68,0.15
A_M_1.9999999999999998_1.0_491,25.31,2.31,0.73,-0.33,-0.5,-0.68,0.15
A_M_1.9999999999999998_1.0_492,24.77,2.31,0.73,-0.33,-0.5,-0.68,0.15
A_M_1.9999999999999998_1.0_493,22.99,2.31,0.73,-0.33,-0.5,-0.68,0.15
A_M_1.9999999999999998_1.0_494,22.77,2.31,0.73,-0.33,-0.5,-0.68,0.15
A_M_1.9999999999999998_1.0_495,23.18,2.31,0.73,-0.33,-0.5,-0.68,0.15
A_M_1.9999999999999998_1.0_496,24.49,2.31,0.73,-0.33,-0.5,-0.68,0.15
A_M_1.9999999999999998_1.0_497,25.27,2.31,0.73,-0.33,-0.5,-0.68,0.15
A_M_1.9999999999999998_1.0_498,23.92,2.31,0.73,-0.33,-0.5,-0.68,0.15
A_M_1.9999999999999998_1.0_499,24.28,2.31,0.73,-0.33,-0.5,-0.68,0.15
A_M_1.9999999999999998_1.0_500,23.79,2.31,0.73,-0.33,-0.5,-0.68,0.15
A_M_1.9999999999999998_1.0_501,24.33,2.31,0.73,-0.33,-0.5,-0.68,0.15
A_M_1.9999999999999998_1.0_502,24.8,2.31,0.73,-0.33,-0.5,-0.68,0.15
A_M_1.9999999999999998_1.0_503,22.84,2.31,0.73,-0.33,-0.5,-0.68,0.15
A_M_1.9999999999999998_1.0_504,24.91,2.31,0.73,-0.33,-0.5,-0.68,0.15
A_M_1.9999999999999998_1.0_505,25.38,2.31,0.73,-0.33,-0.5,-0.68,0.15
A_M_1.9999999999999998_1.0_506,20.61,2.31,0.73,-0.33,-0.5,-0.68,0.15
A_M_1.9999999999999998_1.0_507,24.92,2.31,0.73,-0.33,-0.5,-0.68,0.15
A_M_1.9999999999999998_1.0_508,23.38,2.31,0.73,-0.33,-0.5,-0.68,0.15
A_M_1.9999999999999998_1.0_509,24.8,2.31,0.73,-0.33,-0.5,-0.68,0.15
A_M_1.9999999999999998_1.0_510,22.67,2.31,0.73,-0.33,-0.5,-0.68,0.15
A_M_1.9999999999999998_1.0_511,25.17,2.31,0.73,-0.33,-0.5,-0.68,0.15
A_M_1.9999999999999998_1.0_512,24.59,2.31,0.73,-0.33,-0.5,-0.68,0.15
A_M_1.9999999999999998_1.0_513,23.55,2.31,0.73,-0.33,-0.5,-0.68,0.15
A_M_1.9999999999999998_1.0_514,25.5,2.31,0.73,-0.33,-0.5,-0.68,0.15
A_M_1.9999999999999998_1.0_515,22.71,2.31,0.73,-0.33,-0.5,-0.68,0.15
A_M_1.9999999999999998_1.0_516,25.52,2.31,0.73,-0.33,-0.5,-0.68,0.15
A_M_1.9999999999999998_1.0_517,22.88,2.31,0.73,-0.33,-0.5,-0.68,0.15
A_M_1.9999999999999998_1.0_518,24.91,2.31,0.73,-0.33,-0.5,-0.68,0.15
A_M_1.9999999999999998_1.0_519,25.46,2.31,0.73,-0.33,-0.5,-0.68,0.15
A_M_1.9999999999999998_1.0_520,25.16,2.31,0.73,-0.33,-0.5,-0.68,0.15
A_M_1.9999999999999998_1.0_521,23.87,2.31,0.73,-0.33,-0.5,-0.68,0.15
A_M_1.9999999999999998_1.0_522,16.98,2.31,0.73,-0.33,-0.5,-0.68,0.15
A_M_1.9999999999999998_1.0_523,25.44,2.31,0.73,-0.33,-0.5,-0.68,0.15
A_M_1.9999999999999998_1.0_524,24.04,2.31,0.73,-0.33,-0.5,-0.68,0.15
A_M_1.9999999999999998_1.0_525,23.37,2.31,0.73,-0.33,-0.5,-0.68,0.15
A_M_1.9999999999999998_1.0_526,24.01,2.31,0.73,-0.33,-0.5,-0.68,0.15
A_M_1.9999999999999998_1.0_527,23.93,2.31,0.73,-0.33,-0.5,-0.68,0.15
A_M_1.9999999999999998_1.0_528,24.69,2.31,0.73,-0.33,-0.5,-0.68,0.15
A_M_1.9999999999999998_1.0_529,19.38,2.31,0.73,-0.33,-0.5,-0.68,0.15
A_M_1.9999999999999998_1.0_530,25.45,2.31,0.73,-0.33,-0.5,-0.68,0.15
A_M_1.9999999999999998_1.0_531,23.51,2.31,0.73,-0.33,-0.5,-0.68,0.15
A_M_1.9999999999999998_1.0_532,24.54,2.31,0.73,-0.33,-0.5,-0.68,0.15
A_M_1.9999999999999998_1.0_533,25.27,2.31,0.73,-0.33,-0.5,-0.68,0.15
A_M_1.9999999999999998_1.0_534,25.56,2.31,0.73,-0.33,-0.5,-0.68,0.15
A_M_1.9999999999999998_1.0_535,22.54,2.31,0.73,-0.33,-0.5,-0.68,0.15
A_M_1.9999999999999998_1.0_536,20.85,2.31,0.73,-0.33,-0.5,-0.68,0.15
A_M_1.9999999999999998_1.0_537,22.06,2.31,0.73,-0.33,-0.5,-0.68,0.15
A_M_1.9999999999999998_1.0_538,24.59,2.31,0.73,-0.33,-0.5,-0.68,0.15
A_M_1.9999999999999998_1.0_539,21.98,2.31,0.73,-0.33,-0.5,-0.68,0.15
A_M_1.9999999999999998_1.0_540,25.4,2.31,0.73,-0.33,-0.5,-0.68,0.15
A_M_1.9999999999999998_1.0_541,24.39,2.31,0.73,-0.33,-0.5,-0.68,0.15
A_M_1.9999999999999998_1.0_542,25.59,2.31,0.73,-0.33,-0.5,-0.68,0.15
A_M_1.9999999999999998_1.0_543,20.82,2.31,0.73,-0.33,-0.5,-0.68,0.15
A_M_1.9999999999999998_1.0_544,25.37,2.31,0.73,-0.33,-0.5,-0.68,0.15
A_M_1.9999999999999998_1.0_545,22.15,2.31,0.73,-0.33,-0.5,-0.68,0.15
A_M_1.9999999999999998_1.0_546,22.15,2.31,0.73,-0.33,-0.5,-0.68,0.15
A_M_1.9999999999999998_1.0_547,22.4,2.31,0.73,-0.33,-0.5,-0.68,0.15
A_M_1.9999999999999998_1.0_548,25.44,2.31,0.73,-0.33,-0.5,-0.68,0.15
A_M_1.9999999999999998_1.0_549,24.81,2.31,0.73,-0.33,-0.5,-0.68,0.15
A_M_1.9999999999999998_1.0_550,23.73,2.31,0.73,-0.33,-0.5,-0.68,0.15
A_M_1.9999999999999998_1.0_551,22.37,2.31,0.73,-0.33,-0.5,-0.68,0.15
A_M_1.9999999999999998_1.0_552,25.02,2.31,0.73,-0.33,-0.5,-0.68,0.15
A_M_1.9999999999999998_1.0_553,25.27,2.31,0.73,-0.33,-0.5,-0.68,0.15
A_M_1.9999999999999998_1.0_554,21.82,2.31,0.73,-0.33,-0.5,-0.68,0.15
A_M_1.9999999999999998_1.0_555,24.63,2.31,0.73,-0.33,-0.5,-0.68,0.15
A_M_1.9999999999999998_1.0_556,24.56,2.31,0.73,-0.33,-0.5,-0.68,0.15
A_M_1.9999999999999998_1.0_557,25.03,2.31,0.73,-0.33,-0.5,-0.68,0.15
A_M_1.9999999999999998_1.0_558,25.43,2.31,0.73,-0.33,-0.5,-0.68,0.15
A_M_1.9999999999999998_1.0_559,23.26,2.31,0.73,-0.33,-0.5,-0.68,0.15
A_M_1.9999999999999998_1.0_560,24.71,2.31,0.73,-0.33,-0.5,-0.68,0.15
A_M_1.9999999999999998_1.0_561,19.67,2.31,0.73,-0.33,-0.5,-0.68,0.15
A_M_1.9999999999999998_1.0_562,25.31,2.31,0.73,-0.33,-0.5,-0.68,0.15
A_M_1.9999999999999998_1.0_563,25.1,2.31,0.73,-0.33,-0.5,-0.68,0.15
A_M_1.9999999999999998_1.0_564,24.35,2.31,0.73,-0.33,-0.5,-0.68,0.15
A_M_1.9999999999999998_1.0_565,20.18,2.31,0.73,-0.33,-0.5,-0.68,0.15
A_M_1.9999999999999998_1.0_566,25.49,2.31,0.73,-0.33,-0.5,-0.68,0.15
A_M_1.9999999999999998_1.0_567,19.26,2.31,0.73,-0.33,-0.5,-0.68,0.15
A_M_1.9999999999999998_1.0_568,24.81,2.31,0.73,-0.33,-0.5,-0.68,0.15
A_M_1.9999999999999998_1.0_569,25.29,2.31,0.73,-0.33,-0.5,-0.68,0.15
A_M_1.9999999999999998_1.0_570,16.85,2.31,0.73,-0.33,-0.5,-0.68,0.15
A_M_1.9999999999999998_1.0_571,25.36,2.31,0.73,-0.33,-0.5,-0.68,0.15
A_M_1.9999999999999998_1.0_572,24.95,2.31,0.73,-0.33,-0.5,-0.68,0.15
A_M_1.9999999999999998_1.0_573,25.49,2.31,0.73,-0.33,-0.5,-0.68,0.15
A_M_1.9999999999999998_1.0_574,25.5,2.31,0.73,-0.33,-0.5,-0.68,0.15
A_M_1.9999999999999998_1.0_575,24.11,2.31,0.73,-0.33,-0.5,-0.68,0.15
A_M_1.9999999999999998_1.0_576,24.52,2.31,0.73,-0.33,-0.5,-0.68,0.15
A_M_1.9999999999999998_1.0_577,25.18,2.31,0.73,-0.33,-0.5,-0.68,0.15
A_M_1.9999999999999998_1.0_578,25.61,2.31,0.73,-0.33,-0.5,-0.68,0.15
A_M_1.9999999999999998_1.0_579,17.46,2.31,0.73,-0.33,-0.5,-0.68,0.15
A_M_1.9999999999999998_1.0_580,25.17,2.31,0.73,-0.33,-0.5,-0.68,0.15
A_M_1.9999999999999998_1.0_581,23.8,2.31,0.73,-0.33,-0.5,-0.68,0.15
A_M_1.9999999999999998_1.0_582,25.56,2.31,0.73,-0.33,-0.5,-0.68,0.15
A_M_1.9999999999999998_1.0_583,25.15,2.31,0.73,-0.33,-0.5,-0.68,0.15
A_M_1.9999999999999998_1.0_584,21.68,2.31,0.73,-0.33,-0.5,-0.68,0.15
A_M_1.9999999999999998_1.0_585,24.65,2.31,0.73,-0.33,-0.5,-0.68,0.15
A_M_1.9999999999999998_1.0_586,21.01,2.31,0.73,-0.33,-0.5,-0.68,0.15
A_M_1.9999999999999998_1.0_587,24.17,2.31,0.73,-0.33,-0.5,-0.68,0.15
A_M_1.9999999999999998_1.0_588,25.26,2.31,0.73,-0.33,-0.5,-0.68,0.15
A_M_1.9999999999999998_1.0_589,23.59,2.31,0.73,-0.33,-0.5,-0.68,0.15
A_M_1.9999999999999998_1.0_590,18.53,2.31,0.73,-0.33,-0.5,-0.68,0.15
A_M_1.9999999999999998_1.0_591,25.25,2.31,0.73,-0.33,-0.5,-0.68,0.15
A_M_1.9999999999999998_1.0_592,24.3,2.31,0.73,-0.33,-0.5,-0.68,0.15
A_M_1.9999999999999998_1.0_593,25.13,2.31,0.73,-0.33,-0.5,-0.68,0.15
A_M_1.9999999999999998_1.0_594,22.88,2.31,0.73,-0.33,-0.5,-0.68,0.15
A_M_1.9999999999999998_1.0_595,24.54,2.31,0.73,-0.33,-0.5,-0.68,0.15
A_M_1.9999999999999998_1.0_596,24.97,2.31,0.73,-0.33,-0.5,-0.68,0.15
A_M_1.9999999999999998_1.0_597,25.6,2.31,0.73,-0.33,-0.5,-0.68,0.15
A_M_1.9999999999999998_1.0_598,21.28,2.31,0.73,-0.33,-0.5,-0.68,0.15
A_M_1.9999999999999998_1.0_599,25.59,2.31,0.73,-0.33,-0.5,-0.68,0.15
A_M_1.9999999999999998_1.0_600,24.32,2.31,0.73,-0.33,-0.5,-0.68,0.15
A_M_1.9999999999999998_1.0_601,22.99,2.31,0.73,-0.33,-0.5,-0.68,0.15
A_M_1.9999999999999998_1.0_602,25.29,2.31,0.73,-0.33,-0.5,-0.68,0.15
A_M_1.9999999999999998_1.0_603,25.55,2.31,0.73,-0.33,-0.5,-0.68,0.15
A_M_1.9999999999999998_1.0_604,24.72,2.31,0.73,-0.33,-0.5,-0.68,0.15
A_M_1.9999999999999998_1.0_605,23.46,2.31,0.73,-0.33,-0.5,-0.68,0.15
A_M_1.9999999999999998_1.0_606,24.51,2.31,0.73,-0.33,-0.5,-0.68,0.15
A_M_1.9999999999999998_1.0_607,25.4,2.31,0.73,-0.33,-0.5,-0.68,0.15
A_M_1.9999999999999998_1.0_608,24.74,2.31,0.73,-0.33,-0.5,-0.68,0.15
A_M_1.9999999999999998_1.0_609,23.37,2.31,0.73,-0.33,-0.5,-0.68,0.15
A_M_1.9999999999999998_1.0_610,24.58,2.31,0.73,-0.33,-0.5,-0.68,0.15
A_M_1.9999999999999998_1.0_611,24.28,2.31,0.73,-0.33,-0.5,-0.68,0.15
A_M_1.9999999999999998_1.0_612,23.93,2.31,0.73,-0.33,-0.5,-0.68,0.15
A_M_1.9999999999999998_1.0_613,24.77,2.31,0.73,-0.33,-0.5,-0.68,0.15
A_M_1.9999999999999998_1.0_614,24.6,2.31,0.73,-0.33,-0.5,-0.68,0.15
A_M_1.9999999999999998_1.0_615,24.41,2.31,0.73,-0.33,-0.5,-0.68,0.15
A_M_1.9999999999999998_1.0_616,23.86,2.31,0.73,-0.33,-0.5,-0.68,0.15
A_M_1.9999999999999998_1.0_617,23.77,2.31,0.73,-0.33,-0.5,-0.68,0.15
A_M_1.9999999999999998_1.0_618,17.47,2.31,0.73,-0.33,-0.5,-0.68,0.15
A_M_1.9999999999999998_1.0_619,24.91,2.31,0.73,-0.33,-0.5,-0.68,0.15
A_M_1.9999999999999998_1.0_620,25.19,2.31,0.73,-0.33,-0.5,-0.68,0.15
A_M_1.9999999999999998_1.0_621,23.07,2.31,0.73,-0.33,-0.5,-0.68,0.15
A_M_1.9999999999999998_1.0_622,24.97,2.31,0.73,-0.33,-0.5,-0.68,0.15
A_M_1.9999999999999998_1.0_623,24.43,2.31,0.73,-0.33,-0.5,-0.68,0.15
A_M_1.9999999999999998_1.0_624,25.61,2.31,0.73,-0.33,-0.5,-0.68,0.15
A_M_1.9999999999999998_1.0_625,25.45,2.31,0.73,-0.33,-0.5,-0.68,0.15
A_M_1.9999999999999998_1.0_626,24.38,2.31,0.73,-0.33,-0.5,-0.68,0.15
A_M_1.9999999999999998_1.0_627,24.6,2.31,0.73,-0.33,-0.5,-0.68,0.15
A_M_1.9999999999999998_1.0_628,25.2,2.31,0.73,-0.33,-0.5,-0.68,0.15
A_M_1.9999999999999998_1.0_629,24.25,2.31,0.73,-0.33,-0.5,-0.68,0.15
A_M_1.9999999999999998_1.0_630,23.49,2.31,0.73,-0.33,-0.5,-0.68,0.15
A_M_1.9999999999999998_1.0_631,25.24,2.31,0.73,-0.33,-0.5,-0.68,0.15
A_M_1.9999999999999998_1.0_632,24.06,2.31,0.73,-0.33,-0.5,-0.68,0.15
A_M_1.9999999999999998_1.0_633,23.19,2.31,0.73,-0.33,-0.5,-0.68,0.15
A_M_1.9999999999999998_1.0_634,25.28,2.31,0.73,-0.33,-0.5,-0.68,0.15
A_M_1.9999999999999998_1.0_635,23.33,2.31,0.73,-0.33,-0.5,-0.68,0.15
A_M_1.9999999999999998_1.0_636,22.16,2.31,0.73,-0.33,-0.5,-0.68,0.15
A_M_1.9999999999999998_1.0_637,24.7,2.31,0.73,-0.33,-0.5,-0.68,0.15
A_M_1.9999999999999998_1.0_638,18.78,2.31,0.73,-0.33,-0.5,-0.68,0.15
A_M_1.9999999999999998_1.0_639,24.51,2.31,0.73,-0.33,-0.5,-0.68,0.15
A_M_1.9999999999999998_1.0_640,22.46,2.31,0.73,-0.33,-0.5,-0.68,0.15
A_M_1.9999999999999998_1.0_641,25.36,2.31,0.73,-0.33,-0.5,-0.68,0.15
A_M_1.9999999999999998_1.0_642,23.58,2.31,0.73,-0.33,-0.5,-0.68,0.15
A_M_1.9999999999999998_1.0_643,24.91,2.31,0.73,-0.33,-0.5,-0.68,0.15
A_M_1.9999999999999998_1.0_644,22.96,2.31,0.73,-0.33,-0.5,-0.68,0.15
A_M_1.9999999999999998_1.0_645,25.02,2.31,0.73,-0.33,-0.5,-0.68,0.15
A_M_1.9999999999999998_1.0_646,24.94,2.31,0.73,-0.33,-0.5,-0.68,0.15
A_M_1.9999999999999998_1.0_647,23.11,2.31,0.73,-0.33,-0.5,-0.68,0.15
A_M_1.9999999999999998_1.0_648,22.34,2.31,0.73,-0.33,-0.5,-0.68,0.15
A_M_1.9999999999999998_1.0_649,22.36,2.31,0.73,-0.33,-0.5,-0.68,0.15
A_M_1.9999999999999998_1.0_650,25.61,2.31,0.73,-0.33,-0.5,-0.68,0.15
A_M_1.9999999999999998_1.0_651,25.25,2.31,0.73,-0.33,-0.5,-0.68,0.15
A_M_1.9999999999999998_1.0_652,22.55,2.31,0.73,-0.33,-0.5,-0.68,0.15
A_M_1.9999999999999998_1.0_653,24.7,2.31,0.73,-0.33,-0.5,-0.68,0.15
A_M_1.9999999999999998_1.0_654,25.17,2.31,0.73,-0.33,-0.5,-0.68,0.15
A_M_1.9999999999999998_1.0_655,24.76,2.31,0.73,-0.33,-0.5,-0.68,0.15
A_M_1.9999999999999998_1.0_656,24.68,2.31,0.73,-0.33,-0.5,-0.68,0.15
A_M_1.9999999999999998_1.0_657,24.98,2.31,0.73,-0.33,-0.5,-0.68,0.15
A_M_1.9999999999999998_1.0_658,23.8,2.31,0.73,-0.33,-0.5,-0.68,0.15
A_M_1.9999999999999998_1.0_659,24.0,2.31,0.73,-0.33,-0.5,-0.68,0.15
A_M_1.9999999999999998_1.0_660,23.13,2.31,0.73,-0.33,-0.5,-0.68,0.15
A_M_1.9999999999999998_1.0_661,22.22,2.31,0.73,-0.33,-0.5,-0.68,0.15
A_M_1.9999999999999998_1.0_662,24.27,2.31,0.73,-0.33,-0.5,-0.68,0.15
A_M_1.9999999999999998_1.0_663,25.28,2.31,0.73,-0.33,-0.5,-0.68,0.15
A_M_1.9999999999999998_1.0_664,24.86,2.31,0.73,-0.33,-0.5,-0.68,0.15
A_M_1.9999999999999998_1.0_665,22.56,2.31,0.73,-0.33,-0.5,-0.68,0.15
A_M_1.9999999999999998_1.0_666,25.57,2.31,0.73,-0.33,-0.5,-0.68,0.15
A_M_1.9999999999999998_1.0_667,24.27,2.31,0.73,-0.33,-0.5,-0.68,0.15
A_M_1.9999999999999998_1.0_668,25.52,2.31,0.73,-0.33,-0.5,-0.68,0.15
A_M_1.9999999999999998_1.0_669,15.7,2.31,0.73,-0.33,-0.5,-0.68,0.15
A_M_1.9999999999999998_1.0_670,19.32,2.31,0.73,-0.33,-0.5,-0.68,0.15
A_M_1.9999999999999998_1.0_671,24.93,2.31,0.73,-0.33,-0.5,-0.68,0.15
A_M_1.9999999999999998_1.0_672,23.85,2.31,0.73,-0.33,-0.5,-0.68,0.15
A_M_1.9999999999999998_1.0_673,24.57,2.31,0.73,-0.33,-0.5,-0.68,0.15
A_M_1.9999999999999998_1.0_674,24.83,2.31,0.73,-0.33,-0.5,-0.68,0.15
A_M_1.9999999999999998_1.0_675,25.24,2.31,0.73,-0.33,-0.5,-0.68,0.15
A_M_1.9999999999999998_1.0_676,24.61,2.31,0.73,-0.33,-0.5,-0.68,0.15
A_M_1.9999999999999998_1.0_677,24.82,2.31,0.73,-0.33,-0.5,-0.68,0.15
A_M_1.9999999999999998_1.0_678,25.14,2.31,0.73,-0.33,-0.5,-0.68,0.15
A_M_1.9999999999999998_1.0_679,25.02,2.31,0.73,-0.33,-0.5,-0.68,0.15
A_M_1.9999999999999998_1.0_680,25.07,2.31,0.73,-0.33,-0.5,-0.68,0.15
A_M_1.9999999999999998_1.0_681,22.99,2.31,0.73,-0.33,-0.5,-0.68,0.15
A_M_1.9999999999999998_1.0_682,25.42,2.31,0.73,-0.33,-0.5,-0.68,0.15
A_M_1.9999999999999998_1.0_683,25.54,2.31,0.73,-0.33,-0.5,-0.68,0.15
A_M_1.9999999999999998_1.0_684,25.06,2.31,0.73,-0.33,-0.5,-0.68,0.15
A_M_1.9999999999999998_1.0_685,24.52,2.31,0.73,-0.33,-0.5,-0.68,0.15
A_M_1.9999999999999998_1.0_686,24.75,2.31,0.73,-0.33,-0.5,-0.68,0.15
A_M_1.9999999999999998_1.0_687,22.84,2.31,0.73,-0.33,-0.5,-0.68,0.15
A_M_1.9999999999999998_1.0_688,23.63,2.31,0.73,-0.33,-0.5,-0.68,0.15
A_M_1.9999999999999998_1.0_689,24.05,2.31,0.73,-0.33,-0.5,-0.68,0.15
A_M_1.9999999999999998_1.0_690,24.22,2.31,0.73,-0.33,-0.5,-0.68,0.15
