ObjID,FORMAT,q,e,inc,node,argPeri,t_p_MJD_TDB,epochMJD_TDB
A_M_1.5999999999999999_1.0_0,COM,5.139648,1.08281,1.061,2.863,1.919,65790.50583587724,60980.00158187724
A_M_1.5999999999999999_1.0_1,COM,1.289788,1.033272,1.654,2.486,0.942,62103.626229877234,60980.00158187724
A_M_1.5999999999999999_1.0_2,COM,0.411687,1.010686,1.401,0.058,1.291,63804.090191877236,60980.00158187724
A_M_1.5999999999999999_1.0_3,COM,1.153775,1.034954,1.69,4.645,4.609,63777.489822877236,60980.00158187724
A_M_1.5999999999999999_1.0_4,COM,0.05565,1.002189,1.361,3.388,1.55,61941.27631887724,60980.00158187724
A_M_1.5999999999999999_1.0_5,COM,0.378278,1.012287,2.155,3.87,2.05,61553.44856387724,60980.00158187724
A_M_1.5999999999999999_1.0_6,COM,1.488601,1.04875,2.824,2.208,1.439,61387.98491187724,60980.00158187724
A_M_1.5999999999999999_1.0_7,COM,1.488601,1.04875,2.824,2.208,1.439,61387.98491187724,60980.00158187724
A_M_1.5999999999999999_1.0_8,COM,1.146216,1.093693,1.239,0.675,5.595,62039.00207387724,60980.00158187724
A_M_1.5999999999999999_1.0_9,COM,0.488799,1.044584,1.163,5.171,5.91,64487.25188887724,60980.00158187724
A_M_1.5999999999999999_1.0_10,COM,0.521672,1.042071,1.985,0.329,4.52,61180.78503087724,60980.00158187724
A_M_1.5999999999999999_1.0_11,COM,1.010988,1.086777,0.633,3.245,4.182,62682.869915877236,60980.00158187724
A_M_1.5999999999999999_1.0_12,COM,0.026495,1.002543,1.975,0.808,1.703,64014.20681787724,60980.00158187724
A_M_1.5999999999999999_1.0_13,COM,0.374608,1.040365,0.417,1.612,5.692,63261.90188087724,60980.00158187724
A_M_1.5999999999999999_1.0_14,COM,0.582179,1.058881,2.338,1.341,3.591,63321.72691387724,60980.00158187724
A_M_1.5999999999999999_1.0_15,COM,1.607262,1.158566,0.674,2.245,5.509,64110.33193187724,60980.00158187724
A_M_1.5999999999999999_1.0_16,COM,0.65889,1.064161,0.71,5.68,1.405,63279.76998687724,60980.00158187724
A_M_1.5999999999999999_1.0_17,COM,1.244496,1.120842,1.329,5.704,4.781,61361.886760877234,60980.00158187724
A_M_1.5999999999999999_1.0_18,COM,0.888908,1.111183,2.95,5.513,5.886,63952.507420877235,60980.00158187724
A_M_1.5999999999999999_1.0_19,COM,1.371932,1.187979,1.427,2.549,4.859,63192.310937877235,60980.00158187724
A_M_1.5999999999999999_1.0_20,COM,0.152803,1.020002,2.254,5.77,5.453,61071.660079877234,60980.00158187724
A_M_1.5999999999999999_1.0_21,COM,0.037268,1.004967,2.007,4.103,5.617,63294.91621287724,60980.00158187724
A_M_1.5999999999999999_1.0_22,COM,1.584757,1.258871,1.592,3.304,2.364,64155.34291187724,60980.00158187724
A_M_1.5999999999999999_1.0_23,COM,1.000224,1.159048,2.161,4.98,2.665,61831.00583987724,60980.00158187724
A_M_1.5999999999999999_1.0_24,COM,1.415297,1.215187,1.948,0.082,0.578,62347.881322877234,60980.00158187724
A_M_1.5999999999999999_1.0_25,COM,1.063816,1.187865,1.693,2.41,4.727,62586.90564687724,60980.00158187724
A_M_1.5999999999999999_1.0_26,COM,0.438096,1.088876,2.514,3.728,3.858,61276.69793987724,60980.00158187724
A_M_1.5999999999999999_1.0_27,COM,1.595777,1.346447,1.472,5.266,2.58,63323.25528387724,60980.00158187724
A_M_1.5999999999999999_1.0_28,COM,0.590396,1.1189,2.671,4.022,5.323,62169.59602787724,60980.00158187724
A_M_1.5999999999999999_1.0_29,COM,1.387895,1.355751,2.062,0.19,4.303,64139.10939287724,60980.00158187724
A_M_1.5999999999999999_1.0_30,COM,0.663305,1.16014,0.67,3.021,4.653,63196.70427787724,60980.00158187724
A_M_1.5999999999999999_1.0_31,COM,0.816422,1.18958,1.786,4.418,5.292,64385.62392387724,60980.00158187724
A_M_1.5999999999999999_1.0_32,COM,1.071443,1.298959,2.153,6.007,2.972,64106.25317387724,60980.00158187724
A_M_1.5999999999999999_1.0_33,COM,1.51615,1.482935,0.411,1.717,4.831,61875.74114687724,60980.00158187724
A_M_1.5999999999999999_1.0_34,COM,0.396769,1.121139,2.202,3.277,4.736,63385.645231877235,60980.00158187724
A_M_1.5999999999999999_1.0_35,COM,0.610434,1.184538,0.302,4.004,2.143,62941.24942187724,60980.00158187724
A_M_1.5999999999999999_1.0_36,COM,1.430297,1.420023,1.657,0.802,0.638,62307.80468987724,60980.00158187724
A_M_1.5999999999999999_1.0_37,COM,1.658034,1.543745,1.923,1.109,3.315,61799.341006877235,60980.00158187724
A_M_1.5999999999999999_1.0_38,COM,0.727385,1.231835,2.445,0.389,0.548,61018.17014487724,60980.00158187724
A_M_1.5999999999999999_1.0_39,COM,12.897031,4.992408,0.783,2.813,0.739,61378.48424687724,60980.00158187724
A_M_1.5999999999999999_1.0_40,COM,0.456746,1.164012,2.288,1.523,5.586,61367.32665887724,60980.00158187724
A_M_1.5999999999999999_1.0_41,COM,1.904408,1.657202,0.381,5.106,2.316,62805.658213877236,60980.00158187724
A_M_1.5999999999999999_1.0_42,COM,2.574449,1.930229,1.18,0.357,3.889,63908.119481877235,60980.00158187724
A_M_1.5999999999999999_1.0_43,COM,4.360157,2.536377,1.245,5.331,3.765,64049.20505287724,60980.00158187724
A_M_1.5999999999999999_1.0_44,COM,1.200914,1.410933,1.51,4.012,2.757,64676.49062587724,60980.00158187724
A_M_1.5999999999999999_1.0_45,COM,0.786341,1.274859,0.982,1.84,1.171,64646.708095877235,60980.00158187724
A_M_1.5999999999999999_1.0_46,COM,0.442214,1.175124,1.535,4.792,4.197,61212.77775787724,60980.00158187724
A_M_1.5999999999999999_1.0_47,COM,1.530948,1.582148,1.137,2.049,2.683,63346.156796877236,60980.00158187724
A_M_1.5999999999999999_1.0_48,COM,0.453835,1.185683,0.369,4.812,2.64,63108.961620877235,60980.00158187724
A_M_1.5999999999999999_1.0_49,COM,1.250357,1.466648,0.479,5.381,3.482,63169.83443487724,60980.00158187724
A_M_1.5999999999999999_1.0_50,COM,1.330824,1.547709,2.038,2.998,2.213,62962.46844987724,60980.00158187724
A_M_1.5999999999999999_1.0_51,COM,0.831847,1.348781,2.09,0.648,0.034,62165.027001877235,60980.00158187724
A_M_1.5999999999999999_1.0_52,COM,0.022098,1.010688,1.688,4.359,4.729,63854.60148487724,60980.00158187724
A_M_1.5999999999999999_1.0_53,COM,0.608789,1.293535,0.797,2.905,5.714,63835.438235877235,60980.00158187724
A_M_1.5999999999999999_1.0_54,COM,0.855315,1.418296,0.773,4.352,3.947,63448.00710787724,60980.00158187724
A_M_1.5999999999999999_1.0_55,COM,0.872301,1.420774,1.816,1.205,5.382,62386.35033787724,60980.00158187724
A_M_1.5999999999999999_1.0_56,COM,2.164812,2.048739,1.047,4.199,3.879,63242.23613687724,60980.00158187724
A_M_1.5999999999999999_1.0_57,COM,0.381092,1.203548,1.274,3.222,4.375,61322.78405787724,60980.00158187724
A_M_1.5999999999999999_1.0_58,COM,0.334796,1.177385,0.934,5.181,3.546,62848.91551387724,60980.00158187724
A_M_1.5999999999999999_1.0_59,COM,1.072953,1.572843,1.698,0.677,0.412,64396.713662877235,60980.00158187724
A_M_1.5999999999999999_1.0_60,COM,1.157135,1.603476,2.091,1.494,4.817,61287.79486987724,60980.00158187724
A_M_1.5999999999999999_1.0_61,COM,0.588188,1.302049,1.471,1.347,4.708,61771.70613187724,60980.00158187724
A_M_1.5999999999999999_1.0_62,COM,0.896979,1.478545,1.819,4.181,1.059,63301.909953877235,60980.00158187724
A_M_1.5999999999999999_1.0_63,COM,1.804654,2.016054,2.893,2.506,5.793,61417.35971787724,60980.00158187724
A_M_1.5999999999999999_1.0_64,COM,1.011197,1.603737,1.671,4.684,1.965,62804.57489887724,60980.00158187724
A_M_1.5999999999999999_1.0_65,COM,0.130717,1.075484,1.611,3.039,3.911,62552.86625387724,60980.00158187724
A_M_1.5999999999999999_1.0_66,COM,0.692649,1.381431,2.734,0.214,0.731,64534.021050877236,60980.00158187724
A_M_1.5999999999999999_1.0_67,COM,0.008826,1.004975,0.906,1.167,6.091,61531.47662987724,60980.00158187724
A_M_1.5999999999999999_1.0_68,COM,1.432778,1.84251,2.298,1.209,2.12,61692.94301887724,60980.00158187724
A_M_1.5999999999999999_1.0_69,COM,0.172612,1.097415,0.933,6.094,5.844,62092.938195877236,60980.00158187724
A_M_1.5999999999999999_1.0_70,COM,0.680239,1.40614,0.788,1.31,2.61,61050.92645287724,60980.00158187724
A_M_1.5999999999999999_1.0_71,COM,1.259896,1.708803,1.408,4.052,4.046,61917.08996887724,60980.00158187724
A_M_1.5999999999999999_1.0_72,COM,0.38542,1.244947,0.736,1.939,3.899,64559.53043587724,60980.00158187724
A_M_1.5999999999999999_1.0_73,COM,0.635563,1.414541,1.164,2.563,5.148,61037.003790877236,60980.00158187724
A_M_1.5999999999999999_1.0_74,COM,0.004918,1.002996,2.821,4.312,5.847,64593.74658387724,60980.00158187724
A_M_1.5999999999999999_1.0_75,COM,5.264592,4.242989,1.641,3.765,2.311,60960.288824877236,60980.00158187724
A_M_1.5999999999999999_1.0_76,COM,1.72882,2.105275,1.371,1.536,5.677,61941.11119587724,60980.00158187724
A_M_1.5999999999999999_1.0_77,COM,1.217379,1.75168,2.907,0.758,4.3,64696.00203787724,60980.00158187724
A_M_1.5999999999999999_1.0_78,COM,1.342661,1.86845,2.69,1.877,1.84,60969.13035187724,60980.00158187724
A_M_1.5999999999999999_1.0_79,COM,1.48648,1.96036,2.322,5.315,4.138,63263.42051587724,60980.00158187724
A_M_1.5999999999999999_1.0_80,COM,3.24284,3.024128,1.405,3.677,2.019,62136.901740877234,60980.00158187724
A_M_1.5999999999999999_1.0_81,COM,1.109324,1.694451,1.984,5.476,3.926,62522.938212877234,60980.00158187724
A_M_1.5999999999999999_1.0_82,COM,0.550218,1.334194,1.448,5.616,2.069,61582.017998877236,60980.00158187724
A_M_1.5999999999999999_1.0_83,COM,1.204302,1.840976,1.916,3.844,2.653,64508.61730587724,60980.00158187724
A_M_1.5999999999999999_1.0_84,COM,0.406458,1.270274,1.256,5.055,2.391,63141.13653187724,60980.00158187724
A_M_1.5999999999999999_1.0_85,COM,0.01761,1.013262,1.702,0.285,4.041,61299.85044987724,60980.00158187724
A_M_1.5999999999999999_1.0_86,COM,0.736597,1.541908,0.704,5.097,2.123,62971.487003877235,60980.00158187724
A_M_1.5999999999999999_1.0_87,COM,1.446162,2.06705,2.195,0.659,4.258,62973.56354387724,60980.00158187724
A_M_1.5999999999999999_1.0_88,COM,1.399243,2.019018,2.48,2.323,1.542,62889.153098877236,60980.00158187724
A_M_1.5999999999999999_1.0_89,COM,0.615758,1.465318,2.224,1.218,4.424,64048.55258187724,60980.00158187724
A_M_1.5999999999999999_1.0_90,COM,1.195254,1.881577,0.776,5.415,2.24,63423.90463187724,60980.00158187724
A_M_1.5999999999999999_1.0_91,COM,1.177541,1.863827,1.451,4.269,3.007,64563.076823877236,60980.00158187724
A_M_1.5999999999999999_1.0_92,COM,0.812641,1.634608,2.104,2.028,1.397,61183.122836877235,60980.00158187724
A_M_1.5999999999999999_1.0_93,COM,1.408593,2.116491,1.794,0.509,4.072,62151.829632877234,60980.00158187724
A_M_1.5999999999999999_1.0_94,COM,0.765764,1.612394,2.313,1.65,4.618,62844.53304787724,60980.00158187724
A_M_1.5999999999999999_1.0_95,COM,0.227798,1.176344,1.896,0.742,0.651,61966.16992987724,60980.00158187724
A_M_1.5999999999999999_1.0_96,COM,1.048682,1.855573,1.836,2.053,6.022,63250.77896387724,60980.00158187724
A_M_1.5999999999999999_1.0_97,COM,1.825941,2.46588,1.444,3.071,2.179,63345.35767787724,60980.00158187724
A_M_1.5999999999999999_1.0_98,COM,0.237037,1.201554,2.827,5.423,2.538,62604.96646587724,60980.00158187724
A_M_1.5999999999999999_1.0_99,COM,1.230687,2.046378,2.762,4.865,2.616,63297.79454787724,60980.00158187724
A_M_1.5999999999999999_1.0_100,COM,0.860559,1.730306,2.018,5.566,2.967,61538.26254887724,60980.00158187724
A_M_1.5999999999999999_1.0_101,COM,1.338535,2.150888,2.4,1.654,1.412,61052.81423987724,60980.00158187724
A_M_1.5999999999999999_1.0_102,COM,0.859664,1.722948,2.165,5.731,5.485,64022.81407987724,60980.00158187724
A_M_1.5999999999999999_1.0_103,COM,0.263824,1.226069,2.476,3.977,2.724,64213.41123887724,60980.00158187724
A_M_1.5999999999999999_1.0_104,COM,1.779057,2.579921,2.765,3.728,2.99,63288.35153287724,60980.00158187724
A_M_1.5999999999999999_1.0_105,COM,1.356006,2.123891,0.249,2.829,0.888,63174.07797287724,60980.00158187724
A_M_1.5999999999999999_1.0_106,COM,4.080265,4.625093,1.62,0.142,3.977,60917.43974587724,60980.00158187724
A_M_1.5999999999999999_1.0_107,COM,1.030911,1.935078,1.716,4.975,3.24,63432.230017877235,60980.00158187724
A_M_1.5999999999999999_1.0_108,COM,0.359934,1.335183,2.696,3.116,3.307,64543.614604877235,60980.00158187724
A_M_1.5999999999999999_1.0_109,COM,1.345608,2.26302,0.832,1.569,2.198,62887.75742787724,60980.00158187724
A_M_1.5999999999999999_1.0_110,COM,0.054331,1.048993,0.89,6.282,3.768,61009.45434487724,60980.00158187724
A_M_1.5999999999999999_1.0_111,COM,3.565162,4.248521,1.754,0.485,3.76,63269.40318787724,60980.00158187724
A_M_1.5999999999999999_1.0_112,COM,2.752264,3.60179,1.044,3.903,4.207,62032.110431877234,60980.00158187724
A_M_1.5999999999999999_1.0_113,COM,4.373268,5.022131,1.143,6.279,0.53,63926.13132187724,60980.00158187724
A_M_1.5999999999999999_1.0_114,COM,2.633444,3.410211,2.703,3.842,2.176,63569.105445877234,60980.00158187724
A_M_1.5999999999999999_1.0_115,COM,1.671696,2.625484,1.0,4.69,2.433,62567.882939877236,60980.00158187724
A_M_1.5999999999999999_1.0_116,COM,0.392464,1.393706,0.996,3.221,0.141,63141.958484877236,60980.00158187724
A_M_1.5999999999999999_1.0_117,COM,0.091814,1.093561,0.345,0.709,6.223,61007.62191787724,60980.00158187724
A_M_1.5999999999999999_1.0_118,COM,0.291507,1.28833,1.735,0.38,3.625,62124.07060087724,60980.00158187724
A_M_1.5999999999999999_1.0_119,COM,2.666943,3.591517,1.781,1.255,3.534,61489.33035287724,60980.00158187724
A_M_1.5999999999999999_1.0_120,COM,0.417386,1.406028,0.091,3.627,0.17,62081.40256587724,60980.00158187724
A_M_1.5999999999999999_1.0_121,COM,1.409302,2.41284,0.468,6.054,4.346,63112.51963887724,60980.00158187724
A_M_1.5999999999999999_1.0_122,COM,0.776332,1.770688,3.084,5.077,5.367,64219.33228687724,60980.00158187724
A_M_1.5999999999999999_1.0_123,COM,0.660259,1.636114,0.971,0.841,3.107,61421.70553187724,60980.00158187724
A_M_1.5999999999999999_1.0_124,COM,1.18152,2.181453,1.507,4.643,3.478,64046.07889787724,60980.00158187724
A_M_1.5999999999999999_1.0_125,COM,1.504517,2.485597,0.943,2.672,5.787,64237.60478687724,60980.00158187724
A_M_1.5999999999999999_1.0_126,COM,1.187443,2.174452,0.775,4.6,1.642,61535.164577877236,60980.00158187724
A_M_1.5999999999999999_1.0_127,COM,0.962411,1.997376,0.425,0.584,5.499,61565.249874877234,60980.00158187724
A_M_1.5999999999999999_1.0_128,COM,1.15018,2.203498,1.526,4.856,2.333,60969.75098187724,60980.00158187724
A_M_1.5999999999999999_1.0_129,COM,0.833876,1.905599,1.823,0.255,4.085,62188.92673187724,60980.00158187724
A_M_1.5999999999999999_1.0_130,COM,0.251376,1.262412,1.249,0.57,4.837,61652.90948487724,60980.00158187724
A_M_1.5999999999999999_1.0_131,COM,1.201029,2.233206,2.438,4.689,4.296,62525.50740987724,60980.00158187724
A_M_1.5999999999999999_1.0_132,COM,0.32485,1.334919,1.787,4.824,2.213,63053.836278877236,60980.00158187724
A_M_1.5999999999999999_1.0_133,COM,0.168044,1.194007,0.792,4.243,5.791,63394.63656287724,60980.00158187724
A_M_1.5999999999999999_1.0_134,COM,1.419039,2.589542,1.023,5.703,4.261,63819.78672487724,60980.00158187724
A_M_1.5999999999999999_1.0_135,COM,0.690666,1.785821,1.44,1.362,3.524,63259.26828587724,60980.00158187724
A_M_1.5999999999999999_1.0_136,COM,0.672901,1.767915,1.37,6.269,3.167,63508.40854987724,60980.00158187724
A_M_1.5999999999999999_1.0_137,COM,0.191943,1.211478,0.743,2.286,4.753,61829.78103787724,60980.00158187724
A_M_1.5999999999999999_1.0_138,COM,1.12258,2.284822,1.769,0.411,2.861,64140.97644387724,60980.00158187724
A_M_1.5999999999999999_1.0_139,COM,1.478803,2.67164,0.478,4.922,0.883,61800.01278887724,60980.00158187724
A_M_1.5999999999999999_1.0_140,COM,1.078157,2.185957,1.702,2.14,3.304,63899.14231387724,60980.00158187724
A_M_1.5999999999999999_1.0_141,COM,0.812517,1.975324,1.913,0.306,3.818,62897.620363877235,60980.00158187724
A_M_1.5999999999999999_1.0_142,COM,0.582395,1.692496,2.039,0.028,3.032,62343.521714877235,60980.00158187724
A_M_1.5999999999999999_1.0_143,COM,0.188672,1.23221,0.929,5.152,6.194,61901.00157187724,60980.00158187724
A_M_1.5999999999999999_1.0_144,COM,3.371516,5.301226,1.465,3.985,2.546,63218.08501787724,60980.00158187724
A_M_1.5999999999999999_1.0_145,COM,1.360739,2.718358,1.628,5.265,2.379,61241.00842387724,60980.00158187724
A_M_1.5999999999999999_1.0_146,COM,0.34103,1.440958,2.838,5.636,6.04,63363.96561287724,60980.00158187724
A_M_1.5999999999999999_1.0_147,COM,0.223302,1.288001,2.444,6.117,2.411,61792.85307187724,60980.00158187724
A_M_1.5999999999999999_1.0_148,COM,3.763549,5.702493,2.365,3.117,0.407,61370.59944287724,60980.00158187724
A_M_1.5999999999999999_1.0_149,COM,0.816166,2.053908,1.617,0.27,3.804,60959.48103487724,60980.00158187724
A_M_1.5999999999999999_1.0_150,COM,0.672473,1.847256,0.666,1.958,2.538,62345.250200877235,60980.00158187724
A_M_1.5999999999999999_1.0_151,COM,1.584379,3.189539,1.674,3.897,3.901,61460.108996877236,60980.00158187724
A_M_1.5999999999999999_1.0_152,COM,0.114038,1.15144,1.255,1.185,2.656,62070.995641877234,60980.00158187724
A_M_1.5999999999999999_1.0_153,COM,1.507766,3.001491,1.064,6.134,5.1,64441.064504877235,60980.00158187724
A_M_1.5999999999999999_1.0_154,COM,0.244333,1.328285,1.102,3.509,3.278,62532.704895877236,60980.00158187724
A_M_1.5999999999999999_1.0_155,COM,0.56151,1.756348,0.72,4.326,0.302,63589.55608787724,60980.00158187724
A_M_1.5999999999999999_1.0_156,COM,1.109734,2.511253,1.839,2.311,3.924,64056.76828987724,60980.00158187724
A_M_1.5999999999999999_1.0_157,COM,0.467846,1.665439,2.42,5.26,4.859,62443.94492987724,60980.00158187724
A_M_1.5999999999999999_1.0_158,COM,0.567066,1.838659,0.553,1.498,4.021,64424.584732877236,60980.00158187724
A_M_1.5999999999999999_1.0_159,COM,1.0432,2.587355,2.392,2.815,0.317,64344.72541287724,60980.00158187724
A_M_1.5999999999999999_1.0_160,COM,6.287493,10.262042,1.67,1.508,4.278,64679.37284087724,60980.00158187724
A_M_1.5999999999999999_1.0_161,COM,1.266681,2.915906,0.83,2.721,4.95,63040.52939087724,60980.00158187724
A_M_1.5999999999999999_1.0_162,COM,1.521616,3.360682,0.723,1.785,0.944,62449.66678287724,60980.00158187724
A_M_1.5999999999999999_1.0_163,COM,1.290888,3.007719,1.228,3.964,2.215,64066.63921987724,60980.00158187724
A_M_1.5999999999999999_1.0_164,COM,1.108701,2.756475,1.256,4.587,2.858,62457.752862877234,60980.00158187724
A_M_1.5999999999999999_1.0_165,COM,1.405204,3.228897,1.353,0.973,3.326,62164.05103387724,60980.00158187724
A_M_1.5999999999999999_1.0_166,COM,1.289988,3.039259,0.984,4.226,4.992,61163.05826487724,60980.00158187724
A_M_1.5999999999999999_1.0_167,COM,1.209033,2.914313,2.093,5.004,2.882,62689.08028587724,60980.00158187724
A_M_1.5999999999999999_1.0_168,COM,1.761515,3.736227,1.814,3.553,1.658,64104.45900987724,60980.00158187724
A_M_1.5999999999999999_1.0_169,COM,1.372169,3.319702,0.94,5.443,3.346,64329.01014287724,60980.00158187724
A_M_1.5999999999999999_1.0_170,COM,0.332352,1.552133,1.26,1.436,4.539,63939.726662877234,60980.00158187724
A_M_1.5999999999999999_1.0_171,COM,18.189423,30.946952,1.289,4.276,4.164,64661.81163287724,60980.00158187724
A_M_1.5999999999999999_1.0_172,COM,1.403133,3.368569,1.206,0.628,1.961,63675.987456877236,60980.00158187724
A_M_1.5999999999999999_1.0_173,COM,0.812541,2.333699,2.767,0.514,3.786,63896.77763687724,60980.00158187724
A_M_1.5999999999999999_1.0_174,COM,6.264526,11.511254,1.002,5.837,2.827,60796.04523087724,60980.00158187724
A_M_1.5999999999999999_1.0_175,COM,0.856378,2.410387,1.406,1.152,4.183,61064.582279877235,60980.00158187724
A_M_1.5999999999999999_1.0_176,COM,0.605968,2.008459,0.016,5.383,3.684,62460.80538787724,60980.00158187724
A_M_1.5999999999999999_1.0_177,COM,13.386792,25.11006,0.112,4.357,0.546,63318.188711877236,60980.00158187724
A_M_1.5999999999999999_1.0_178,COM,1.47976,3.638014,2.525,3.836,3.316,62312.461667877236,60980.00158187724
A_M_1.5999999999999999_1.0_179,COM,2.066731,4.620815,2.311,1.782,0.844,61915.860287877236,60980.00158187724
A_M_1.5999999999999999_1.0_180,COM,0.028488,1.049765,1.089,4.889,3.574,61882.057839877234,60980.00158187724
A_M_1.5999999999999999_1.0_181,COM,1.62405,3.850063,2.896,4.982,2.526,63227.81695987724,60980.00158187724
A_M_1.5999999999999999_1.0_182,COM,0.379388,1.669499,2.262,1.896,0.396,62341.089220877235,60980.00158187724
A_M_1.5999999999999999_1.0_183,COM,1.011346,2.745233,0.021,2.321,3.911,62710.735239877235,60980.00158187724
A_M_1.5999999999999999_1.0_184,COM,0.959051,2.718109,1.085,2.328,4.017,61862.17932287724,60980.00158187724
A_M_1.5999999999999999_1.0_185,COM,1.239294,3.163353,1.827,0.012,4.014,64584.59673887724,60980.00158187724
A_M_1.5999999999999999_1.0_186,COM,1.708087,4.045022,1.987,1.157,0.94,63921.920422877236,60980.00158187724
A_M_1.5999999999999999_1.0_187,COM,0.997205,2.824938,2.166,0.436,3.172,63162.58564387724,60980.00158187724
A_M_1.5999999999999999_1.0_188,COM,1.347106,3.54883,0.772,4.318,2.904,64024.13140687724,60980.00158187724
A_M_1.5999999999999999_1.0_189,COM,0.916816,2.73041,1.28,2.099,4.568,62737.70748987724,60980.00158187724
A_M_1.5999999999999999_1.0_190,COM,1.041248,2.909577,0.136,4.081,1.277,62794.041617877236,60980.00158187724
A_M_1.5999999999999999_1.0_191,COM,32.102949,61.857109,1.453,4.142,3.06,64612.041982877236,60980.00158187724
A_M_1.5999999999999999_1.0_192,COM,0.47239,1.874896,0.939,3.021,3.035,63961.85503487724,60980.00158187724
A_M_1.5999999999999999_1.0_193,COM,1.300136,3.373634,0.619,0.132,3.586,62772.10487387724,60980.00158187724
A_M_1.5999999999999999_1.0_194,COM,1.52623,3.898152,1.31,4.367,3.991,63984.856975877236,60980.00158187724
A_M_1.5999999999999999_1.0_195,COM,1.700894,4.256379,2.005,1.38,1.624,61332.21058287724,60980.00158187724
A_M_1.5999999999999999_1.0_196,COM,0.353148,1.696475,0.357,4.194,2.347,62322.937679877235,60980.00158187724
A_M_1.5999999999999999_1.0_197,COM,0.363554,1.693544,2.1,2.882,5.508,63032.563620877234,60980.00158187724
A_M_1.5999999999999999_1.0_198,COM,0.564581,2.087769,1.351,1.202,2.368,62334.207513877234,60980.00158187724
A_M_1.5999999999999999_1.0_199,COM,1.212099,3.398744,2.267,5.216,3.018,63768.643579877236,60980.00158187724
A_M_1.5999999999999999_1.0_200,COM,8.30065,16.898566,2.521,4.921,1.181,62923.60734387724,60980.00158187724
A_M_1.5999999999999999_1.0_201,COM,1.234473,3.389573,1.075,2.195,4.247,61646.47014587724,60980.00158187724
A_M_1.5999999999999999_1.0_202,COM,3.867091,8.651992,2.689,4.365,4.556,64158.13997587724,60980.00158187724
A_M_1.5999999999999999_1.0_203,COM,0.420899,1.805772,0.98,2.152,2.815,62042.553352877236,60980.00158187724
A_M_1.5999999999999999_1.0_204,COM,0.945646,2.879845,1.555,1.342,3.308,62156.468930877236,60980.00158187724
A_M_1.5999999999999999_1.0_205,COM,0.103087,1.211066,2.4,0.374,4.639,63563.68891687724,60980.00158187724
A_M_1.5999999999999999_1.0_206,COM,1.04477,3.172485,0.945,3.748,1.951,62182.445865877235,60980.00158187724
A_M_1.5999999999999999_1.0_207,COM,0.803538,2.609193,2.682,4.567,2.588,64327.091651877236,60980.00158187724
A_M_1.5999999999999999_1.0_208,COM,1.404245,3.888061,1.113,1.976,3.282,62745.49418687724,60980.00158187724
A_M_1.5999999999999999_1.0_209,COM,0.082569,1.171631,2.635,5.847,4.137,61998.15873487724,60980.00158187724
A_M_1.5999999999999999_1.0_210,COM,2.136424,5.280043,1.985,1.746,5.269,63298.64350087724,60980.00158187724
A_M_1.5999999999999999_1.0_211,COM,0.674503,2.447125,0.881,4.842,1.748,63451.53431587724,60980.00158187724
A_M_1.5999999999999999_1.0_212,COM,1.370166,3.868399,1.451,4.942,3.875,61133.43493687724,60980.00158187724
A_M_1.5999999999999999_1.0_213,COM,2.24974,5.788755,1.275,1.607,4.57,64140.89927987724,60980.00158187724
A_M_1.5999999999999999_1.0_214,COM,1.777453,4.773531,1.311,2.112,3.789,61669.243193877235,60980.00158187724
A_M_1.5999999999999999_1.0_215,COM,0.860299,2.847423,1.629,2.58,3.293,63384.93080587724,60980.00158187724
A_M_1.5999999999999999_1.0_216,COM,1.464334,4.1746,2.133,2.642,3.94,62755.54475787724,60980.00158187724
A_M_1.5999999999999999_1.0_217,COM,1.956235,5.410755,2.129,4.503,2.074,64676.92152287724,60980.00158187724
A_M_1.5999999999999999_1.0_218,COM,0.864836,2.975394,1.608,4.18,4.632,63032.34709287724,60980.00158187724
A_M_1.5999999999999999_1.0_219,COM,0.584832,2.288792,1.266,0.067,4.993,64370.22798687724,60980.00158187724
A_M_1.5999999999999999_1.0_220,COM,1.766475,4.89303,0.849,1.089,3.674,63553.90757287724,60980.00158187724
A_M_1.5999999999999999_1.0_221,COM,0.721795,2.638322,1.101,4.968,3.577,61822.68440287724,60980.00158187724
A_M_1.5999999999999999_1.0_222,COM,1.026082,3.414399,2.083,2.833,3.115,61541.05780987724,60980.00158187724
A_M_1.5999999999999999_1.0_223,COM,1.113995,3.614216,1.905,1.236,5.699,64602.92256287724,60980.00158187724
A_M_1.5999999999999999_1.0_224,COM,0.976608,3.249008,1.698,1.392,2.163,63892.95164387724,60980.00158187724
A_M_1.5999999999999999_1.0_225,COM,0.277053,1.668107,0.53,1.396,2.817,62284.60061987724,60980.00158187724
A_M_1.5999999999999999_1.0_226,COM,0.101557,1.24544,2.382,1.565,5.471,61319.79592287724,60980.00158187724
A_M_1.5999999999999999_1.0_227,COM,0.684416,2.702704,1.871,1.965,5.062,63209.66479487724,60980.00158187724
A_M_1.5999999999999999_1.0_228,COM,1.077112,3.674908,0.989,4.824,3.815,62573.32572887724,60980.00158187724
A_M_1.5999999999999999_1.0_229,COM,2.097079,6.315865,1.544,1.584,4.942,62600.86792087724,60980.00158187724
A_M_1.5999999999999999_1.0_230,COM,0.124769,1.321063,2.303,5.291,3.443,61036.466327877235,60980.00158187724
A_M_1.5999999999999999_1.0_231,COM,0.97771,3.517577,0.294,2.378,1.286,63281.943845877235,60980.00158187724
A_M_1.5999999999999999_1.0_232,COM,0.558953,2.442125,1.72,4.926,3.521,62674.58026387724,60980.00158187724
A_M_1.5999999999999999_1.0_233,COM,0.392944,1.994026,2.002,1.691,5.358,64660.67366987724,60980.00158187724
A_M_1.5999999999999999_1.0_234,COM,1.147487,3.943409,1.909,5.009,1.964,63809.37430387724,60980.00158187724
A_M_1.5999999999999999_1.0_235,COM,1.470361,4.685349,1.204,3.335,1.361,63708.34587887724,60980.00158187724
A_M_1.5999999999999999_1.0_236,COM,0.02017,1.054511,3.035,0.788,4.461,64207.45877987724,60980.00158187724
A_M_1.5999999999999999_1.0_237,COM,0.473932,2.238694,0.334,3.546,2.515,64017.54794887724,60980.00158187724
A_M_1.5999999999999999_1.0_238,COM,1.564318,5.166054,0.174,4.85,1.336,63802.34959587724,60980.00158187724
A_M_1.5999999999999999_1.0_239,COM,0.888664,3.316276,1.784,1.837,5.327,63056.89646787724,60980.00158187724
A_M_1.5999999999999999_1.0_240,COM,1.091629,3.945365,0.284,4.588,1.128,61180.189869877235,60980.00158187724
A_M_1.5999999999999999_1.0_241,COM,0.968158,3.653935,2.106,1.162,3.964,63012.26575687724,60980.00158187724
A_M_1.5999999999999999_1.0_242,COM,0.936046,3.667261,0.705,4.067,2.98,64428.673840877236,60980.00158187724
A_M_1.5999999999999999_1.0_243,COM,2.178031,7.152944,0.767,0.98,2.468,61426.14361187724,60980.00158187724
A_M_1.5999999999999999_1.0_244,COM,2.614158,8.497494,1.778,4.933,2.233,61382.22055087724,60980.00158187724
A_M_1.5999999999999999_1.0_245,COM,0.85503,3.428558,0.695,5.991,3.922,63119.63670687724,60980.00158187724
A_M_1.5999999999999999_1.0_246,COM,1.400659,5.085133,0.619,4.86,1.963,61568.28186587724,60980.00158187724
A_M_1.5999999999999999_1.0_247,COM,1.086656,4.069357,2.262,3.137,3.395,62225.75712487724,60980.00158187724
A_M_1.5999999999999999_1.0_248,COM,0.344866,2.004277,1.533,1.385,4.708,62335.15179087724,60980.00158187724
A_M_1.5999999999999999_1.0_249,COM,0.741927,3.147285,1.079,5.96,3.925,61817.46069087724,60980.00158187724
A_M_1.5999999999999999_1.0_250,COM,0.874712,3.556867,1.75,0.661,5.278,64407.76761387724,60980.00158187724
A_M_1.5999999999999999_1.0_251,COM,0.874472,3.502452,1.997,4.866,2.046,61187.084468877234,60980.00158187724
A_M_1.5999999999999999_1.0_252,COM,1.531668,5.589187,2.688,1.572,3.888,61301.722883877235,60980.00158187724
A_M_1.5999999999999999_1.0_253,COM,0.570106,2.73623,0.951,3.986,3.836,62457.194018877235,60980.00158187724
A_M_1.5999999999999999_1.0_254,COM,1.006193,4.046471,0.953,3.618,2.302,64415.46593287724,60980.00158187724
A_M_1.5999999999999999_1.0_255,COM,1.445186,5.276048,1.947,1.403,4.341,62745.903916877236,60980.00158187724
A_M_1.5999999999999999_1.0_256,COM,0.934203,3.792174,2.603,1.186,1.598,63909.92325087724,60980.00158187724
A_M_1.5999999999999999_1.0_257,COM,1.690755,6.328093,0.663,5.386,1.209,61046.89994587724,60980.00158187724
A_M_1.5999999999999999_1.0_258,COM,2.38095,8.339185,1.454,5.254,2.107,62836.61293787724,60980.00158187724
A_M_1.5999999999999999_1.0_259,COM,1.107286,4.389387,2.685,3.145,3.333,63620.206207877236,60980.00158187724
A_M_1.5999999999999999_1.0_260,COM,1.948828,7.30284,1.849,4.934,4.153,64074.89251287724,60980.00158187724
A_M_1.5999999999999999_1.0_261,COM,0.627799,3.040351,1.214,0.81,2.668,63362.060681877236,60980.00158187724
A_M_1.5999999999999999_1.0_262,COM,1.309382,5.262605,2.269,4.312,4.469,62653.96470487724,60980.00158187724
A_M_1.5999999999999999_1.0_263,COM,0.702403,3.279731,1.061,2.614,3.908,61628.60169387724,60980.00158187724
A_M_1.5999999999999999_1.0_264,COM,2.487832,9.416094,1.149,1.38,3.976,60989.76549387724,60980.00158187724
A_M_1.5999999999999999_1.0_265,COM,0.234007,1.798701,2.565,5.08,2.999,62467.44749687724,60980.00158187724
A_M_1.5999999999999999_1.0_266,COM,1.508707,6.076568,2.533,0.951,4.808,64051.69221787724,60980.00158187724
A_M_1.5999999999999999_1.0_267,COM,0.196839,1.650658,2.373,0.766,4.066,62290.18891187724,60980.00158187724
A_M_1.5999999999999999_1.0_268,COM,1.431295,5.86304,0.876,4.366,4.298,62318.52693087724,60980.00158187724
A_M_1.5999999999999999_1.0_269,COM,1.721247,6.755098,1.804,2.064,2.519,61492.144649877235,60980.00158187724
A_M_1.5999999999999999_1.0_270,COM,1.049079,4.633889,1.661,1.237,2.419,61350.74658287724,60980.00158187724
A_M_1.5999999999999999_1.0_271,COM,0.953184,4.332122,1.016,4.728,1.902,62233.44636987724,60980.00158187724
A_M_1.5999999999999999_1.0_272,COM,1.336043,5.590079,1.618,4.304,1.65,64537.31498387724,60980.00158187724
A_M_1.5999999999999999_1.0_273,COM,0.820273,3.847073,1.962,4.47,2.01,62001.089160877236,60980.00158187724
A_M_1.5999999999999999_1.0_274,COM,1.228865,5.434998,2.472,0.96,0.583,61278.204290877235,60980.00158187724
A_M_1.5999999999999999_1.0_275,COM,0.84194,4.171807,1.475,3.98,2.901,61522.269391877235,60980.00158187724
A_M_1.5999999999999999_1.0_276,COM,1.521402,6.64548,2.392,1.808,4.386,63102.01278387724,60980.00158187724
A_M_1.5999999999999999_1.0_277,COM,2.148639,8.913147,1.227,2.408,4.172,61467.85884887724,60980.00158187724
A_M_1.5999999999999999_1.0_278,COM,1.220254,5.697729,0.753,4.621,2.419,64056.538651877236,60980.00158187724
A_M_1.5999999999999999_1.0_279,COM,0.389235,2.498803,2.425,4.612,2.202,64287.211727877235,60980.00158187724
A_M_1.5999999999999999_1.0_280,COM,0.135257,1.529763,1.201,0.341,6.185,60932.91877187724,60980.00158187724
A_M_1.5999999999999999_1.0_281,COM,1.080688,5.162052,1.095,4.124,2.52,62089.02754287724,60980.00158187724
A_M_1.5999999999999999_1.0_282,COM,2.0867,9.159318,2.671,5.172,3.526,62728.28388487724,60980.00158187724
A_M_1.5999999999999999_1.0_283,COM,1.426638,6.69396,1.607,1.373,4.627,62263.32313387724,60980.00158187724
A_M_1.5999999999999999_1.0_284,COM,1.97971,9.014767,2.37,4.417,1.61,63631.936731877235,60980.00158187724
A_M_1.5999999999999999_1.0_285,COM,1.124363,5.590765,0.784,4.682,1.963,62282.93317887724,60980.00158187724
A_M_1.5999999999999999_1.0_286,COM,1.737561,8.122235,1.37,4.616,1.549,63028.66542287724,60980.00158187724
A_M_1.5999999999999999_1.0_287,COM,1.400981,6.769688,0.84,3.974,2.294,61191.491949877236,60980.00158187724
A_M_1.5999999999999999_1.0_288,COM,0.218747,1.925842,0.658,1.037,5.668,62884.06954087724,60980.00158187724
A_M_1.5999999999999999_1.0_289,COM,1.419922,7.153998,1.755,1.88,3.807,63559.89476287724,60980.00158187724
A_M_1.5999999999999999_1.0_290,COM,2.457438,11.831864,0.716,3.184,3.201,64121.24541587724,60980.00158187724
A_M_1.5999999999999999_1.0_291,COM,1.712422,8.620562,2.405,4.248,1.115,61000.95561087724,60980.00158187724
A_M_1.5999999999999999_1.0_292,COM,1.568118,7.946238,2.271,4.752,1.631,61131.89985587724,60980.00158187724
A_M_1.5999999999999999_1.0_293,COM,2.839209,13.418244,2.561,0.841,0.691,63687.63907187724,60980.00158187724
A_M_1.5999999999999999_1.0_294,COM,0.890457,5.081841,2.28,5.387,2.508,62767.517714877235,60980.00158187724
A_M_1.5999999999999999_1.0_295,COM,29.53208,134.02157,2.574,1.08,3.587,65059.009593877236,60980.00158187724
A_M_1.5999999999999999_1.0_296,COM,0.589515,3.685814,1.809,0.728,3.644,61393.45784687724,60980.00158187724
A_M_1.5999999999999999_1.0_297,COM,1.692627,9.006417,1.343,2.089,4.385,61031.53623387724,60980.00158187724
A_M_1.5999999999999999_1.0_298,COM,0.466274,3.280712,1.557,0.997,3.652,64577.108758877235,60980.00158187724
A_M_1.5999999999999999_1.0_299,COM,1.485647,8.164723,1.673,6.065,5.231,61310.50169687724,60980.00158187724
A_M_1.5999999999999999_1.0_300,COM,1.755558,9.841096,1.133,4.9,2.224,63689.05483987724,60980.00158187724
A_M_1.5999999999999999_1.0_301,COM,1.859322,10.491675,1.472,3.202,2.997,63694.97586687724,60980.00158187724
A_M_1.5999999999999999_1.0_302,COM,2.006542,11.350726,1.351,4.774,3.612,63625.317279877236,60980.00158187724
A_M_1.5999999999999999_1.0_303,COM,2.552038,14.629023,2.716,0.579,3.362,64422.893767877234,60980.00158187724
A_M_1.5999999999999999_1.0_304,COM,0.129559,1.696901,1.231,2.495,3.697,64121.98013587724,60980.00158187724
A_M_1.5999999999999999_1.0_305,COM,1.681855,10.163197,1.755,4.687,2.088,61104.478513877235,60980.00158187724
A_M_1.5999999999999999_1.0_306,COM,1.236091,7.902224,2.0,4.747,2.232,61393.928308877235,60980.00158187724
A_M_1.5999999999999999_1.0_307,COM,0.067488,1.385384,0.897,4.509,2.854,61723.781576877234,60980.00158187724
A_M_1.5999999999999999_1.0_308,COM,1.381814,9.236944,1.087,4.855,1.624,63575.861705877236,60980.00158187724
A_M_1.5999999999999999_1.0_309,COM,1.471378,9.780677,1.579,1.612,4.438,61861.55991687724,60980.00158187724
A_M_1.5999999999999999_1.0_310,COM,1.32027,9.318105,2.304,4.736,1.569,62773.46006187724,60980.00158187724
A_M_1.5999999999999999_1.0_311,COM,1.806413,12.177762,2.285,3.787,4.097,62725.53417287724,60980.00158187724
A_M_1.5999999999999999_1.0_312,COM,0.849455,6.258427,0.326,3.894,2.677,64254.84479587724,60980.00158187724
A_M_1.5999999999999999_1.0_313,COM,1.357951,9.694989,1.633,1.82,4.919,62825.114432877235,60980.00158187724
A_M_1.5999999999999999_1.0_314,COM,1.158092,8.568417,2.03,0.346,5.795,64091.234273877235,60980.00158187724
A_M_1.5999999999999999_1.0_315,COM,1.465145,10.604196,1.293,4.914,2.322,63636.59046387724,60980.00158187724
A_M_1.5999999999999999_1.0_316,COM,11.446355,76.522137,1.758,6.067,2.769,61958.21394887724,60980.00158187724
A_M_1.5999999999999999_1.0_317,COM,1.743013,12.464134,0.439,5.019,0.979,62791.09478387724,60980.00158187724
A_M_1.5999999999999999_1.0_318,COM,3.108433,21.610314,1.465,1.441,4.811,62767.682005877235,60980.00158187724
A_M_1.5999999999999999_1.0_319,COM,1.087994,8.357681,1.264,5.533,3.063,61403.79388287724,60980.00158187724
A_M_1.5999999999999999_1.0_320,COM,0.786779,6.447657,2.698,5.253,4.997,62484.924588877235,60980.00158187724
A_M_1.5999999999999999_1.0_321,COM,0.405126,3.788767,0.401,3.751,3.015,64010.51518887724,60980.00158187724
A_M_1.5999999999999999_1.0_322,COM,1.062245,8.81441,2.775,3.193,0.03,61858.863701877235,60980.00158187724
A_M_1.5999999999999999_1.0_323,COM,1.059755,9.267417,0.898,3.701,3.097,61699.67618987724,60980.00158187724
A_M_1.5999999999999999_1.0_324,COM,0.23609,2.957456,1.915,1.719,2.247,61384.27920687724,60980.00158187724
A_M_1.5999999999999999_1.0_325,COM,1.31172,11.758464,1.532,1.386,5.245,61817.292924877234,60980.00158187724
A_M_1.5999999999999999_1.0_326,COM,1.164903,11.277799,1.001,4.988,3.938,61922.63784987724,60980.00158187724
A_M_1.5999999999999999_1.0_327,COM,1.074943,10.511832,0.914,4.721,4.529,61863.22626887724,60980.00158187724
A_M_1.5999999999999999_1.0_328,COM,0.915922,9.287963,0.637,0.72,2.591,61416.105858877236,60980.00158187724
A_M_1.5999999999999999_1.0_329,COM,0.968349,10.143437,0.579,5.872,3.317,63998.062356877235,60980.00158187724
A_M_1.5999999999999999_1.0_330,COM,0.660472,7.479598,0.773,4.611,2.436,64474.77028287724,60980.00158187724
