ObjID,H_r,u-r,g-r,i-r,z-r,y-r,GS
A_M_1.9999999999999998_1.0_0,25.35,2.31,0.73,-0.33,-0.5,-0.68,0.15
A_M_1.9999999999999998_1.0_1,23.98,2.31,0.73,-0.33,-0.5,-0.68,0.15
A_M_1.9999999999999998_1.0_2,21.81,2.31,0.73,-0.33,-0.5,-0.68,0.15
A_M_1.9999999999999998_1.0_3,21.78,2.31,0.73,-0.33,-0.5,-0.68,0.15
A_M_1.9999999999999998_1.0_4,25.6,2.31,0.73,-0.33,-0.5,-0.68,0.15
A_M_1.9999999999999998_1.0_5,25.28,2.31,0.73,-0.33,-0.5,-0.68,0.15
A_M_1.9999999999999998_1.0_6,23.6,2.31,0.73,-0.33,-0.5,-0.68,0.15
A_M_1.9999999999999998_1.0_7,24.51,2.31,0.73,-0.33,-0.5,-0.68,0.15
A_M_1.9999999999999998_1.0_8,22.79,2.31,0.73,-0.33,-0.5,-0.68,0.15
A_M_1.9999999999999998_1.0_9,20.37,2.31,0.73,-0.33,-0.5,-0.68,0.15
A_M_1.9999999999999998_1.0_10,23.96,2.31,0.73,-0.33,-0.5,-0.68,0.15
A_M_1.9999999999999998_1.0_11,25.45,2.31,0.73,-0.33,-0.5,-0.68,0.15
A_M_1.9999999999999998_1.0_12,22.84,2.31,0.73,-0.33,-0.5,-0.68,0.15
A_M_1.9999999999999998_1.0_13,25.54,2.31,0.73,-0.33,-0.5,-0.68,0.15
A_M_1.9999999999999998_1.0_14,25.17,2.31,0.73,-0.33,-0.5,-0.68,0.15
A_M_1.9999999999999998_1.0_15,24.24,2.31,0.73,-0.33,-0.5,-0.68,0.15
A_M_1.9999999999999998_1.0_16,24.08,2.31,0.73,-0.33,-0.5,-0.68,0.15
A_M_1.9999999999999998_1.0_17,24.24,2.31,0.73,-0.33,-0.5,-0.68,0.15
A_M_1.9999999999999998_1.0_18,24.36,2.31,0.73,-0.33,-0.5,-0.68,0.15
A_M_1.9999999999999998_1.0_19,25.19,2.31,0.73,-0.33,-0.5,-0.68,0.15
A_M_1.9999999999999998_1.0_20,24.29,2.31,0.73,-0.33,-0.5,-0.68,0.15
A_M_1.9999999999999998_1.0_21,24.06,2.31,0.73,-0.33,-0.5,-0.68,0.15
A_M_1.9999999999999998_1.0_22,23.66,2.31,0.73,-0.33,-0.5,-0.68,0.15
A_M_1.9999999999999998_1.0_23,22.54,2.31,0.73,-0.33,-0.5,-0.68,0.15
A_M_1.9999999999999998_1.0_24,23.39,2.31,0.73,-0.33,-0.5,-0.68,0.15
A_M_1.9999999999999998_1.0_25,24.41,2.31,0.73,-0.33,-0.5,-0.68,0.15
A_M_1.9999999999999998_1.0_26,24.75,2.31,0.73,-0.33,-0.5,-0.68,0.15
A_M_1.9999999999999998_1.0_27,23.21,2.31,0.73,-0.33,-0.5,-0.68,0.15
A_M_1.9999999999999998_1.0_28,23.96,2.31,0.73,-0.33,-0.5,-0.68,0.15
A_M_1.9999999999999998_1.0_29,25.18,2.31,0.73,-0.33,-0.5,-0.68,0.15
A_M_1.9999999999999998_1.0_30,24.95,2.31,0.73,-0.33,-0.5,-0.68,0.15
A_M_1.9999999999999998_1.0_31,25.3,2.31,0.73,-0.33,-0.5,-0.68,0.15
A_M_1.9999999999999998_1.0_32,25.14,2.31,0.73,-0.33,-0.5,-0.68,0.15
A_M_1.9999999999999998_1.0_33,23.76,2.31,0.73,-0.33,-0.5,-0.68,0.15
A_M_1.9999999999999998_1.0_34,24.64,2.31,0.73,-0.33,-0.5,-0.68,0.15
A_M_1.9999999999999998_1.0_35,22.31,2.31,0.73,-0.33,-0.5,-0.68,0.15
A_M_1.9999999999999998_1.0_36,25.35,2.31,0.73,-0.33,-0.5,-0.68,0.15
A_M_1.9999999999999998_1.0_37,25.61,2.31,0.73,-0.33,-0.5,-0.68,0.15
A_M_1.9999999999999998_1.0_38,24.68,2.31,0.73,-0.33,-0.5,-0.68,0.15
A_M_1.9999999999999998_1.0_39,22.53,2.31,0.73,-0.33,-0.5,-0.68,0.15
A_M_1.9999999999999998_1.0_40,25.12,2.31,0.73,-0.33,-0.5,-0.68,0.15
A_M_1.9999999999999998_1.0_41,24.74,2.31,0.73,-0.33,-0.5,-0.68,0.15
A_M_1.9999999999999998_1.0_42,24.2,2.31,0.73,-0.33,-0.5,-0.68,0.15
A_M_1.9999999999999998_1.0_43,24.5,2.31,0.73,-0.33,-0.5,-0.68,0.15
A_M_1.9999999999999998_1.0_44,23.94,2.31,0.73,-0.33,-0.5,-0.68,0.15
A_M_1.9999999999999998_1.0_45,25.45,2.31,0.73,-0.33,-0.5,-0.68,0.15
A_M_1.9999999999999998_1.0_46,25.44,2.31,0.73,-0.33,-0.5,-0.68,0.15
A_M_1.9999999999999998_1.0_47,23.05,2.31,0.73,-0.33,-0.5,-0.68,0.15
A_M_1.9999999999999998_1.0_48,25.06,2.31,0.73,-0.33,-0.5,-0.68,0.15
A_M_1.9999999999999998_1.0_49,25.35,2.31,0.73,-0.33,-0.5,-0.68,0.15
A_M_1.9999999999999998_1.0_50,19.31,2.31,0.73,-0.33,-0.5,-0.68,0.15
A_M_1.9999999999999998_1.0_51,25.47,2.31,0.73,-0.33,-0.5,-0.68,0.15
A_M_1.9999999999999998_1.0_52,24.79,2.31,0.73,-0.33,-0.5,-0.68,0.15
A_M_1.9999999999999998_1.0_53,24.7,2.31,0.73,-0.33,-0.5,-0.68,0.15
A_M_1.9999999999999998_1.0_54,24.15,2.31,0.73,-0.33,-0.5,-0.68,0.15
A_M_1.9999999999999998_1.0_55,24.4,2.31,0.73,-0.33,-0.5,-0.68,0.15
A_M_1.9999999999999998_1.0_56,25.01,2.31,0.73,-0.33,-0.5,-0.68,0.15
A_M_1.9999999999999998_1.0_57,23.31,2.31,0.73,-0.33,-0.5,-0.68,0.15
A_M_1.9999999999999998_1.0_58,23.39,2.31,0.73,-0.33,-0.5,-0.68,0.15
A_M_1.9999999999999998_1.0_59,24.14,2.31,0.73,-0.33,-0.5,-0.68,0.15
A_M_1.9999999999999998_1.0_60,21.35,2.31,0.73,-0.33,-0.5,-0.68,0.15
A_M_1.9999999999999998_1.0_61,25.28,2.31,0.73,-0.33,-0.5,-0.68,0.15
A_M_1.9999999999999998_1.0_62,25.58,2.31,0.73,-0.33,-0.5,-0.68,0.15
A_M_1.9999999999999998_1.0_63,25.49,2.31,0.73,-0.33,-0.5,-0.68,0.15
A_M_1.9999999999999998_1.0_64,23.59,2.31,0.73,-0.33,-0.5,-0.68,0.15
A_M_1.9999999999999998_1.0_65,23.95,2.31,0.73,-0.33,-0.5,-0.68,0.15
A_M_1.9999999999999998_1.0_66,25.24,2.31,0.73,-0.33,-0.5,-0.68,0.15
A_M_1.9999999999999998_1.0_67,24.82,2.31,0.73,-0.33,-0.5,-0.68,0.15
A_M_1.9999999999999998_1.0_68,25.13,2.31,0.73,-0.33,-0.5,-0.68,0.15
A_M_1.9999999999999998_1.0_69,25.38,2.31,0.73,-0.33,-0.5,-0.68,0.15
A_M_1.9999999999999998_1.0_70,24.52,2.31,0.73,-0.33,-0.5,-0.68,0.15
A_M_1.9999999999999998_1.0_71,25.46,2.31,0.73,-0.33,-0.5,-0.68,0.15
A_M_1.9999999999999998_1.0_72,25.42,2.31,0.73,-0.33,-0.5,-0.68,0.15
A_M_1.9999999999999998_1.0_73,23.95,2.31,0.73,-0.33,-0.5,-0.68,0.15
A_M_1.9999999999999998_1.0_74,17.21,2.31,0.73,-0.33,-0.5,-0.68,0.15
A_M_1.9999999999999998_1.0_75,24.91,2.31,0.73,-0.33,-0.5,-0.68,0.15
A_M_1.9999999999999998_1.0_76,25.33,2.31,0.73,-0.33,-0.5,-0.68,0.15
A_M_1.9999999999999998_1.0_77,25.21,2.31,0.73,-0.33,-0.5,-0.68,0.15
A_M_1.9999999999999998_1.0_78,24.82,2.31,0.73,-0.33,-0.5,-0.68,0.15
A_M_1.9999999999999998_1.0_79,17.34,2.31,0.73,-0.33,-0.5,-0.68,0.15
A_M_1.9999999999999998_1.0_80,25.28,2.31,0.73,-0.33,-0.5,-0.68,0.15
A_M_1.9999999999999998_1.0_81,25.06,2.31,0.73,-0.33,-0.5,-0.68,0.15
A_M_1.9999999999999998_1.0_82,25.32,2.31,0.73,-0.33,-0.5,-0.68,0.15
A_M_1.9999999999999998_1.0_83,24.29,2.31,0.73,-0.33,-0.5,-0.68,0.15
A_M_1.9999999999999998_1.0_84,22.2,2.31,0.73,-0.33,-0.5,-0.68,0.15
A_M_1.9999999999999998_1.0_85,25.06,2.31,0.73,-0.33,-0.5,-0.68,0.15
A_M_1.9999999999999998_1.0_86,25.13,2.31,0.73,-0.33,-0.5,-0.68,0.15
A_M_1.9999999999999998_1.0_87,25.53,2.31,0.73,-0.33,-0.5,-0.68,0.15
A_M_1.9999999999999998_1.0_88,25.08,2.31,0.73,-0.33,-0.5,-0.68,0.15
A_M_1.9999999999999998_1.0_89,23.14,2.31,0.73,-0.33,-0.5,-0.68,0.15
A_M_1.9999999999999998_1.0_90,25.43,2.31,0.73,-0.33,-0.5,-0.68,0.15
A_M_1.9999999999999998_1.0_91,22.32,2.31,0.73,-0.33,-0.5,-0.68,0.15
A_M_1.9999999999999998_1.0_92,24.44,2.31,0.73,-0.33,-0.5,-0.68,0.15
A_M_1.9999999999999998_1.0_93,24.48,2.31,0.73,-0.33,-0.5,-0.68,0.15
A_M_1.9999999999999998_1.0_94,25.06,2.31,0.73,-0.33,-0.5,-0.68,0.15
A_M_1.9999999999999998_1.0_95,24.39,2.31,0.73,-0.33,-0.5,-0.68,0.15
A_M_1.9999999999999998_1.0_96,23.29,2.31,0.73,-0.33,-0.5,-0.68,0.15
A_M_1.9999999999999998_1.0_97,24.81,2.31,0.73,-0.33,-0.5,-0.68,0.15
A_M_1.9999999999999998_1.0_98,22.66,2.31,0.73,-0.33,-0.5,-0.68,0.15
A_M_1.9999999999999998_1.0_99,23.3,2.31,0.73,-0.33,-0.5,-0.68,0.15
A_M_1.9999999999999998_1.0_100,24.4,2.31,0.73,-0.33,-0.5,-0.68,0.15
A_M_1.9999999999999998_1.0_101,21.93,2.31,0.73,-0.33,-0.5,-0.68,0.15
A_M_1.9999999999999998_1.0_102,25.3,2.31,0.73,-0.33,-0.5,-0.68,0.15
A_M_1.9999999999999998_1.0_103,22.57,2.31,0.73,-0.33,-0.5,-0.68,0.15
A_M_1.9999999999999998_1.0_104,23.52,2.31,0.73,-0.33,-0.5,-0.68,0.15
A_M_1.9999999999999998_1.0_105,24.65,2.31,0.73,-0.33,-0.5,-0.68,0.15
A_M_1.9999999999999998_1.0_106,24.39,2.31,0.73,-0.33,-0.5,-0.68,0.15
A_M_1.9999999999999998_1.0_107,25.37,2.31,0.73,-0.33,-0.5,-0.68,0.15
A_M_1.9999999999999998_1.0_108,25.04,2.31,0.73,-0.33,-0.5,-0.68,0.15
A_M_1.9999999999999998_1.0_109,25.3,2.31,0.73,-0.33,-0.5,-0.68,0.15
A_M_1.9999999999999998_1.0_110,25.09,2.31,0.73,-0.33,-0.5,-0.68,0.15
A_M_1.9999999999999998_1.0_111,24.15,2.31,0.73,-0.33,-0.5,-0.68,0.15
A_M_1.9999999999999998_1.0_112,25.09,2.31,0.73,-0.33,-0.5,-0.68,0.15
A_M_1.9999999999999998_1.0_113,20.45,2.31,0.73,-0.33,-0.5,-0.68,0.15
A_M_1.9999999999999998_1.0_114,24.32,2.31,0.73,-0.33,-0.5,-0.68,0.15
A_M_1.9999999999999998_1.0_115,25.59,2.31,0.73,-0.33,-0.5,-0.68,0.15
A_M_1.9999999999999998_1.0_116,25.29,2.31,0.73,-0.33,-0.5,-0.68,0.15
A_M_1.9999999999999998_1.0_117,23.76,2.31,0.73,-0.33,-0.5,-0.68,0.15
A_M_1.9999999999999998_1.0_118,25.44,2.31,0.73,-0.33,-0.5,-0.68,0.15
A_M_1.9999999999999998_1.0_119,25.18,2.31,0.73,-0.33,-0.5,-0.68,0.15
A_M_1.9999999999999998_1.0_120,22.41,2.31,0.73,-0.33,-0.5,-0.68,0.15
A_M_1.9999999999999998_1.0_121,24.32,2.31,0.73,-0.33,-0.5,-0.68,0.15
A_M_1.9999999999999998_1.0_122,23.59,2.31,0.73,-0.33,-0.5,-0.68,0.15
A_M_1.9999999999999998_1.0_123,25.18,2.31,0.73,-0.33,-0.5,-0.68,0.15
A_M_1.9999999999999998_1.0_124,22.66,2.31,0.73,-0.33,-0.5,-0.68,0.15
A_M_1.9999999999999998_1.0_125,21.31,2.31,0.73,-0.33,-0.5,-0.68,0.15
A_M_1.9999999999999998_1.0_126,22.79,2.31,0.73,-0.33,-0.5,-0.68,0.15
A_M_1.9999999999999998_1.0_127,23.97,2.31,0.73,-0.33,-0.5,-0.68,0.15
A_M_1.9999999999999998_1.0_128,23.45,2.31,0.73,-0.33,-0.5,-0.68,0.15
A_M_1.9999999999999998_1.0_129,25.6,2.31,0.73,-0.33,-0.5,-0.68,0.15
A_M_1.9999999999999998_1.0_130,21.48,2.31,0.73,-0.33,-0.5,-0.68,0.15
A_M_1.9999999999999998_1.0_131,24.72,2.31,0.73,-0.33,-0.5,-0.68,0.15
A_M_1.9999999999999998_1.0_132,23.56,2.31,0.73,-0.33,-0.5,-0.68,0.15
A_M_1.9999999999999998_1.0_133,25.38,2.31,0.73,-0.33,-0.5,-0.68,0.15
A_M_1.9999999999999998_1.0_134,25.11,2.31,0.73,-0.33,-0.5,-0.68,0.15
A_M_1.9999999999999998_1.0_135,25.25,2.31,0.73,-0.33,-0.5,-0.68,0.15
A_M_1.9999999999999998_1.0_136,21.58,2.31,0.73,-0.33,-0.5,-0.68,0.15
A_M_1.9999999999999998_1.0_137,24.7,2.31,0.73,-0.33,-0.5,-0.68,0.15
A_M_1.9999999999999998_1.0_138,25.55,2.31,0.73,-0.33,-0.5,-0.68,0.15
A_M_1.9999999999999998_1.0_139,25.37,2.31,0.73,-0.33,-0.5,-0.68,0.15
A_M_1.9999999999999998_1.0_140,25.05,2.31,0.73,-0.33,-0.5,-0.68,0.15
A_M_1.9999999999999998_1.0_141,23.47,2.31,0.73,-0.33,-0.5,-0.68,0.15
A_M_1.9999999999999998_1.0_142,24.41,2.31,0.73,-0.33,-0.5,-0.68,0.15
A_M_1.9999999999999998_1.0_143,24.56,2.31,0.73,-0.33,-0.5,-0.68,0.15
A_M_1.9999999999999998_1.0_144,24.7,2.31,0.73,-0.33,-0.5,-0.68,0.15
A_M_1.9999999999999998_1.0_145,25.17,2.31,0.73,-0.33,-0.5,-0.68,0.15
A_M_1.9999999999999998_1.0_146,24.36,2.31,0.73,-0.33,-0.5,-0.68,0.15
A_M_1.9999999999999998_1.0_147,25.48,2.31,0.73,-0.33,-0.5,-0.68,0.15
A_M_1.9999999999999998_1.0_148,24.06,2.31,0.73,-0.33,-0.5,-0.68,0.15
A_M_1.9999999999999998_1.0_149,22.8,2.31,0.73,-0.33,-0.5,-0.68,0.15
A_M_1.9999999999999998_1.0_150,23.52,2.31,0.73,-0.33,-0.5,-0.68,0.15
A_M_1.9999999999999998_1.0_151,25.28,2.31,0.73,-0.33,-0.5,-0.68,0.15
A_M_1.9999999999999998_1.0_152,25.49,2.31,0.73,-0.33,-0.5,-0.68,0.15
A_M_1.9999999999999998_1.0_153,25.51,2.31,0.73,-0.33,-0.5,-0.68,0.15
A_M_1.9999999999999998_1.0_154,23.8,2.31,0.73,-0.33,-0.5,-0.68,0.15
A_M_1.9999999999999998_1.0_155,23.97,2.31,0.73,-0.33,-0.5,-0.68,0.15
A_M_1.9999999999999998_1.0_156,25.26,2.31,0.73,-0.33,-0.5,-0.68,0.15
A_M_1.9999999999999998_1.0_157,25.42,2.31,0.73,-0.33,-0.5,-0.68,0.15
A_M_1.9999999999999998_1.0_158,25.02,2.31,0.73,-0.33,-0.5,-0.68,0.15
A_M_1.9999999999999998_1.0_159,23.93,2.31,0.73,-0.33,-0.5,-0.68,0.15
A_M_1.9999999999999998_1.0_160,25.57,2.31,0.73,-0.33,-0.5,-0.68,0.15
A_M_1.9999999999999998_1.0_161,25.45,2.31,0.73,-0.33,-0.5,-0.68,0.15
A_M_1.9999999999999998_1.0_162,25.41,2.31,0.73,-0.33,-0.5,-0.68,0.15
A_M_1.9999999999999998_1.0_163,22.45,2.31,0.73,-0.33,-0.5,-0.68,0.15
A_M_1.9999999999999998_1.0_164,24.45,2.31,0.73,-0.33,-0.5,-0.68,0.15
A_M_1.9999999999999998_1.0_165,22.81,2.31,0.73,-0.33,-0.5,-0.68,0.15
A_M_1.9999999999999998_1.0_166,24.66,2.31,0.73,-0.33,-0.5,-0.68,0.15
A_M_1.9999999999999998_1.0_167,24.81,2.31,0.73,-0.33,-0.5,-0.68,0.15
A_M_1.9999999999999998_1.0_168,23.24,2.31,0.73,-0.33,-0.5,-0.68,0.15
A_M_1.9999999999999998_1.0_169,22.74,2.31,0.73,-0.33,-0.5,-0.68,0.15
A_M_1.9999999999999998_1.0_170,23.91,2.31,0.73,-0.33,-0.5,-0.68,0.15
A_M_1.9999999999999998_1.0_171,23.54,2.31,0.73,-0.33,-0.5,-0.68,0.15
A_M_1.9999999999999998_1.0_172,22.95,2.31,0.73,-0.33,-0.5,-0.68,0.15
A_M_1.9999999999999998_1.0_173,16.73,2.31,0.73,-0.33,-0.5,-0.68,0.15
A_M_1.9999999999999998_1.0_174,22.16,2.31,0.73,-0.33,-0.5,-0.68,0.15
A_M_1.9999999999999998_1.0_175,25.35,2.31,0.73,-0.33,-0.5,-0.68,0.15
A_M_1.9999999999999998_1.0_176,25.13,2.31,0.73,-0.33,-0.5,-0.68,0.15
A_M_1.9999999999999998_1.0_177,19.13,2.31,0.73,-0.33,-0.5,-0.68,0.15
A_M_1.9999999999999998_1.0_178,25.29,2.31,0.73,-0.33,-0.5,-0.68,0.15
A_M_1.9999999999999998_1.0_179,24.31,2.31,0.73,-0.33,-0.5,-0.68,0.15
A_M_1.9999999999999998_1.0_180,24.63,2.31,0.73,-0.33,-0.5,-0.68,0.15
A_M_1.9999999999999998_1.0_181,23.64,2.31,0.73,-0.33,-0.5,-0.68,0.15
A_M_1.9999999999999998_1.0_182,25.55,2.31,0.73,-0.33,-0.5,-0.68,0.15
A_M_1.9999999999999998_1.0_183,22.21,2.31,0.73,-0.33,-0.5,-0.68,0.15
A_M_1.9999999999999998_1.0_184,25.43,2.31,0.73,-0.33,-0.5,-0.68,0.15
A_M_1.9999999999999998_1.0_185,25.4,2.31,0.73,-0.33,-0.5,-0.68,0.15
A_M_1.9999999999999998_1.0_186,23.83,2.31,0.73,-0.33,-0.5,-0.68,0.15
A_M_1.9999999999999998_1.0_187,21.33,2.31,0.73,-0.33,-0.5,-0.68,0.15
A_M_1.9999999999999998_1.0_188,23.74,2.31,0.73,-0.33,-0.5,-0.68,0.15
A_M_1.9999999999999998_1.0_189,24.78,2.31,0.73,-0.33,-0.5,-0.68,0.15
A_M_1.9999999999999998_1.0_190,24.37,2.31,0.73,-0.33,-0.5,-0.68,0.15
A_M_1.9999999999999998_1.0_191,25.38,2.31,0.73,-0.33,-0.5,-0.68,0.15
A_M_1.9999999999999998_1.0_192,25.22,2.31,0.73,-0.33,-0.5,-0.68,0.15
A_M_1.9999999999999998_1.0_193,23.71,2.31,0.73,-0.33,-0.5,-0.68,0.15
A_M_1.9999999999999998_1.0_194,23.39,2.31,0.73,-0.33,-0.5,-0.68,0.15
A_M_1.9999999999999998_1.0_195,24.52,2.31,0.73,-0.33,-0.5,-0.68,0.15
A_M_1.9999999999999998_1.0_196,22.14,2.31,0.73,-0.33,-0.5,-0.68,0.15
A_M_1.9999999999999998_1.0_197,25.61,2.31,0.73,-0.33,-0.5,-0.68,0.15
A_M_1.9999999999999998_1.0_198,23.56,2.31,0.73,-0.33,-0.5,-0.68,0.15
A_M_1.9999999999999998_1.0_199,23.45,2.31,0.73,-0.33,-0.5,-0.68,0.15
A_M_1.9999999999999998_1.0_200,25.17,2.31,0.73,-0.33,-0.5,-0.68,0.15
A_M_1.9999999999999998_1.0_201,24.38,2.31,0.73,-0.33,-0.5,-0.68,0.15
A_M_1.9999999999999998_1.0_202,25.21,2.31,0.73,-0.33,-0.5,-0.68,0.15
A_M_1.9999999999999998_1.0_203,24.51,2.31,0.73,-0.33,-0.5,-0.68,0.15
A_M_1.9999999999999998_1.0_204,22.54,2.31,0.73,-0.33,-0.5,-0.68,0.15
A_M_1.9999999999999998_1.0_205,22.52,2.31,0.73,-0.33,-0.5,-0.68,0.15
A_M_1.9999999999999998_1.0_206,21.74,2.31,0.73,-0.33,-0.5,-0.68,0.15
A_M_1.9999999999999998_1.0_207,25.42,2.31,0.73,-0.33,-0.5,-0.68,0.15
A_M_1.9999999999999998_1.0_208,17.64,2.31,0.73,-0.33,-0.5,-0.68,0.15
A_M_1.9999999999999998_1.0_209,24.14,2.31,0.73,-0.33,-0.5,-0.68,0.15
A_M_1.9999999999999998_1.0_210,25.31,2.31,0.73,-0.33,-0.5,-0.68,0.15
A_M_1.9999999999999998_1.0_211,25.29,2.31,0.73,-0.33,-0.5,-0.68,0.15
A_M_1.9999999999999998_1.0_212,18.67,2.31,0.73,-0.33,-0.5,-0.68,0.15
A_M_1.9999999999999998_1.0_213,23.85,2.31,0.73,-0.33,-0.5,-0.68,0.15
A_M_1.9999999999999998_1.0_214,25.41,2.31,0.73,-0.33,-0.5,-0.68,0.15
A_M_1.9999999999999998_1.0_215,19.87,2.31,0.73,-0.33,-0.5,-0.68,0.15
A_M_1.9999999999999998_1.0_216,25.36,2.31,0.73,-0.33,-0.5,-0.68,0.15
A_M_1.9999999999999998_1.0_217,23.55,2.31,0.73,-0.33,-0.5,-0.68,0.15
A_M_1.9999999999999998_1.0_218,23.47,2.31,0.73,-0.33,-0.5,-0.68,0.15
A_M_1.9999999999999998_1.0_219,25.59,2.31,0.73,-0.33,-0.5,-0.68,0.15
A_M_1.9999999999999998_1.0_220,25.29,2.31,0.73,-0.33,-0.5,-0.68,0.15
A_M_1.9999999999999998_1.0_221,22.31,2.31,0.73,-0.33,-0.5,-0.68,0.15
A_M_1.9999999999999998_1.0_222,22.84,2.31,0.73,-0.33,-0.5,-0.68,0.15
A_M_1.9999999999999998_1.0_223,21.89,2.31,0.73,-0.33,-0.5,-0.68,0.15
A_M_1.9999999999999998_1.0_224,25.28,2.31,0.73,-0.33,-0.5,-0.68,0.15
A_M_1.9999999999999998_1.0_225,24.0,2.31,0.73,-0.33,-0.5,-0.68,0.15
A_M_1.9999999999999998_1.0_226,23.46,2.31,0.73,-0.33,-0.5,-0.68,0.15
A_M_1.9999999999999998_1.0_227,23.47,2.31,0.73,-0.33,-0.5,-0.68,0.15
A_M_1.9999999999999998_1.0_228,23.75,2.31,0.73,-0.33,-0.5,-0.68,0.15
A_M_1.9999999999999998_1.0_229,22.19,2.31,0.73,-0.33,-0.5,-0.68,0.15
A_M_1.9999999999999998_1.0_230,25.05,2.31,0.73,-0.33,-0.5,-0.68,0.15
A_M_1.9999999999999998_1.0_231,23.64,2.31,0.73,-0.33,-0.5,-0.68,0.15
A_M_1.9999999999999998_1.0_232,25.52,2.31,0.73,-0.33,-0.5,-0.68,0.15
A_M_1.9999999999999998_1.0_233,24.97,2.31,0.73,-0.33,-0.5,-0.68,0.15
A_M_1.9999999999999998_1.0_234,25.27,2.31,0.73,-0.33,-0.5,-0.68,0.15
A_M_1.9999999999999998_1.0_235,25.61,2.31,0.73,-0.33,-0.5,-0.68,0.15
A_M_1.9999999999999998_1.0_236,25.28,2.31,0.73,-0.33,-0.5,-0.68,0.15
A_M_1.9999999999999998_1.0_237,21.75,2.31,0.73,-0.33,-0.5,-0.68,0.15
A_M_1.9999999999999998_1.0_238,24.02,2.31,0.73,-0.33,-0.5,-0.68,0.15
A_M_1.9999999999999998_1.0_239,20.47,2.31,0.73,-0.33,-0.5,-0.68,0.15
A_M_1.9999999999999998_1.0_240,23.47,2.31,0.73,-0.33,-0.5,-0.68,0.15
A_M_1.9999999999999998_1.0_241,25.5,2.31,0.73,-0.33,-0.5,-0.68,0.15
A_M_1.9999999999999998_1.0_242,24.11,2.31,0.73,-0.33,-0.5,-0.68,0.15
A_M_1.9999999999999998_1.0_243,24.93,2.31,0.73,-0.33,-0.5,-0.68,0.15
A_M_1.9999999999999998_1.0_244,22.5,2.31,0.73,-0.33,-0.5,-0.68,0.15
A_M_1.9999999999999998_1.0_245,25.43,2.31,0.73,-0.33,-0.5,-0.68,0.15
A_M_1.9999999999999998_1.0_246,25.04,2.31,0.73,-0.33,-0.5,-0.68,0.15
A_M_1.9999999999999998_1.0_247,24.75,2.31,0.73,-0.33,-0.5,-0.68,0.15
A_M_1.9999999999999998_1.0_248,25.62,2.31,0.73,-0.33,-0.5,-0.68,0.15
A_M_1.9999999999999998_1.0_249,24.77,2.31,0.73,-0.33,-0.5,-0.68,0.15
A_M_1.9999999999999998_1.0_250,25.6,2.31,0.73,-0.33,-0.5,-0.68,0.15
A_M_1.9999999999999998_1.0_251,23.1,2.31,0.73,-0.33,-0.5,-0.68,0.15
A_M_1.9999999999999998_1.0_252,23.12,2.31,0.73,-0.33,-0.5,-0.68,0.15
A_M_1.9999999999999998_1.0_253,25.33,2.31,0.73,-0.33,-0.5,-0.68,0.15
A_M_1.9999999999999998_1.0_254,23.62,2.31,0.73,-0.33,-0.5,-0.68,0.15
A_M_1.9999999999999998_1.0_255,24.35,2.31,0.73,-0.33,-0.5,-0.68,0.15
A_M_1.9999999999999998_1.0_256,25.61,2.31,0.73,-0.33,-0.5,-0.68,0.15
A_M_1.9999999999999998_1.0_257,21.59,2.31,0.73,-0.33,-0.5,-0.68,0.15
A_M_1.9999999999999998_1.0_258,24.51,2.31,0.73,-0.33,-0.5,-0.68,0.15
A_M_1.9999999999999998_1.0_259,24.06,2.31,0.73,-0.33,-0.5,-0.68,0.15
A_M_1.9999999999999998_1.0_260,24.3,2.31,0.73,-0.33,-0.5,-0.68,0.15
A_M_1.9999999999999998_1.0_261,23.53,2.31,0.73,-0.33,-0.5,-0.68,0.15
A_M_1.9999999999999998_1.0_262,22.16,2.31,0.73,-0.33,-0.5,-0.68,0.15
A_M_1.9999999999999998_1.0_263,22.64,2.31,0.73,-0.33,-0.5,-0.68,0.15
A_M_1.9999999999999998_1.0_264,24.52,2.31,0.73,-0.33,-0.5,-0.68,0.15
A_M_1.9999999999999998_1.0_265,23.06,2.31,0.73,-0.33,-0.5,-0.68,0.15
A_M_1.9999999999999998_1.0_266,25.28,2.31,0.73,-0.33,-0.5,-0.68,0.15
A_M_1.9999999999999998_1.0_267,25.23,2.31,0.73,-0.33,-0.5,-0.68,0.15
A_M_1.9999999999999998_1.0_268,19.53,2.31,0.73,-0.33,-0.5,-0.68,0.15
A_M_1.9999999999999998_1.0_269,23.91,2.31,0.73,-0.33,-0.5,-0.68,0.15
A_M_1.9999999999999998_1.0_270,24.92,2.31,0.73,-0.33,-0.5,-0.68,0.15
A_M_1.9999999999999998_1.0_271,25.41,2.31,0.73,-0.33,-0.5,-0.68,0.15
A_M_1.9999999999999998_1.0_272,22.85,2.31,0.73,-0.33,-0.5,-0.68,0.15
A_M_1.9999999999999998_1.0_273,23.93,2.31,0.73,-0.33,-0.5,-0.68,0.15
A_M_1.9999999999999998_1.0_274,24.29,2.31,0.73,-0.33,-0.5,-0.68,0.15
A_M_1.9999999999999998_1.0_275,22.71,2.31,0.73,-0.33,-0.5,-0.68,0.15
A_M_1.9999999999999998_1.0_276,24.75,2.31,0.73,-0.33,-0.5,-0.68,0.15
A_M_1.9999999999999998_1.0_277,24.42,2.31,0.73,-0.33,-0.5,-0.68,0.15
A_M_1.9999999999999998_1.0_278,21.07,2.31,0.73,-0.33,-0.5,-0.68,0.15
A_M_1.9999999999999998_1.0_279,24.85,2.31,0.73,-0.33,-0.5,-0.68,0.15
A_M_1.9999999999999998_1.0_280,21.98,2.31,0.73,-0.33,-0.5,-0.68,0.15
A_M_1.9999999999999998_1.0_281,25.59,2.31,0.73,-0.33,-0.5,-0.68,0.15
A_M_1.9999999999999998_1.0_282,24.79,2.31,0.73,-0.33,-0.5,-0.68,0.15
A_M_1.9999999999999998_1.0_283,18.73,2.31,0.73,-0.33,-0.5,-0.68,0.15
A_M_1.9999999999999998_1.0_284,25.12,2.31,0.73,-0.33,-0.5,-0.68,0.15
A_M_1.9999999999999998_1.0_285,23.22,2.31,0.73,-0.33,-0.5,-0.68,0.15
A_M_1.9999999999999998_1.0_286,24.46,2.31,0.73,-0.33,-0.5,-0.68,0.15
A_M_1.9999999999999998_1.0_287,23.72,2.31,0.73,-0.33,-0.5,-0.68,0.15
A_M_1.9999999999999998_1.0_288,22.85,2.31,0.73,-0.33,-0.5,-0.68,0.15
A_M_1.9999999999999998_1.0_289,24.5,2.31,0.73,-0.33,-0.5,-0.68,0.15
A_M_1.9999999999999998_1.0_290,25.05,2.31,0.73,-0.33,-0.5,-0.68,0.15
A_M_1.9999999999999998_1.0_291,23.66,2.31,0.73,-0.33,-0.5,-0.68,0.15
A_M_1.9999999999999998_1.0_292,25.09,2.31,0.73,-0.33,-0.5,-0.68,0.15
A_M_1.9999999999999998_1.0_293,25.16,2.31,0.73,-0.33,-0.5,-0.68,0.15
A_M_1.9999999999999998_1.0_294,25.25,2.31,0.73,-0.33,-0.5,-0.68,0.15
A_M_1.9999999999999998_1.0_295,24.81,2.31,0.73,-0.33,-0.5,-0.68,0.15
A_M_1.9999999999999998_1.0_296,25.25,2.31,0.73,-0.33,-0.5,-0.68,0.15
A_M_1.9999999999999998_1.0_297,19.37,2.31,0.73,-0.33,-0.5,-0.68,0.15
A_M_1.9999999999999998_1.0_298,19.8,2.31,0.73,-0.33,-0.5,-0.68,0.15
A_M_1.9999999999999998_1.0_299,23.4,2.31,0.73,-0.33,-0.5,-0.68,0.15
A_M_1.9999999999999998_1.0_300,25.36,2.31,0.73,-0.33,-0.5,-0.68,0.15
A_M_1.9999999999999998_1.0_301,23.88,2.31,0.73,-0.33,-0.5,-0.68,0.15
A_M_1.9999999999999998_1.0_302,25.1,2.31,0.73,-0.33,-0.5,-0.68,0.15
A_M_1.9999999999999998_1.0_303,23.83,2.31,0.73,-0.33,-0.5,-0.68,0.15
A_M_1.9999999999999998_1.0_304,23.84,2.31,0.73,-0.33,-0.5,-0.68,0.15
A_M_1.9999999999999998_1.0_305,24.53,2.31,0.73,-0.33,-0.5,-0.68,0.15
A_M_1.9999999999999998_1.0_306,17.78,2.31,0.73,-0.33,-0.5,-0.68,0.15
A_M_1.9999999999999998_1.0_307,23.24,2.31,0.73,-0.33,-0.5,-0.68,0.15
A_M_1.9999999999999998_1.0_308,23.67,2.31,0.73,-0.33,-0.5,-0.68,0.15
A_M_1.9999999999999998_1.0_309,22.35,2.31,0.73,-0.33,-0.5,-0.68,0.15
A_M_1.9999999999999998_1.0_310,24.65,2.31,0.73,-0.33,-0.5,-0.68,0.15
A_M_1.9999999999999998_1.0_311,25.42,2.31,0.73,-0.33,-0.5,-0.68,0.15
A_M_1.9999999999999998_1.0_312,25.52,2.31,0.73,-0.33,-0.5,-0.68,0.15
A_M_1.9999999999999998_1.0_313,22.38,2.31,0.73,-0.33,-0.5,-0.68,0.15
A_M_1.9999999999999998_1.0_314,24.64,2.31,0.73,-0.33,-0.5,-0.68,0.15
A_M_1.9999999999999998_1.0_315,25.23,2.31,0.73,-0.33,-0.5,-0.68,0.15
A_M_1.9999999999999998_1.0_316,25.32,2.31,0.73,-0.33,-0.5,-0.68,0.15
A_M_1.9999999999999998_1.0_317,22.8,2.31,0.73,-0.33,-0.5,-0.68,0.15
A_M_1.9999999999999998_1.0_318,25.19,2.31,0.73,-0.33,-0.5,-0.68,0.15
A_M_1.9999999999999998_1.0_319,25.1,2.31,0.73,-0.33,-0.5,-0.68,0.15
A_M_1.9999999999999998_1.0_320,24.51,2.31,0.73,-0.33,-0.5,-0.68,0.15
A_M_1.9999999999999998_1.0_321,24.25,2.31,0.73,-0.33,-0.5,-0.68,0.15
A_M_1.9999999999999998_1.0_322,24.27,2.31,0.73,-0.33,-0.5,-0.68,0.15
A_M_1.9999999999999998_1.0_323,22.03,2.31,0.73,-0.33,-0.5,-0.68,0.15
A_M_1.9999999999999998_1.0_324,25.06,2.31,0.73,-0.33,-0.5,-0.68,0.15
A_M_1.9999999999999998_1.0_325,16.23,2.31,0.73,-0.33,-0.5,-0.68,0.15
A_M_1.9999999999999998_1.0_326,25.33,2.31,0.73,-0.33,-0.5,-0.68,0.15
A_M_1.9999999999999998_1.0_327,24.5,2.31,0.73,-0.33,-0.5,-0.68,0.15
A_M_1.9999999999999998_1.0_328,23.13,2.31,0.73,-0.33,-0.5,-0.68,0.15
A_M_1.9999999999999998_1.0_329,22.62,2.31,0.73,-0.33,-0.5,-0.68,0.15
A_M_1.9999999999999998_1.0_330,24.9,2.31,0.73,-0.33,-0.5,-0.68,0.15
A_M_1.9999999999999998_1.0_331,25.2,2.31,0.73,-0.33,-0.5,-0.68,0.15
A_M_1.9999999999999998_1.0_332,25.57,2.31,0.73,-0.33,-0.5,-0.68,0.15
A_M_1.9999999999999998_1.0_333,25.35,2.31,0.73,-0.33,-0.5,-0.68,0.15
A_M_1.9999999999999998_1.0_334,24.13,2.31,0.73,-0.33,-0.5,-0.68,0.15
A_M_1.9999999999999998_1.0_335,22.93,2.31,0.73,-0.33,-0.5,-0.68,0.15
A_M_1.9999999999999998_1.0_336,25.57,2.31,0.73,-0.33,-0.5,-0.68,0.15
A_M_1.9999999999999998_1.0_337,24.0,2.31,0.73,-0.33,-0.5,-0.68,0.15
A_M_1.9999999999999998_1.0_338,25.42,2.31,0.73,-0.33,-0.5,-0.68,0.15
A_M_1.9999999999999998_1.0_339,25.26,2.31,0.73,-0.33,-0.5,-0.68,0.15
A_M_1.9999999999999998_1.0_340,25.42,2.31,0.73,-0.33,-0.5,-0.68,0.15
A_M_1.9999999999999998_1.0_341,23.09,2.31,0.73,-0.33,-0.5,-0.68,0.15
A_M_1.9999999999999998_1.0_342,24.18,2.31,0.73,-0.33,-0.5,-0.68,0.15
A_M_1.9999999999999998_1.0_343,22.62,2.31,0.73,-0.33,-0.5,-0.68,0.15
A_M_1.9999999999999998_1.0_344,23.1,2.31,0.73,-0.33,-0.5,-0.68,0.15
A_M_1.9999999999999998_1.0_345,16.84,2.31,0.73,-0.33,-0.5,-0.68,0.15
A_M_1.9999999999999998_1.0_346,24.89,2.31,0.73,-0.33,-0.5,-0.68,0.15
A_M_1.9999999999999998_1.0_347,24.76,2.31,0.73,-0.33,-0.5,-0.68,0.15
A_M_1.9999999999999998_1.0_348,23.39,2.31,0.73,-0.33,-0.5,-0.68,0.15
A_M_1.9999999999999998_1.0_349,24.03,2.31,0.73,-0.33,-0.5,-0.68,0.15
A_M_1.9999999999999998_1.0_350,22.25,2.31,0.73,-0.33,-0.5,-0.68,0.15
A_M_1.9999999999999998_1.0_351,24.6,2.31,0.73,-0.33,-0.5,-0.68,0.15
A_M_1.9999999999999998_1.0_352,20.12,2.31,0.73,-0.33,-0.5,-0.68,0.15
A_M_1.9999999999999998_1.0_353,24.04,2.31,0.73,-0.33,-0.5,-0.68,0.15
A_M_1.9999999999999998_1.0_354,19.27,2.31,0.73,-0.33,-0.5,-0.68,0.15
A_M_1.9999999999999998_1.0_355,24.96,2.31,0.73,-0.33,-0.5,-0.68,0.15
A_M_1.9999999999999998_1.0_356,24.11,2.31,0.73,-0.33,-0.5,-0.68,0.15
A_M_1.9999999999999998_1.0_357,23.36,2.31,0.73,-0.33,-0.5,-0.68,0.15
A_M_1.9999999999999998_1.0_358,23.97,2.31,0.73,-0.33,-0.5,-0.68,0.15
A_M_1.9999999999999998_1.0_359,24.53,2.31,0.73,-0.33,-0.5,-0.68,0.15
A_M_1.9999999999999998_1.0_360,17.95,2.31,0.73,-0.33,-0.5,-0.68,0.15
A_M_1.9999999999999998_1.0_361,24.78,2.31,0.73,-0.33,-0.5,-0.68,0.15
A_M_1.9999999999999998_1.0_362,24.57,2.31,0.73,-0.33,-0.5,-0.68,0.15
A_M_1.9999999999999998_1.0_363,21.91,2.31,0.73,-0.33,-0.5,-0.68,0.15
A_M_1.9999999999999998_1.0_364,24.95,2.31,0.73,-0.33,-0.5,-0.68,0.15
A_M_1.9999999999999998_1.0_365,22.26,2.31,0.73,-0.33,-0.5,-0.68,0.15
A_M_1.9999999999999998_1.0_366,21.2,2.31,0.73,-0.33,-0.5,-0.68,0.15
A_M_1.9999999999999998_1.0_367,25.42,2.31,0.73,-0.33,-0.5,-0.68,0.15
A_M_1.9999999999999998_1.0_368,25.61,2.31,0.73,-0.33,-0.5,-0.68,0.15
A_M_1.9999999999999998_1.0_369,25.01,2.31,0.73,-0.33,-0.5,-0.68,0.15
A_M_1.9999999999999998_1.0_370,24.72,2.31,0.73,-0.33,-0.5,-0.68,0.15
A_M_1.9999999999999998_1.0_371,23.85,2.31,0.73,-0.33,-0.5,-0.68,0.15
A_M_1.9999999999999998_1.0_372,24.91,2.31,0.73,-0.33,-0.5,-0.68,0.15
A_M_1.9999999999999998_1.0_373,24.66,2.31,0.73,-0.33,-0.5,-0.68,0.15
A_M_1.9999999999999998_1.0_374,24.76,2.31,0.73,-0.33,-0.5,-0.68,0.15
A_M_1.9999999999999998_1.0_375,24.79,2.31,0.73,-0.33,-0.5,-0.68,0.15
A_M_1.9999999999999998_1.0_376,25.2,2.31,0.73,-0.33,-0.5,-0.68,0.15
A_M_1.9999999999999998_1.0_377,22.42,2.31,0.73,-0.33,-0.5,-0.68,0.15
A_M_1.9999999999999998_1.0_378,25.34,2.31,0.73,-0.33,-0.5,-0.68,0.15
A_M_1.9999999999999998_1.0_379,24.05,2.31,0.73,-0.33,-0.5,-0.68,0.15
A_M_1.9999999999999998_1.0_380,23.91,2.31,0.73,-0.33,-0.5,-0.68,0.15
A_M_1.9999999999999998_1.0_381,25.48,2.31,0.73,-0.33,-0.5,-0.68,0.15
A_M_1.9999999999999998_1.0_382,25.51,2.31,0.73,-0.33,-0.5,-0.68,0.15
A_M_1.9999999999999998_1.0_383,25.6,2.31,0.73,-0.33,-0.5,-0.68,0.15
A_M_1.9999999999999998_1.0_384,22.66,2.31,0.73,-0.33,-0.5,-0.68,0.15
A_M_1.9999999999999998_1.0_385,24.79,2.31,0.73,-0.33,-0.5,-0.68,0.15
A_M_1.9999999999999998_1.0_386,23.06,2.31,0.73,-0.33,-0.5,-0.68,0.15
A_M_1.9999999999999998_1.0_387,24.04,2.31,0.73,-0.33,-0.5,-0.68,0.15
A_M_1.9999999999999998_1.0_388,25.37,2.31,0.73,-0.33,-0.5,-0.68,0.15
A_M_1.9999999999999998_1.0_389,24.91,2.31,0.73,-0.33,-0.5,-0.68,0.15
A_M_1.9999999999999998_1.0_390,24.97,2.31,0.73,-0.33,-0.5,-0.68,0.15
A_M_1.9999999999999998_1.0_391,25.19,2.31,0.73,-0.33,-0.5,-0.68,0.15
A_M_1.9999999999999998_1.0_392,24.79,2.31,0.73,-0.33,-0.5,-0.68,0.15
A_M_1.9999999999999998_1.0_393,24.74,2.31,0.73,-0.33,-0.5,-0.68,0.15
A_M_1.9999999999999998_1.0_394,24.6,2.31,0.73,-0.33,-0.5,-0.68,0.15
A_M_1.9999999999999998_1.0_395,24.12,2.31,0.73,-0.33,-0.5,-0.68,0.15
A_M_1.9999999999999998_1.0_396,24.36,2.31,0.73,-0.33,-0.5,-0.68,0.15
A_M_1.9999999999999998_1.0_397,22.99,2.31,0.73,-0.33,-0.5,-0.68,0.15
A_M_1.9999999999999998_1.0_398,23.67,2.31,0.73,-0.33,-0.5,-0.68,0.15
A_M_1.9999999999999998_1.0_399,25.31,2.31,0.73,-0.33,-0.5,-0.68,0.15
A_M_1.9999999999999998_1.0_400,23.69,2.31,0.73,-0.33,-0.5,-0.68,0.15
A_M_1.9999999999999998_1.0_401,25.45,2.31,0.73,-0.33,-0.5,-0.68,0.15
A_M_1.9999999999999998_1.0_402,20.74,2.31,0.73,-0.33,-0.5,-0.68,0.15
A_M_1.9999999999999998_1.0_403,24.9,2.31,0.73,-0.33,-0.5,-0.68,0.15
A_M_1.9999999999999998_1.0_404,24.7,2.31,0.73,-0.33,-0.5,-0.68,0.15
A_M_1.9999999999999998_1.0_405,21.81,2.31,0.73,-0.33,-0.5,-0.68,0.15
A_M_1.9999999999999998_1.0_406,25.33,2.31,0.73,-0.33,-0.5,-0.68,0.15
A_M_1.9999999999999998_1.0_407,23.78,2.31,0.73,-0.33,-0.5,-0.68,0.15
A_M_1.9999999999999998_1.0_408,25.53,2.31,0.73,-0.33,-0.5,-0.68,0.15
A_M_1.9999999999999998_1.0_409,20.32,2.31,0.73,-0.33,-0.5,-0.68,0.15
A_M_1.9999999999999998_1.0_410,22.69,2.31,0.73,-0.33,-0.5,-0.68,0.15
A_M_1.9999999999999998_1.0_411,20.79,2.31,0.73,-0.33,-0.5,-0.68,0.15
A_M_1.9999999999999998_1.0_412,25.34,2.31,0.73,-0.33,-0.5,-0.68,0.15
A_M_1.9999999999999998_1.0_413,25.36,2.31,0.73,-0.33,-0.5,-0.68,0.15
A_M_1.9999999999999998_1.0_414,18.53,2.31,0.73,-0.33,-0.5,-0.68,0.15
A_M_1.9999999999999998_1.0_415,24.51,2.31,0.73,-0.33,-0.5,-0.68,0.15
A_M_1.9999999999999998_1.0_416,22.7,2.31,0.73,-0.33,-0.5,-0.68,0.15
A_M_1.9999999999999998_1.0_417,25.56,2.31,0.73,-0.33,-0.5,-0.68,0.15
A_M_1.9999999999999998_1.0_418,18.04,2.31,0.73,-0.33,-0.5,-0.68,0.15
A_M_1.9999999999999998_1.0_419,22.47,2.31,0.73,-0.33,-0.5,-0.68,0.15
A_M_1.9999999999999998_1.0_420,24.46,2.31,0.73,-0.33,-0.5,-0.68,0.15
A_M_1.9999999999999998_1.0_421,20.58,2.31,0.73,-0.33,-0.5,-0.68,0.15
A_M_1.9999999999999998_1.0_422,22.9,2.31,0.73,-0.33,-0.5,-0.68,0.15
A_M_1.9999999999999998_1.0_423,24.66,2.31,0.73,-0.33,-0.5,-0.68,0.15
A_M_1.9999999999999998_1.0_424,24.38,2.31,0.73,-0.33,-0.5,-0.68,0.15
A_M_1.9999999999999998_1.0_425,25.58,2.31,0.73,-0.33,-0.5,-0.68,0.15
A_M_1.9999999999999998_1.0_426,24.69,2.31,0.73,-0.33,-0.5,-0.68,0.15
A_M_1.9999999999999998_1.0_427,25.29,2.31,0.73,-0.33,-0.5,-0.68,0.15
A_M_1.9999999999999998_1.0_428,23.57,2.31,0.73,-0.33,-0.5,-0.68,0.15
A_M_1.9999999999999998_1.0_429,25.31,2.31,0.73,-0.33,-0.5,-0.68,0.15
A_M_1.9999999999999998_1.0_430,23.09,2.31,0.73,-0.33,-0.5,-0.68,0.15
A_M_1.9999999999999998_1.0_431,24.79,2.31,0.73,-0.33,-0.5,-0.68,0.15
A_M_1.9999999999999998_1.0_432,25.04,2.31,0.73,-0.33,-0.5,-0.68,0.15
A_M_1.9999999999999998_1.0_433,24.89,2.31,0.73,-0.33,-0.5,-0.68,0.15
A_M_1.9999999999999998_1.0_434,24.92,2.31,0.73,-0.33,-0.5,-0.68,0.15
A_M_1.9999999999999998_1.0_435,24.26,2.31,0.73,-0.33,-0.5,-0.68,0.15
A_M_1.9999999999999998_1.0_436,22.67,2.31,0.73,-0.33,-0.5,-0.68,0.15
A_M_1.9999999999999998_1.0_437,25.58,2.31,0.73,-0.33,-0.5,-0.68,0.15
A_M_1.9999999999999998_1.0_438,25.6,2.31,0.73,-0.33,-0.5,-0.68,0.15
A_M_1.9999999999999998_1.0_439,19.34,2.31,0.73,-0.33,-0.5,-0.68,0.15
A_M_1.9999999999999998_1.0_440,24.4,2.31,0.73,-0.33,-0.5,-0.68,0.15
A_M_1.9999999999999998_1.0_441,23.41,2.31,0.73,-0.33,-0.5,-0.68,0.15
A_M_1.9999999999999998_1.0_442,20.0,2.31,0.73,-0.33,-0.5,-0.68,0.15
A_M_1.9999999999999998_1.0_443,23.24,2.31,0.73,-0.33,-0.5,-0.68,0.15
A_M_1.9999999999999998_1.0_444,25.52,2.31,0.73,-0.33,-0.5,-0.68,0.15
A_M_1.9999999999999998_1.0_445,23.23,2.31,0.73,-0.33,-0.5,-0.68,0.15
A_M_1.9999999999999998_1.0_446,20.69,2.31,0.73,-0.33,-0.5,-0.68,0.15
A_M_1.9999999999999998_1.0_447,24.7,2.31,0.73,-0.33,-0.5,-0.68,0.15
A_M_1.9999999999999998_1.0_448,23.48,2.31,0.73,-0.33,-0.5,-0.68,0.15
A_M_1.9999999999999998_1.0_449,25.05,2.31,0.73,-0.33,-0.5,-0.68,0.15
A_M_1.9999999999999998_1.0_450,25.21,2.31,0.73,-0.33,-0.5,-0.68,0.15
A_M_1.9999999999999998_1.0_451,25.56,2.31,0.73,-0.33,-0.5,-0.68,0.15
A_M_1.9999999999999998_1.0_452,25.14,2.31,0.73,-0.33,-0.5,-0.68,0.15
A_M_1.9999999999999998_1.0_453,23.77,2.31,0.73,-0.33,-0.5,-0.68,0.15
A_M_1.9999999999999998_1.0_454,24.8,2.31,0.73,-0.33,-0.5,-0.68,0.15
A_M_1.9999999999999998_1.0_455,25.5,2.31,0.73,-0.33,-0.5,-0.68,0.15
A_M_1.9999999999999998_1.0_456,24.46,2.31,0.73,-0.33,-0.5,-0.68,0.15
A_M_1.9999999999999998_1.0_457,22.61,2.31,0.73,-0.33,-0.5,-0.68,0.15
A_M_1.9999999999999998_1.0_458,18.66,2.31,0.73,-0.33,-0.5,-0.68,0.15
A_M_1.9999999999999998_1.0_459,25.44,2.31,0.73,-0.33,-0.5,-0.68,0.15
A_M_1.9999999999999998_1.0_460,22.52,2.31,0.73,-0.33,-0.5,-0.68,0.15
A_M_1.9999999999999998_1.0_461,25.42,2.31,0.73,-0.33,-0.5,-0.68,0.15
A_M_1.9999999999999998_1.0_462,25.52,2.31,0.73,-0.33,-0.5,-0.68,0.15
A_M_1.9999999999999998_1.0_463,24.64,2.31,0.73,-0.33,-0.5,-0.68,0.15
A_M_1.9999999999999998_1.0_464,24.85,2.31,0.73,-0.33,-0.5,-0.68,0.15
A_M_1.9999999999999998_1.0_465,25.17,2.31,0.73,-0.33,-0.5,-0.68,0.15
A_M_1.9999999999999998_1.0_466,24.74,2.31,0.73,-0.33,-0.5,-0.68,0.15
A_M_1.9999999999999998_1.0_467,22.09,2.31,0.73,-0.33,-0.5,-0.68,0.15
A_M_1.9999999999999998_1.0_468,25.18,2.31,0.73,-0.33,-0.5,-0.68,0.15
A_M_1.9999999999999998_1.0_469,23.08,2.31,0.73,-0.33,-0.5,-0.68,0.15
A_M_1.9999999999999998_1.0_470,23.77,2.31,0.73,-0.33,-0.5,-0.68,0.15
A_M_1.9999999999999998_1.0_471,24.25,2.31,0.73,-0.33,-0.5,-0.68,0.15
A_M_1.9999999999999998_1.0_472,25.48,2.31,0.73,-0.33,-0.5,-0.68,0.15
A_M_1.9999999999999998_1.0_473,25.14,2.31,0.73,-0.33,-0.5,-0.68,0.15
A_M_1.9999999999999998_1.0_474,24.63,2.31,0.73,-0.33,-0.5,-0.68,0.15
A_M_1.9999999999999998_1.0_475,25.54,2.31,0.73,-0.33,-0.5,-0.68,0.15
A_M_1.9999999999999998_1.0_476,25.27,2.31,0.73,-0.33,-0.5,-0.68,0.15
A_M_1.9999999999999998_1.0_477,25.47,2.31,0.73,-0.33,-0.5,-0.68,0.15
A_M_1.9999999999999998_1.0_478,24.39,2.31,0.73,-0.33,-0.5,-0.68,0.15
A_M_1.9999999999999998_1.0_479,25.13,2.31,0.73,-0.33,-0.5,-0.68,0.15
A_M_1.9999999999999998_1.0_480,24.65,2.31,0.73,-0.33,-0.5,-0.68,0.15
A_M_1.9999999999999998_1.0_481,23.91,2.31,0.73,-0.33,-0.5,-0.68,0.15
A_M_1.9999999999999998_1.0_482,24.53,2.31,0.73,-0.33,-0.5,-0.68,0.15
A_M_1.9999999999999998_1.0_483,23.67,2.31,0.73,-0.33,-0.5,-0.68,0.15
A_M_1.9999999999999998_1.0_484,25.09,2.31,0.73,-0.33,-0.5,-0.68,0.15
A_M_1.9999999999999998_1.0_485,24.71,2.31,0.73,-0.33,-0.5,-0.68,0.15
A_M_1.9999999999999998_1.0_486,23.91,2.31,0.73,-0.33,-0.5,-0.68,0.15
A_M_1.9999999999999998_1.0_487,25.33,2.31,0.73,-0.33,-0.5,-0.68,0.15
A_M_1.9999999999999998_1.0_488,19.01,2.31,0.73,-0.33,-0.5,-0.68,0.15
A_M_1.9999999999999998_1.0_489,25.2,2.31,0.73,-0.33,-0.5,-0.68,0.15
A_M_1.9999999999999998_1.0_490,23.15,2.31,0.73,-0.33,-0.5,-0.68,0.15
A_M_1.9999999999999998_1.0_491,25.2,2.31,0.73,-0.33,-0.5,-0.68,0.15
A_M_1.9999999999999998_1.0_492,24.35,2.31,0.73,-0.33,-0.5,-0.68,0.15
A_M_1.9999999999999998_1.0_493,25.04,2.31,0.73,-0.33,-0.5,-0.68,0.15
A_M_1.9999999999999998_1.0_494,24.6,2.31,0.73,-0.33,-0.5,-0.68,0.15
A_M_1.9999999999999998_1.0_495,25.51,2.31,0.73,-0.33,-0.5,-0.68,0.15
A_M_1.9999999999999998_1.0_496,23.78,2.31,0.73,-0.33,-0.5,-0.68,0.15
A_M_1.9999999999999998_1.0_497,25.36,2.31,0.73,-0.33,-0.5,-0.68,0.15
A_M_1.9999999999999998_1.0_498,25.15,2.31,0.73,-0.33,-0.5,-0.68,0.15
A_M_1.9999999999999998_1.0_499,25.14,2.31,0.73,-0.33,-0.5,-0.68,0.15
A_M_1.9999999999999998_1.0_500,25.06,2.31,0.73,-0.33,-0.5,-0.68,0.15
A_M_1.9999999999999998_1.0_501,25.25,2.31,0.73,-0.33,-0.5,-0.68,0.15
A_M_1.9999999999999998_1.0_502,25.38,2.31,0.73,-0.33,-0.5,-0.68,0.15
A_M_1.9999999999999998_1.0_503,24.55,2.31,0.73,-0.33,-0.5,-0.68,0.15
A_M_1.9999999999999998_1.0_504,23.29,2.31,0.73,-0.33,-0.5,-0.68,0.15
A_M_1.9999999999999998_1.0_505,24.22,2.31,0.73,-0.33,-0.5,-0.68,0.15
A_M_1.9999999999999998_1.0_506,25.41,2.31,0.73,-0.33,-0.5,-0.68,0.15
A_M_1.9999999999999998_1.0_507,23.9,2.31,0.73,-0.33,-0.5,-0.68,0.15
A_M_1.9999999999999998_1.0_508,25.07,2.31,0.73,-0.33,-0.5,-0.68,0.15
A_M_1.9999999999999998_1.0_509,25.05,2.31,0.73,-0.33,-0.5,-0.68,0.15
A_M_1.9999999999999998_1.0_510,25.51,2.31,0.73,-0.33,-0.5,-0.68,0.15
A_M_1.9999999999999998_1.0_511,22.35,2.31,0.73,-0.33,-0.5,-0.68,0.15
A_M_1.9999999999999998_1.0_512,25.23,2.31,0.73,-0.33,-0.5,-0.68,0.15
A_M_1.9999999999999998_1.0_513,23.8,2.31,0.73,-0.33,-0.5,-0.68,0.15
A_M_1.9999999999999998_1.0_514,25.3,2.31,0.73,-0.33,-0.5,-0.68,0.15
A_M_1.9999999999999998_1.0_515,24.96,2.31,0.73,-0.33,-0.5,-0.68,0.15
A_M_1.9999999999999998_1.0_516,25.32,2.31,0.73,-0.33,-0.5,-0.68,0.15
A_M_1.9999999999999998_1.0_517,25.6,2.31,0.73,-0.33,-0.5,-0.68,0.15
A_M_1.9999999999999998_1.0_518,23.86,2.31,0.73,-0.33,-0.5,-0.68,0.15
A_M_1.9999999999999998_1.0_519,24.87,2.31,0.73,-0.33,-0.5,-0.68,0.15
A_M_1.9999999999999998_1.0_520,25.55,2.31,0.73,-0.33,-0.5,-0.68,0.15
A_M_1.9999999999999998_1.0_521,19.28,2.31,0.73,-0.33,-0.5,-0.68,0.15
A_M_1.9999999999999998_1.0_522,22.48,2.31,0.73,-0.33,-0.5,-0.68,0.15
A_M_1.9999999999999998_1.0_523,25.47,2.31,0.73,-0.33,-0.5,-0.68,0.15
A_M_1.9999999999999998_1.0_524,24.79,2.31,0.73,-0.33,-0.5,-0.68,0.15
A_M_1.9999999999999998_1.0_525,24.02,2.31,0.73,-0.33,-0.5,-0.68,0.15
A_M_1.9999999999999998_1.0_526,23.6,2.31,0.73,-0.33,-0.5,-0.68,0.15
A_M_1.9999999999999998_1.0_527,24.36,2.31,0.73,-0.33,-0.5,-0.68,0.15
A_M_1.9999999999999998_1.0_528,25.44,2.31,0.73,-0.33,-0.5,-0.68,0.15
A_M_1.9999999999999998_1.0_529,25.48,2.31,0.73,-0.33,-0.5,-0.68,0.15
A_M_1.9999999999999998_1.0_530,25.4,2.31,0.73,-0.33,-0.5,-0.68,0.15
A_M_1.9999999999999998_1.0_531,25.34,2.31,0.73,-0.33,-0.5,-0.68,0.15
A_M_1.9999999999999998_1.0_532,24.79,2.31,0.73,-0.33,-0.5,-0.68,0.15
A_M_1.9999999999999998_1.0_533,20.83,2.31,0.73,-0.33,-0.5,-0.68,0.15
A_M_1.9999999999999998_1.0_534,19.92,2.31,0.73,-0.33,-0.5,-0.68,0.15
A_M_1.9999999999999998_1.0_535,24.35,2.31,0.73,-0.33,-0.5,-0.68,0.15
A_M_1.9999999999999998_1.0_536,24.09,2.31,0.73,-0.33,-0.5,-0.68,0.15
A_M_1.9999999999999998_1.0_537,24.14,2.31,0.73,-0.33,-0.5,-0.68,0.15
A_M_1.9999999999999998_1.0_538,24.97,2.31,0.73,-0.33,-0.5,-0.68,0.15
A_M_1.9999999999999998_1.0_539,25.51,2.31,0.73,-0.33,-0.5,-0.68,0.15
A_M_1.9999999999999998_1.0_540,24.25,2.31,0.73,-0.33,-0.5,-0.68,0.15
A_M_1.9999999999999998_1.0_541,25.38,2.31,0.73,-0.33,-0.5,-0.68,0.15
A_M_1.9999999999999998_1.0_542,23.42,2.31,0.73,-0.33,-0.5,-0.68,0.15
A_M_1.9999999999999998_1.0_543,22.49,2.31,0.73,-0.33,-0.5,-0.68,0.15
A_M_1.9999999999999998_1.0_544,22.21,2.31,0.73,-0.33,-0.5,-0.68,0.15
A_M_1.9999999999999998_1.0_545,22.07,2.31,0.73,-0.33,-0.5,-0.68,0.15
A_M_1.9999999999999998_1.0_546,22.08,2.31,0.73,-0.33,-0.5,-0.68,0.15
A_M_1.9999999999999998_1.0_547,23.15,2.31,0.73,-0.33,-0.5,-0.68,0.15
A_M_1.9999999999999998_1.0_548,23.87,2.31,0.73,-0.33,-0.5,-0.68,0.15
A_M_1.9999999999999998_1.0_549,23.65,2.31,0.73,-0.33,-0.5,-0.68,0.15
A_M_1.9999999999999998_1.0_550,23.93,2.31,0.73,-0.33,-0.5,-0.68,0.15
A_M_1.9999999999999998_1.0_551,25.04,2.31,0.73,-0.33,-0.5,-0.68,0.15
A_M_1.9999999999999998_1.0_552,25.37,2.31,0.73,-0.33,-0.5,-0.68,0.15
A_M_1.9999999999999998_1.0_553,24.18,2.31,0.73,-0.33,-0.5,-0.68,0.15
A_M_1.9999999999999998_1.0_554,24.66,2.31,0.73,-0.33,-0.5,-0.68,0.15
A_M_1.9999999999999998_1.0_555,22.75,2.31,0.73,-0.33,-0.5,-0.68,0.15
A_M_1.9999999999999998_1.0_556,25.46,2.31,0.73,-0.33,-0.5,-0.68,0.15
A_M_1.9999999999999998_1.0_557,25.25,2.31,0.73,-0.33,-0.5,-0.68,0.15
A_M_1.9999999999999998_1.0_558,23.45,2.31,0.73,-0.33,-0.5,-0.68,0.15
A_M_1.9999999999999998_1.0_559,22.12,2.31,0.73,-0.33,-0.5,-0.68,0.15
A_M_1.9999999999999998_1.0_560,25.44,2.31,0.73,-0.33,-0.5,-0.68,0.15
A_M_1.9999999999999998_1.0_561,25.07,2.31,0.73,-0.33,-0.5,-0.68,0.15
A_M_1.9999999999999998_1.0_562,24.97,2.31,0.73,-0.33,-0.5,-0.68,0.15
A_M_1.9999999999999998_1.0_563,22.57,2.31,0.73,-0.33,-0.5,-0.68,0.15
A_M_1.9999999999999998_1.0_564,23.78,2.31,0.73,-0.33,-0.5,-0.68,0.15
A_M_1.9999999999999998_1.0_565,25.2,2.31,0.73,-0.33,-0.5,-0.68,0.15
A_M_1.9999999999999998_1.0_566,22.76,2.31,0.73,-0.33,-0.5,-0.68,0.15
A_M_1.9999999999999998_1.0_567,24.43,2.31,0.73,-0.33,-0.5,-0.68,0.15
A_M_1.9999999999999998_1.0_568,23.51,2.31,0.73,-0.33,-0.5,-0.68,0.15
A_M_1.9999999999999998_1.0_569,24.58,2.31,0.73,-0.33,-0.5,-0.68,0.15
A_M_1.9999999999999998_1.0_570,24.81,2.31,0.73,-0.33,-0.5,-0.68,0.15
A_M_1.9999999999999998_1.0_571,24.56,2.31,0.73,-0.33,-0.5,-0.68,0.15
A_M_1.9999999999999998_1.0_572,19.73,2.31,0.73,-0.33,-0.5,-0.68,0.15
A_M_1.9999999999999998_1.0_573,23.85,2.31,0.73,-0.33,-0.5,-0.68,0.15
A_M_1.9999999999999998_1.0_574,25.21,2.31,0.73,-0.33,-0.5,-0.68,0.15
A_M_1.9999999999999998_1.0_575,23.46,2.31,0.73,-0.33,-0.5,-0.68,0.15
A_M_1.9999999999999998_1.0_576,25.46,2.31,0.73,-0.33,-0.5,-0.68,0.15
A_M_1.9999999999999998_1.0_577,23.94,2.31,0.73,-0.33,-0.5,-0.68,0.15
A_M_1.9999999999999998_1.0_578,24.81,2.31,0.73,-0.33,-0.5,-0.68,0.15
A_M_1.9999999999999998_1.0_579,23.91,2.31,0.73,-0.33,-0.5,-0.68,0.15
A_M_1.9999999999999998_1.0_580,24.42,2.31,0.73,-0.33,-0.5,-0.68,0.15
A_M_1.9999999999999998_1.0_581,24.6,2.31,0.73,-0.33,-0.5,-0.68,0.15
A_M_1.9999999999999998_1.0_582,22.75,2.31,0.73,-0.33,-0.5,-0.68,0.15
A_M_1.9999999999999998_1.0_583,24.13,2.31,0.73,-0.33,-0.5,-0.68,0.15
A_M_1.9999999999999998_1.0_584,20.57,2.31,0.73,-0.33,-0.5,-0.68,0.15
A_M_1.9999999999999998_1.0_585,24.77,2.31,0.73,-0.33,-0.5,-0.68,0.15
A_M_1.9999999999999998_1.0_586,25.04,2.31,0.73,-0.33,-0.5,-0.68,0.15
A_M_1.9999999999999998_1.0_587,24.14,2.31,0.73,-0.33,-0.5,-0.68,0.15
A_M_1.9999999999999998_1.0_588,24.22,2.31,0.73,-0.33,-0.5,-0.68,0.15
A_M_1.9999999999999998_1.0_589,22.66,2.31,0.73,-0.33,-0.5,-0.68,0.15
A_M_1.9999999999999998_1.0_590,25.31,2.31,0.73,-0.33,-0.5,-0.68,0.15
A_M_1.9999999999999998_1.0_591,25.38,2.31,0.73,-0.33,-0.5,-0.68,0.15
A_M_1.9999999999999998_1.0_592,22.75,2.31,0.73,-0.33,-0.5,-0.68,0.15
A_M_1.9999999999999998_1.0_593,25.15,2.31,0.73,-0.33,-0.5,-0.68,0.15
A_M_1.9999999999999998_1.0_594,22.85,2.31,0.73,-0.33,-0.5,-0.68,0.15
A_M_1.9999999999999998_1.0_595,24.63,2.31,0.73,-0.33,-0.5,-0.68,0.15
A_M_1.9999999999999998_1.0_596,25.48,2.31,0.73,-0.33,-0.5,-0.68,0.15
A_M_1.9999999999999998_1.0_597,24.48,2.31,0.73,-0.33,-0.5,-0.68,0.15
A_M_1.9999999999999998_1.0_598,24.17,2.31,0.73,-0.33,-0.5,-0.68,0.15
A_M_1.9999999999999998_1.0_599,23.77,2.31,0.73,-0.33,-0.5,-0.68,0.15
A_M_1.9999999999999998_1.0_600,24.55,2.31,0.73,-0.33,-0.5,-0.68,0.15
A_M_1.9999999999999998_1.0_601,24.57,2.31,0.73,-0.33,-0.5,-0.68,0.15
A_M_1.9999999999999998_1.0_602,23.73,2.31,0.73,-0.33,-0.5,-0.68,0.15
A_M_1.9999999999999998_1.0_603,24.02,2.31,0.73,-0.33,-0.5,-0.68,0.15
A_M_1.9999999999999998_1.0_604,24.63,2.31,0.73,-0.33,-0.5,-0.68,0.15
A_M_1.9999999999999998_1.0_605,25.49,2.31,0.73,-0.33,-0.5,-0.68,0.15
A_M_1.9999999999999998_1.0_606,17.76,2.31,0.73,-0.33,-0.5,-0.68,0.15
A_M_1.9999999999999998_1.0_607,25.51,2.31,0.73,-0.33,-0.5,-0.68,0.15
A_M_1.9999999999999998_1.0_608,25.3,2.31,0.73,-0.33,-0.5,-0.68,0.15
A_M_1.9999999999999998_1.0_609,24.8,2.31,0.73,-0.33,-0.5,-0.68,0.15
A_M_1.9999999999999998_1.0_610,25.42,2.31,0.73,-0.33,-0.5,-0.68,0.15
A_M_1.9999999999999998_1.0_611,25.47,2.31,0.73,-0.33,-0.5,-0.68,0.15
A_M_1.9999999999999998_1.0_612,23.31,2.31,0.73,-0.33,-0.5,-0.68,0.15
A_M_1.9999999999999998_1.0_613,25.59,2.31,0.73,-0.33,-0.5,-0.68,0.15
A_M_1.9999999999999998_1.0_614,24.4,2.31,0.73,-0.33,-0.5,-0.68,0.15
A_M_1.9999999999999998_1.0_615,24.44,2.31,0.73,-0.33,-0.5,-0.68,0.15
A_M_1.9999999999999998_1.0_616,23.69,2.31,0.73,-0.33,-0.5,-0.68,0.15
A_M_1.9999999999999998_1.0_617,23.64,2.31,0.73,-0.33,-0.5,-0.68,0.15
A_M_1.9999999999999998_1.0_618,21.84,2.31,0.73,-0.33,-0.5,-0.68,0.15
A_M_1.9999999999999998_1.0_619,24.93,2.31,0.73,-0.33,-0.5,-0.68,0.15
A_M_1.9999999999999998_1.0_620,25.13,2.31,0.73,-0.33,-0.5,-0.68,0.15
A_M_1.9999999999999998_1.0_621,25.46,2.31,0.73,-0.33,-0.5,-0.68,0.15
A_M_1.9999999999999998_1.0_622,24.55,2.31,0.73,-0.33,-0.5,-0.68,0.15
A_M_1.9999999999999998_1.0_623,25.57,2.31,0.73,-0.33,-0.5,-0.68,0.15
A_M_1.9999999999999998_1.0_624,24.18,2.31,0.73,-0.33,-0.5,-0.68,0.15
A_M_1.9999999999999998_1.0_625,22.73,2.31,0.73,-0.33,-0.5,-0.68,0.15
A_M_1.9999999999999998_1.0_626,23.2,2.31,0.73,-0.33,-0.5,-0.68,0.15
A_M_1.9999999999999998_1.0_627,24.4,2.31,0.73,-0.33,-0.5,-0.68,0.15
A_M_1.9999999999999998_1.0_628,24.18,2.31,0.73,-0.33,-0.5,-0.68,0.15
A_M_1.9999999999999998_1.0_629,25.15,2.31,0.73,-0.33,-0.5,-0.68,0.15
A_M_1.9999999999999998_1.0_630,23.74,2.31,0.73,-0.33,-0.5,-0.68,0.15
A_M_1.9999999999999998_1.0_631,24.89,2.31,0.73,-0.33,-0.5,-0.68,0.15
A_M_1.9999999999999998_1.0_632,24.44,2.31,0.73,-0.33,-0.5,-0.68,0.15
A_M_1.9999999999999998_1.0_633,23.37,2.31,0.73,-0.33,-0.5,-0.68,0.15
A_M_1.9999999999999998_1.0_634,23.54,2.31,0.73,-0.33,-0.5,-0.68,0.15
A_M_1.9999999999999998_1.0_635,23.12,2.31,0.73,-0.33,-0.5,-0.68,0.15
A_M_1.9999999999999998_1.0_636,22.85,2.31,0.73,-0.33,-0.5,-0.68,0.15
A_M_1.9999999999999998_1.0_637,20.97,2.31,0.73,-0.33,-0.5,-0.68,0.15
A_M_1.9999999999999998_1.0_638,25.19,2.31,0.73,-0.33,-0.5,-0.68,0.15
A_M_1.9999999999999998_1.0_639,23.56,2.31,0.73,-0.33,-0.5,-0.68,0.15
A_M_1.9999999999999998_1.0_640,22.28,2.31,0.73,-0.33,-0.5,-0.68,0.15
A_M_1.9999999999999998_1.0_641,25.01,2.31,0.73,-0.33,-0.5,-0.68,0.15
A_M_1.9999999999999998_1.0_642,25.56,2.31,0.73,-0.33,-0.5,-0.68,0.15
A_M_1.9999999999999998_1.0_643,23.94,2.31,0.73,-0.33,-0.5,-0.68,0.15
A_M_1.9999999999999998_1.0_644,21.75,2.31,0.73,-0.33,-0.5,-0.68,0.15
A_M_1.9999999999999998_1.0_645,25.6,2.31,0.73,-0.33,-0.5,-0.68,0.15
A_M_1.9999999999999998_1.0_646,25.45,2.31,0.73,-0.33,-0.5,-0.68,0.15
A_M_1.9999999999999998_1.0_647,24.91,2.31,0.73,-0.33,-0.5,-0.68,0.15
A_M_1.9999999999999998_1.0_648,23.91,2.31,0.73,-0.33,-0.5,-0.68,0.15
A_M_1.9999999999999998_1.0_649,24.24,2.31,0.73,-0.33,-0.5,-0.68,0.15
A_M_1.9999999999999998_1.0_650,25.45,2.31,0.73,-0.33,-0.5,-0.68,0.15
A_M_1.9999999999999998_1.0_651,25.5,2.31,0.73,-0.33,-0.5,-0.68,0.15
A_M_1.9999999999999998_1.0_652,25.57,2.31,0.73,-0.33,-0.5,-0.68,0.15
A_M_1.9999999999999998_1.0_653,24.55,2.31,0.73,-0.33,-0.5,-0.68,0.15
A_M_1.9999999999999998_1.0_654,22.28,2.31,0.73,-0.33,-0.5,-0.68,0.15
A_M_1.9999999999999998_1.0_655,25.25,2.31,0.73,-0.33,-0.5,-0.68,0.15
A_M_1.9999999999999998_1.0_656,24.34,2.31,0.73,-0.33,-0.5,-0.68,0.15
A_M_1.9999999999999998_1.0_657,20.36,2.31,0.73,-0.33,-0.5,-0.68,0.15
A_M_1.9999999999999998_1.0_658,25.26,2.31,0.73,-0.33,-0.5,-0.68,0.15
A_M_1.9999999999999998_1.0_659,25.25,2.31,0.73,-0.33,-0.5,-0.68,0.15
A_M_1.9999999999999998_1.0_660,24.21,2.31,0.73,-0.33,-0.5,-0.68,0.15
A_M_1.9999999999999998_1.0_661,22.18,2.31,0.73,-0.33,-0.5,-0.68,0.15
A_M_1.9999999999999998_1.0_662,25.1,2.31,0.73,-0.33,-0.5,-0.68,0.15
A_M_1.9999999999999998_1.0_663,24.59,2.31,0.73,-0.33,-0.5,-0.68,0.15
A_M_1.9999999999999998_1.0_664,19.75,2.31,0.73,-0.33,-0.5,-0.68,0.15
A_M_1.9999999999999998_1.0_665,21.81,2.31,0.73,-0.33,-0.5,-0.68,0.15
A_M_1.9999999999999998_1.0_666,25.58,2.31,0.73,-0.33,-0.5,-0.68,0.15
A_M_1.9999999999999998_1.0_667,24.12,2.31,0.73,-0.33,-0.5,-0.68,0.15
A_M_1.9999999999999998_1.0_668,22.8,2.31,0.73,-0.33,-0.5,-0.68,0.15
A_M_1.9999999999999998_1.0_669,25.57,2.31,0.73,-0.33,-0.5,-0.68,0.15
A_M_1.9999999999999998_1.0_670,23.73,2.31,0.73,-0.33,-0.5,-0.68,0.15
A_M_1.9999999999999998_1.0_671,19.61,2.31,0.73,-0.33,-0.5,-0.68,0.15
A_M_1.9999999999999998_1.0_672,24.89,2.31,0.73,-0.33,-0.5,-0.68,0.15
A_M_1.9999999999999998_1.0_673,25.21,2.31,0.73,-0.33,-0.5,-0.68,0.15
A_M_1.9999999999999998_1.0_674,24.58,2.31,0.73,-0.33,-0.5,-0.68,0.15
A_M_1.9999999999999998_1.0_675,24.69,2.31,0.73,-0.33,-0.5,-0.68,0.15
A_M_1.9999999999999998_1.0_676,25.61,2.31,0.73,-0.33,-0.5,-0.68,0.15
A_M_1.9999999999999998_1.0_677,25.48,2.31,0.73,-0.33,-0.5,-0.68,0.15
A_M_1.9999999999999998_1.0_678,25.38,2.31,0.73,-0.33,-0.5,-0.68,0.15
A_M_1.9999999999999998_1.0_679,24.32,2.31,0.73,-0.33,-0.5,-0.68,0.15
A_M_1.9999999999999998_1.0_680,25.25,2.31,0.73,-0.33,-0.5,-0.68,0.15
A_M_1.9999999999999998_1.0_681,22.09,2.31,0.73,-0.33,-0.5,-0.68,0.15
A_M_1.9999999999999998_1.0_682,19.38,2.31,0.73,-0.33,-0.5,-0.68,0.15
A_M_1.9999999999999998_1.0_683,24.45,2.31,0.73,-0.33,-0.5,-0.68,0.15
A_M_1.9999999999999998_1.0_684,24.76,2.31,0.73,-0.33,-0.5,-0.68,0.15
A_M_1.9999999999999998_1.0_685,22.24,2.31,0.73,-0.33,-0.5,-0.68,0.15
A_M_1.9999999999999998_1.0_686,25.17,2.31,0.73,-0.33,-0.5,-0.68,0.15
A_M_1.9999999999999998_1.0_687,25.51,2.31,0.73,-0.33,-0.5,-0.68,0.15
A_M_1.9999999999999998_1.0_688,24.45,2.31,0.73,-0.33,-0.5,-0.68,0.15
A_M_1.9999999999999998_1.0_689,21.2,2.31,0.73,-0.33,-0.5,-0.68,0.15
A_M_1.9999999999999998_1.0_690,21.02,2.31,0.73,-0.33,-0.5,-0.68,0.15
A_M_1.9999999999999998_1.0_691,25.38,2.31,0.73,-0.33,-0.5,-0.68,0.15
A_M_1.9999999999999998_1.0_692,23.39,2.31,0.73,-0.33,-0.5,-0.68,0.15
A_M_1.9999999999999998_1.0_693,25.53,2.31,0.73,-0.33,-0.5,-0.68,0.15
A_M_1.9999999999999998_1.0_694,24.35,2.31,0.73,-0.33,-0.5,-0.68,0.15
