ObjID,FORMAT,q,e,inc,node,argPeri,t_p_MJD_TDB,epochMJD_TDB
A_M_1.5999999999999999_1.0_0,COM,0.718733,1.006143,2.181,4.719,1.04,61408.726646877236,60980.00158187724
A_M_1.5999999999999999_1.0_1,COM,1.38178,1.014948,0.626,5.376,3.33,63639.65912787724,60980.00158187724
A_M_1.5999999999999999_1.0_2,COM,0.754554,1.008636,1.494,0.084,5.076,64376.62970987724,60980.00158187724
A_M_1.5999999999999999_1.0_3,COM,0.868694,1.025279,1.675,3.863,0.543,64529.24662287724,60980.00158187724
A_M_1.5999999999999999_1.0_4,COM,0.383269,1.007251,1.098,4.679,5.48,64054.099535877234,60980.00158187724
A_M_1.5999999999999999_1.0_5,COM,1.546051,1.064411,0.362,5.741,5.296,63602.74624087724,60980.00158187724
A_M_1.5999999999999999_1.0_6,COM,0.134883,1.009119,2.242,4.753,3.373,63702.46056187724,60980.00158187724
A_M_1.5999999999999999_1.0_7,COM,0.289808,1.019381,1.862,6.026,3.651,63411.64433987724,60980.00158187724
A_M_1.5999999999999999_1.0_8,COM,1.78459,1.131718,0.481,0.183,5.144,63671.79915587724,60980.00158187724
A_M_1.5999999999999999_1.0_9,COM,1.066114,1.086361,2.631,1.724,2.975,62600.627845877236,60980.00158187724
A_M_1.5999999999999999_1.0_10,COM,0.025138,1.001889,1.896,0.982,3.483,64131.64938887724,60980.00158187724
A_M_1.5999999999999999_1.0_11,COM,1.554186,1.119451,1.101,6.04,3.518,61983.07208387724,60980.00158187724
A_M_1.5999999999999999_1.0_12,COM,1.209674,1.185556,2.644,6.233,0.487,62963.01642087724,60980.00158187724
A_M_1.5999999999999999_1.0_13,COM,0.051171,1.007928,2.273,4.849,2.594,64214.488485877235,60980.00158187724
A_M_1.5999999999999999_1.0_14,COM,0.934328,1.176705,1.538,4.958,5.908,60997.25079187724,60980.00158187724
A_M_1.5999999999999999_1.0_15,COM,0.6694,1.12324,1.296,0.433,4.95,63182.94396587724,60980.00158187724
A_M_1.5999999999999999_1.0_16,COM,20.184439,5.410097,0.62,1.406,5.156,57499.411561877234,60980.00158187724
A_M_1.5999999999999999_1.0_17,COM,0.469076,1.095526,1.428,1.672,4.545,62341.89386787724,60980.00158187724
A_M_1.5999999999999999_1.0_18,COM,0.143072,1.034454,1.427,3.669,4.311,63621.528333877235,60980.00158187724
A_M_1.5999999999999999_1.0_19,COM,0.388077,1.089936,1.661,4.847,5.379,63816.37488187724,60980.00158187724
A_M_1.5999999999999999_1.0_20,COM,0.872,1.233709,2.421,2.394,0.769,60972.02144287724,60980.00158187724
A_M_1.5999999999999999_1.0_21,COM,1.127859,1.323847,0.794,1.451,2.509,61703.30983287724,60980.00158187724
A_M_1.5999999999999999_1.0_22,COM,0.590531,1.164576,0.707,5.494,4.005,62703.29393287724,60980.00158187724
A_M_1.5999999999999999_1.0_23,COM,0.880209,1.233448,0.875,3.798,4.044,61434.82249687724,60980.00158187724
A_M_1.5999999999999999_1.0_24,COM,0.757096,1.242226,1.829,5.842,1.96,63771.70352787724,60980.00158187724
A_M_1.5999999999999999_1.0_25,COM,0.571843,1.182962,0.279,2.022,1.055,64470.44076387724,60980.00158187724
A_M_1.5999999999999999_1.0_26,COM,0.13571,1.042159,1.3,2.947,2.586,62673.08625087724,60980.00158187724
A_M_1.5999999999999999_1.0_27,COM,1.148999,1.357766,1.587,1.514,3.501,62761.645357877234,60980.00158187724
A_M_1.5999999999999999_1.0_28,COM,0.801829,1.245028,0.613,1.538,3.831,63373.03288187724,60980.00158187724
A_M_1.5999999999999999_1.0_29,COM,3.086784,1.952651,1.161,2.703,0.843,62960.32726787724,60980.00158187724
A_M_1.5999999999999999_1.0_30,COM,1.096686,1.383227,2.362,2.026,5.756,63500.00936687724,60980.00158187724
A_M_1.5999999999999999_1.0_31,COM,0.723637,1.243716,0.271,3.225,4.085,64318.77942087724,60980.00158187724
A_M_1.5999999999999999_1.0_32,COM,0.759459,1.264303,0.994,1.514,0.351,61941.46638087724,60980.00158187724
A_M_1.5999999999999999_1.0_33,COM,1.437633,1.499535,2.022,2.631,4.797,61596.48078187724,60980.00158187724
A_M_1.5999999999999999_1.0_34,COM,0.893374,1.302381,0.785,3.467,5.181,61133.02395687724,60980.00158187724
A_M_1.5999999999999999_1.0_35,COM,1.641641,1.563453,2.859,2.041,0.736,61400.424440877236,60980.00158187724
A_M_1.5999999999999999_1.0_36,COM,0.697788,1.245201,2.881,4.396,2.017,61382.223353877234,60980.00158187724
A_M_1.5999999999999999_1.0_37,COM,0.644613,1.221883,0.09,6.131,3.599,62118.89666687724,60980.00158187724
A_M_1.5999999999999999_1.0_38,COM,2.445031,1.922732,0.685,5.327,0.492,64559.89070487724,60980.00158187724
A_M_1.5999999999999999_1.0_39,COM,0.157638,1.062892,2.888,5.783,0.546,62071.002285877235,60980.00158187724
A_M_1.5999999999999999_1.0_40,COM,0.973232,1.364472,1.352,1.84,2.872,61799.153912877235,60980.00158187724
A_M_1.5999999999999999_1.0_41,COM,0.595881,1.224043,2.139,5.657,3.17,64199.918721877235,60980.00158187724
A_M_1.5999999999999999_1.0_42,COM,0.35788,1.134772,2.461,5.804,4.809,62160.92210787724,60980.00158187724
A_M_1.5999999999999999_1.0_43,COM,0.31327,1.133836,1.708,4.899,4.173,63561.837134877234,60980.00158187724
A_M_1.5999999999999999_1.0_44,COM,0.921517,1.401296,0.453,1.688,3.844,61835.25553887724,60980.00158187724
A_M_1.5999999999999999_1.0_45,COM,1.329906,1.574068,0.925,6.202,5.72,61477.25151787724,60980.00158187724
A_M_1.5999999999999999_1.0_46,COM,1.065613,1.45977,2.208,3.948,5.248,61380.07182587724,60980.00158187724
A_M_1.5999999999999999_1.0_47,COM,0.970319,1.422188,0.934,5.263,0.953,64452.84851287724,60980.00158187724
A_M_1.5999999999999999_1.0_48,COM,0.164715,1.074657,2.208,0.056,1.319,64524.36001687724,60980.00158187724
A_M_1.5999999999999999_1.0_49,COM,0.731323,1.357035,1.575,5.405,5.767,61751.539597877236,60980.00158187724
A_M_1.5999999999999999_1.0_50,COM,1.145745,1.533886,0.754,5.489,6.06,63346.81154987724,60980.00158187724
A_M_1.5999999999999999_1.0_51,COM,1.636052,1.790276,1.478,1.48,4.62,62152.562463877235,60980.00158187724
A_M_1.5999999999999999_1.0_52,COM,1.065312,1.495448,1.706,1.78,6.074,61087.52296987724,60980.00158187724
A_M_1.5999999999999999_1.0_53,COM,0.436989,1.211098,0.656,1.077,3.653,62317.34899587724,60980.00158187724
A_M_1.5999999999999999_1.0_54,COM,18.247869,9.584302,2.243,3.475,2.321,62504.24470487724,60980.00158187724
A_M_1.5999999999999999_1.0_55,COM,1.513945,1.797129,0.402,2.755,3.662,60887.800106877236,60980.00158187724
A_M_1.5999999999999999_1.0_56,COM,0.938018,1.510897,0.941,2.555,4.547,61343.39478787724,60980.00158187724
A_M_1.5999999999999999_1.0_57,COM,0.049932,1.02632,1.022,6.11,5.723,63859.80805187724,60980.00158187724
A_M_1.5999999999999999_1.0_58,COM,0.756444,1.420289,1.944,3.779,4.07,64427.950404877236,60980.00158187724
A_M_1.5999999999999999_1.0_59,COM,1.229344,1.692918,1.213,1.038,4.314,63175.56423287724,60980.00158187724
A_M_1.5999999999999999_1.0_60,COM,1.472239,1.827734,1.124,2.653,1.574,61983.44544687724,60980.00158187724
A_M_1.5999999999999999_1.0_61,COM,1.285934,1.74499,1.376,1.896,4.044,62244.62886687724,60980.00158187724
A_M_1.5999999999999999_1.0_62,COM,1.133675,1.650249,1.261,4.192,4.269,61797.975868877234,60980.00158187724
A_M_1.5999999999999999_1.0_63,COM,1.055591,1.629902,1.032,2.415,4.471,60891.59538287724,60980.00158187724
A_M_1.5999999999999999_1.0_64,COM,0.59449,1.331796,0.82,2.532,3.713,62537.696597877235,60980.00158187724
A_M_1.5999999999999999_1.0_65,COM,1.504373,1.931089,2.915,2.784,1.109,61108.08703987724,60980.00158187724
A_M_1.5999999999999999_1.0_66,COM,8.325883,6.175321,2.148,5.77,0.788,62709.65457087724,60980.00158187724
A_M_1.5999999999999999_1.0_67,COM,1.360851,1.849674,2.027,1.178,1.757,64025.550553877234,60980.00158187724
A_M_1.5999999999999999_1.0_68,COM,0.061537,1.039745,2.062,3.179,2.462,62927.493883877236,60980.00158187724
A_M_1.5999999999999999_1.0_69,COM,22.92317,15.122241,2.073,1.962,2.821,64546.78021187724,60980.00158187724
A_M_1.5999999999999999_1.0_70,COM,0.682916,1.414872,2.136,1.196,5.563,61758.14651487724,60980.00158187724
A_M_1.5999999999999999_1.0_71,COM,1.410767,1.895877,2.761,3.488,2.192,61835.70697087724,60980.00158187724
A_M_1.5999999999999999_1.0_72,COM,1.277764,1.82428,0.601,5.447,3.59,61200.18845887724,60980.00158187724
A_M_1.5999999999999999_1.0_73,COM,0.910809,1.563768,1.534,5.113,2.998,63917.76388687724,60980.00158187724
A_M_1.5999999999999999_1.0_74,COM,0.143051,1.093895,1.602,4.346,1.187,63523.78447687724,60980.00158187724
A_M_1.5999999999999999_1.0_75,COM,0.388393,1.255899,1.102,0.735,0.792,62580.33375287724,60980.00158187724
A_M_1.5999999999999999_1.0_76,COM,0.134692,1.089519,2.702,0.336,4.38,63636.34714187724,60980.00158187724
A_M_1.5999999999999999_1.0_77,COM,0.577486,1.400607,0.766,6.094,1.538,62157.37693587724,60980.00158187724
A_M_1.5999999999999999_1.0_78,COM,1.712828,2.184514,2.054,2.058,3.89,63028.93590287724,60980.00158187724
A_M_1.5999999999999999_1.0_79,COM,0.68294,1.454076,2.676,0.583,4.911,61250.769240877235,60980.00158187724
A_M_1.5999999999999999_1.0_80,COM,1.294457,1.871843,1.707,4.252,3.856,62544.25462187724,60980.00158187724
A_M_1.5999999999999999_1.0_81,COM,1.816161,2.209403,1.916,5.508,4.659,63383.14520187724,60980.00158187724
A_M_1.5999999999999999_1.0_82,COM,0.402588,1.299223,2.602,4.822,3.463,63901.72366587724,60980.00158187724
A_M_1.5999999999999999_1.0_83,COM,0.86114,1.612532,1.289,5.958,6.069,61548.15076787724,60980.00158187724
A_M_1.5999999999999999_1.0_84,COM,2.208938,2.615498,1.068,4.341,0.88,63119.32272287724,60980.00158187724
A_M_1.5999999999999999_1.0_85,COM,2.174591,2.582106,2.201,4.356,4.492,63047.912980877234,60980.00158187724
A_M_1.5999999999999999_1.0_86,COM,0.852861,1.621829,1.29,4.266,2.409,62687.177580877236,60980.00158187724
A_M_1.5999999999999999_1.0_87,COM,0.349317,1.254263,1.089,5.814,3.641,64082.18252687724,60980.00158187724
A_M_1.5999999999999999_1.0_88,COM,1.267871,1.943408,1.002,4.147,4.818,61656.006665877234,60980.00158187724
A_M_1.5999999999999999_1.0_89,COM,2.638306,3.149606,2.124,1.04,4.321,63951.218518877235,60980.00158187724
A_M_1.5999999999999999_1.0_90,COM,0.038492,1.031169,1.07,2.582,3.892,64631.399656877235,60980.00158187724
A_M_1.5999999999999999_1.0_91,COM,2.337564,2.801728,0.443,4.943,2.752,64525.110781877236,60980.00158187724
A_M_1.5999999999999999_1.0_92,COM,0.271348,1.214911,1.882,3.649,1.428,62425.26265887724,60980.00158187724
A_M_1.5999999999999999_1.0_93,COM,1.319128,2.057818,1.36,4.717,4.941,62641.101705877234,60980.00158187724
A_M_1.5999999999999999_1.0_94,COM,1.184111,1.955869,1.733,5.44,6.094,64083.02243087724,60980.00158187724
A_M_1.5999999999999999_1.0_95,COM,0.80657,1.645568,0.323,2.092,4.463,61241.238058877236,60980.00158187724
A_M_1.5999999999999999_1.0_96,COM,0.486852,1.396765,1.474,5.471,3.581,62848.64004087724,60980.00158187724
A_M_1.5999999999999999_1.0_97,COM,1.334555,2.12137,2.179,1.396,3.211,64505.754521877236,60980.00158187724
A_M_1.5999999999999999_1.0_98,COM,1.084878,1.912999,1.856,5.891,3.844,63745.167045877235,60980.00158187724
A_M_1.5999999999999999_1.0_99,COM,1.140983,1.973003,1.848,3.899,0.693,61649.72302887724,60980.00158187724
A_M_1.5999999999999999_1.0_100,COM,1.051552,1.931298,0.891,4.094,0.734,64555.99404887724,60980.00158187724
A_M_1.5999999999999999_1.0_101,COM,1.456581,2.207945,1.223,6.011,2.301,63750.17879587724,60980.00158187724
A_M_1.5999999999999999_1.0_102,COM,0.86466,1.767109,1.545,1.622,1.945,63633.241799877236,60980.00158187724
A_M_1.5999999999999999_1.0_103,COM,1.301902,2.155086,2.888,2.012,2.693,61605.23105487724,60980.00158187724
A_M_1.5999999999999999_1.0_104,COM,0.819893,1.688352,1.582,4.86,4.645,63390.25779087724,60980.00158187724
A_M_1.5999999999999999_1.0_105,COM,0.688707,1.6374,2.765,0.674,6.265,61831.82623587724,60980.00158187724
A_M_1.5999999999999999_1.0_106,COM,1.254206,2.163384,2.72,3.676,2.493,62762.70514787724,60980.00158187724
A_M_1.5999999999999999_1.0_107,COM,0.86177,1.783399,2.336,0.903,5.802,62942.774978877234,60980.00158187724
A_M_1.5999999999999999_1.0_108,COM,1.234888,2.133316,0.772,3.172,5.884,61194.01424287724,60980.00158187724
A_M_1.5999999999999999_1.0_109,COM,2.93479,3.947492,2.182,2.563,3.64,63562.95806687724,60980.00158187724
A_M_1.5999999999999999_1.0_110,COM,0.299991,1.304269,1.548,4.803,2.133,61137.905056877236,60980.00158187724
A_M_1.5999999999999999_1.0_111,COM,1.075933,2.049618,1.073,2.043,4.939,60985.97307187724,60980.00158187724
A_M_1.5999999999999999_1.0_112,COM,0.828457,1.844002,2.079,2.76,3.15,61683.54400687724,60980.00158187724
A_M_1.5999999999999999_1.0_113,COM,1.37189,2.361512,1.766,1.602,3.359,60978.433296877236,60980.00158187724
A_M_1.5999999999999999_1.0_114,COM,1.161071,2.16188,1.401,6.036,0.75,63173.31176987724,60980.00158187724
A_M_1.5999999999999999_1.0_115,COM,0.434652,1.420136,0.653,1.257,3.333,61698.67193587724,60980.00158187724
A_M_1.5999999999999999_1.0_116,COM,0.156786,1.162463,1.126,0.584,1.884,63213.089478877235,60980.00158187724
A_M_1.5999999999999999_1.0_117,COM,0.820958,1.848547,1.242,2.487,3.361,61589.141745877234,60980.00158187724
A_M_1.5999999999999999_1.0_118,COM,3.328915,4.473163,3.009,0.839,4.679,63071.37505587724,60980.00158187724
A_M_1.5999999999999999_1.0_119,COM,0.10684,1.111292,1.081,2.124,2.813,61206.749832877234,60980.00158187724
A_M_1.5999999999999999_1.0_120,COM,1.088424,2.193671,1.788,2.98,3.994,61888.32033387724,60980.00158187724
A_M_1.5999999999999999_1.0_121,COM,0.667045,1.729989,1.595,1.629,5.73,63256.356004877234,60980.00158187724
A_M_1.5999999999999999_1.0_122,COM,1.680411,2.929418,1.765,1.247,3.553,61023.581098877235,60980.00158187724
A_M_1.5999999999999999_1.0_123,COM,1.499939,2.667693,1.582,1.86,1.059,62966.14562987724,60980.00158187724
A_M_1.5999999999999999_1.0_124,COM,3.364123,4.877404,1.746,6.226,2.423,64485.084088877236,60980.00158187724
A_M_1.5999999999999999_1.0_125,COM,0.721014,1.803042,1.492,3.318,2.144,61165.223681877236,60980.00158187724
A_M_1.5999999999999999_1.0_126,COM,0.024766,1.027888,1.725,4.779,4.946,64496.079977877234,60980.00158187724
A_M_1.5999999999999999_1.0_127,COM,0.319078,1.360397,2.213,1.77,5.653,63887.88035387724,60980.00158187724
A_M_1.5999999999999999_1.0_128,COM,1.183626,2.448353,2.148,0.027,3.237,64547.274721877235,60980.00158187724
A_M_1.5999999999999999_1.0_129,COM,0.173673,1.211072,1.255,4.932,2.647,62907.33038087724,60980.00158187724
A_M_1.5999999999999999_1.0_130,COM,1.656606,2.98621,0.743,4.656,3.051,62792.051438877235,60980.00158187724
A_M_1.5999999999999999_1.0_131,COM,1.389779,2.637573,1.894,1.548,4.256,61324.03520687724,60980.00158187724
A_M_1.5999999999999999_1.0_132,COM,0.601957,1.748107,1.344,2.829,3.39,61374.278098877236,60980.00158187724
A_M_1.5999999999999999_1.0_133,COM,1.148911,2.467149,2.372,1.104,1.568,61954.98265087724,60980.00158187724
A_M_1.5999999999999999_1.0_134,COM,0.890677,2.161954,1.039,3.855,4.423,64359.82911487724,60980.00158187724
A_M_1.5999999999999999_1.0_135,COM,1.380674,2.792157,1.809,1.101,4.53,61862.86775887724,60980.00158187724
A_M_1.5999999999999999_1.0_136,COM,1.527722,2.998257,1.622,4.947,4.727,61285.16407187724,60980.00158187724
A_M_1.5999999999999999_1.0_137,COM,1.62964,3.077032,1.829,2.351,3.699,64318.99775787724,60980.00158187724
A_M_1.5999999999999999_1.0_138,COM,2.659319,4.287213,0.869,4.384,3.663,64113.549872877236,60980.00158187724
A_M_1.5999999999999999_1.0_139,COM,0.698498,1.87128,1.698,2.499,2.688,61518.30106187724,60980.00158187724
A_M_1.5999999999999999_1.0_140,COM,1.556286,2.982417,0.915,0.27,3.051,63542.413950877235,60980.00158187724
A_M_1.5999999999999999_1.0_141,COM,2.130309,3.669889,1.764,1.54,3.061,64147.334107877236,60980.00158187724
A_M_1.5999999999999999_1.0_142,COM,0.501774,1.620228,2.589,5.335,0.14,63934.064806877235,60980.00158187724
A_M_1.5999999999999999_1.0_143,COM,0.932405,2.149728,2.07,3.228,4.639,64245.973615877236,60980.00158187724
A_M_1.5999999999999999_1.0_144,COM,1.374579,2.738896,2.093,1.711,2.897,62628.808489877236,60980.00158187724
A_M_1.5999999999999999_1.0_145,COM,0.875906,2.112846,0.433,4.43,2.699,61055.41798487724,60980.00158187724
A_M_1.5999999999999999_1.0_146,COM,1.046983,2.353926,2.095,1.653,0.706,61337.21985687724,60980.00158187724
A_M_1.5999999999999999_1.0_147,COM,1.626172,3.196122,0.606,2.868,4.819,64250.282736877234,60980.00158187724
A_M_1.5999999999999999_1.0_148,COM,0.831964,2.142398,1.999,1.906,2.922,64600.501079877235,60980.00158187724
A_M_1.5999999999999999_1.0_149,COM,1.883348,3.513568,0.771,5.319,0.958,64590.643038877235,60980.00158187724
A_M_1.5999999999999999_1.0_150,COM,0.758506,2.022706,1.971,1.683,2.457,63684.10464687724,60980.00158187724
A_M_1.5999999999999999_1.0_151,COM,0.844109,2.126362,2.42,2.138,3.808,63197.300123877234,60980.00158187724
A_M_1.5999999999999999_1.0_152,COM,1.747314,3.369183,0.491,1.093,4.152,64625.11231787724,60980.00158187724
A_M_1.5999999999999999_1.0_153,COM,1.447027,3.072691,2.311,1.974,5.121,62100.41229187724,60980.00158187724
A_M_1.5999999999999999_1.0_154,COM,0.066338,1.095783,0.753,4.941,1.938,64004.990504877234,60980.00158187724
A_M_1.5999999999999999_1.0_155,COM,0.932893,2.298234,1.806,4.026,5.232,63044.570781877235,60980.00158187724
A_M_1.5999999999999999_1.0_156,COM,1.306536,2.923002,2.613,6.012,2.357,61952.75859287724,60980.00158187724
A_M_1.5999999999999999_1.0_157,COM,1.549522,3.331358,0.604,1.56,4.147,64225.499750877236,60980.00158187724
A_M_1.5999999999999999_1.0_158,COM,1.328334,3.054602,0.978,1.223,5.481,63794.129066877234,60980.00158187724
A_M_1.5999999999999999_1.0_159,COM,1.548738,3.351583,1.899,2.076,0.519,64196.78788087724,60980.00158187724
A_M_1.5999999999999999_1.0_160,COM,1.904799,4.022236,1.817,1.591,5.761,64476.73456587724,60980.00158187724
A_M_1.5999999999999999_1.0_161,COM,1.341682,3.183349,0.844,1.206,4.91,64620.244996877234,60980.00158187724
A_M_1.5999999999999999_1.0_162,COM,0.024207,1.039493,1.467,6.144,6.034,61804.29959887724,60980.00158187724
A_M_1.5999999999999999_1.0_163,COM,1.492554,3.338112,0.934,4.997,2.114,64521.17995387724,60980.00158187724
A_M_1.5999999999999999_1.0_164,COM,2.100904,4.292009,1.669,0.833,3.0,64587.50291387724,60980.00158187724
A_M_1.5999999999999999_1.0_165,COM,0.375479,1.60717,1.374,0.07,5.11,62694.53007987724,60980.00158187724
A_M_1.5999999999999999_1.0_166,COM,0.402456,1.635829,0.611,5.441,4.65,61398.768554877235,60980.00158187724
A_M_1.5999999999999999_1.0_167,COM,0.669636,2.086543,2.295,0.268,0.415,61514.06664087724,60980.00158187724
A_M_1.5999999999999999_1.0_168,COM,1.126519,2.802004,2.263,5.779,2.778,61816.82369287724,60980.00158187724
A_M_1.5999999999999999_1.0_169,COM,0.22884,1.390948,0.961,5.917,4.367,64342.163929877235,60980.00158187724
A_M_1.5999999999999999_1.0_170,COM,0.666433,2.110774,2.329,1.555,3.081,63002.473807877235,60980.00158187724
A_M_1.5999999999999999_1.0_171,COM,0.576309,1.980662,1.668,4.799,4.386,62966.92699187724,60980.00158187724
A_M_1.5999999999999999_1.0_172,COM,0.965145,2.629937,2.495,4.342,2.553,61837.933638877235,60980.00158187724
A_M_1.5999999999999999_1.0_173,COM,2.330632,4.896643,0.228,4.896,1.792,64242.11502987724,60980.00158187724
A_M_1.5999999999999999_1.0_174,COM,2.517546,5.219396,0.789,4.77,1.283,62106.56909787724,60980.00158187724
A_M_1.5999999999999999_1.0_175,COM,0.643304,2.088243,1.1,5.089,3.933,64071.44846287724,60980.00158187724
A_M_1.5999999999999999_1.0_176,COM,0.435971,1.744111,1.695,5.899,3.199,63770.59875387724,60980.00158187724
A_M_1.5999999999999999_1.0_177,COM,5.231153,10.202299,2.997,6.259,2.424,62864.840793877236,60980.00158187724
A_M_1.5999999999999999_1.0_178,COM,1.816538,4.134098,1.597,0.879,0.853,62371.60962887724,60980.00158187724
A_M_1.5999999999999999_1.0_179,COM,1.192559,3.144626,0.499,3.113,3.753,62757.05579387724,60980.00158187724
A_M_1.5999999999999999_1.0_180,COM,0.30302,1.534745,0.517,5.572,0.051,64262.88630287724,60980.00158187724
A_M_1.5999999999999999_1.0_181,COM,0.808884,2.449537,0.407,3.768,1.655,63737.36955987724,60980.00158187724
A_M_1.5999999999999999_1.0_182,COM,1.434879,3.503707,0.302,5.957,5.472,61055.888266877235,60980.00158187724
A_M_1.5999999999999999_1.0_183,COM,1.04873,2.896309,2.233,0.868,3.835,62965.31862487724,60980.00158187724
A_M_1.5999999999999999_1.0_184,COM,1.242333,3.171574,2.678,4.705,3.284,61219.51474587724,60980.00158187724
A_M_1.5999999999999999_1.0_185,COM,1.366329,3.456648,1.512,0.49,6.035,62618.85518687724,60980.00158187724
A_M_1.5999999999999999_1.0_186,COM,2.161688,4.889261,1.025,3.368,3.221,61378.23303487724,60980.00158187724
A_M_1.5999999999999999_1.0_187,COM,0.677145,2.188105,2.12,2.723,0.022,61187.97006087724,60980.00158187724
A_M_1.5999999999999999_1.0_188,COM,2.029965,4.708595,1.99,5.487,4.142,63803.00762287724,60980.00158187724
A_M_1.5999999999999999_1.0_189,COM,1.615037,3.955193,1.328,2.75,3.99,61419.81094587724,60980.00158187724
A_M_1.5999999999999999_1.0_190,COM,1.29557,3.390018,2.515,3.882,3.166,64155.744612877235,60980.00158187724
A_M_1.5999999999999999_1.0_191,COM,1.424118,3.630536,1.606,1.905,4.236,64171.01936487724,60980.00158187724
A_M_1.5999999999999999_1.0_192,COM,0.525253,1.992714,2.864,5.352,2.777,63090.19718887724,60980.00158187724
A_M_1.5999999999999999_1.0_193,COM,0.899163,2.653864,2.089,4.029,2.458,63641.266597877235,60980.00158187724
A_M_1.5999999999999999_1.0_194,COM,0.962875,2.745587,2.754,4.172,5.78,63994.25526187724,60980.00158187724
A_M_1.5999999999999999_1.0_195,COM,0.636192,2.198273,2.784,5.69,3.661,64166.266106877236,60980.00158187724
A_M_1.5999999999999999_1.0_196,COM,0.644644,2.247846,2.083,3.508,4.137,64088.03064787724,60980.00158187724
A_M_1.5999999999999999_1.0_197,COM,12.940803,26.314498,1.774,3.262,1.824,60969.30731687724,60980.00158187724
A_M_1.5999999999999999_1.0_198,COM,1.388011,3.754115,1.335,0.805,3.454,64512.397725877236,60980.00158187724
A_M_1.5999999999999999_1.0_199,COM,0.951714,2.815163,2.309,0.201,3.576,61073.104653877235,60980.00158187724
A_M_1.5999999999999999_1.0_200,COM,1.070891,3.123681,2.004,2.173,3.846,64346.88308087724,60980.00158187724
A_M_1.5999999999999999_1.0_201,COM,1.258814,3.468503,1.371,1.802,2.28,63080.11986487724,60980.00158187724
A_M_1.5999999999999999_1.0_202,COM,0.872143,2.741197,1.883,5.656,3.048,63632.870318877234,60980.00158187724
A_M_1.5999999999999999_1.0_203,COM,4.774427,10.653056,2.389,4.561,2.239,63990.18734487724,60980.00158187724
A_M_1.5999999999999999_1.0_204,COM,1.091994,3.277026,2.53,1.02,1.81,64154.39400987724,60980.00158187724
A_M_1.5999999999999999_1.0_205,COM,1.341034,3.677718,0.857,3.395,3.313,61605.584619877234,60980.00158187724
A_M_1.5999999999999999_1.0_206,COM,1.0276,3.05742,2.834,2.141,3.106,61631.171279877235,60980.00158187724
A_M_1.5999999999999999_1.0_207,COM,1.158105,3.424675,0.446,3.712,2.742,63444.81592987724,60980.00158187724
A_M_1.5999999999999999_1.0_208,COM,0.983454,3.136605,2.06,5.125,3.747,62150.76257087724,60980.00158187724
A_M_1.5999999999999999_1.0_209,COM,1.546788,4.480603,0.533,5.512,3.318,64602.78386587724,60980.00158187724
A_M_1.5999999999999999_1.0_210,COM,1.552206,4.514114,0.208,3.148,3.422,63966.82375387724,60980.00158187724
A_M_1.5999999999999999_1.0_211,COM,0.843059,2.904165,2.974,1.597,5.68,62071.50149787724,60980.00158187724
A_M_1.5999999999999999_1.0_212,COM,1.022158,3.333906,1.907,5.006,5.221,63751.421689877236,60980.00158187724
A_M_1.5999999999999999_1.0_213,COM,1.161643,3.551247,2.078,3.604,3.694,63240.387297877234,60980.00158187724
A_M_1.5999999999999999_1.0_214,COM,1.895682,5.34599,1.711,4.417,4.026,64244.93480687724,60980.00158187724
A_M_1.5999999999999999_1.0_215,COM,0.854235,2.975469,0.874,2.323,4.193,63506.261335877236,60980.00158187724
A_M_1.5999999999999999_1.0_216,COM,0.465842,2.109268,1.775,1.256,2.261,62727.47530587724,60980.00158187724
A_M_1.5999999999999999_1.0_217,COM,1.333915,4.111892,1.737,5.096,1.076,63328.65264087724,60980.00158187724
A_M_1.5999999999999999_1.0_218,COM,0.425127,2.05861,2.173,0.658,3.777,62542.97402987724,60980.00158187724
A_M_1.5999999999999999_1.0_219,COM,0.372621,1.916385,1.674,4.994,5.608,62516.83580087724,60980.00158187724
A_M_1.5999999999999999_1.0_220,COM,2.06777,6.144284,1.585,4.879,2.011,60960.49213387724,60980.00158187724
A_M_1.5999999999999999_1.0_221,COM,1.630732,4.944658,2.448,4.9,2.069,61848.89981287724,60980.00158187724
A_M_1.5999999999999999_1.0_222,COM,0.506771,2.245253,1.253,4.791,4.315,64257.12017887724,60980.00158187724
A_M_1.5999999999999999_1.0_223,COM,0.955439,3.358757,0.532,4.947,2.221,63954.221637877235,60980.00158187724
A_M_1.5999999999999999_1.0_224,COM,1.908656,5.698058,1.241,1.608,1.995,63539.662320877236,60980.00158187724
A_M_1.5999999999999999_1.0_225,COM,1.163622,3.816592,0.61,4.911,4.953,62340.71226187724,60980.00158187724
A_M_1.5999999999999999_1.0_226,COM,1.595505,4.821546,1.519,3.104,3.933,61252.617142877236,60980.00158187724
A_M_1.5999999999999999_1.0_227,COM,1.841363,5.56982,2.147,4.113,4.821,61836.940131877236,60980.00158187724
A_M_1.5999999999999999_1.0_228,COM,1.802496,5.344727,0.886,4.481,3.142,63169.74238487724,60980.00158187724
A_M_1.5999999999999999_1.0_229,COM,11.631488,28.831495,2.097,1.493,3.816,60782.40465287724,60980.00158187724
A_M_1.5999999999999999_1.0_230,COM,0.601854,2.510162,1.906,2.145,2.645,63468.82225387724,60980.00158187724
A_M_1.5999999999999999_1.0_231,COM,1.217292,4.062531,1.494,5.997,2.359,62514.99419287724,60980.00158187724
A_M_1.5999999999999999_1.0_232,COM,0.333861,1.857447,2.288,0.004,3.893,63840.042323877235,60980.00158187724
A_M_1.5999999999999999_1.0_233,COM,2.186347,6.464381,0.29,1.547,4.434,62304.61742887724,60980.00158187724
A_M_1.5999999999999999_1.0_234,COM,1.018454,3.612753,1.011,2.22,5.092,64253.73022587724,60980.00158187724
A_M_1.5999999999999999_1.0_235,COM,0.722805,2.876369,1.021,4.48,2.985,62302.95417087724,60980.00158187724
A_M_1.5999999999999999_1.0_236,COM,1.52549,5.021937,2.258,0.54,3.512,62934.48083087724,60980.00158187724
A_M_1.5999999999999999_1.0_237,COM,5.142287,14.803225,2.536,0.629,3.029,62082.93345587724,60980.00158187724
A_M_1.5999999999999999_1.0_238,COM,0.677775,2.825068,0.516,4.875,4.623,62196.551913877236,60980.00158187724
A_M_1.5999999999999999_1.0_239,COM,1.153631,4.220573,2.232,5.048,5.073,64512.68727687724,60980.00158187724
A_M_1.5999999999999999_1.0_240,COM,0.418577,2.155706,0.748,3.844,2.494,62477.216153877234,60980.00158187724
A_M_1.5999999999999999_1.0_241,COM,0.877636,3.424495,1.8,1.798,4.152,61299.74550687724,60980.00158187724
A_M_1.5999999999999999_1.0_242,COM,0.963917,3.645772,1.291,2.569,1.301,64375.355577877235,60980.00158187724
A_M_1.5999999999999999_1.0_243,COM,0.582981,2.693017,2.537,1.115,4.569,64237.12058387724,60980.00158187724
A_M_1.5999999999999999_1.0_244,COM,0.490189,2.393472,2.305,3.978,1.581,63362.141661877235,60980.00158187724
A_M_1.5999999999999999_1.0_245,COM,1.364864,4.932774,0.891,0.7,2.909,63090.10097187724,60980.00158187724
A_M_1.5999999999999999_1.0_246,COM,0.844095,3.426573,1.669,2.077,3.741,64359.68577287724,60980.00158187724
A_M_1.5999999999999999_1.0_247,COM,1.307825,4.789473,1.67,0.492,4.154,63039.43925687724,60980.00158187724
A_M_1.5999999999999999_1.0_248,COM,1.055434,4.06165,2.619,0.42,3.417,62414.69934187724,60980.00158187724
A_M_1.5999999999999999_1.0_249,COM,4.577289,14.620755,2.349,0.218,3.484,62525.53098687724,60980.00158187724
A_M_1.5999999999999999_1.0_250,COM,0.767531,3.290212,1.842,2.14,3.184,62019.407160877236,60980.00158187724
A_M_1.5999999999999999_1.0_251,COM,2.398399,8.298026,2.794,0.819,0.399,63939.58694887724,60980.00158187724
A_M_1.5999999999999999_1.0_252,COM,13.7731,41.552449,0.843,2.559,3.253,65334.12185687724,60980.00158187724
A_M_1.5999999999999999_1.0_253,COM,1.624776,5.913333,1.547,3.314,3.01,64528.68652687724,60980.00158187724
A_M_1.5999999999999999_1.0_254,COM,2.054782,7.15063,2.231,4.986,1.594,63800.55014087724,60980.00158187724
A_M_1.5999999999999999_1.0_255,COM,1.35457,5.282191,1.109,5.088,4.707,63543.05144787724,60980.00158187724
A_M_1.5999999999999999_1.0_256,COM,0.649216,3.001057,1.673,1.42,5.665,62191.34166687724,60980.00158187724
A_M_1.5999999999999999_1.0_257,COM,0.198262,1.621614,1.098,0.474,3.902,62195.39447187724,60980.00158187724
A_M_1.5999999999999999_1.0_258,COM,0.023287,1.076386,1.099,2.858,5.769,63150.13148387724,60980.00158187724
A_M_1.5999999999999999_1.0_259,COM,0.783193,3.534051,1.164,4.499,2.229,63076.520295877235,60980.00158187724
A_M_1.5999999999999999_1.0_260,COM,0.969858,4.171178,1.142,4.779,5.509,64230.34718387724,60980.00158187724
A_M_1.5999999999999999_1.0_261,COM,0.641152,3.071507,1.573,1.508,2.693,61881.05190387724,60980.00158187724
A_M_1.5999999999999999_1.0_262,COM,0.726692,3.338353,1.158,2.033,4.886,62113.35860287724,60980.00158187724
A_M_1.5999999999999999_1.0_263,COM,1.426982,5.863454,2.476,6.094,6.138,63278.330004877236,60980.00158187724
A_M_1.5999999999999999_1.0_264,COM,2.105519,8.137233,0.344,2.652,3.575,61584.11106887724,60980.00158187724
A_M_1.5999999999999999_1.0_265,COM,1.292308,5.345226,1.034,1.786,5.568,63878.856800877234,60980.00158187724
A_M_1.5999999999999999_1.0_266,COM,1.524658,6.068249,0.29,1.052,2.945,63062.560661877236,60980.00158187724
A_M_1.5999999999999999_1.0_267,COM,0.479046,2.602626,0.898,3.568,2.644,61064.66406887724,60980.00158187724
A_M_1.5999999999999999_1.0_268,COM,0.650649,3.155232,0.718,4.868,5.361,64301.67782687724,60980.00158187724
A_M_1.5999999999999999_1.0_269,COM,3.658512,13.591037,0.47,5.278,0.114,64514.27097787724,60980.00158187724
A_M_1.5999999999999999_1.0_270,COM,3.113969,11.920187,1.665,1.82,3.94,64444.03855687724,60980.00158187724
A_M_1.5999999999999999_1.0_271,COM,1.652245,6.79299,2.126,5.208,2.811,61704.02965987724,60980.00158187724
A_M_1.5999999999999999_1.0_272,COM,1.311114,5.549577,0.773,1.647,4.434,62490.883969877235,60980.00158187724
A_M_1.5999999999999999_1.0_273,COM,0.122409,1.44369,1.681,5.152,3.036,62068.399290877234,60980.00158187724
A_M_1.5999999999999999_1.0_274,COM,0.594846,3.161044,1.464,4.61,2.232,64524.655781877234,60980.00158187724
A_M_1.5999999999999999_1.0_275,COM,1.693298,7.000788,1.943,2.088,4.688,63002.57366887724,60980.00158187724
A_M_1.5999999999999999_1.0_276,COM,1.515626,6.417904,1.916,4.741,1.679,61944.409267877236,60980.00158187724
A_M_1.5999999999999999_1.0_277,COM,0.804871,3.912718,1.332,1.82,0.704,62682.999465877234,60980.00158187724
A_M_1.5999999999999999_1.0_278,COM,1.796554,7.518924,1.896,5.348,2.482,64315.57593087724,60980.00158187724
A_M_1.5999999999999999_1.0_279,COM,2.608781,10.863157,0.74,4.059,2.078,62707.78713087724,60980.00158187724
A_M_1.5999999999999999_1.0_280,COM,1.653607,7.276518,0.383,4.966,5.736,63246.361705877236,60980.00158187724
A_M_1.5999999999999999_1.0_281,COM,1.845412,7.852069,1.063,4.067,2.508,62246.62467487724,60980.00158187724
A_M_1.5999999999999999_1.0_282,COM,3.914779,15.550119,1.88,5.68,3.597,61862.762496877236,60980.00158187724
A_M_1.5999999999999999_1.0_283,COM,0.564156,3.173508,1.371,3.947,3.165,61989.00012187724,60980.00158187724
A_M_1.5999999999999999_1.0_284,COM,2.40027,10.155641,1.231,4.295,2.306,63743.52022087724,60980.00158187724
A_M_1.5999999999999999_1.0_285,COM,17.548836,70.411382,0.58,4.513,2.07,62988.40361887724,60980.00158187724
A_M_1.5999999999999999_1.0_286,COM,0.996783,4.985609,2.465,5.504,3.044,64486.00710887724,60980.00158187724
A_M_1.5999999999999999_1.0_287,COM,1.351349,6.389957,0.879,1.281,4.221,61914.90618287724,60980.00158187724
A_M_1.5999999999999999_1.0_288,COM,1.176564,5.697344,1.73,1.672,2.83,63056.10753787724,60980.00158187724
A_M_1.5999999999999999_1.0_289,COM,1.151458,5.750528,1.201,4.234,2.463,63779.34439787724,60980.00158187724
A_M_1.5999999999999999_1.0_290,COM,1.84613,8.527606,2.242,5.341,2.798,63551.24628387724,60980.00158187724
A_M_1.5999999999999999_1.0_291,COM,0.988724,5.072487,2.255,1.267,3.548,61925.28563087724,60980.00158187724
A_M_1.5999999999999999_1.0_292,COM,1.315811,6.514948,1.983,4.942,2.47,62393.266319877235,60980.00158187724
A_M_1.5999999999999999_1.0_293,COM,0.319683,2.349297,2.144,5.966,3.003,64545.99173987724,60980.00158187724
A_M_1.5999999999999999_1.0_294,COM,1.21515,6.109844,0.7,6.065,5.734,63056.32063987724,60980.00158187724
A_M_1.5999999999999999_1.0_295,COM,0.130693,1.563687,0.602,4.67,2.441,61628.277582877236,60980.00158187724
A_M_1.5999999999999999_1.0_296,COM,1.707328,8.270655,2.598,6.048,3.495,62033.346208877236,60980.00158187724
A_M_1.5999999999999999_1.0_297,COM,4.994677,23.338639,1.781,5.015,2.266,60916.48988787724,60980.00158187724
A_M_1.5999999999999999_1.0_298,COM,0.079632,1.346437,2.692,5.766,0.085,61576.739778877236,60980.00158187724
A_M_1.5999999999999999_1.0_299,COM,1.676792,8.492685,0.742,0.342,3.123,61788.196190877235,60980.00158187724
A_M_1.5999999999999999_1.0_300,COM,1.068431,5.76551,1.7,1.35,3.948,64384.40731487724,60980.00158187724
A_M_1.5999999999999999_1.0_301,COM,0.794281,4.563919,1.085,2.599,3.005,64113.40534887724,60980.00158187724
A_M_1.5999999999999999_1.0_302,COM,1.625935,8.436584,2.658,1.513,4.745,64486.71375487724,60980.00158187724
A_M_1.5999999999999999_1.0_303,COM,0.998637,5.521817,1.142,2.346,4.178,64582.888635877236,60980.00158187724
A_M_1.5999999999999999_1.0_304,COM,0.94007,5.266354,2.378,4.486,4.272,64256.679490877235,60980.00158187724
A_M_1.5999999999999999_1.0_305,COM,1.111579,5.996643,1.866,2.896,3.958,61405.47491387724,60980.00158187724
A_M_1.5999999999999999_1.0_306,COM,1.931662,9.971587,2.362,3.822,0.275,62579.793849877235,60980.00158187724
A_M_1.5999999999999999_1.0_307,COM,0.577701,3.702939,2.039,0.825,4.144,61153.508755877236,60980.00158187724
A_M_1.5999999999999999_1.0_308,COM,1.125555,6.332356,0.427,4.803,4.968,62387.88618787724,60980.00158187724
A_M_1.5999999999999999_1.0_309,COM,1.090548,6.090826,1.955,1.49,4.056,62254.591416877236,60980.00158187724
A_M_1.5999999999999999_1.0_310,COM,0.161042,1.75454,2.614,0.835,4.343,62791.355489877235,60980.00158187724
A_M_1.5999999999999999_1.0_311,COM,1.194137,7.026587,0.349,5.949,0.496,63674.936197877236,60980.00158187724
A_M_1.5999999999999999_1.0_312,COM,0.220088,2.140455,1.432,4.983,3.727,63745.21635387724,60980.00158187724
A_M_1.5999999999999999_1.0_313,COM,1.178233,7.06225,1.356,5.142,2.021,64556.44389987724,60980.00158187724
A_M_1.5999999999999999_1.0_314,COM,1.017988,6.174999,2.233,2.158,3.159,61147.00061887724,60980.00158187724
A_M_1.5999999999999999_1.0_315,COM,0.752998,4.833255,2.316,4.878,2.147,62781.06544687724,60980.00158187724
A_M_1.5999999999999999_1.0_316,COM,1.460575,8.539697,0.657,3.374,0.379,63277.72777187724,60980.00158187724
A_M_1.5999999999999999_1.0_317,COM,1.13276,6.942132,0.798,5.05,3.934,64476.48040087724,60980.00158187724
A_M_1.5999999999999999_1.0_318,COM,0.939122,5.963052,1.494,4.747,1.874,63588.83482687724,60980.00158187724
A_M_1.5999999999999999_1.0_319,COM,1.219597,7.542639,1.078,1.338,4.137,62500.251553877235,60980.00158187724
A_M_1.5999999999999999_1.0_320,COM,0.538777,3.861438,1.412,0.205,3.342,64530.25289287724,60980.00158187724
A_M_1.5999999999999999_1.0_321,COM,0.451603,3.39846,0.485,5.32,1.03,64430.00898287724,60980.00158187724
A_M_1.5999999999999999_1.0_322,COM,0.407762,3.241622,2.243,1.87,5.307,61319.03771487724,60980.00158187724
A_M_1.5999999999999999_1.0_323,COM,1.529196,9.564796,2.131,1.501,5.191,63369.89721387724,60980.00158187724
A_M_1.5999999999999999_1.0_324,COM,0.985606,6.498167,2.97,4.836,1.835,64414.73417987724,60980.00158187724
A_M_1.5999999999999999_1.0_325,COM,1.073617,6.9423,1.641,4.72,3.219,63088.375289877236,60980.00158187724
A_M_1.5999999999999999_1.0_326,COM,1.391519,8.932782,2.336,4.489,1.415,64114.95413387724,60980.00158187724
A_M_1.5999999999999999_1.0_327,COM,0.300874,2.787733,0.86,1.006,2.422,63829.70206887724,60980.00158187724
A_M_1.5999999999999999_1.0_328,COM,1.578517,10.269925,1.854,3.174,3.554,62058.58686387724,60980.00158187724
A_M_1.5999999999999999_1.0_329,COM,1.448325,10.149695,0.292,2.849,3.277,61841.00633587724,60980.00158187724
A_M_1.5999999999999999_1.0_330,COM,1.237073,8.824414,1.06,0.923,5.577,62062.85389187724,60980.00158187724
A_M_1.5999999999999999_1.0_331,COM,0.924697,6.834768,1.538,1.482,3.04,64636.63745587724,60980.00158187724
A_M_1.5999999999999999_1.0_332,COM,1.352809,9.380122,1.341,1.161,5.269,63790.72704187724,60980.00158187724
A_M_1.5999999999999999_1.0_333,COM,1.010483,7.47786,2.767,2.164,2.605,64258.22265687724,60980.00158187724
A_M_1.5999999999999999_1.0_334,COM,1.022338,8.06767,2.224,2.25,2.319,62282.264877877235,60980.00158187724
A_M_1.5999999999999999_1.0_335,COM,2.185712,16.33506,0.865,0.853,2.53,64620.36985287724,60980.00158187724
A_M_1.5999999999999999_1.0_336,COM,1.283006,9.968202,1.41,3.002,3.613,61440.28519487724,60980.00158187724
A_M_1.5999999999999999_1.0_337,COM,0.312703,3.167239,0.66,2.019,1.228,61602.119614877236,60980.00158187724
A_M_1.5999999999999999_1.0_338,COM,2.169018,15.981676,1.469,1.287,4.181,64167.738919877236,60980.00158187724
A_M_1.5999999999999999_1.0_339,COM,5.27452,38.16331,0.604,6.267,2.813,62837.296450877235,60980.00158187724
A_M_1.5999999999999999_1.0_340,COM,0.652975,5.726917,1.145,3.912,2.679,63643.98471787724,60980.00158187724
A_M_1.5999999999999999_1.0_341,COM,1.180205,9.88632,0.756,4.773,4.272,61155.54843387724,60980.00158187724
A_M_1.5999999999999999_1.0_342,COM,0.909624,7.882572,2.573,2.176,5.739,62131.53470987724,60980.00158187724
A_M_1.5999999999999999_1.0_343,COM,1.126652,9.340697,1.526,3.554,3.436,63238.560250877235,60980.00158187724
A_M_1.5999999999999999_1.0_344,COM,1.470819,12.155401,2.822,4.637,1.56,61504.82902487724,60980.00158187724
A_M_1.5999999999999999_1.0_345,COM,4.198537,33.871594,1.789,1.658,4.534,63928.24137087724,60980.00158187724
A_M_1.5999999999999999_1.0_346,COM,2.96881,24.618477,0.735,1.349,4.978,60938.13105287724,60980.00158187724
A_M_1.5999999999999999_1.0_347,COM,1.220983,10.531245,0.517,4.363,1.963,61332.832861877236,60980.00158187724
A_M_1.5999999999999999_1.0_348,COM,0.41135,4.604402,1.786,5.136,2.609,63880.55953487724,60980.00158187724
A_M_1.5999999999999999_1.0_349,COM,1.434912,14.149884,1.842,1.244,2.043,62755.77000787724,60980.00158187724
A_M_1.5999999999999999_1.0_350,COM,1.126165,13.259601,0.707,3.185,3.275,61072.480552877234,60980.00158187724
A_M_1.5999999999999999_1.0_351,COM,0.477045,6.365336,1.861,1.401,5.017,62378.990574877236,60980.00158187724
