ObjID,H_r,u-r,g-r,i-r,z-r,y-r,GS
A_M_2.1999999999999997_1.0_0,25.12,2.31,0.73,-0.33,-0.5,-0.68,0.15
A_M_2.1999999999999997_1.0_1,25.32,2.31,0.73,-0.33,-0.5,-0.68,0.15
A_M_2.1999999999999997_1.0_2,23.88,2.31,0.73,-0.33,-0.5,-0.68,0.15
A_M_2.1999999999999997_1.0_3,24.82,2.31,0.73,-0.33,-0.5,-0.68,0.15
A_M_2.1999999999999997_1.0_4,24.05,2.31,0.73,-0.33,-0.5,-0.68,0.15
A_M_2.1999999999999997_1.0_5,25.47,2.31,0.73,-0.33,-0.5,-0.68,0.15
A_M_2.1999999999999997_1.0_6,24.55,2.31,0.73,-0.33,-0.5,-0.68,0.15
A_M_2.1999999999999997_1.0_7,23.45,2.31,0.73,-0.33,-0.5,-0.68,0.15
A_M_2.1999999999999997_1.0_8,24.41,2.31,0.73,-0.33,-0.5,-0.68,0.15
A_M_2.1999999999999997_1.0_9,22.73,2.31,0.73,-0.33,-0.5,-0.68,0.15
A_M_2.1999999999999997_1.0_10,22.6,2.31,0.73,-0.33,-0.5,-0.68,0.15
A_M_2.1999999999999997_1.0_11,23.22,2.31,0.73,-0.33,-0.5,-0.68,0.15
A_M_2.1999999999999997_1.0_12,25.0,2.31,0.73,-0.33,-0.5,-0.68,0.15
A_M_2.1999999999999997_1.0_13,24.03,2.31,0.73,-0.33,-0.5,-0.68,0.15
A_M_2.1999999999999997_1.0_14,24.02,2.31,0.73,-0.33,-0.5,-0.68,0.15
A_M_2.1999999999999997_1.0_15,24.93,2.31,0.73,-0.33,-0.5,-0.68,0.15
A_M_2.1999999999999997_1.0_16,24.16,2.31,0.73,-0.33,-0.5,-0.68,0.15
A_M_2.1999999999999997_1.0_17,25.25,2.31,0.73,-0.33,-0.5,-0.68,0.15
A_M_2.1999999999999997_1.0_18,21.08,2.31,0.73,-0.33,-0.5,-0.68,0.15
A_M_2.1999999999999997_1.0_19,25.53,2.31,0.73,-0.33,-0.5,-0.68,0.15
A_M_2.1999999999999997_1.0_20,23.71,2.31,0.73,-0.33,-0.5,-0.68,0.15
A_M_2.1999999999999997_1.0_21,22.89,2.31,0.73,-0.33,-0.5,-0.68,0.15
A_M_2.1999999999999997_1.0_22,23.89,2.31,0.73,-0.33,-0.5,-0.68,0.15
A_M_2.1999999999999997_1.0_23,24.43,2.31,0.73,-0.33,-0.5,-0.68,0.15
A_M_2.1999999999999997_1.0_24,24.91,2.31,0.73,-0.33,-0.5,-0.68,0.15
A_M_2.1999999999999997_1.0_25,25.27,2.31,0.73,-0.33,-0.5,-0.68,0.15
A_M_2.1999999999999997_1.0_26,23.66,2.31,0.73,-0.33,-0.5,-0.68,0.15
A_M_2.1999999999999997_1.0_27,24.22,2.31,0.73,-0.33,-0.5,-0.68,0.15
A_M_2.1999999999999997_1.0_28,25.01,2.31,0.73,-0.33,-0.5,-0.68,0.15
A_M_2.1999999999999997_1.0_29,24.88,2.31,0.73,-0.33,-0.5,-0.68,0.15
A_M_2.1999999999999997_1.0_30,25.08,2.31,0.73,-0.33,-0.5,-0.68,0.15
A_M_2.1999999999999997_1.0_31,25.03,2.31,0.73,-0.33,-0.5,-0.68,0.15
A_M_2.1999999999999997_1.0_32,25.11,2.31,0.73,-0.33,-0.5,-0.68,0.15
A_M_2.1999999999999997_1.0_33,20.96,2.31,0.73,-0.33,-0.5,-0.68,0.15
A_M_2.1999999999999997_1.0_34,25.56,2.31,0.73,-0.33,-0.5,-0.68,0.15
A_M_2.1999999999999997_1.0_35,22.71,2.31,0.73,-0.33,-0.5,-0.68,0.15
A_M_2.1999999999999997_1.0_36,25.5,2.31,0.73,-0.33,-0.5,-0.68,0.15
A_M_2.1999999999999997_1.0_37,24.88,2.31,0.73,-0.33,-0.5,-0.68,0.15
A_M_2.1999999999999997_1.0_38,25.22,2.31,0.73,-0.33,-0.5,-0.68,0.15
A_M_2.1999999999999997_1.0_39,25.16,2.31,0.73,-0.33,-0.5,-0.68,0.15
A_M_2.1999999999999997_1.0_40,24.56,2.31,0.73,-0.33,-0.5,-0.68,0.15
A_M_2.1999999999999997_1.0_41,25.61,2.31,0.73,-0.33,-0.5,-0.68,0.15
A_M_2.1999999999999997_1.0_42,25.4,2.31,0.73,-0.33,-0.5,-0.68,0.15
A_M_2.1999999999999997_1.0_43,24.75,2.31,0.73,-0.33,-0.5,-0.68,0.15
A_M_2.1999999999999997_1.0_44,23.51,2.31,0.73,-0.33,-0.5,-0.68,0.15
A_M_2.1999999999999997_1.0_45,22.75,2.31,0.73,-0.33,-0.5,-0.68,0.15
A_M_2.1999999999999997_1.0_46,25.1,2.31,0.73,-0.33,-0.5,-0.68,0.15
A_M_2.1999999999999997_1.0_47,25.46,2.31,0.73,-0.33,-0.5,-0.68,0.15
A_M_2.1999999999999997_1.0_48,24.83,2.31,0.73,-0.33,-0.5,-0.68,0.15
A_M_2.1999999999999997_1.0_49,25.31,2.31,0.73,-0.33,-0.5,-0.68,0.15
A_M_2.1999999999999997_1.0_50,25.03,2.31,0.73,-0.33,-0.5,-0.68,0.15
A_M_2.1999999999999997_1.0_51,25.61,2.31,0.73,-0.33,-0.5,-0.68,0.15
A_M_2.1999999999999997_1.0_52,19.59,2.31,0.73,-0.33,-0.5,-0.68,0.15
A_M_2.1999999999999997_1.0_53,24.9,2.31,0.73,-0.33,-0.5,-0.68,0.15
A_M_2.1999999999999997_1.0_54,23.05,2.31,0.73,-0.33,-0.5,-0.68,0.15
A_M_2.1999999999999997_1.0_55,24.85,2.31,0.73,-0.33,-0.5,-0.68,0.15
A_M_2.1999999999999997_1.0_56,24.57,2.31,0.73,-0.33,-0.5,-0.68,0.15
A_M_2.1999999999999997_1.0_57,25.19,2.31,0.73,-0.33,-0.5,-0.68,0.15
A_M_2.1999999999999997_1.0_58,23.46,2.31,0.73,-0.33,-0.5,-0.68,0.15
A_M_2.1999999999999997_1.0_59,25.12,2.31,0.73,-0.33,-0.5,-0.68,0.15
A_M_2.1999999999999997_1.0_60,25.56,2.31,0.73,-0.33,-0.5,-0.68,0.15
A_M_2.1999999999999997_1.0_61,24.71,2.31,0.73,-0.33,-0.5,-0.68,0.15
A_M_2.1999999999999997_1.0_62,24.94,2.31,0.73,-0.33,-0.5,-0.68,0.15
A_M_2.1999999999999997_1.0_63,24.75,2.31,0.73,-0.33,-0.5,-0.68,0.15
A_M_2.1999999999999997_1.0_64,24.79,2.31,0.73,-0.33,-0.5,-0.68,0.15
A_M_2.1999999999999997_1.0_65,23.1,2.31,0.73,-0.33,-0.5,-0.68,0.15
A_M_2.1999999999999997_1.0_66,24.44,2.31,0.73,-0.33,-0.5,-0.68,0.15
A_M_2.1999999999999997_1.0_67,25.41,2.31,0.73,-0.33,-0.5,-0.68,0.15
A_M_2.1999999999999997_1.0_68,25.56,2.31,0.73,-0.33,-0.5,-0.68,0.15
A_M_2.1999999999999997_1.0_69,23.78,2.31,0.73,-0.33,-0.5,-0.68,0.15
A_M_2.1999999999999997_1.0_70,24.95,2.31,0.73,-0.33,-0.5,-0.68,0.15
A_M_2.1999999999999997_1.0_71,24.99,2.31,0.73,-0.33,-0.5,-0.68,0.15
A_M_2.1999999999999997_1.0_72,25.11,2.31,0.73,-0.33,-0.5,-0.68,0.15
A_M_2.1999999999999997_1.0_73,24.87,2.31,0.73,-0.33,-0.5,-0.68,0.15
A_M_2.1999999999999997_1.0_74,24.59,2.31,0.73,-0.33,-0.5,-0.68,0.15
A_M_2.1999999999999997_1.0_75,24.97,2.31,0.73,-0.33,-0.5,-0.68,0.15
A_M_2.1999999999999997_1.0_76,25.31,2.31,0.73,-0.33,-0.5,-0.68,0.15
A_M_2.1999999999999997_1.0_77,23.77,2.31,0.73,-0.33,-0.5,-0.68,0.15
A_M_2.1999999999999997_1.0_78,23.34,2.31,0.73,-0.33,-0.5,-0.68,0.15
A_M_2.1999999999999997_1.0_79,24.84,2.31,0.73,-0.33,-0.5,-0.68,0.15
A_M_2.1999999999999997_1.0_80,23.45,2.31,0.73,-0.33,-0.5,-0.68,0.15
A_M_2.1999999999999997_1.0_81,24.81,2.31,0.73,-0.33,-0.5,-0.68,0.15
A_M_2.1999999999999997_1.0_82,25.35,2.31,0.73,-0.33,-0.5,-0.68,0.15
A_M_2.1999999999999997_1.0_83,24.3,2.31,0.73,-0.33,-0.5,-0.68,0.15
A_M_2.1999999999999997_1.0_84,25.45,2.31,0.73,-0.33,-0.5,-0.68,0.15
A_M_2.1999999999999997_1.0_85,21.48,2.31,0.73,-0.33,-0.5,-0.68,0.15
A_M_2.1999999999999997_1.0_86,24.05,2.31,0.73,-0.33,-0.5,-0.68,0.15
A_M_2.1999999999999997_1.0_87,25.6,2.31,0.73,-0.33,-0.5,-0.68,0.15
A_M_2.1999999999999997_1.0_88,25.52,2.31,0.73,-0.33,-0.5,-0.68,0.15
A_M_2.1999999999999997_1.0_89,25.17,2.31,0.73,-0.33,-0.5,-0.68,0.15
A_M_2.1999999999999997_1.0_90,24.39,2.31,0.73,-0.33,-0.5,-0.68,0.15
A_M_2.1999999999999997_1.0_91,22.82,2.31,0.73,-0.33,-0.5,-0.68,0.15
A_M_2.1999999999999997_1.0_92,24.95,2.31,0.73,-0.33,-0.5,-0.68,0.15
A_M_2.1999999999999997_1.0_93,24.98,2.31,0.73,-0.33,-0.5,-0.68,0.15
A_M_2.1999999999999997_1.0_94,25.23,2.31,0.73,-0.33,-0.5,-0.68,0.15
A_M_2.1999999999999997_1.0_95,25.03,2.31,0.73,-0.33,-0.5,-0.68,0.15
A_M_2.1999999999999997_1.0_96,24.6,2.31,0.73,-0.33,-0.5,-0.68,0.15
A_M_2.1999999999999997_1.0_97,24.25,2.31,0.73,-0.33,-0.5,-0.68,0.15
A_M_2.1999999999999997_1.0_98,24.24,2.31,0.73,-0.33,-0.5,-0.68,0.15
A_M_2.1999999999999997_1.0_99,25.13,2.31,0.73,-0.33,-0.5,-0.68,0.15
A_M_2.1999999999999997_1.0_100,24.08,2.31,0.73,-0.33,-0.5,-0.68,0.15
A_M_2.1999999999999997_1.0_101,24.88,2.31,0.73,-0.33,-0.5,-0.68,0.15
A_M_2.1999999999999997_1.0_102,23.48,2.31,0.73,-0.33,-0.5,-0.68,0.15
A_M_2.1999999999999997_1.0_103,24.66,2.31,0.73,-0.33,-0.5,-0.68,0.15
A_M_2.1999999999999997_1.0_104,23.87,2.31,0.73,-0.33,-0.5,-0.68,0.15
A_M_2.1999999999999997_1.0_105,25.25,2.31,0.73,-0.33,-0.5,-0.68,0.15
A_M_2.1999999999999997_1.0_106,25.38,2.31,0.73,-0.33,-0.5,-0.68,0.15
A_M_2.1999999999999997_1.0_107,25.39,2.31,0.73,-0.33,-0.5,-0.68,0.15
A_M_2.1999999999999997_1.0_108,25.61,2.31,0.73,-0.33,-0.5,-0.68,0.15
A_M_2.1999999999999997_1.0_109,24.48,2.31,0.73,-0.33,-0.5,-0.68,0.15
A_M_2.1999999999999997_1.0_110,25.47,2.31,0.73,-0.33,-0.5,-0.68,0.15
A_M_2.1999999999999997_1.0_111,24.3,2.31,0.73,-0.33,-0.5,-0.68,0.15
A_M_2.1999999999999997_1.0_112,24.37,2.31,0.73,-0.33,-0.5,-0.68,0.15
A_M_2.1999999999999997_1.0_113,25.09,2.31,0.73,-0.33,-0.5,-0.68,0.15
A_M_2.1999999999999997_1.0_114,23.54,2.31,0.73,-0.33,-0.5,-0.68,0.15
A_M_2.1999999999999997_1.0_115,25.11,2.31,0.73,-0.33,-0.5,-0.68,0.15
A_M_2.1999999999999997_1.0_116,24.82,2.31,0.73,-0.33,-0.5,-0.68,0.15
A_M_2.1999999999999997_1.0_117,23.18,2.31,0.73,-0.33,-0.5,-0.68,0.15
A_M_2.1999999999999997_1.0_118,25.42,2.31,0.73,-0.33,-0.5,-0.68,0.15
A_M_2.1999999999999997_1.0_119,23.63,2.31,0.73,-0.33,-0.5,-0.68,0.15
A_M_2.1999999999999997_1.0_120,25.04,2.31,0.73,-0.33,-0.5,-0.68,0.15
A_M_2.1999999999999997_1.0_121,24.59,2.31,0.73,-0.33,-0.5,-0.68,0.15
A_M_2.1999999999999997_1.0_122,18.54,2.31,0.73,-0.33,-0.5,-0.68,0.15
A_M_2.1999999999999997_1.0_123,24.65,2.31,0.73,-0.33,-0.5,-0.68,0.15
A_M_2.1999999999999997_1.0_124,23.53,2.31,0.73,-0.33,-0.5,-0.68,0.15
A_M_2.1999999999999997_1.0_125,24.78,2.31,0.73,-0.33,-0.5,-0.68,0.15
A_M_2.1999999999999997_1.0_126,25.51,2.31,0.73,-0.33,-0.5,-0.68,0.15
A_M_2.1999999999999997_1.0_127,23.6,2.31,0.73,-0.33,-0.5,-0.68,0.15
A_M_2.1999999999999997_1.0_128,24.2,2.31,0.73,-0.33,-0.5,-0.68,0.15
A_M_2.1999999999999997_1.0_129,24.61,2.31,0.73,-0.33,-0.5,-0.68,0.15
A_M_2.1999999999999997_1.0_130,25.29,2.31,0.73,-0.33,-0.5,-0.68,0.15
A_M_2.1999999999999997_1.0_131,25.4,2.31,0.73,-0.33,-0.5,-0.68,0.15
A_M_2.1999999999999997_1.0_132,25.5,2.31,0.73,-0.33,-0.5,-0.68,0.15
A_M_2.1999999999999997_1.0_133,25.56,2.31,0.73,-0.33,-0.5,-0.68,0.15
A_M_2.1999999999999997_1.0_134,25.08,2.31,0.73,-0.33,-0.5,-0.68,0.15
A_M_2.1999999999999997_1.0_135,25.15,2.31,0.73,-0.33,-0.5,-0.68,0.15
A_M_2.1999999999999997_1.0_136,25.58,2.31,0.73,-0.33,-0.5,-0.68,0.15
A_M_2.1999999999999997_1.0_137,15.66,2.31,0.73,-0.33,-0.5,-0.68,0.15
A_M_2.1999999999999997_1.0_138,25.37,2.31,0.73,-0.33,-0.5,-0.68,0.15
A_M_2.1999999999999997_1.0_139,22.7,2.31,0.73,-0.33,-0.5,-0.68,0.15
A_M_2.1999999999999997_1.0_140,25.5,2.31,0.73,-0.33,-0.5,-0.68,0.15
A_M_2.1999999999999997_1.0_141,25.59,2.31,0.73,-0.33,-0.5,-0.68,0.15
A_M_2.1999999999999997_1.0_142,24.79,2.31,0.73,-0.33,-0.5,-0.68,0.15
A_M_2.1999999999999997_1.0_143,21.1,2.31,0.73,-0.33,-0.5,-0.68,0.15
A_M_2.1999999999999997_1.0_144,25.09,2.31,0.73,-0.33,-0.5,-0.68,0.15
A_M_2.1999999999999997_1.0_145,25.32,2.31,0.73,-0.33,-0.5,-0.68,0.15
A_M_2.1999999999999997_1.0_146,24.07,2.31,0.73,-0.33,-0.5,-0.68,0.15
A_M_2.1999999999999997_1.0_147,25.2,2.31,0.73,-0.33,-0.5,-0.68,0.15
A_M_2.1999999999999997_1.0_148,24.81,2.31,0.73,-0.33,-0.5,-0.68,0.15
A_M_2.1999999999999997_1.0_149,25.15,2.31,0.73,-0.33,-0.5,-0.68,0.15
A_M_2.1999999999999997_1.0_150,24.09,2.31,0.73,-0.33,-0.5,-0.68,0.15
A_M_2.1999999999999997_1.0_151,25.49,2.31,0.73,-0.33,-0.5,-0.68,0.15
A_M_2.1999999999999997_1.0_152,25.43,2.31,0.73,-0.33,-0.5,-0.68,0.15
A_M_2.1999999999999997_1.0_153,24.38,2.31,0.73,-0.33,-0.5,-0.68,0.15
A_M_2.1999999999999997_1.0_154,24.84,2.31,0.73,-0.33,-0.5,-0.68,0.15
A_M_2.1999999999999997_1.0_155,24.65,2.31,0.73,-0.33,-0.5,-0.68,0.15
A_M_2.1999999999999997_1.0_156,23.51,2.31,0.73,-0.33,-0.5,-0.68,0.15
A_M_2.1999999999999997_1.0_157,25.01,2.31,0.73,-0.33,-0.5,-0.68,0.15
A_M_2.1999999999999997_1.0_158,25.33,2.31,0.73,-0.33,-0.5,-0.68,0.15
A_M_2.1999999999999997_1.0_159,20.5,2.31,0.73,-0.33,-0.5,-0.68,0.15
A_M_2.1999999999999997_1.0_160,25.5,2.31,0.73,-0.33,-0.5,-0.68,0.15
A_M_2.1999999999999997_1.0_161,25.36,2.31,0.73,-0.33,-0.5,-0.68,0.15
A_M_2.1999999999999997_1.0_162,25.53,2.31,0.73,-0.33,-0.5,-0.68,0.15
A_M_2.1999999999999997_1.0_163,25.12,2.31,0.73,-0.33,-0.5,-0.68,0.15
A_M_2.1999999999999997_1.0_164,25.25,2.31,0.73,-0.33,-0.5,-0.68,0.15
A_M_2.1999999999999997_1.0_165,21.18,2.31,0.73,-0.33,-0.5,-0.68,0.15
A_M_2.1999999999999997_1.0_166,25.31,2.31,0.73,-0.33,-0.5,-0.68,0.15
A_M_2.1999999999999997_1.0_167,24.17,2.31,0.73,-0.33,-0.5,-0.68,0.15
A_M_2.1999999999999997_1.0_168,23.74,2.31,0.73,-0.33,-0.5,-0.68,0.15
A_M_2.1999999999999997_1.0_169,25.22,2.31,0.73,-0.33,-0.5,-0.68,0.15
A_M_2.1999999999999997_1.0_170,23.33,2.31,0.73,-0.33,-0.5,-0.68,0.15
A_M_2.1999999999999997_1.0_171,24.97,2.31,0.73,-0.33,-0.5,-0.68,0.15
A_M_2.1999999999999997_1.0_172,18.34,2.31,0.73,-0.33,-0.5,-0.68,0.15
A_M_2.1999999999999997_1.0_173,25.59,2.31,0.73,-0.33,-0.5,-0.68,0.15
A_M_2.1999999999999997_1.0_174,25.26,2.31,0.73,-0.33,-0.5,-0.68,0.15
A_M_2.1999999999999997_1.0_175,25.02,2.31,0.73,-0.33,-0.5,-0.68,0.15
A_M_2.1999999999999997_1.0_176,25.03,2.31,0.73,-0.33,-0.5,-0.68,0.15
A_M_2.1999999999999997_1.0_177,25.35,2.31,0.73,-0.33,-0.5,-0.68,0.15
A_M_2.1999999999999997_1.0_178,24.1,2.31,0.73,-0.33,-0.5,-0.68,0.15
A_M_2.1999999999999997_1.0_179,25.16,2.31,0.73,-0.33,-0.5,-0.68,0.15
A_M_2.1999999999999997_1.0_180,24.29,2.31,0.73,-0.33,-0.5,-0.68,0.15
A_M_2.1999999999999997_1.0_181,23.62,2.31,0.73,-0.33,-0.5,-0.68,0.15
A_M_2.1999999999999997_1.0_182,24.64,2.31,0.73,-0.33,-0.5,-0.68,0.15
A_M_2.1999999999999997_1.0_183,25.41,2.31,0.73,-0.33,-0.5,-0.68,0.15
A_M_2.1999999999999997_1.0_184,17.69,2.31,0.73,-0.33,-0.5,-0.68,0.15
A_M_2.1999999999999997_1.0_185,25.62,2.31,0.73,-0.33,-0.5,-0.68,0.15
A_M_2.1999999999999997_1.0_186,25.46,2.31,0.73,-0.33,-0.5,-0.68,0.15
A_M_2.1999999999999997_1.0_187,23.11,2.31,0.73,-0.33,-0.5,-0.68,0.15
A_M_2.1999999999999997_1.0_188,24.69,2.31,0.73,-0.33,-0.5,-0.68,0.15
A_M_2.1999999999999997_1.0_189,25.56,2.31,0.73,-0.33,-0.5,-0.68,0.15
A_M_2.1999999999999997_1.0_190,23.76,2.31,0.73,-0.33,-0.5,-0.68,0.15
A_M_2.1999999999999997_1.0_191,25.6,2.31,0.73,-0.33,-0.5,-0.68,0.15
A_M_2.1999999999999997_1.0_192,25.06,2.31,0.73,-0.33,-0.5,-0.68,0.15
A_M_2.1999999999999997_1.0_193,25.13,2.31,0.73,-0.33,-0.5,-0.68,0.15
A_M_2.1999999999999997_1.0_194,23.19,2.31,0.73,-0.33,-0.5,-0.68,0.15
A_M_2.1999999999999997_1.0_195,25.49,2.31,0.73,-0.33,-0.5,-0.68,0.15
A_M_2.1999999999999997_1.0_196,24.78,2.31,0.73,-0.33,-0.5,-0.68,0.15
A_M_2.1999999999999997_1.0_197,22.82,2.31,0.73,-0.33,-0.5,-0.68,0.15
A_M_2.1999999999999997_1.0_198,25.18,2.31,0.73,-0.33,-0.5,-0.68,0.15
A_M_2.1999999999999997_1.0_199,25.02,2.31,0.73,-0.33,-0.5,-0.68,0.15
A_M_2.1999999999999997_1.0_200,25.17,2.31,0.73,-0.33,-0.5,-0.68,0.15
A_M_2.1999999999999997_1.0_201,23.86,2.31,0.73,-0.33,-0.5,-0.68,0.15
A_M_2.1999999999999997_1.0_202,25.41,2.31,0.73,-0.33,-0.5,-0.68,0.15
A_M_2.1999999999999997_1.0_203,23.38,2.31,0.73,-0.33,-0.5,-0.68,0.15
A_M_2.1999999999999997_1.0_204,25.44,2.31,0.73,-0.33,-0.5,-0.68,0.15
A_M_2.1999999999999997_1.0_205,24.79,2.31,0.73,-0.33,-0.5,-0.68,0.15
A_M_2.1999999999999997_1.0_206,25.54,2.31,0.73,-0.33,-0.5,-0.68,0.15
A_M_2.1999999999999997_1.0_207,24.44,2.31,0.73,-0.33,-0.5,-0.68,0.15
A_M_2.1999999999999997_1.0_208,25.55,2.31,0.73,-0.33,-0.5,-0.68,0.15
A_M_2.1999999999999997_1.0_209,24.61,2.31,0.73,-0.33,-0.5,-0.68,0.15
A_M_2.1999999999999997_1.0_210,25.25,2.31,0.73,-0.33,-0.5,-0.68,0.15
A_M_2.1999999999999997_1.0_211,24.77,2.31,0.73,-0.33,-0.5,-0.68,0.15
A_M_2.1999999999999997_1.0_212,24.04,2.31,0.73,-0.33,-0.5,-0.68,0.15
A_M_2.1999999999999997_1.0_213,25.37,2.31,0.73,-0.33,-0.5,-0.68,0.15
A_M_2.1999999999999997_1.0_214,23.36,2.31,0.73,-0.33,-0.5,-0.68,0.15
A_M_2.1999999999999997_1.0_215,24.21,2.31,0.73,-0.33,-0.5,-0.68,0.15
A_M_2.1999999999999997_1.0_216,23.58,2.31,0.73,-0.33,-0.5,-0.68,0.15
A_M_2.1999999999999997_1.0_217,25.27,2.31,0.73,-0.33,-0.5,-0.68,0.15
A_M_2.1999999999999997_1.0_218,25.26,2.31,0.73,-0.33,-0.5,-0.68,0.15
A_M_2.1999999999999997_1.0_219,24.6,2.31,0.73,-0.33,-0.5,-0.68,0.15
A_M_2.1999999999999997_1.0_220,25.08,2.31,0.73,-0.33,-0.5,-0.68,0.15
A_M_2.1999999999999997_1.0_221,23.17,2.31,0.73,-0.33,-0.5,-0.68,0.15
A_M_2.1999999999999997_1.0_222,24.37,2.31,0.73,-0.33,-0.5,-0.68,0.15
A_M_2.1999999999999997_1.0_223,24.79,2.31,0.73,-0.33,-0.5,-0.68,0.15
A_M_2.1999999999999997_1.0_224,25.6,2.31,0.73,-0.33,-0.5,-0.68,0.15
A_M_2.1999999999999997_1.0_225,25.4,2.31,0.73,-0.33,-0.5,-0.68,0.15
A_M_2.1999999999999997_1.0_226,25.54,2.31,0.73,-0.33,-0.5,-0.68,0.15
A_M_2.1999999999999997_1.0_227,24.57,2.31,0.73,-0.33,-0.5,-0.68,0.15
A_M_2.1999999999999997_1.0_228,17.56,2.31,0.73,-0.33,-0.5,-0.68,0.15
A_M_2.1999999999999997_1.0_229,25.2,2.31,0.73,-0.33,-0.5,-0.68,0.15
A_M_2.1999999999999997_1.0_230,22.79,2.31,0.73,-0.33,-0.5,-0.68,0.15
A_M_2.1999999999999997_1.0_231,25.37,2.31,0.73,-0.33,-0.5,-0.68,0.15
A_M_2.1999999999999997_1.0_232,22.67,2.31,0.73,-0.33,-0.5,-0.68,0.15
A_M_2.1999999999999997_1.0_233,23.28,2.31,0.73,-0.33,-0.5,-0.68,0.15
A_M_2.1999999999999997_1.0_234,25.07,2.31,0.73,-0.33,-0.5,-0.68,0.15
A_M_2.1999999999999997_1.0_235,24.63,2.31,0.73,-0.33,-0.5,-0.68,0.15
A_M_2.1999999999999997_1.0_236,25.37,2.31,0.73,-0.33,-0.5,-0.68,0.15
A_M_2.1999999999999997_1.0_237,23.92,2.31,0.73,-0.33,-0.5,-0.68,0.15
A_M_2.1999999999999997_1.0_238,24.9,2.31,0.73,-0.33,-0.5,-0.68,0.15
A_M_2.1999999999999997_1.0_239,24.52,2.31,0.73,-0.33,-0.5,-0.68,0.15
A_M_2.1999999999999997_1.0_240,25.06,2.31,0.73,-0.33,-0.5,-0.68,0.15
A_M_2.1999999999999997_1.0_241,25.28,2.31,0.73,-0.33,-0.5,-0.68,0.15
A_M_2.1999999999999997_1.0_242,25.18,2.31,0.73,-0.33,-0.5,-0.68,0.15
A_M_2.1999999999999997_1.0_243,25.04,2.31,0.73,-0.33,-0.5,-0.68,0.15
A_M_2.1999999999999997_1.0_244,24.11,2.31,0.73,-0.33,-0.5,-0.68,0.15
A_M_2.1999999999999997_1.0_245,21.85,2.31,0.73,-0.33,-0.5,-0.68,0.15
A_M_2.1999999999999997_1.0_246,24.27,2.31,0.73,-0.33,-0.5,-0.68,0.15
A_M_2.1999999999999997_1.0_247,24.07,2.31,0.73,-0.33,-0.5,-0.68,0.15
A_M_2.1999999999999997_1.0_248,22.11,2.31,0.73,-0.33,-0.5,-0.68,0.15
A_M_2.1999999999999997_1.0_249,22.41,2.31,0.73,-0.33,-0.5,-0.68,0.15
A_M_2.1999999999999997_1.0_250,25.32,2.31,0.73,-0.33,-0.5,-0.68,0.15
A_M_2.1999999999999997_1.0_251,25.35,2.31,0.73,-0.33,-0.5,-0.68,0.15
A_M_2.1999999999999997_1.0_252,24.22,2.31,0.73,-0.33,-0.5,-0.68,0.15
A_M_2.1999999999999997_1.0_253,25.06,2.31,0.73,-0.33,-0.5,-0.68,0.15
A_M_2.1999999999999997_1.0_254,24.98,2.31,0.73,-0.33,-0.5,-0.68,0.15
A_M_2.1999999999999997_1.0_255,24.44,2.31,0.73,-0.33,-0.5,-0.68,0.15
A_M_2.1999999999999997_1.0_256,23.05,2.31,0.73,-0.33,-0.5,-0.68,0.15
A_M_2.1999999999999997_1.0_257,24.74,2.31,0.73,-0.33,-0.5,-0.68,0.15
A_M_2.1999999999999997_1.0_258,23.21,2.31,0.73,-0.33,-0.5,-0.68,0.15
A_M_2.1999999999999997_1.0_259,23.81,2.31,0.73,-0.33,-0.5,-0.68,0.15
A_M_2.1999999999999997_1.0_260,25.16,2.31,0.73,-0.33,-0.5,-0.68,0.15
A_M_2.1999999999999997_1.0_261,24.73,2.31,0.73,-0.33,-0.5,-0.68,0.15
A_M_2.1999999999999997_1.0_262,23.98,2.31,0.73,-0.33,-0.5,-0.68,0.15
A_M_2.1999999999999997_1.0_263,24.94,2.31,0.73,-0.33,-0.5,-0.68,0.15
A_M_2.1999999999999997_1.0_264,24.29,2.31,0.73,-0.33,-0.5,-0.68,0.15
A_M_2.1999999999999997_1.0_265,25.37,2.31,0.73,-0.33,-0.5,-0.68,0.15
A_M_2.1999999999999997_1.0_266,25.15,2.31,0.73,-0.33,-0.5,-0.68,0.15
A_M_2.1999999999999997_1.0_267,24.33,2.31,0.73,-0.33,-0.5,-0.68,0.15
A_M_2.1999999999999997_1.0_268,24.79,2.31,0.73,-0.33,-0.5,-0.68,0.15
A_M_2.1999999999999997_1.0_269,25.37,2.31,0.73,-0.33,-0.5,-0.68,0.15
A_M_2.1999999999999997_1.0_270,25.61,2.31,0.73,-0.33,-0.5,-0.68,0.15
A_M_2.1999999999999997_1.0_271,24.77,2.31,0.73,-0.33,-0.5,-0.68,0.15
A_M_2.1999999999999997_1.0_272,25.06,2.31,0.73,-0.33,-0.5,-0.68,0.15
A_M_2.1999999999999997_1.0_273,24.63,2.31,0.73,-0.33,-0.5,-0.68,0.15
A_M_2.1999999999999997_1.0_274,25.39,2.31,0.73,-0.33,-0.5,-0.68,0.15
A_M_2.1999999999999997_1.0_275,25.03,2.31,0.73,-0.33,-0.5,-0.68,0.15
A_M_2.1999999999999997_1.0_276,25.06,2.31,0.73,-0.33,-0.5,-0.68,0.15
A_M_2.1999999999999997_1.0_277,24.15,2.31,0.73,-0.33,-0.5,-0.68,0.15
A_M_2.1999999999999997_1.0_278,24.52,2.31,0.73,-0.33,-0.5,-0.68,0.15
A_M_2.1999999999999997_1.0_279,23.29,2.31,0.73,-0.33,-0.5,-0.68,0.15
A_M_2.1999999999999997_1.0_280,23.81,2.31,0.73,-0.33,-0.5,-0.68,0.15
A_M_2.1999999999999997_1.0_281,24.64,2.31,0.73,-0.33,-0.5,-0.68,0.15
A_M_2.1999999999999997_1.0_282,25.34,2.31,0.73,-0.33,-0.5,-0.68,0.15
A_M_2.1999999999999997_1.0_283,24.54,2.31,0.73,-0.33,-0.5,-0.68,0.15
A_M_2.1999999999999997_1.0_284,23.89,2.31,0.73,-0.33,-0.5,-0.68,0.15
A_M_2.1999999999999997_1.0_285,25.58,2.31,0.73,-0.33,-0.5,-0.68,0.15
A_M_2.1999999999999997_1.0_286,25.02,2.31,0.73,-0.33,-0.5,-0.68,0.15
A_M_2.1999999999999997_1.0_287,25.62,2.31,0.73,-0.33,-0.5,-0.68,0.15
A_M_2.1999999999999997_1.0_288,20.81,2.31,0.73,-0.33,-0.5,-0.68,0.15
A_M_2.1999999999999997_1.0_289,24.74,2.31,0.73,-0.33,-0.5,-0.68,0.15
A_M_2.1999999999999997_1.0_290,24.2,2.31,0.73,-0.33,-0.5,-0.68,0.15
A_M_2.1999999999999997_1.0_291,24.4,2.31,0.73,-0.33,-0.5,-0.68,0.15
A_M_2.1999999999999997_1.0_292,25.5,2.31,0.73,-0.33,-0.5,-0.68,0.15
A_M_2.1999999999999997_1.0_293,25.47,2.31,0.73,-0.33,-0.5,-0.68,0.15
A_M_2.1999999999999997_1.0_294,25.11,2.31,0.73,-0.33,-0.5,-0.68,0.15
A_M_2.1999999999999997_1.0_295,20.43,2.31,0.73,-0.33,-0.5,-0.68,0.15
A_M_2.1999999999999997_1.0_296,24.0,2.31,0.73,-0.33,-0.5,-0.68,0.15
A_M_2.1999999999999997_1.0_297,24.34,2.31,0.73,-0.33,-0.5,-0.68,0.15
A_M_2.1999999999999997_1.0_298,22.28,2.31,0.73,-0.33,-0.5,-0.68,0.15
A_M_2.1999999999999997_1.0_299,23.93,2.31,0.73,-0.33,-0.5,-0.68,0.15
A_M_2.1999999999999997_1.0_300,25.29,2.31,0.73,-0.33,-0.5,-0.68,0.15
A_M_2.1999999999999997_1.0_301,21.6,2.31,0.73,-0.33,-0.5,-0.68,0.15
A_M_2.1999999999999997_1.0_302,25.5,2.31,0.73,-0.33,-0.5,-0.68,0.15
A_M_2.1999999999999997_1.0_303,24.41,2.31,0.73,-0.33,-0.5,-0.68,0.15
A_M_2.1999999999999997_1.0_304,24.7,2.31,0.73,-0.33,-0.5,-0.68,0.15
A_M_2.1999999999999997_1.0_305,24.8,2.31,0.73,-0.33,-0.5,-0.68,0.15
A_M_2.1999999999999997_1.0_306,25.49,2.31,0.73,-0.33,-0.5,-0.68,0.15
A_M_2.1999999999999997_1.0_307,24.54,2.31,0.73,-0.33,-0.5,-0.68,0.15
A_M_2.1999999999999997_1.0_308,23.9,2.31,0.73,-0.33,-0.5,-0.68,0.15
A_M_2.1999999999999997_1.0_309,25.24,2.31,0.73,-0.33,-0.5,-0.68,0.15
A_M_2.1999999999999997_1.0_310,24.53,2.31,0.73,-0.33,-0.5,-0.68,0.15
A_M_2.1999999999999997_1.0_311,24.33,2.31,0.73,-0.33,-0.5,-0.68,0.15
A_M_2.1999999999999997_1.0_312,24.34,2.31,0.73,-0.33,-0.5,-0.68,0.15
A_M_2.1999999999999997_1.0_313,24.22,2.31,0.73,-0.33,-0.5,-0.68,0.15
A_M_2.1999999999999997_1.0_314,24.1,2.31,0.73,-0.33,-0.5,-0.68,0.15
A_M_2.1999999999999997_1.0_315,23.77,2.31,0.73,-0.33,-0.5,-0.68,0.15
A_M_2.1999999999999997_1.0_316,20.29,2.31,0.73,-0.33,-0.5,-0.68,0.15
A_M_2.1999999999999997_1.0_317,25.11,2.31,0.73,-0.33,-0.5,-0.68,0.15
A_M_2.1999999999999997_1.0_318,25.31,2.31,0.73,-0.33,-0.5,-0.68,0.15
A_M_2.1999999999999997_1.0_319,23.64,2.31,0.73,-0.33,-0.5,-0.68,0.15
A_M_2.1999999999999997_1.0_320,25.09,2.31,0.73,-0.33,-0.5,-0.68,0.15
A_M_2.1999999999999997_1.0_321,25.47,2.31,0.73,-0.33,-0.5,-0.68,0.15
A_M_2.1999999999999997_1.0_322,25.51,2.31,0.73,-0.33,-0.5,-0.68,0.15
A_M_2.1999999999999997_1.0_323,23.89,2.31,0.73,-0.33,-0.5,-0.68,0.15
A_M_2.1999999999999997_1.0_324,24.6,2.31,0.73,-0.33,-0.5,-0.68,0.15
A_M_2.1999999999999997_1.0_325,25.34,2.31,0.73,-0.33,-0.5,-0.68,0.15
A_M_2.1999999999999997_1.0_326,24.32,2.31,0.73,-0.33,-0.5,-0.68,0.15
A_M_2.1999999999999997_1.0_327,25.01,2.31,0.73,-0.33,-0.5,-0.68,0.15
A_M_2.1999999999999997_1.0_328,24.06,2.31,0.73,-0.33,-0.5,-0.68,0.15
A_M_2.1999999999999997_1.0_329,24.64,2.31,0.73,-0.33,-0.5,-0.68,0.15
A_M_2.1999999999999997_1.0_330,23.97,2.31,0.73,-0.33,-0.5,-0.68,0.15
A_M_2.1999999999999997_1.0_331,23.73,2.31,0.73,-0.33,-0.5,-0.68,0.15
A_M_2.1999999999999997_1.0_332,25.35,2.31,0.73,-0.33,-0.5,-0.68,0.15
A_M_2.1999999999999997_1.0_333,25.12,2.31,0.73,-0.33,-0.5,-0.68,0.15
A_M_2.1999999999999997_1.0_334,25.25,2.31,0.73,-0.33,-0.5,-0.68,0.15
A_M_2.1999999999999997_1.0_335,24.17,2.31,0.73,-0.33,-0.5,-0.68,0.15
A_M_2.1999999999999997_1.0_336,25.51,2.31,0.73,-0.33,-0.5,-0.68,0.15
A_M_2.1999999999999997_1.0_337,21.22,2.31,0.73,-0.33,-0.5,-0.68,0.15
A_M_2.1999999999999997_1.0_338,24.14,2.31,0.73,-0.33,-0.5,-0.68,0.15
A_M_2.1999999999999997_1.0_339,20.97,2.31,0.73,-0.33,-0.5,-0.68,0.15
A_M_2.1999999999999997_1.0_340,20.76,2.31,0.73,-0.33,-0.5,-0.68,0.15
A_M_2.1999999999999997_1.0_341,24.68,2.31,0.73,-0.33,-0.5,-0.68,0.15
A_M_2.1999999999999997_1.0_342,25.06,2.31,0.73,-0.33,-0.5,-0.68,0.15
A_M_2.1999999999999997_1.0_343,24.78,2.31,0.73,-0.33,-0.5,-0.68,0.15
A_M_2.1999999999999997_1.0_344,25.13,2.31,0.73,-0.33,-0.5,-0.68,0.15
A_M_2.1999999999999997_1.0_345,25.59,2.31,0.73,-0.33,-0.5,-0.68,0.15
A_M_2.1999999999999997_1.0_346,25.21,2.31,0.73,-0.33,-0.5,-0.68,0.15
A_M_2.1999999999999997_1.0_347,25.46,2.31,0.73,-0.33,-0.5,-0.68,0.15
A_M_2.1999999999999997_1.0_348,25.29,2.31,0.73,-0.33,-0.5,-0.68,0.15
A_M_2.1999999999999997_1.0_349,22.47,2.31,0.73,-0.33,-0.5,-0.68,0.15
A_M_2.1999999999999997_1.0_350,24.38,2.31,0.73,-0.33,-0.5,-0.68,0.15
A_M_2.1999999999999997_1.0_351,25.61,2.31,0.73,-0.33,-0.5,-0.68,0.15
A_M_2.1999999999999997_1.0_352,24.86,2.31,0.73,-0.33,-0.5,-0.68,0.15
A_M_2.1999999999999997_1.0_353,25.1,2.31,0.73,-0.33,-0.5,-0.68,0.15
A_M_2.1999999999999997_1.0_354,25.36,2.31,0.73,-0.33,-0.5,-0.68,0.15
A_M_2.1999999999999997_1.0_355,24.26,2.31,0.73,-0.33,-0.5,-0.68,0.15
A_M_2.1999999999999997_1.0_356,25.2,2.31,0.73,-0.33,-0.5,-0.68,0.15
A_M_2.1999999999999997_1.0_357,23.98,2.31,0.73,-0.33,-0.5,-0.68,0.15
A_M_2.1999999999999997_1.0_358,20.49,2.31,0.73,-0.33,-0.5,-0.68,0.15
A_M_2.1999999999999997_1.0_359,25.05,2.31,0.73,-0.33,-0.5,-0.68,0.15
A_M_2.1999999999999997_1.0_360,23.33,2.31,0.73,-0.33,-0.5,-0.68,0.15
A_M_2.1999999999999997_1.0_361,24.53,2.31,0.73,-0.33,-0.5,-0.68,0.15
A_M_2.1999999999999997_1.0_362,23.55,2.31,0.73,-0.33,-0.5,-0.68,0.15
A_M_2.1999999999999997_1.0_363,25.02,2.31,0.73,-0.33,-0.5,-0.68,0.15
A_M_2.1999999999999997_1.0_364,25.25,2.31,0.73,-0.33,-0.5,-0.68,0.15
A_M_2.1999999999999997_1.0_365,25.38,2.31,0.73,-0.33,-0.5,-0.68,0.15
A_M_2.1999999999999997_1.0_366,25.24,2.31,0.73,-0.33,-0.5,-0.68,0.15
A_M_2.1999999999999997_1.0_367,25.16,2.31,0.73,-0.33,-0.5,-0.68,0.15
A_M_2.1999999999999997_1.0_368,24.61,2.31,0.73,-0.33,-0.5,-0.68,0.15
A_M_2.1999999999999997_1.0_369,23.14,2.31,0.73,-0.33,-0.5,-0.68,0.15
A_M_2.1999999999999997_1.0_370,24.97,2.31,0.73,-0.33,-0.5,-0.68,0.15
A_M_2.1999999999999997_1.0_371,20.86,2.31,0.73,-0.33,-0.5,-0.68,0.15
A_M_2.1999999999999997_1.0_372,24.69,2.31,0.73,-0.33,-0.5,-0.68,0.15
A_M_2.1999999999999997_1.0_373,25.46,2.31,0.73,-0.33,-0.5,-0.68,0.15
A_M_2.1999999999999997_1.0_374,24.13,2.31,0.73,-0.33,-0.5,-0.68,0.15
A_M_2.1999999999999997_1.0_375,25.57,2.31,0.73,-0.33,-0.5,-0.68,0.15
A_M_2.1999999999999997_1.0_376,25.51,2.31,0.73,-0.33,-0.5,-0.68,0.15
A_M_2.1999999999999997_1.0_377,22.89,2.31,0.73,-0.33,-0.5,-0.68,0.15
A_M_2.1999999999999997_1.0_378,25.46,2.31,0.73,-0.33,-0.5,-0.68,0.15
A_M_2.1999999999999997_1.0_379,21.47,2.31,0.73,-0.33,-0.5,-0.68,0.15
A_M_2.1999999999999997_1.0_380,25.0,2.31,0.73,-0.33,-0.5,-0.68,0.15
A_M_2.1999999999999997_1.0_381,24.23,2.31,0.73,-0.33,-0.5,-0.68,0.15
A_M_2.1999999999999997_1.0_382,24.85,2.31,0.73,-0.33,-0.5,-0.68,0.15
A_M_2.1999999999999997_1.0_383,25.19,2.31,0.73,-0.33,-0.5,-0.68,0.15
A_M_2.1999999999999997_1.0_384,22.78,2.31,0.73,-0.33,-0.5,-0.68,0.15
A_M_2.1999999999999997_1.0_385,24.43,2.31,0.73,-0.33,-0.5,-0.68,0.15
A_M_2.1999999999999997_1.0_386,25.33,2.31,0.73,-0.33,-0.5,-0.68,0.15
A_M_2.1999999999999997_1.0_387,25.22,2.31,0.73,-0.33,-0.5,-0.68,0.15
A_M_2.1999999999999997_1.0_388,25.28,2.31,0.73,-0.33,-0.5,-0.68,0.15
A_M_2.1999999999999997_1.0_389,23.58,2.31,0.73,-0.33,-0.5,-0.68,0.15
A_M_2.1999999999999997_1.0_390,23.94,2.31,0.73,-0.33,-0.5,-0.68,0.15
A_M_2.1999999999999997_1.0_391,25.01,2.31,0.73,-0.33,-0.5,-0.68,0.15
A_M_2.1999999999999997_1.0_392,24.16,2.31,0.73,-0.33,-0.5,-0.68,0.15
A_M_2.1999999999999997_1.0_393,24.99,2.31,0.73,-0.33,-0.5,-0.68,0.15
A_M_2.1999999999999997_1.0_394,24.74,2.31,0.73,-0.33,-0.5,-0.68,0.15
A_M_2.1999999999999997_1.0_395,25.49,2.31,0.73,-0.33,-0.5,-0.68,0.15
A_M_2.1999999999999997_1.0_396,25.11,2.31,0.73,-0.33,-0.5,-0.68,0.15
A_M_2.1999999999999997_1.0_397,24.54,2.31,0.73,-0.33,-0.5,-0.68,0.15
A_M_2.1999999999999997_1.0_398,20.94,2.31,0.73,-0.33,-0.5,-0.68,0.15
A_M_2.1999999999999997_1.0_399,25.53,2.31,0.73,-0.33,-0.5,-0.68,0.15
A_M_2.1999999999999997_1.0_400,24.5,2.31,0.73,-0.33,-0.5,-0.68,0.15
A_M_2.1999999999999997_1.0_401,23.33,2.31,0.73,-0.33,-0.5,-0.68,0.15
A_M_2.1999999999999997_1.0_402,23.46,2.31,0.73,-0.33,-0.5,-0.68,0.15
A_M_2.1999999999999997_1.0_403,25.18,2.31,0.73,-0.33,-0.5,-0.68,0.15
A_M_2.1999999999999997_1.0_404,24.66,2.31,0.73,-0.33,-0.5,-0.68,0.15
A_M_2.1999999999999997_1.0_405,24.69,2.31,0.73,-0.33,-0.5,-0.68,0.15
A_M_2.1999999999999997_1.0_406,25.57,2.31,0.73,-0.33,-0.5,-0.68,0.15
A_M_2.1999999999999997_1.0_407,24.39,2.31,0.73,-0.33,-0.5,-0.68,0.15
A_M_2.1999999999999997_1.0_408,25.01,2.31,0.73,-0.33,-0.5,-0.68,0.15
A_M_2.1999999999999997_1.0_409,23.68,2.31,0.73,-0.33,-0.5,-0.68,0.15
A_M_2.1999999999999997_1.0_410,24.35,2.31,0.73,-0.33,-0.5,-0.68,0.15
A_M_2.1999999999999997_1.0_411,25.28,2.31,0.73,-0.33,-0.5,-0.68,0.15
A_M_2.1999999999999997_1.0_412,25.07,2.31,0.73,-0.33,-0.5,-0.68,0.15
A_M_2.1999999999999997_1.0_413,24.5,2.31,0.73,-0.33,-0.5,-0.68,0.15
A_M_2.1999999999999997_1.0_414,25.3,2.31,0.73,-0.33,-0.5,-0.68,0.15
A_M_2.1999999999999997_1.0_415,24.66,2.31,0.73,-0.33,-0.5,-0.68,0.15
A_M_2.1999999999999997_1.0_416,17.85,2.31,0.73,-0.33,-0.5,-0.68,0.15
A_M_2.1999999999999997_1.0_417,23.49,2.31,0.73,-0.33,-0.5,-0.68,0.15
A_M_2.1999999999999997_1.0_418,23.83,2.31,0.73,-0.33,-0.5,-0.68,0.15
A_M_2.1999999999999997_1.0_419,24.91,2.31,0.73,-0.33,-0.5,-0.68,0.15
A_M_2.1999999999999997_1.0_420,25.59,2.31,0.73,-0.33,-0.5,-0.68,0.15
A_M_2.1999999999999997_1.0_421,21.72,2.31,0.73,-0.33,-0.5,-0.68,0.15
A_M_2.1999999999999997_1.0_422,23.73,2.31,0.73,-0.33,-0.5,-0.68,0.15
A_M_2.1999999999999997_1.0_423,24.01,2.31,0.73,-0.33,-0.5,-0.68,0.15
A_M_2.1999999999999997_1.0_424,25.22,2.31,0.73,-0.33,-0.5,-0.68,0.15
A_M_2.1999999999999997_1.0_425,24.88,2.31,0.73,-0.33,-0.5,-0.68,0.15
A_M_2.1999999999999997_1.0_426,25.59,2.31,0.73,-0.33,-0.5,-0.68,0.15
A_M_2.1999999999999997_1.0_427,21.65,2.31,0.73,-0.33,-0.5,-0.68,0.15
A_M_2.1999999999999997_1.0_428,25.17,2.31,0.73,-0.33,-0.5,-0.68,0.15
A_M_2.1999999999999997_1.0_429,25.51,2.31,0.73,-0.33,-0.5,-0.68,0.15
A_M_2.1999999999999997_1.0_430,23.87,2.31,0.73,-0.33,-0.5,-0.68,0.15
A_M_2.1999999999999997_1.0_431,21.67,2.31,0.73,-0.33,-0.5,-0.68,0.15
A_M_2.1999999999999997_1.0_432,23.55,2.31,0.73,-0.33,-0.5,-0.68,0.15
A_M_2.1999999999999997_1.0_433,22.61,2.31,0.73,-0.33,-0.5,-0.68,0.15
A_M_2.1999999999999997_1.0_434,25.23,2.31,0.73,-0.33,-0.5,-0.68,0.15
A_M_2.1999999999999997_1.0_435,24.75,2.31,0.73,-0.33,-0.5,-0.68,0.15
A_M_2.1999999999999997_1.0_436,25.4,2.31,0.73,-0.33,-0.5,-0.68,0.15
A_M_2.1999999999999997_1.0_437,25.56,2.31,0.73,-0.33,-0.5,-0.68,0.15
A_M_2.1999999999999997_1.0_438,23.52,2.31,0.73,-0.33,-0.5,-0.68,0.15
A_M_2.1999999999999997_1.0_439,23.9,2.31,0.73,-0.33,-0.5,-0.68,0.15
A_M_2.1999999999999997_1.0_440,24.28,2.31,0.73,-0.33,-0.5,-0.68,0.15
A_M_2.1999999999999997_1.0_441,24.99,2.31,0.73,-0.33,-0.5,-0.68,0.15
A_M_2.1999999999999997_1.0_442,25.18,2.31,0.73,-0.33,-0.5,-0.68,0.15
A_M_2.1999999999999997_1.0_443,21.67,2.31,0.73,-0.33,-0.5,-0.68,0.15
A_M_2.1999999999999997_1.0_444,25.43,2.31,0.73,-0.33,-0.5,-0.68,0.15
A_M_2.1999999999999997_1.0_445,25.46,2.31,0.73,-0.33,-0.5,-0.68,0.15
A_M_2.1999999999999997_1.0_446,22.21,2.31,0.73,-0.33,-0.5,-0.68,0.15
A_M_2.1999999999999997_1.0_447,21.9,2.31,0.73,-0.33,-0.5,-0.68,0.15
A_M_2.1999999999999997_1.0_448,25.06,2.31,0.73,-0.33,-0.5,-0.68,0.15
A_M_2.1999999999999997_1.0_449,22.62,2.31,0.73,-0.33,-0.5,-0.68,0.15
A_M_2.1999999999999997_1.0_450,25.57,2.31,0.73,-0.33,-0.5,-0.68,0.15
A_M_2.1999999999999997_1.0_451,25.16,2.31,0.73,-0.33,-0.5,-0.68,0.15
A_M_2.1999999999999997_1.0_452,25.12,2.31,0.73,-0.33,-0.5,-0.68,0.15
A_M_2.1999999999999997_1.0_453,24.37,2.31,0.73,-0.33,-0.5,-0.68,0.15
A_M_2.1999999999999997_1.0_454,23.56,2.31,0.73,-0.33,-0.5,-0.68,0.15
A_M_2.1999999999999997_1.0_455,25.34,2.31,0.73,-0.33,-0.5,-0.68,0.15
A_M_2.1999999999999997_1.0_456,23.7,2.31,0.73,-0.33,-0.5,-0.68,0.15
A_M_2.1999999999999997_1.0_457,24.91,2.31,0.73,-0.33,-0.5,-0.68,0.15
A_M_2.1999999999999997_1.0_458,25.35,2.31,0.73,-0.33,-0.5,-0.68,0.15
A_M_2.1999999999999997_1.0_459,25.15,2.31,0.73,-0.33,-0.5,-0.68,0.15
A_M_2.1999999999999997_1.0_460,24.83,2.31,0.73,-0.33,-0.5,-0.68,0.15
A_M_2.1999999999999997_1.0_461,25.06,2.31,0.73,-0.33,-0.5,-0.68,0.15
A_M_2.1999999999999997_1.0_462,25.47,2.31,0.73,-0.33,-0.5,-0.68,0.15
A_M_2.1999999999999997_1.0_463,22.9,2.31,0.73,-0.33,-0.5,-0.68,0.15
A_M_2.1999999999999997_1.0_464,25.53,2.31,0.73,-0.33,-0.5,-0.68,0.15
A_M_2.1999999999999997_1.0_465,25.14,2.31,0.73,-0.33,-0.5,-0.68,0.15
A_M_2.1999999999999997_1.0_466,24.5,2.31,0.73,-0.33,-0.5,-0.68,0.15
A_M_2.1999999999999997_1.0_467,23.69,2.31,0.73,-0.33,-0.5,-0.68,0.15
A_M_2.1999999999999997_1.0_468,22.5,2.31,0.73,-0.33,-0.5,-0.68,0.15
A_M_2.1999999999999997_1.0_469,24.91,2.31,0.73,-0.33,-0.5,-0.68,0.15
A_M_2.1999999999999997_1.0_470,25.52,2.31,0.73,-0.33,-0.5,-0.68,0.15
A_M_2.1999999999999997_1.0_471,25.49,2.31,0.73,-0.33,-0.5,-0.68,0.15
A_M_2.1999999999999997_1.0_472,25.32,2.31,0.73,-0.33,-0.5,-0.68,0.15
A_M_2.1999999999999997_1.0_473,23.63,2.31,0.73,-0.33,-0.5,-0.68,0.15
A_M_2.1999999999999997_1.0_474,25.22,2.31,0.73,-0.33,-0.5,-0.68,0.15
A_M_2.1999999999999997_1.0_475,24.88,2.31,0.73,-0.33,-0.5,-0.68,0.15
A_M_2.1999999999999997_1.0_476,25.52,2.31,0.73,-0.33,-0.5,-0.68,0.15
A_M_2.1999999999999997_1.0_477,24.73,2.31,0.73,-0.33,-0.5,-0.68,0.15
A_M_2.1999999999999997_1.0_478,20.81,2.31,0.73,-0.33,-0.5,-0.68,0.15
A_M_2.1999999999999997_1.0_479,23.39,2.31,0.73,-0.33,-0.5,-0.68,0.15
A_M_2.1999999999999997_1.0_480,24.15,2.31,0.73,-0.33,-0.5,-0.68,0.15
A_M_2.1999999999999997_1.0_481,25.0,2.31,0.73,-0.33,-0.5,-0.68,0.15
A_M_2.1999999999999997_1.0_482,23.85,2.31,0.73,-0.33,-0.5,-0.68,0.15
A_M_2.1999999999999997_1.0_483,23.47,2.31,0.73,-0.33,-0.5,-0.68,0.15
A_M_2.1999999999999997_1.0_484,23.92,2.31,0.73,-0.33,-0.5,-0.68,0.15
A_M_2.1999999999999997_1.0_485,21.55,2.31,0.73,-0.33,-0.5,-0.68,0.15
A_M_2.1999999999999997_1.0_486,23.78,2.31,0.73,-0.33,-0.5,-0.68,0.15
A_M_2.1999999999999997_1.0_487,24.8,2.31,0.73,-0.33,-0.5,-0.68,0.15
A_M_2.1999999999999997_1.0_488,24.95,2.31,0.73,-0.33,-0.5,-0.68,0.15
A_M_2.1999999999999997_1.0_489,20.51,2.31,0.73,-0.33,-0.5,-0.68,0.15
A_M_2.1999999999999997_1.0_490,22.2,2.31,0.73,-0.33,-0.5,-0.68,0.15
A_M_2.1999999999999997_1.0_491,25.23,2.31,0.73,-0.33,-0.5,-0.68,0.15
A_M_2.1999999999999997_1.0_492,24.54,2.31,0.73,-0.33,-0.5,-0.68,0.15
A_M_2.1999999999999997_1.0_493,24.12,2.31,0.73,-0.33,-0.5,-0.68,0.15
A_M_2.1999999999999997_1.0_494,23.46,2.31,0.73,-0.33,-0.5,-0.68,0.15
A_M_2.1999999999999997_1.0_495,25.3,2.31,0.73,-0.33,-0.5,-0.68,0.15
A_M_2.1999999999999997_1.0_496,24.54,2.31,0.73,-0.33,-0.5,-0.68,0.15
A_M_2.1999999999999997_1.0_497,23.76,2.31,0.73,-0.33,-0.5,-0.68,0.15
A_M_2.1999999999999997_1.0_498,25.46,2.31,0.73,-0.33,-0.5,-0.68,0.15
A_M_2.1999999999999997_1.0_499,25.32,2.31,0.73,-0.33,-0.5,-0.68,0.15
A_M_2.1999999999999997_1.0_500,25.19,2.31,0.73,-0.33,-0.5,-0.68,0.15
A_M_2.1999999999999997_1.0_501,25.54,2.31,0.73,-0.33,-0.5,-0.68,0.15
A_M_2.1999999999999997_1.0_502,23.29,2.31,0.73,-0.33,-0.5,-0.68,0.15
A_M_2.1999999999999997_1.0_503,24.58,2.31,0.73,-0.33,-0.5,-0.68,0.15
A_M_2.1999999999999997_1.0_504,24.57,2.31,0.73,-0.33,-0.5,-0.68,0.15
A_M_2.1999999999999997_1.0_505,24.38,2.31,0.73,-0.33,-0.5,-0.68,0.15
A_M_2.1999999999999997_1.0_506,25.5,2.31,0.73,-0.33,-0.5,-0.68,0.15
A_M_2.1999999999999997_1.0_507,25.4,2.31,0.73,-0.33,-0.5,-0.68,0.15
A_M_2.1999999999999997_1.0_508,23.8,2.31,0.73,-0.33,-0.5,-0.68,0.15
A_M_2.1999999999999997_1.0_509,23.03,2.31,0.73,-0.33,-0.5,-0.68,0.15
A_M_2.1999999999999997_1.0_510,25.05,2.31,0.73,-0.33,-0.5,-0.68,0.15
A_M_2.1999999999999997_1.0_511,23.51,2.31,0.73,-0.33,-0.5,-0.68,0.15
A_M_2.1999999999999997_1.0_512,25.39,2.31,0.73,-0.33,-0.5,-0.68,0.15
A_M_2.1999999999999997_1.0_513,21.92,2.31,0.73,-0.33,-0.5,-0.68,0.15
A_M_2.1999999999999997_1.0_514,23.76,2.31,0.73,-0.33,-0.5,-0.68,0.15
A_M_2.1999999999999997_1.0_515,25.52,2.31,0.73,-0.33,-0.5,-0.68,0.15
A_M_2.1999999999999997_1.0_516,24.39,2.31,0.73,-0.33,-0.5,-0.68,0.15
A_M_2.1999999999999997_1.0_517,23.92,2.31,0.73,-0.33,-0.5,-0.68,0.15
A_M_2.1999999999999997_1.0_518,22.51,2.31,0.73,-0.33,-0.5,-0.68,0.15
A_M_2.1999999999999997_1.0_519,25.44,2.31,0.73,-0.33,-0.5,-0.68,0.15
A_M_2.1999999999999997_1.0_520,24.64,2.31,0.73,-0.33,-0.5,-0.68,0.15
A_M_2.1999999999999997_1.0_521,25.57,2.31,0.73,-0.33,-0.5,-0.68,0.15
A_M_2.1999999999999997_1.0_522,25.2,2.31,0.73,-0.33,-0.5,-0.68,0.15
A_M_2.1999999999999997_1.0_523,23.35,2.31,0.73,-0.33,-0.5,-0.68,0.15
A_M_2.1999999999999997_1.0_524,25.19,2.31,0.73,-0.33,-0.5,-0.68,0.15
A_M_2.1999999999999997_1.0_525,24.29,2.31,0.73,-0.33,-0.5,-0.68,0.15
A_M_2.1999999999999997_1.0_526,25.14,2.31,0.73,-0.33,-0.5,-0.68,0.15
A_M_2.1999999999999997_1.0_527,22.63,2.31,0.73,-0.33,-0.5,-0.68,0.15
A_M_2.1999999999999997_1.0_528,23.12,2.31,0.73,-0.33,-0.5,-0.68,0.15
A_M_2.1999999999999997_1.0_529,21.11,2.31,0.73,-0.33,-0.5,-0.68,0.15
A_M_2.1999999999999997_1.0_530,24.74,2.31,0.73,-0.33,-0.5,-0.68,0.15
A_M_2.1999999999999997_1.0_531,25.34,2.31,0.73,-0.33,-0.5,-0.68,0.15
A_M_2.1999999999999997_1.0_532,24.35,2.31,0.73,-0.33,-0.5,-0.68,0.15
A_M_2.1999999999999997_1.0_533,23.87,2.31,0.73,-0.33,-0.5,-0.68,0.15
A_M_2.1999999999999997_1.0_534,24.07,2.31,0.73,-0.33,-0.5,-0.68,0.15
A_M_2.1999999999999997_1.0_535,25.44,2.31,0.73,-0.33,-0.5,-0.68,0.15
A_M_2.1999999999999997_1.0_536,24.96,2.31,0.73,-0.33,-0.5,-0.68,0.15
A_M_2.1999999999999997_1.0_537,23.01,2.31,0.73,-0.33,-0.5,-0.68,0.15
A_M_2.1999999999999997_1.0_538,25.38,2.31,0.73,-0.33,-0.5,-0.68,0.15
A_M_2.1999999999999997_1.0_539,25.4,2.31,0.73,-0.33,-0.5,-0.68,0.15
A_M_2.1999999999999997_1.0_540,24.79,2.31,0.73,-0.33,-0.5,-0.68,0.15
A_M_2.1999999999999997_1.0_541,24.92,2.31,0.73,-0.33,-0.5,-0.68,0.15
A_M_2.1999999999999997_1.0_542,25.07,2.31,0.73,-0.33,-0.5,-0.68,0.15
A_M_2.1999999999999997_1.0_543,25.18,2.31,0.73,-0.33,-0.5,-0.68,0.15
A_M_2.1999999999999997_1.0_544,23.94,2.31,0.73,-0.33,-0.5,-0.68,0.15
A_M_2.1999999999999997_1.0_545,24.74,2.31,0.73,-0.33,-0.5,-0.68,0.15
A_M_2.1999999999999997_1.0_546,24.03,2.31,0.73,-0.33,-0.5,-0.68,0.15
A_M_2.1999999999999997_1.0_547,25.61,2.31,0.73,-0.33,-0.5,-0.68,0.15
A_M_2.1999999999999997_1.0_548,24.76,2.31,0.73,-0.33,-0.5,-0.68,0.15
A_M_2.1999999999999997_1.0_549,23.0,2.31,0.73,-0.33,-0.5,-0.68,0.15
A_M_2.1999999999999997_1.0_550,24.89,2.31,0.73,-0.33,-0.5,-0.68,0.15
A_M_2.1999999999999997_1.0_551,23.62,2.31,0.73,-0.33,-0.5,-0.68,0.15
A_M_2.1999999999999997_1.0_552,25.24,2.31,0.73,-0.33,-0.5,-0.68,0.15
A_M_2.1999999999999997_1.0_553,24.01,2.31,0.73,-0.33,-0.5,-0.68,0.15
A_M_2.1999999999999997_1.0_554,25.1,2.31,0.73,-0.33,-0.5,-0.68,0.15
A_M_2.1999999999999997_1.0_555,24.97,2.31,0.73,-0.33,-0.5,-0.68,0.15
A_M_2.1999999999999997_1.0_556,23.96,2.31,0.73,-0.33,-0.5,-0.68,0.15
A_M_2.1999999999999997_1.0_557,24.39,2.31,0.73,-0.33,-0.5,-0.68,0.15
A_M_2.1999999999999997_1.0_558,25.06,2.31,0.73,-0.33,-0.5,-0.68,0.15
A_M_2.1999999999999997_1.0_559,23.85,2.31,0.73,-0.33,-0.5,-0.68,0.15
A_M_2.1999999999999997_1.0_560,25.54,2.31,0.73,-0.33,-0.5,-0.68,0.15
A_M_2.1999999999999997_1.0_561,24.4,2.31,0.73,-0.33,-0.5,-0.68,0.15
A_M_2.1999999999999997_1.0_562,23.74,2.31,0.73,-0.33,-0.5,-0.68,0.15
A_M_2.1999999999999997_1.0_563,25.03,2.31,0.73,-0.33,-0.5,-0.68,0.15
A_M_2.1999999999999997_1.0_564,23.35,2.31,0.73,-0.33,-0.5,-0.68,0.15
A_M_2.1999999999999997_1.0_565,23.64,2.31,0.73,-0.33,-0.5,-0.68,0.15
A_M_2.1999999999999997_1.0_566,24.31,2.31,0.73,-0.33,-0.5,-0.68,0.15
A_M_2.1999999999999997_1.0_567,22.65,2.31,0.73,-0.33,-0.5,-0.68,0.15
A_M_2.1999999999999997_1.0_568,24.43,2.31,0.73,-0.33,-0.5,-0.68,0.15
A_M_2.1999999999999997_1.0_569,20.69,2.31,0.73,-0.33,-0.5,-0.68,0.15
A_M_2.1999999999999997_1.0_570,25.54,2.31,0.73,-0.33,-0.5,-0.68,0.15
A_M_2.1999999999999997_1.0_571,25.17,2.31,0.73,-0.33,-0.5,-0.68,0.15
A_M_2.1999999999999997_1.0_572,25.34,2.31,0.73,-0.33,-0.5,-0.68,0.15
A_M_2.1999999999999997_1.0_573,24.66,2.31,0.73,-0.33,-0.5,-0.68,0.15
A_M_2.1999999999999997_1.0_574,20.11,2.31,0.73,-0.33,-0.5,-0.68,0.15
A_M_2.1999999999999997_1.0_575,25.28,2.31,0.73,-0.33,-0.5,-0.68,0.15
A_M_2.1999999999999997_1.0_576,24.9,2.31,0.73,-0.33,-0.5,-0.68,0.15
A_M_2.1999999999999997_1.0_577,25.52,2.31,0.73,-0.33,-0.5,-0.68,0.15
A_M_2.1999999999999997_1.0_578,24.94,2.31,0.73,-0.33,-0.5,-0.68,0.15
A_M_2.1999999999999997_1.0_579,22.51,2.31,0.73,-0.33,-0.5,-0.68,0.15
A_M_2.1999999999999997_1.0_580,24.51,2.31,0.73,-0.33,-0.5,-0.68,0.15
A_M_2.1999999999999997_1.0_581,22.73,2.31,0.73,-0.33,-0.5,-0.68,0.15
A_M_2.1999999999999997_1.0_582,24.93,2.31,0.73,-0.33,-0.5,-0.68,0.15
A_M_2.1999999999999997_1.0_583,24.84,2.31,0.73,-0.33,-0.5,-0.68,0.15
A_M_2.1999999999999997_1.0_584,22.27,2.31,0.73,-0.33,-0.5,-0.68,0.15
A_M_2.1999999999999997_1.0_585,24.38,2.31,0.73,-0.33,-0.5,-0.68,0.15
A_M_2.1999999999999997_1.0_586,22.7,2.31,0.73,-0.33,-0.5,-0.68,0.15
A_M_2.1999999999999997_1.0_587,22.65,2.31,0.73,-0.33,-0.5,-0.68,0.15
A_M_2.1999999999999997_1.0_588,25.35,2.31,0.73,-0.33,-0.5,-0.68,0.15
A_M_2.1999999999999997_1.0_589,24.96,2.31,0.73,-0.33,-0.5,-0.68,0.15
A_M_2.1999999999999997_1.0_590,25.14,2.31,0.73,-0.33,-0.5,-0.68,0.15
A_M_2.1999999999999997_1.0_591,24.65,2.31,0.73,-0.33,-0.5,-0.68,0.15
A_M_2.1999999999999997_1.0_592,25.47,2.31,0.73,-0.33,-0.5,-0.68,0.15
A_M_2.1999999999999997_1.0_593,22.13,2.31,0.73,-0.33,-0.5,-0.68,0.15
A_M_2.1999999999999997_1.0_594,25.54,2.31,0.73,-0.33,-0.5,-0.68,0.15
A_M_2.1999999999999997_1.0_595,24.94,2.31,0.73,-0.33,-0.5,-0.68,0.15
A_M_2.1999999999999997_1.0_596,23.24,2.31,0.73,-0.33,-0.5,-0.68,0.15
A_M_2.1999999999999997_1.0_597,25.48,2.31,0.73,-0.33,-0.5,-0.68,0.15
A_M_2.1999999999999997_1.0_598,23.36,2.31,0.73,-0.33,-0.5,-0.68,0.15
A_M_2.1999999999999997_1.0_599,23.31,2.31,0.73,-0.33,-0.5,-0.68,0.15
A_M_2.1999999999999997_1.0_600,21.59,2.31,0.73,-0.33,-0.5,-0.68,0.15
A_M_2.1999999999999997_1.0_601,23.04,2.31,0.73,-0.33,-0.5,-0.68,0.15
A_M_2.1999999999999997_1.0_602,25.5,2.31,0.73,-0.33,-0.5,-0.68,0.15
A_M_2.1999999999999997_1.0_603,25.4,2.31,0.73,-0.33,-0.5,-0.68,0.15
A_M_2.1999999999999997_1.0_604,25.51,2.31,0.73,-0.33,-0.5,-0.68,0.15
A_M_2.1999999999999997_1.0_605,25.0,2.31,0.73,-0.33,-0.5,-0.68,0.15
A_M_2.1999999999999997_1.0_606,25.46,2.31,0.73,-0.33,-0.5,-0.68,0.15
A_M_2.1999999999999997_1.0_607,22.42,2.31,0.73,-0.33,-0.5,-0.68,0.15
A_M_2.1999999999999997_1.0_608,24.67,2.31,0.73,-0.33,-0.5,-0.68,0.15
A_M_2.1999999999999997_1.0_609,24.11,2.31,0.73,-0.33,-0.5,-0.68,0.15
A_M_2.1999999999999997_1.0_610,23.79,2.31,0.73,-0.33,-0.5,-0.68,0.15
A_M_2.1999999999999997_1.0_611,24.58,2.31,0.73,-0.33,-0.5,-0.68,0.15
A_M_2.1999999999999997_1.0_612,25.49,2.31,0.73,-0.33,-0.5,-0.68,0.15
A_M_2.1999999999999997_1.0_613,24.96,2.31,0.73,-0.33,-0.5,-0.68,0.15
A_M_2.1999999999999997_1.0_614,25.23,2.31,0.73,-0.33,-0.5,-0.68,0.15
A_M_2.1999999999999997_1.0_615,8.8,2.31,0.73,-0.33,-0.5,-0.68,0.15
A_M_2.1999999999999997_1.0_616,25.31,2.31,0.73,-0.33,-0.5,-0.68,0.15
A_M_2.1999999999999997_1.0_617,24.29,2.31,0.73,-0.33,-0.5,-0.68,0.15
A_M_2.1999999999999997_1.0_618,24.74,2.31,0.73,-0.33,-0.5,-0.68,0.15
A_M_2.1999999999999997_1.0_619,19.94,2.31,0.73,-0.33,-0.5,-0.68,0.15
A_M_2.1999999999999997_1.0_620,24.94,2.31,0.73,-0.33,-0.5,-0.68,0.15
A_M_2.1999999999999997_1.0_621,24.66,2.31,0.73,-0.33,-0.5,-0.68,0.15
A_M_2.1999999999999997_1.0_622,23.37,2.31,0.73,-0.33,-0.5,-0.68,0.15
A_M_2.1999999999999997_1.0_623,25.39,2.31,0.73,-0.33,-0.5,-0.68,0.15
A_M_2.1999999999999997_1.0_624,23.81,2.31,0.73,-0.33,-0.5,-0.68,0.15
A_M_2.1999999999999997_1.0_625,24.21,2.31,0.73,-0.33,-0.5,-0.68,0.15
A_M_2.1999999999999997_1.0_626,24.65,2.31,0.73,-0.33,-0.5,-0.68,0.15
A_M_2.1999999999999997_1.0_627,25.21,2.31,0.73,-0.33,-0.5,-0.68,0.15
A_M_2.1999999999999997_1.0_628,24.64,2.31,0.73,-0.33,-0.5,-0.68,0.15
A_M_2.1999999999999997_1.0_629,21.58,2.31,0.73,-0.33,-0.5,-0.68,0.15
A_M_2.1999999999999997_1.0_630,21.41,2.31,0.73,-0.33,-0.5,-0.68,0.15
A_M_2.1999999999999997_1.0_631,25.36,2.31,0.73,-0.33,-0.5,-0.68,0.15
A_M_2.1999999999999997_1.0_632,25.54,2.31,0.73,-0.33,-0.5,-0.68,0.15
A_M_2.1999999999999997_1.0_633,24.64,2.31,0.73,-0.33,-0.5,-0.68,0.15
A_M_2.1999999999999997_1.0_634,24.74,2.31,0.73,-0.33,-0.5,-0.68,0.15
A_M_2.1999999999999997_1.0_635,25.41,2.31,0.73,-0.33,-0.5,-0.68,0.15
A_M_2.1999999999999997_1.0_636,23.13,2.31,0.73,-0.33,-0.5,-0.68,0.15
A_M_2.1999999999999997_1.0_637,24.82,2.31,0.73,-0.33,-0.5,-0.68,0.15
A_M_2.1999999999999997_1.0_638,23.91,2.31,0.73,-0.33,-0.5,-0.68,0.15
A_M_2.1999999999999997_1.0_639,25.21,2.31,0.73,-0.33,-0.5,-0.68,0.15
A_M_2.1999999999999997_1.0_640,25.35,2.31,0.73,-0.33,-0.5,-0.68,0.15
A_M_2.1999999999999997_1.0_641,24.4,2.31,0.73,-0.33,-0.5,-0.68,0.15
A_M_2.1999999999999997_1.0_642,25.45,2.31,0.73,-0.33,-0.5,-0.68,0.15
A_M_2.1999999999999997_1.0_643,24.2,2.31,0.73,-0.33,-0.5,-0.68,0.15
A_M_2.1999999999999997_1.0_644,25.53,2.31,0.73,-0.33,-0.5,-0.68,0.15
A_M_2.1999999999999997_1.0_645,25.56,2.31,0.73,-0.33,-0.5,-0.68,0.15
A_M_2.1999999999999997_1.0_646,25.4,2.31,0.73,-0.33,-0.5,-0.68,0.15
A_M_2.1999999999999997_1.0_647,25.28,2.31,0.73,-0.33,-0.5,-0.68,0.15
A_M_2.1999999999999997_1.0_648,19.42,2.31,0.73,-0.33,-0.5,-0.68,0.15
A_M_2.1999999999999997_1.0_649,25.49,2.31,0.73,-0.33,-0.5,-0.68,0.15
A_M_2.1999999999999997_1.0_650,24.41,2.31,0.73,-0.33,-0.5,-0.68,0.15
A_M_2.1999999999999997_1.0_651,24.81,2.31,0.73,-0.33,-0.5,-0.68,0.15
A_M_2.1999999999999997_1.0_652,23.91,2.31,0.73,-0.33,-0.5,-0.68,0.15
A_M_2.1999999999999997_1.0_653,23.49,2.31,0.73,-0.33,-0.5,-0.68,0.15
A_M_2.1999999999999997_1.0_654,24.58,2.31,0.73,-0.33,-0.5,-0.68,0.15
A_M_2.1999999999999997_1.0_655,23.48,2.31,0.73,-0.33,-0.5,-0.68,0.15
A_M_2.1999999999999997_1.0_656,24.67,2.31,0.73,-0.33,-0.5,-0.68,0.15
A_M_2.1999999999999997_1.0_657,24.87,2.31,0.73,-0.33,-0.5,-0.68,0.15
A_M_2.1999999999999997_1.0_658,23.09,2.31,0.73,-0.33,-0.5,-0.68,0.15
A_M_2.1999999999999997_1.0_659,25.61,2.31,0.73,-0.33,-0.5,-0.68,0.15
A_M_2.1999999999999997_1.0_660,25.28,2.31,0.73,-0.33,-0.5,-0.68,0.15
A_M_2.1999999999999997_1.0_661,24.98,2.31,0.73,-0.33,-0.5,-0.68,0.15
A_M_2.1999999999999997_1.0_662,22.26,2.31,0.73,-0.33,-0.5,-0.68,0.15
A_M_2.1999999999999997_1.0_663,23.66,2.31,0.73,-0.33,-0.5,-0.68,0.15
A_M_2.1999999999999997_1.0_664,25.23,2.31,0.73,-0.33,-0.5,-0.68,0.15
A_M_2.1999999999999997_1.0_665,25.41,2.31,0.73,-0.33,-0.5,-0.68,0.15
A_M_2.1999999999999997_1.0_666,24.95,2.31,0.73,-0.33,-0.5,-0.68,0.15
A_M_2.1999999999999997_1.0_667,24.37,2.31,0.73,-0.33,-0.5,-0.68,0.15
A_M_2.1999999999999997_1.0_668,23.14,2.31,0.73,-0.33,-0.5,-0.68,0.15
A_M_2.1999999999999997_1.0_669,20.85,2.31,0.73,-0.33,-0.5,-0.68,0.15
A_M_2.1999999999999997_1.0_670,23.43,2.31,0.73,-0.33,-0.5,-0.68,0.15
A_M_2.1999999999999997_1.0_671,25.25,2.31,0.73,-0.33,-0.5,-0.68,0.15
A_M_2.1999999999999997_1.0_672,23.91,2.31,0.73,-0.33,-0.5,-0.68,0.15
A_M_2.1999999999999997_1.0_673,24.82,2.31,0.73,-0.33,-0.5,-0.68,0.15
A_M_2.1999999999999997_1.0_674,24.54,2.31,0.73,-0.33,-0.5,-0.68,0.15
A_M_2.1999999999999997_1.0_675,25.11,2.31,0.73,-0.33,-0.5,-0.68,0.15
A_M_2.1999999999999997_1.0_676,24.26,2.31,0.73,-0.33,-0.5,-0.68,0.15
A_M_2.1999999999999997_1.0_677,25.09,2.31,0.73,-0.33,-0.5,-0.68,0.15
A_M_2.1999999999999997_1.0_678,24.36,2.31,0.73,-0.33,-0.5,-0.68,0.15
A_M_2.1999999999999997_1.0_679,25.49,2.31,0.73,-0.33,-0.5,-0.68,0.15
A_M_2.1999999999999997_1.0_680,23.73,2.31,0.73,-0.33,-0.5,-0.68,0.15
A_M_2.1999999999999997_1.0_681,24.65,2.31,0.73,-0.33,-0.5,-0.68,0.15
A_M_2.1999999999999997_1.0_682,24.03,2.31,0.73,-0.33,-0.5,-0.68,0.15
A_M_2.1999999999999997_1.0_683,21.8,2.31,0.73,-0.33,-0.5,-0.68,0.15
A_M_2.1999999999999997_1.0_684,22.0,2.31,0.73,-0.33,-0.5,-0.68,0.15
A_M_2.1999999999999997_1.0_685,25.54,2.31,0.73,-0.33,-0.5,-0.68,0.15
A_M_2.1999999999999997_1.0_686,21.67,2.31,0.73,-0.33,-0.5,-0.68,0.15
A_M_2.1999999999999997_1.0_687,25.58,2.31,0.73,-0.33,-0.5,-0.68,0.15
A_M_2.1999999999999997_1.0_688,23.93,2.31,0.73,-0.33,-0.5,-0.68,0.15
A_M_2.1999999999999997_1.0_689,25.6,2.31,0.73,-0.33,-0.5,-0.68,0.15
A_M_2.1999999999999997_1.0_690,24.49,2.31,0.73,-0.33,-0.5,-0.68,0.15
A_M_2.1999999999999997_1.0_691,25.49,2.31,0.73,-0.33,-0.5,-0.68,0.15
A_M_2.1999999999999997_1.0_692,23.68,2.31,0.73,-0.33,-0.5,-0.68,0.15
A_M_2.1999999999999997_1.0_693,18.35,2.31,0.73,-0.33,-0.5,-0.68,0.15
A_M_2.1999999999999997_1.0_694,25.58,2.31,0.73,-0.33,-0.5,-0.68,0.15
A_M_2.1999999999999997_1.0_695,24.65,2.31,0.73,-0.33,-0.5,-0.68,0.15
A_M_2.1999999999999997_1.0_696,24.27,2.31,0.73,-0.33,-0.5,-0.68,0.15
A_M_2.1999999999999997_1.0_697,24.96,2.31,0.73,-0.33,-0.5,-0.68,0.15
A_M_2.1999999999999997_1.0_698,24.54,2.31,0.73,-0.33,-0.5,-0.68,0.15
A_M_2.1999999999999997_1.0_699,24.74,2.31,0.73,-0.33,-0.5,-0.68,0.15
A_M_2.1999999999999997_1.0_700,25.16,2.31,0.73,-0.33,-0.5,-0.68,0.15
A_M_2.1999999999999997_1.0_701,25.08,2.31,0.73,-0.33,-0.5,-0.68,0.15
A_M_2.1999999999999997_1.0_702,24.67,2.31,0.73,-0.33,-0.5,-0.68,0.15
A_M_2.1999999999999997_1.0_703,24.2,2.31,0.73,-0.33,-0.5,-0.68,0.15
A_M_2.1999999999999997_1.0_704,24.41,2.31,0.73,-0.33,-0.5,-0.68,0.15
A_M_2.1999999999999997_1.0_705,24.92,2.31,0.73,-0.33,-0.5,-0.68,0.15
A_M_2.1999999999999997_1.0_706,20.1,2.31,0.73,-0.33,-0.5,-0.68,0.15
A_M_2.1999999999999997_1.0_707,24.85,2.31,0.73,-0.33,-0.5,-0.68,0.15
A_M_2.1999999999999997_1.0_708,23.34,2.31,0.73,-0.33,-0.5,-0.68,0.15
A_M_2.1999999999999997_1.0_709,25.58,2.31,0.73,-0.33,-0.5,-0.68,0.15
A_M_2.1999999999999997_1.0_710,22.49,2.31,0.73,-0.33,-0.5,-0.68,0.15
A_M_2.1999999999999997_1.0_711,21.22,2.31,0.73,-0.33,-0.5,-0.68,0.15
A_M_2.1999999999999997_1.0_712,23.29,2.31,0.73,-0.33,-0.5,-0.68,0.15
A_M_2.1999999999999997_1.0_713,24.2,2.31,0.73,-0.33,-0.5,-0.68,0.15
A_M_2.1999999999999997_1.0_714,24.03,2.31,0.73,-0.33,-0.5,-0.68,0.15
A_M_2.1999999999999997_1.0_715,25.31,2.31,0.73,-0.33,-0.5,-0.68,0.15
A_M_2.1999999999999997_1.0_716,25.17,2.31,0.73,-0.33,-0.5,-0.68,0.15
A_M_2.1999999999999997_1.0_717,25.39,2.31,0.73,-0.33,-0.5,-0.68,0.15
A_M_2.1999999999999997_1.0_718,24.39,2.31,0.73,-0.33,-0.5,-0.68,0.15
A_M_2.1999999999999997_1.0_719,25.0,2.31,0.73,-0.33,-0.5,-0.68,0.15
A_M_2.1999999999999997_1.0_720,24.6,2.31,0.73,-0.33,-0.5,-0.68,0.15
A_M_2.1999999999999997_1.0_721,23.72,2.31,0.73,-0.33,-0.5,-0.68,0.15
A_M_2.1999999999999997_1.0_722,25.09,2.31,0.73,-0.33,-0.5,-0.68,0.15
A_M_2.1999999999999997_1.0_723,25.59,2.31,0.73,-0.33,-0.5,-0.68,0.15
A_M_2.1999999999999997_1.0_724,25.0,2.31,0.73,-0.33,-0.5,-0.68,0.15
A_M_2.1999999999999997_1.0_725,25.46,2.31,0.73,-0.33,-0.5,-0.68,0.15
A_M_2.1999999999999997_1.0_726,24.93,2.31,0.73,-0.33,-0.5,-0.68,0.15
A_M_2.1999999999999997_1.0_727,25.58,2.31,0.73,-0.33,-0.5,-0.68,0.15
A_M_2.1999999999999997_1.0_728,24.19,2.31,0.73,-0.33,-0.5,-0.68,0.15
A_M_2.1999999999999997_1.0_729,25.54,2.31,0.73,-0.33,-0.5,-0.68,0.15
A_M_2.1999999999999997_1.0_730,22.7,2.31,0.73,-0.33,-0.5,-0.68,0.15
A_M_2.1999999999999997_1.0_731,25.14,2.31,0.73,-0.33,-0.5,-0.68,0.15
A_M_2.1999999999999997_1.0_732,25.47,2.31,0.73,-0.33,-0.5,-0.68,0.15
A_M_2.1999999999999997_1.0_733,23.07,2.31,0.73,-0.33,-0.5,-0.68,0.15
A_M_2.1999999999999997_1.0_734,23.8,2.31,0.73,-0.33,-0.5,-0.68,0.15
A_M_2.1999999999999997_1.0_735,21.26,2.31,0.73,-0.33,-0.5,-0.68,0.15
A_M_2.1999999999999997_1.0_736,24.6,2.31,0.73,-0.33,-0.5,-0.68,0.15
A_M_2.1999999999999997_1.0_737,25.26,2.31,0.73,-0.33,-0.5,-0.68,0.15
A_M_2.1999999999999997_1.0_738,24.89,2.31,0.73,-0.33,-0.5,-0.68,0.15
A_M_2.1999999999999997_1.0_739,24.94,2.31,0.73,-0.33,-0.5,-0.68,0.15
A_M_2.1999999999999997_1.0_740,25.39,2.31,0.73,-0.33,-0.5,-0.68,0.15
A_M_2.1999999999999997_1.0_741,21.42,2.31,0.73,-0.33,-0.5,-0.68,0.15
A_M_2.1999999999999997_1.0_742,24.39,2.31,0.73,-0.33,-0.5,-0.68,0.15
A_M_2.1999999999999997_1.0_743,24.79,2.31,0.73,-0.33,-0.5,-0.68,0.15
A_M_2.1999999999999997_1.0_744,25.22,2.31,0.73,-0.33,-0.5,-0.68,0.15
A_M_2.1999999999999997_1.0_745,24.93,2.31,0.73,-0.33,-0.5,-0.68,0.15
A_M_2.1999999999999997_1.0_746,24.78,2.31,0.73,-0.33,-0.5,-0.68,0.15
A_M_2.1999999999999997_1.0_747,22.71,2.31,0.73,-0.33,-0.5,-0.68,0.15
A_M_2.1999999999999997_1.0_748,25.55,2.31,0.73,-0.33,-0.5,-0.68,0.15
A_M_2.1999999999999997_1.0_749,22.82,2.31,0.73,-0.33,-0.5,-0.68,0.15
A_M_2.1999999999999997_1.0_750,24.58,2.31,0.73,-0.33,-0.5,-0.68,0.15
A_M_2.1999999999999997_1.0_751,25.09,2.31,0.73,-0.33,-0.5,-0.68,0.15
A_M_2.1999999999999997_1.0_752,25.04,2.31,0.73,-0.33,-0.5,-0.68,0.15
A_M_2.1999999999999997_1.0_753,24.63,2.31,0.73,-0.33,-0.5,-0.68,0.15
A_M_2.1999999999999997_1.0_754,21.41,2.31,0.73,-0.33,-0.5,-0.68,0.15
A_M_2.1999999999999997_1.0_755,24.32,2.31,0.73,-0.33,-0.5,-0.68,0.15
A_M_2.1999999999999997_1.0_756,25.58,2.31,0.73,-0.33,-0.5,-0.68,0.15
A_M_2.1999999999999997_1.0_757,25.01,2.31,0.73,-0.33,-0.5,-0.68,0.15
A_M_2.1999999999999997_1.0_758,24.54,2.31,0.73,-0.33,-0.5,-0.68,0.15
A_M_2.1999999999999997_1.0_759,25.46,2.31,0.73,-0.33,-0.5,-0.68,0.15
A_M_2.1999999999999997_1.0_760,23.04,2.31,0.73,-0.33,-0.5,-0.68,0.15
A_M_2.1999999999999997_1.0_761,24.21,2.31,0.73,-0.33,-0.5,-0.68,0.15
A_M_2.1999999999999997_1.0_762,24.8,2.31,0.73,-0.33,-0.5,-0.68,0.15
A_M_2.1999999999999997_1.0_763,24.67,2.31,0.73,-0.33,-0.5,-0.68,0.15
A_M_2.1999999999999997_1.0_764,25.41,2.31,0.73,-0.33,-0.5,-0.68,0.15
A_M_2.1999999999999997_1.0_765,25.6,2.31,0.73,-0.33,-0.5,-0.68,0.15
A_M_2.1999999999999997_1.0_766,25.43,2.31,0.73,-0.33,-0.5,-0.68,0.15
A_M_2.1999999999999997_1.0_767,24.42,2.31,0.73,-0.33,-0.5,-0.68,0.15
A_M_2.1999999999999997_1.0_768,25.59,2.31,0.73,-0.33,-0.5,-0.68,0.15
A_M_2.1999999999999997_1.0_769,24.72,2.31,0.73,-0.33,-0.5,-0.68,0.15
A_M_2.1999999999999997_1.0_770,25.0,2.31,0.73,-0.33,-0.5,-0.68,0.15
A_M_2.1999999999999997_1.0_771,25.22,2.31,0.73,-0.33,-0.5,-0.68,0.15
A_M_2.1999999999999997_1.0_772,25.08,2.31,0.73,-0.33,-0.5,-0.68,0.15
A_M_2.1999999999999997_1.0_773,25.07,2.31,0.73,-0.33,-0.5,-0.68,0.15
A_M_2.1999999999999997_1.0_774,24.82,2.31,0.73,-0.33,-0.5,-0.68,0.15
A_M_2.1999999999999997_1.0_775,23.06,2.31,0.73,-0.33,-0.5,-0.68,0.15
A_M_2.1999999999999997_1.0_776,25.03,2.31,0.73,-0.33,-0.5,-0.68,0.15
A_M_2.1999999999999997_1.0_777,23.82,2.31,0.73,-0.33,-0.5,-0.68,0.15
A_M_2.1999999999999997_1.0_778,22.26,2.31,0.73,-0.33,-0.5,-0.68,0.15
A_M_2.1999999999999997_1.0_779,15.19,2.31,0.73,-0.33,-0.5,-0.68,0.15
A_M_2.1999999999999997_1.0_780,24.02,2.31,0.73,-0.33,-0.5,-0.68,0.15
A_M_2.1999999999999997_1.0_781,25.56,2.31,0.73,-0.33,-0.5,-0.68,0.15
A_M_2.1999999999999997_1.0_782,25.34,2.31,0.73,-0.33,-0.5,-0.68,0.15
A_M_2.1999999999999997_1.0_783,24.24,2.31,0.73,-0.33,-0.5,-0.68,0.15
A_M_2.1999999999999997_1.0_784,25.23,2.31,0.73,-0.33,-0.5,-0.68,0.15
A_M_2.1999999999999997_1.0_785,23.0,2.31,0.73,-0.33,-0.5,-0.68,0.15
A_M_2.1999999999999997_1.0_786,24.51,2.31,0.73,-0.33,-0.5,-0.68,0.15
A_M_2.1999999999999997_1.0_787,25.12,2.31,0.73,-0.33,-0.5,-0.68,0.15
A_M_2.1999999999999997_1.0_788,25.21,2.31,0.73,-0.33,-0.5,-0.68,0.15
A_M_2.1999999999999997_1.0_789,24.78,2.31,0.73,-0.33,-0.5,-0.68,0.15
A_M_2.1999999999999997_1.0_790,24.3,2.31,0.73,-0.33,-0.5,-0.68,0.15
A_M_2.1999999999999997_1.0_791,25.18,2.31,0.73,-0.33,-0.5,-0.68,0.15
A_M_2.1999999999999997_1.0_792,23.69,2.31,0.73,-0.33,-0.5,-0.68,0.15
A_M_2.1999999999999997_1.0_793,25.41,2.31,0.73,-0.33,-0.5,-0.68,0.15
A_M_2.1999999999999997_1.0_794,24.89,2.31,0.73,-0.33,-0.5,-0.68,0.15
A_M_2.1999999999999997_1.0_795,24.17,2.31,0.73,-0.33,-0.5,-0.68,0.15
A_M_2.1999999999999997_1.0_796,24.83,2.31,0.73,-0.33,-0.5,-0.68,0.15
A_M_2.1999999999999997_1.0_797,24.98,2.31,0.73,-0.33,-0.5,-0.68,0.15
A_M_2.1999999999999997_1.0_798,25.13,2.31,0.73,-0.33,-0.5,-0.68,0.15
A_M_2.1999999999999997_1.0_799,24.35,2.31,0.73,-0.33,-0.5,-0.68,0.15
A_M_2.1999999999999997_1.0_800,24.58,2.31,0.73,-0.33,-0.5,-0.68,0.15
A_M_2.1999999999999997_1.0_801,24.54,2.31,0.73,-0.33,-0.5,-0.68,0.15
A_M_2.1999999999999997_1.0_802,19.17,2.31,0.73,-0.33,-0.5,-0.68,0.15
A_M_2.1999999999999997_1.0_803,23.55,2.31,0.73,-0.33,-0.5,-0.68,0.15
A_M_2.1999999999999997_1.0_804,25.53,2.31,0.73,-0.33,-0.5,-0.68,0.15
A_M_2.1999999999999997_1.0_805,25.18,2.31,0.73,-0.33,-0.5,-0.68,0.15
A_M_2.1999999999999997_1.0_806,24.42,2.31,0.73,-0.33,-0.5,-0.68,0.15
A_M_2.1999999999999997_1.0_807,23.59,2.31,0.73,-0.33,-0.5,-0.68,0.15
A_M_2.1999999999999997_1.0_808,25.26,2.31,0.73,-0.33,-0.5,-0.68,0.15
A_M_2.1999999999999997_1.0_809,25.29,2.31,0.73,-0.33,-0.5,-0.68,0.15
A_M_2.1999999999999997_1.0_810,25.37,2.31,0.73,-0.33,-0.5,-0.68,0.15
A_M_2.1999999999999997_1.0_811,23.83,2.31,0.73,-0.33,-0.5,-0.68,0.15
A_M_2.1999999999999997_1.0_812,24.02,2.31,0.73,-0.33,-0.5,-0.68,0.15
A_M_2.1999999999999997_1.0_813,24.53,2.31,0.73,-0.33,-0.5,-0.68,0.15
A_M_2.1999999999999997_1.0_814,24.6,2.31,0.73,-0.33,-0.5,-0.68,0.15
A_M_2.1999999999999997_1.0_815,24.22,2.31,0.73,-0.33,-0.5,-0.68,0.15
A_M_2.1999999999999997_1.0_816,22.12,2.31,0.73,-0.33,-0.5,-0.68,0.15
A_M_2.1999999999999997_1.0_817,25.36,2.31,0.73,-0.33,-0.5,-0.68,0.15
A_M_2.1999999999999997_1.0_818,25.42,2.31,0.73,-0.33,-0.5,-0.68,0.15
A_M_2.1999999999999997_1.0_819,23.87,2.31,0.73,-0.33,-0.5,-0.68,0.15
A_M_2.1999999999999997_1.0_820,25.23,2.31,0.73,-0.33,-0.5,-0.68,0.15
A_M_2.1999999999999997_1.0_821,22.71,2.31,0.73,-0.33,-0.5,-0.68,0.15
A_M_2.1999999999999997_1.0_822,25.54,2.31,0.73,-0.33,-0.5,-0.68,0.15
A_M_2.1999999999999997_1.0_823,23.65,2.31,0.73,-0.33,-0.5,-0.68,0.15
A_M_2.1999999999999997_1.0_824,25.15,2.31,0.73,-0.33,-0.5,-0.68,0.15
A_M_2.1999999999999997_1.0_825,25.04,2.31,0.73,-0.33,-0.5,-0.68,0.15
A_M_2.1999999999999997_1.0_826,24.95,2.31,0.73,-0.33,-0.5,-0.68,0.15
A_M_2.1999999999999997_1.0_827,25.38,2.31,0.73,-0.33,-0.5,-0.68,0.15
A_M_2.1999999999999997_1.0_828,23.83,2.31,0.73,-0.33,-0.5,-0.68,0.15
A_M_2.1999999999999997_1.0_829,25.0,2.31,0.73,-0.33,-0.5,-0.68,0.15
A_M_2.1999999999999997_1.0_830,23.55,2.31,0.73,-0.33,-0.5,-0.68,0.15
A_M_2.1999999999999997_1.0_831,25.52,2.31,0.73,-0.33,-0.5,-0.68,0.15
A_M_2.1999999999999997_1.0_832,23.58,2.31,0.73,-0.33,-0.5,-0.68,0.15
A_M_2.1999999999999997_1.0_833,25.02,2.31,0.73,-0.33,-0.5,-0.68,0.15
A_M_2.1999999999999997_1.0_834,19.8,2.31,0.73,-0.33,-0.5,-0.68,0.15
A_M_2.1999999999999997_1.0_835,24.04,2.31,0.73,-0.33,-0.5,-0.68,0.15
A_M_2.1999999999999997_1.0_836,22.46,2.31,0.73,-0.33,-0.5,-0.68,0.15
A_M_2.1999999999999997_1.0_837,23.07,2.31,0.73,-0.33,-0.5,-0.68,0.15
A_M_2.1999999999999997_1.0_838,25.42,2.31,0.73,-0.33,-0.5,-0.68,0.15
A_M_2.1999999999999997_1.0_839,22.61,2.31,0.73,-0.33,-0.5,-0.68,0.15
A_M_2.1999999999999997_1.0_840,19.97,2.31,0.73,-0.33,-0.5,-0.68,0.15
A_M_2.1999999999999997_1.0_841,25.15,2.31,0.73,-0.33,-0.5,-0.68,0.15
A_M_2.1999999999999997_1.0_842,24.62,2.31,0.73,-0.33,-0.5,-0.68,0.15
A_M_2.1999999999999997_1.0_843,23.91,2.31,0.73,-0.33,-0.5,-0.68,0.15
A_M_2.1999999999999997_1.0_844,25.08,2.31,0.73,-0.33,-0.5,-0.68,0.15
A_M_2.1999999999999997_1.0_845,23.76,2.31,0.73,-0.33,-0.5,-0.68,0.15
A_M_2.1999999999999997_1.0_846,25.17,2.31,0.73,-0.33,-0.5,-0.68,0.15
A_M_2.1999999999999997_1.0_847,21.62,2.31,0.73,-0.33,-0.5,-0.68,0.15
A_M_2.1999999999999997_1.0_848,22.85,2.31,0.73,-0.33,-0.5,-0.68,0.15
A_M_2.1999999999999997_1.0_849,25.11,2.31,0.73,-0.33,-0.5,-0.68,0.15
A_M_2.1999999999999997_1.0_850,24.56,2.31,0.73,-0.33,-0.5,-0.68,0.15
A_M_2.1999999999999997_1.0_851,25.32,2.31,0.73,-0.33,-0.5,-0.68,0.15
A_M_2.1999999999999997_1.0_852,23.25,2.31,0.73,-0.33,-0.5,-0.68,0.15
A_M_2.1999999999999997_1.0_853,24.36,2.31,0.73,-0.33,-0.5,-0.68,0.15
A_M_2.1999999999999997_1.0_854,25.62,2.31,0.73,-0.33,-0.5,-0.68,0.15
A_M_2.1999999999999997_1.0_855,24.83,2.31,0.73,-0.33,-0.5,-0.68,0.15
A_M_2.1999999999999997_1.0_856,24.66,2.31,0.73,-0.33,-0.5,-0.68,0.15
A_M_2.1999999999999997_1.0_857,21.87,2.31,0.73,-0.33,-0.5,-0.68,0.15
A_M_2.1999999999999997_1.0_858,25.62,2.31,0.73,-0.33,-0.5,-0.68,0.15
A_M_2.1999999999999997_1.0_859,25.11,2.31,0.73,-0.33,-0.5,-0.68,0.15
A_M_2.1999999999999997_1.0_860,25.32,2.31,0.73,-0.33,-0.5,-0.68,0.15
A_M_2.1999999999999997_1.0_861,25.58,2.31,0.73,-0.33,-0.5,-0.68,0.15
A_M_2.1999999999999997_1.0_862,23.56,2.31,0.73,-0.33,-0.5,-0.68,0.15
A_M_2.1999999999999997_1.0_863,25.09,2.31,0.73,-0.33,-0.5,-0.68,0.15
A_M_2.1999999999999997_1.0_864,24.07,2.31,0.73,-0.33,-0.5,-0.68,0.15
A_M_2.1999999999999997_1.0_865,23.45,2.31,0.73,-0.33,-0.5,-0.68,0.15
A_M_2.1999999999999997_1.0_866,24.3,2.31,0.73,-0.33,-0.5,-0.68,0.15
A_M_2.1999999999999997_1.0_867,23.64,2.31,0.73,-0.33,-0.5,-0.68,0.15
A_M_2.1999999999999997_1.0_868,21.73,2.31,0.73,-0.33,-0.5,-0.68,0.15
A_M_2.1999999999999997_1.0_869,24.7,2.31,0.73,-0.33,-0.5,-0.68,0.15
A_M_2.1999999999999997_1.0_870,25.6,2.31,0.73,-0.33,-0.5,-0.68,0.15
A_M_2.1999999999999997_1.0_871,24.63,2.31,0.73,-0.33,-0.5,-0.68,0.15
A_M_2.1999999999999997_1.0_872,24.6,2.31,0.73,-0.33,-0.5,-0.68,0.15
A_M_2.1999999999999997_1.0_873,23.12,2.31,0.73,-0.33,-0.5,-0.68,0.15
A_M_2.1999999999999997_1.0_874,23.34,2.31,0.73,-0.33,-0.5,-0.68,0.15
A_M_2.1999999999999997_1.0_875,25.28,2.31,0.73,-0.33,-0.5,-0.68,0.15
A_M_2.1999999999999997_1.0_876,23.89,2.31,0.73,-0.33,-0.5,-0.68,0.15
A_M_2.1999999999999997_1.0_877,25.49,2.31,0.73,-0.33,-0.5,-0.68,0.15
A_M_2.1999999999999997_1.0_878,21.63,2.31,0.73,-0.33,-0.5,-0.68,0.15
A_M_2.1999999999999997_1.0_879,25.31,2.31,0.73,-0.33,-0.5,-0.68,0.15
A_M_2.1999999999999997_1.0_880,24.7,2.31,0.73,-0.33,-0.5,-0.68,0.15
A_M_2.1999999999999997_1.0_881,19.22,2.31,0.73,-0.33,-0.5,-0.68,0.15
A_M_2.1999999999999997_1.0_882,25.21,2.31,0.73,-0.33,-0.5,-0.68,0.15
A_M_2.1999999999999997_1.0_883,25.29,2.31,0.73,-0.33,-0.5,-0.68,0.15
A_M_2.1999999999999997_1.0_884,23.01,2.31,0.73,-0.33,-0.5,-0.68,0.15
A_M_2.1999999999999997_1.0_885,25.44,2.31,0.73,-0.33,-0.5,-0.68,0.15
A_M_2.1999999999999997_1.0_886,25.54,2.31,0.73,-0.33,-0.5,-0.68,0.15
A_M_2.1999999999999997_1.0_887,23.06,2.31,0.73,-0.33,-0.5,-0.68,0.15
A_M_2.1999999999999997_1.0_888,22.91,2.31,0.73,-0.33,-0.5,-0.68,0.15
A_M_2.1999999999999997_1.0_889,24.86,2.31,0.73,-0.33,-0.5,-0.68,0.15
A_M_2.1999999999999997_1.0_890,23.17,2.31,0.73,-0.33,-0.5,-0.68,0.15
A_M_2.1999999999999997_1.0_891,25.33,2.31,0.73,-0.33,-0.5,-0.68,0.15
A_M_2.1999999999999997_1.0_892,24.87,2.31,0.73,-0.33,-0.5,-0.68,0.15
A_M_2.1999999999999997_1.0_893,24.68,2.31,0.73,-0.33,-0.5,-0.68,0.15
A_M_2.1999999999999997_1.0_894,23.92,2.31,0.73,-0.33,-0.5,-0.68,0.15
A_M_2.1999999999999997_1.0_895,25.33,2.31,0.73,-0.33,-0.5,-0.68,0.15
A_M_2.1999999999999997_1.0_896,24.45,2.31,0.73,-0.33,-0.5,-0.68,0.15
A_M_2.1999999999999997_1.0_897,19.79,2.31,0.73,-0.33,-0.5,-0.68,0.15
A_M_2.1999999999999997_1.0_898,23.3,2.31,0.73,-0.33,-0.5,-0.68,0.15
A_M_2.1999999999999997_1.0_899,24.27,2.31,0.73,-0.33,-0.5,-0.68,0.15
A_M_2.1999999999999997_1.0_900,25.29,2.31,0.73,-0.33,-0.5,-0.68,0.15
A_M_2.1999999999999997_1.0_901,25.18,2.31,0.73,-0.33,-0.5,-0.68,0.15
A_M_2.1999999999999997_1.0_902,25.24,2.31,0.73,-0.33,-0.5,-0.68,0.15
A_M_2.1999999999999997_1.0_903,24.44,2.31,0.73,-0.33,-0.5,-0.68,0.15
A_M_2.1999999999999997_1.0_904,21.69,2.31,0.73,-0.33,-0.5,-0.68,0.15
A_M_2.1999999999999997_1.0_905,24.24,2.31,0.73,-0.33,-0.5,-0.68,0.15
A_M_2.1999999999999997_1.0_906,24.86,2.31,0.73,-0.33,-0.5,-0.68,0.15
A_M_2.1999999999999997_1.0_907,22.09,2.31,0.73,-0.33,-0.5,-0.68,0.15
A_M_2.1999999999999997_1.0_908,23.24,2.31,0.73,-0.33,-0.5,-0.68,0.15
A_M_2.1999999999999997_1.0_909,23.8,2.31,0.73,-0.33,-0.5,-0.68,0.15
A_M_2.1999999999999997_1.0_910,22.54,2.31,0.73,-0.33,-0.5,-0.68,0.15
A_M_2.1999999999999997_1.0_911,25.54,2.31,0.73,-0.33,-0.5,-0.68,0.15
A_M_2.1999999999999997_1.0_912,21.99,2.31,0.73,-0.33,-0.5,-0.68,0.15
A_M_2.1999999999999997_1.0_913,25.25,2.31,0.73,-0.33,-0.5,-0.68,0.15
A_M_2.1999999999999997_1.0_914,25.41,2.31,0.73,-0.33,-0.5,-0.68,0.15
A_M_2.1999999999999997_1.0_915,24.3,2.31,0.73,-0.33,-0.5,-0.68,0.15
A_M_2.1999999999999997_1.0_916,25.33,2.31,0.73,-0.33,-0.5,-0.68,0.15
A_M_2.1999999999999997_1.0_917,23.08,2.31,0.73,-0.33,-0.5,-0.68,0.15
A_M_2.1999999999999997_1.0_918,24.06,2.31,0.73,-0.33,-0.5,-0.68,0.15
A_M_2.1999999999999997_1.0_919,24.17,2.31,0.73,-0.33,-0.5,-0.68,0.15
A_M_2.1999999999999997_1.0_920,22.69,2.31,0.73,-0.33,-0.5,-0.68,0.15
A_M_2.1999999999999997_1.0_921,25.28,2.31,0.73,-0.33,-0.5,-0.68,0.15
A_M_2.1999999999999997_1.0_922,19.23,2.31,0.73,-0.33,-0.5,-0.68,0.15
A_M_2.1999999999999997_1.0_923,24.45,2.31,0.73,-0.33,-0.5,-0.68,0.15
A_M_2.1999999999999997_1.0_924,22.15,2.31,0.73,-0.33,-0.5,-0.68,0.15
A_M_2.1999999999999997_1.0_925,23.91,2.31,0.73,-0.33,-0.5,-0.68,0.15
A_M_2.1999999999999997_1.0_926,25.6,2.31,0.73,-0.33,-0.5,-0.68,0.15
A_M_2.1999999999999997_1.0_927,24.8,2.31,0.73,-0.33,-0.5,-0.68,0.15
A_M_2.1999999999999997_1.0_928,23.19,2.31,0.73,-0.33,-0.5,-0.68,0.15
A_M_2.1999999999999997_1.0_929,21.29,2.31,0.73,-0.33,-0.5,-0.68,0.15
A_M_2.1999999999999997_1.0_930,21.7,2.31,0.73,-0.33,-0.5,-0.68,0.15
A_M_2.1999999999999997_1.0_931,24.12,2.31,0.73,-0.33,-0.5,-0.68,0.15
A_M_2.1999999999999997_1.0_932,23.99,2.31,0.73,-0.33,-0.5,-0.68,0.15
A_M_2.1999999999999997_1.0_933,24.8,2.31,0.73,-0.33,-0.5,-0.68,0.15
A_M_2.1999999999999997_1.0_934,22.92,2.31,0.73,-0.33,-0.5,-0.68,0.15
A_M_2.1999999999999997_1.0_935,24.89,2.31,0.73,-0.33,-0.5,-0.68,0.15
A_M_2.1999999999999997_1.0_936,22.62,2.31,0.73,-0.33,-0.5,-0.68,0.15
A_M_2.1999999999999997_1.0_937,23.0,2.31,0.73,-0.33,-0.5,-0.68,0.15
A_M_2.1999999999999997_1.0_938,24.12,2.31,0.73,-0.33,-0.5,-0.68,0.15
A_M_2.1999999999999997_1.0_939,23.59,2.31,0.73,-0.33,-0.5,-0.68,0.15
A_M_2.1999999999999997_1.0_940,23.31,2.31,0.73,-0.33,-0.5,-0.68,0.15
A_M_2.1999999999999997_1.0_941,25.32,2.31,0.73,-0.33,-0.5,-0.68,0.15
A_M_2.1999999999999997_1.0_942,24.78,2.31,0.73,-0.33,-0.5,-0.68,0.15
A_M_2.1999999999999997_1.0_943,24.74,2.31,0.73,-0.33,-0.5,-0.68,0.15
A_M_2.1999999999999997_1.0_944,20.9,2.31,0.73,-0.33,-0.5,-0.68,0.15
A_M_2.1999999999999997_1.0_945,23.56,2.31,0.73,-0.33,-0.5,-0.68,0.15
A_M_2.1999999999999997_1.0_946,23.7,2.31,0.73,-0.33,-0.5,-0.68,0.15
A_M_2.1999999999999997_1.0_947,19.86,2.31,0.73,-0.33,-0.5,-0.68,0.15
A_M_2.1999999999999997_1.0_948,21.7,2.31,0.73,-0.33,-0.5,-0.68,0.15
A_M_2.1999999999999997_1.0_949,24.76,2.31,0.73,-0.33,-0.5,-0.68,0.15
A_M_2.1999999999999997_1.0_950,25.09,2.31,0.73,-0.33,-0.5,-0.68,0.15
A_M_2.1999999999999997_1.0_951,19.71,2.31,0.73,-0.33,-0.5,-0.68,0.15
A_M_2.1999999999999997_1.0_952,25.33,2.31,0.73,-0.33,-0.5,-0.68,0.15
A_M_2.1999999999999997_1.0_953,23.96,2.31,0.73,-0.33,-0.5,-0.68,0.15
A_M_2.1999999999999997_1.0_954,24.42,2.31,0.73,-0.33,-0.5,-0.68,0.15
A_M_2.1999999999999997_1.0_955,23.53,2.31,0.73,-0.33,-0.5,-0.68,0.15
A_M_2.1999999999999997_1.0_956,25.04,2.31,0.73,-0.33,-0.5,-0.68,0.15
A_M_2.1999999999999997_1.0_957,24.96,2.31,0.73,-0.33,-0.5,-0.68,0.15
A_M_2.1999999999999997_1.0_958,18.93,2.31,0.73,-0.33,-0.5,-0.68,0.15
A_M_2.1999999999999997_1.0_959,24.76,2.31,0.73,-0.33,-0.5,-0.68,0.15
A_M_2.1999999999999997_1.0_960,25.54,2.31,0.73,-0.33,-0.5,-0.68,0.15
A_M_2.1999999999999997_1.0_961,24.29,2.31,0.73,-0.33,-0.5,-0.68,0.15
A_M_2.1999999999999997_1.0_962,25.48,2.31,0.73,-0.33,-0.5,-0.68,0.15
A_M_2.1999999999999997_1.0_963,18.49,2.31,0.73,-0.33,-0.5,-0.68,0.15
A_M_2.1999999999999997_1.0_964,24.46,2.31,0.73,-0.33,-0.5,-0.68,0.15
A_M_2.1999999999999997_1.0_965,24.99,2.31,0.73,-0.33,-0.5,-0.68,0.15
A_M_2.1999999999999997_1.0_966,24.98,2.31,0.73,-0.33,-0.5,-0.68,0.15
A_M_2.1999999999999997_1.0_967,25.4,2.31,0.73,-0.33,-0.5,-0.68,0.15
A_M_2.1999999999999997_1.0_968,25.32,2.31,0.73,-0.33,-0.5,-0.68,0.15
A_M_2.1999999999999997_1.0_969,25.21,2.31,0.73,-0.33,-0.5,-0.68,0.15
A_M_2.1999999999999997_1.0_970,24.01,2.31,0.73,-0.33,-0.5,-0.68,0.15
A_M_2.1999999999999997_1.0_971,24.57,2.31,0.73,-0.33,-0.5,-0.68,0.15
A_M_2.1999999999999997_1.0_972,22.12,2.31,0.73,-0.33,-0.5,-0.68,0.15
A_M_2.1999999999999997_1.0_973,20.65,2.31,0.73,-0.33,-0.5,-0.68,0.15
A_M_2.1999999999999997_1.0_974,24.57,2.31,0.73,-0.33,-0.5,-0.68,0.15
A_M_2.1999999999999997_1.0_975,23.44,2.31,0.73,-0.33,-0.5,-0.68,0.15
A_M_2.1999999999999997_1.0_976,25.59,2.31,0.73,-0.33,-0.5,-0.68,0.15
A_M_2.1999999999999997_1.0_977,24.72,2.31,0.73,-0.33,-0.5,-0.68,0.15
A_M_2.1999999999999997_1.0_978,25.13,2.31,0.73,-0.33,-0.5,-0.68,0.15
A_M_2.1999999999999997_1.0_979,25.31,2.31,0.73,-0.33,-0.5,-0.68,0.15
A_M_2.1999999999999997_1.0_980,25.6,2.31,0.73,-0.33,-0.5,-0.68,0.15
A_M_2.1999999999999997_1.0_981,25.0,2.31,0.73,-0.33,-0.5,-0.68,0.15
A_M_2.1999999999999997_1.0_982,23.87,2.31,0.73,-0.33,-0.5,-0.68,0.15
A_M_2.1999999999999997_1.0_983,22.95,2.31,0.73,-0.33,-0.5,-0.68,0.15
A_M_2.1999999999999997_1.0_984,25.53,2.31,0.73,-0.33,-0.5,-0.68,0.15
A_M_2.1999999999999997_1.0_985,24.06,2.31,0.73,-0.33,-0.5,-0.68,0.15
A_M_2.1999999999999997_1.0_986,24.33,2.31,0.73,-0.33,-0.5,-0.68,0.15
A_M_2.1999999999999997_1.0_987,24.72,2.31,0.73,-0.33,-0.5,-0.68,0.15
A_M_2.1999999999999997_1.0_988,24.93,2.31,0.73,-0.33,-0.5,-0.68,0.15
A_M_2.1999999999999997_1.0_989,25.08,2.31,0.73,-0.33,-0.5,-0.68,0.15
A_M_2.1999999999999997_1.0_990,22.74,2.31,0.73,-0.33,-0.5,-0.68,0.15
A_M_2.1999999999999997_1.0_991,18.43,2.31,0.73,-0.33,-0.5,-0.68,0.15
A_M_2.1999999999999997_1.0_992,21.23,2.31,0.73,-0.33,-0.5,-0.68,0.15
A_M_2.1999999999999997_1.0_993,24.53,2.31,0.73,-0.33,-0.5,-0.68,0.15
A_M_2.1999999999999997_1.0_994,23.07,2.31,0.73,-0.33,-0.5,-0.68,0.15
A_M_2.1999999999999997_1.0_995,25.56,2.31,0.73,-0.33,-0.5,-0.68,0.15
A_M_2.1999999999999997_1.0_996,25.08,2.31,0.73,-0.33,-0.5,-0.68,0.15
A_M_2.1999999999999997_1.0_997,25.49,2.31,0.73,-0.33,-0.5,-0.68,0.15
A_M_2.1999999999999997_1.0_998,21.48,2.31,0.73,-0.33,-0.5,-0.68,0.15
A_M_2.1999999999999997_1.0_999,24.42,2.31,0.73,-0.33,-0.5,-0.68,0.15
A_M_2.1999999999999997_1.0_1000,24.87,2.31,0.73,-0.33,-0.5,-0.68,0.15
A_M_2.1999999999999997_1.0_1001,23.1,2.31,0.73,-0.33,-0.5,-0.68,0.15
A_M_2.1999999999999997_1.0_1002,25.1,2.31,0.73,-0.33,-0.5,-0.68,0.15
A_M_2.1999999999999997_1.0_1003,23.73,2.31,0.73,-0.33,-0.5,-0.68,0.15
A_M_2.1999999999999997_1.0_1004,23.04,2.31,0.73,-0.33,-0.5,-0.68,0.15
A_M_2.1999999999999997_1.0_1005,24.14,2.31,0.73,-0.33,-0.5,-0.68,0.15
A_M_2.1999999999999997_1.0_1006,24.89,2.31,0.73,-0.33,-0.5,-0.68,0.15
A_M_2.1999999999999997_1.0_1007,23.21,2.31,0.73,-0.33,-0.5,-0.68,0.15
A_M_2.1999999999999997_1.0_1008,22.07,2.31,0.73,-0.33,-0.5,-0.68,0.15
A_M_2.1999999999999997_1.0_1009,25.09,2.31,0.73,-0.33,-0.5,-0.68,0.15
A_M_2.1999999999999997_1.0_1010,25.37,2.31,0.73,-0.33,-0.5,-0.68,0.15
A_M_2.1999999999999997_1.0_1011,25.37,2.31,0.73,-0.33,-0.5,-0.68,0.15
A_M_2.1999999999999997_1.0_1012,25.32,2.31,0.73,-0.33,-0.5,-0.68,0.15
A_M_2.1999999999999997_1.0_1013,24.58,2.31,0.73,-0.33,-0.5,-0.68,0.15
A_M_2.1999999999999997_1.0_1014,25.57,2.31,0.73,-0.33,-0.5,-0.68,0.15
A_M_2.1999999999999997_1.0_1015,23.3,2.31,0.73,-0.33,-0.5,-0.68,0.15
A_M_2.1999999999999997_1.0_1016,25.46,2.31,0.73,-0.33,-0.5,-0.68,0.15
A_M_2.1999999999999997_1.0_1017,24.02,2.31,0.73,-0.33,-0.5,-0.68,0.15
A_M_2.1999999999999997_1.0_1018,22.29,2.31,0.73,-0.33,-0.5,-0.68,0.15
A_M_2.1999999999999997_1.0_1019,25.59,2.31,0.73,-0.33,-0.5,-0.68,0.15
A_M_2.1999999999999997_1.0_1020,24.29,2.31,0.73,-0.33,-0.5,-0.68,0.15
A_M_2.1999999999999997_1.0_1021,24.86,2.31,0.73,-0.33,-0.5,-0.68,0.15
A_M_2.1999999999999997_1.0_1022,25.26,2.31,0.73,-0.33,-0.5,-0.68,0.15
A_M_2.1999999999999997_1.0_1023,25.16,2.31,0.73,-0.33,-0.5,-0.68,0.15
A_M_2.1999999999999997_1.0_1024,24.53,2.31,0.73,-0.33,-0.5,-0.68,0.15
A_M_2.1999999999999997_1.0_1025,22.4,2.31,0.73,-0.33,-0.5,-0.68,0.15
A_M_2.1999999999999997_1.0_1026,25.34,2.31,0.73,-0.33,-0.5,-0.68,0.15
A_M_2.1999999999999997_1.0_1027,24.34,2.31,0.73,-0.33,-0.5,-0.68,0.15
A_M_2.1999999999999997_1.0_1028,21.18,2.31,0.73,-0.33,-0.5,-0.68,0.15
A_M_2.1999999999999997_1.0_1029,24.77,2.31,0.73,-0.33,-0.5,-0.68,0.15
A_M_2.1999999999999997_1.0_1030,25.39,2.31,0.73,-0.33,-0.5,-0.68,0.15
A_M_2.1999999999999997_1.0_1031,25.0,2.31,0.73,-0.33,-0.5,-0.68,0.15
A_M_2.1999999999999997_1.0_1032,24.85,2.31,0.73,-0.33,-0.5,-0.68,0.15
A_M_2.1999999999999997_1.0_1033,23.07,2.31,0.73,-0.33,-0.5,-0.68,0.15
A_M_2.1999999999999997_1.0_1034,25.53,2.31,0.73,-0.33,-0.5,-0.68,0.15
A_M_2.1999999999999997_1.0_1035,24.92,2.31,0.73,-0.33,-0.5,-0.68,0.15
A_M_2.1999999999999997_1.0_1036,25.32,2.31,0.73,-0.33,-0.5,-0.68,0.15
A_M_2.1999999999999997_1.0_1037,25.52,2.31,0.73,-0.33,-0.5,-0.68,0.15
A_M_2.1999999999999997_1.0_1038,22.79,2.31,0.73,-0.33,-0.5,-0.68,0.15
A_M_2.1999999999999997_1.0_1039,24.49,2.31,0.73,-0.33,-0.5,-0.68,0.15
A_M_2.1999999999999997_1.0_1040,25.61,2.31,0.73,-0.33,-0.5,-0.68,0.15
A_M_2.1999999999999997_1.0_1041,25.0,2.31,0.73,-0.33,-0.5,-0.68,0.15
A_M_2.1999999999999997_1.0_1042,25.32,2.31,0.73,-0.33,-0.5,-0.68,0.15
A_M_2.1999999999999997_1.0_1043,25.09,2.31,0.73,-0.33,-0.5,-0.68,0.15
A_M_2.1999999999999997_1.0_1044,24.46,2.31,0.73,-0.33,-0.5,-0.68,0.15
A_M_2.1999999999999997_1.0_1045,24.58,2.31,0.73,-0.33,-0.5,-0.68,0.15
A_M_2.1999999999999997_1.0_1046,24.62,2.31,0.73,-0.33,-0.5,-0.68,0.15
A_M_2.1999999999999997_1.0_1047,25.02,2.31,0.73,-0.33,-0.5,-0.68,0.15
A_M_2.1999999999999997_1.0_1048,25.56,2.31,0.73,-0.33,-0.5,-0.68,0.15
A_M_2.1999999999999997_1.0_1049,25.17,2.31,0.73,-0.33,-0.5,-0.68,0.15
A_M_2.1999999999999997_1.0_1050,24.34,2.31,0.73,-0.33,-0.5,-0.68,0.15
A_M_2.1999999999999997_1.0_1051,25.47,2.31,0.73,-0.33,-0.5,-0.68,0.15
A_M_2.1999999999999997_1.0_1052,21.53,2.31,0.73,-0.33,-0.5,-0.68,0.15
A_M_2.1999999999999997_1.0_1053,25.6,2.31,0.73,-0.33,-0.5,-0.68,0.15
A_M_2.1999999999999997_1.0_1054,24.94,2.31,0.73,-0.33,-0.5,-0.68,0.15
A_M_2.1999999999999997_1.0_1055,22.05,2.31,0.73,-0.33,-0.5,-0.68,0.15
A_M_2.1999999999999997_1.0_1056,25.28,2.31,0.73,-0.33,-0.5,-0.68,0.15
A_M_2.1999999999999997_1.0_1057,24.6,2.31,0.73,-0.33,-0.5,-0.68,0.15
A_M_2.1999999999999997_1.0_1058,23.11,2.31,0.73,-0.33,-0.5,-0.68,0.15
A_M_2.1999999999999997_1.0_1059,24.31,2.31,0.73,-0.33,-0.5,-0.68,0.15
A_M_2.1999999999999997_1.0_1060,25.37,2.31,0.73,-0.33,-0.5,-0.68,0.15
A_M_2.1999999999999997_1.0_1061,21.74,2.31,0.73,-0.33,-0.5,-0.68,0.15
A_M_2.1999999999999997_1.0_1062,22.6,2.31,0.73,-0.33,-0.5,-0.68,0.15
A_M_2.1999999999999997_1.0_1063,25.37,2.31,0.73,-0.33,-0.5,-0.68,0.15
