ObjID,FORMAT,q,e,inc,node,argPeri,t_p_MJD_TDB,epochMJD_TDB
A_M_1.0_1.0_0,COM,1.123519,1.004247,2.449,2.502,6.179,62750.437142877236,60980.00158187724
A_M_1.0_1.0_1,COM,0.511999,1.014414,2.602,1.902,6.091,61489.757273877236,60980.00158187724
A_M_1.0_1.0_2,COM,0.341892,1.01976,1.751,3.562,5.896,62148.85534587724,60980.00158187724
A_M_1.0_1.0_3,COM,0.221637,1.022079,1.812,4.038,5.284,62195.74870987724,60980.00158187724
A_M_1.0_1.0_4,COM,1.863439,1.18646,2.115,4.501,5.314,63931.31428687724,60980.00158187724
A_M_1.0_1.0_5,COM,8.276441,2.019806,1.186,1.973,1.236,64994.02314387724,60980.00158187724
A_M_1.0_1.0_6,COM,0.00057,1.000071,1.61,5.998,0.636,64055.34082587724,60980.00158187724
A_M_1.0_1.0_7,COM,1.132455,1.204603,2.795,3.325,0.057,62439.383906877236,60980.00158187724
A_M_1.0_1.0_8,COM,28.462801,5.969304,0.725,6.151,2.053,66094.16340087724,60980.00158187724
A_M_1.0_1.0_9,COM,0.125758,1.023865,2.296,3.81,3.011,60949.69607187724,60980.00158187724
A_M_1.0_1.0_10,COM,1.201255,1.248942,1.314,2.852,4.788,62629.31518587724,60980.00158187724
A_M_1.0_1.0_11,COM,0.956146,1.218567,3.045,2.758,0.818,63269.58220287724,60980.00158187724
A_M_1.0_1.0_12,COM,5.807511,2.5374,1.626,2.858,4.31,61316.75904187724,60980.00158187724
A_M_1.0_1.0_13,COM,0.662296,1.191096,0.807,3.145,1.09,61295.19865487724,60980.00158187724
A_M_1.0_1.0_14,COM,0.694346,1.195078,1.893,5.372,3.69,62598.199754877234,60980.00158187724
A_M_1.0_1.0_15,COM,1.363168,1.404306,0.83,1.294,6.005,63748.14412287724,60980.00158187724
A_M_1.0_1.0_16,COM,1.469018,1.514268,2.405,3.203,0.214,60279.32180787724,60980.00158187724
A_M_1.0_1.0_17,COM,0.376975,1.129936,2.42,4.369,1.363,61501.46515887724,60980.00158187724
A_M_1.0_1.0_18,COM,11.672989,5.124552,2.036,5.562,0.408,65037.155635877236,60980.00158187724
A_M_1.0_1.0_19,COM,4.202741,2.495268,2.064,3.808,4.302,62701.33742087724,60980.00158187724
A_M_1.0_1.0_20,COM,3.752833,2.457228,2.055,3.768,3.628,63074.18205687724,60980.00158187724
A_M_1.0_1.0_21,COM,51.191265,21.298219,1.771,2.73,5.992,66229.85972087724,60980.00158187724
A_M_1.0_1.0_22,COM,0.888417,1.355311,2.295,5.081,5.364,63366.290948877235,60980.00158187724
A_M_1.0_1.0_23,COM,1.210218,1.505875,1.537,1.717,6.08,63662.487193877234,60980.00158187724
A_M_1.0_1.0_24,COM,3.079569,2.290086,2.343,3.036,5.813,60998.19520587724,60980.00158187724
A_M_1.0_1.0_25,COM,3.517634,2.509066,1.929,1.553,3.956,62968.06185087724,60980.00158187724
A_M_1.0_1.0_26,COM,0.35451,1.172887,0.477,1.349,2.443,61396.229976877235,60980.00158187724
A_M_1.0_1.0_27,COM,2.928998,2.479097,2.125,0.22,4.014,61267.03614487724,60980.00158187724
A_M_1.0_1.0_28,COM,6.656269,4.487644,0.981,2.951,3.138,60806.653206877236,60980.00158187724
A_M_1.0_1.0_29,COM,1.548137,1.803227,2.092,3.206,1.782,62978.60286487724,60980.00158187724
A_M_1.0_1.0_30,COM,2.535689,2.270621,1.799,2.119,4.47,61055.80651887724,60980.00158187724
A_M_1.0_1.0_31,COM,29.952963,17.277306,2.146,0.526,4.786,60289.49942187724,60980.00158187724
A_M_1.0_1.0_32,COM,1.199879,1.636029,1.987,4.962,1.524,63022.907248877236,60980.00158187724
A_M_1.0_1.0_33,COM,1.150188,1.651377,1.045,5.998,5.642,61452.704208877236,60980.00158187724
A_M_1.0_1.0_34,COM,0.381841,1.220198,1.94,2.098,3.118,64214.287101877235,60980.00158187724
A_M_1.0_1.0_35,COM,61.145432,38.361319,0.715,3.962,3.95,59654.84071587724,60980.00158187724
A_M_1.0_1.0_36,COM,0.914927,1.572657,2.809,3.956,2.647,61462.02626287724,60980.00158187724
A_M_1.0_1.0_37,COM,0.241718,1.150537,2.654,2.203,0.895,62516.98342287724,60980.00158187724
A_M_1.0_1.0_38,COM,2.857644,2.830238,1.755,0.356,4.272,61962.508665877234,60980.00158187724
A_M_1.0_1.0_39,COM,1.878796,2.300285,1.819,2.664,3.573,61152.759333877235,60980.00158187724
A_M_1.0_1.0_40,COM,2.534421,2.674193,0.868,2.558,3.813,62947.32675087724,60980.00158187724
A_M_1.0_1.0_41,COM,0.67582,1.505502,1.922,2.587,4.581,61784.64517487724,60980.00158187724
A_M_1.0_1.0_42,COM,38.982828,28.898548,2.338,5.179,1.787,63077.891730877236,60980.00158187724
A_M_1.0_1.0_43,COM,0.891857,1.637761,1.808,1.987,1.85,63874.039598877236,60980.00158187724
A_M_1.0_1.0_44,COM,1.105603,1.79299,2.481,4.079,3.865,63514.54291687724,60980.00158187724
A_M_1.0_1.0_45,COM,1.54428,2.18652,2.747,5.79,4.285,62487.913696877236,60980.00158187724
A_M_1.0_1.0_46,COM,1.6213,2.317041,1.389,5.532,2.961,64616.78214987724,60980.00158187724
A_M_1.0_1.0_47,COM,40.138184,31.999288,0.739,6.203,2.411,60638.32553587724,60980.00158187724
A_M_1.0_1.0_48,COM,5.10338,5.200591,0.762,5.649,4.303,64238.60691787724,60980.00158187724
A_M_1.0_1.0_49,COM,2.978829,3.542859,1.536,0.219,0.134,62409.47123787724,60980.00158187724
A_M_1.0_1.0_50,COM,14.695925,14.246193,1.886,1.708,3.607,63314.33272587724,60980.00158187724
A_M_1.0_1.0_51,COM,1.540084,2.421675,0.17,0.013,3.952,62233.89003587724,60980.00158187724
A_M_1.0_1.0_52,COM,1.906349,2.701195,2.205,0.237,3.835,63707.020657877234,60980.00158187724
A_M_1.0_1.0_53,COM,0.520157,1.491013,0.489,0.806,0.156,62749.57437787724,60980.00158187724
A_M_1.0_1.0_54,COM,1.722273,2.666826,0.475,4.647,1.892,61786.02241387724,60980.00158187724
A_M_1.0_1.0_55,COM,11.824724,12.380952,2.591,1.167,4.548,64238.256237877235,60980.00158187724
A_M_1.0_1.0_56,COM,0.213207,1.214566,2.174,2.586,4.019,63356.90257087724,60980.00158187724
A_M_1.0_1.0_57,COM,3.162529,4.156668,1.12,4.041,4.152,61534.85966787724,60980.00158187724
A_M_1.0_1.0_58,COM,48.506627,48.701495,1.249,1.657,3.931,62179.12252487724,60980.00158187724
A_M_1.0_1.0_59,COM,0.730759,1.712243,1.374,2.478,0.201,62710.54646087724,60980.00158187724
A_M_1.0_1.0_60,COM,0.519888,1.554226,1.482,5.099,0.736,63903.097755877236,60980.00158187724
A_M_1.0_1.0_61,COM,1.060367,2.225988,0.843,2.959,4.798,63412.83046387724,60980.00158187724
A_M_1.0_1.0_62,COM,1.891013,3.141505,1.819,3.873,2.075,60936.92094487724,60980.00158187724
A_M_1.0_1.0_63,COM,0.332935,1.385681,0.533,2.896,4.261,61326.198125877236,60980.00158187724
A_M_1.0_1.0_64,COM,1.386731,2.533513,0.975,3.653,3.267,61796.43654587724,60980.00158187724
A_M_1.0_1.0_65,COM,7.545338,9.396478,0.481,0.909,5.641,65876.79554187723,60980.00158187724
A_M_1.0_1.0_66,COM,11.933105,14.284457,2.133,0.133,3.142,62610.618946877235,60980.00158187724
A_M_1.0_1.0_67,COM,2.377643,3.760184,0.119,2.495,4.901,64016.865546877234,60980.00158187724
A_M_1.0_1.0_68,COM,0.673857,1.800603,0.856,1.831,2.246,64123.532716877235,60980.00158187724
A_M_1.0_1.0_69,COM,1.602391,2.864948,0.955,4.99,2.542,62797.10272387724,60980.00158187724
A_M_1.0_1.0_70,COM,2.345528,3.804539,1.647,1.199,0.497,63691.368214877235,60980.00158187724
A_M_1.0_1.0_71,COM,1.391947,2.692257,2.861,2.537,4.982,64648.443911877235,60980.00158187724
A_M_1.0_1.0_72,COM,1.360612,2.663667,2.024,1.306,1.564,63930.807261877235,60980.00158187724
A_M_1.0_1.0_73,COM,26.903021,33.454621,1.559,1.735,5.625,62200.626448877236,60980.00158187724
A_M_1.0_1.0_74,COM,1.241643,2.517386,1.836,2.917,3.433,62716.470474877235,60980.00158187724
A_M_1.0_1.0_75,COM,17.888498,21.982542,0.946,4.068,2.718,61662.25423487724,60980.00158187724
A_M_1.0_1.0_76,COM,2.427029,3.970596,1.189,4.269,2.652,61917.83334287724,60980.00158187724
A_M_1.0_1.0_77,COM,2.791808,4.503344,0.428,4.201,3.062,62341.78163087724,60980.00158187724
A_M_1.0_1.0_78,COM,0.688239,1.864215,1.119,2.93,3.835,62037.65371487724,60980.00158187724
A_M_1.0_1.0_79,COM,1.21088,2.499594,2.606,3.49,3.976,63368.34491187724,60980.00158187724
A_M_1.0_1.0_80,COM,2.317847,3.892454,1.603,4.289,3.43,61613.64414787724,60980.00158187724
A_M_1.0_1.0_81,COM,0.621156,1.791924,2.046,5.243,5.084,61318.308505877234,60980.00158187724
A_M_1.0_1.0_82,COM,0.277977,1.379817,2.227,4.687,2.44,61462.01454587724,60980.00158187724
A_M_1.0_1.0_83,COM,6.940838,10.244189,1.745,4.769,2.407,62337.14911587724,60980.00158187724
A_M_1.0_1.0_84,COM,5.765073,8.61692,2.12,6.128,3.332,61090.471982877236,60980.00158187724
A_M_1.0_1.0_85,COM,28.555421,39.235597,0.359,4.042,4.828,64286.118152877236,60980.00158187724
A_M_1.0_1.0_86,COM,1.047263,2.451927,0.993,4.176,3.344,62338.729074877236,60980.00158187724
A_M_1.0_1.0_87,COM,28.211046,41.168166,1.107,3.281,3.685,63683.20841087724,60980.00158187724
A_M_1.0_1.0_88,COM,60.608103,87.797593,1.778,5.171,2.126,61579.71522187724,60980.00158187724
A_M_1.0_1.0_89,COM,0.975967,2.389807,2.709,1.668,2.345,61138.75276387724,60980.00158187724
A_M_1.0_1.0_90,COM,0.970281,2.419515,0.986,3.262,3.344,62077.620447877234,60980.00158187724
A_M_1.0_1.0_91,COM,1.178026,2.703183,0.989,3.632,3.261,62891.12710287724,60980.00158187724
A_M_1.0_1.0_92,COM,4.374445,7.586111,2.568,1.03,5.069,62947.46098487724,60980.00158187724
A_M_1.0_1.0_93,COM,14.132736,22.708089,0.735,3.81,2.225,61152.71625787724,60980.00158187724
A_M_1.0_1.0_94,COM,16.116996,25.552745,1.909,0.43,3.116,60984.76912587724,60980.00158187724
A_M_1.0_1.0_95,COM,19.835694,30.855228,1.281,1.468,4.691,60944.28514087724,60980.00158187724
A_M_1.0_1.0_96,COM,1.214724,2.798975,2.645,1.024,2.932,63822.21272687724,60980.00158187724
A_M_1.0_1.0_97,COM,2.791576,5.102846,2.24,3.764,4.854,60931.604482877236,60980.00158187724
A_M_1.0_1.0_98,COM,1.707214,3.62192,2.768,0.743,3.99,61001.19377887724,60980.00158187724
A_M_1.0_1.0_99,COM,1.499471,3.287651,0.86,3.133,4.397,61161.745730877235,60980.00158187724
A_M_1.0_1.0_100,COM,0.351977,1.555528,1.991,1.544,3.796,61354.67574287724,60980.00158187724
A_M_1.0_1.0_101,COM,30.324164,48.85193,1.189,4.609,0.529,61349.28606587724,60980.00158187724
A_M_1.0_1.0_102,COM,0.041209,1.066267,1.144,1.48,4.237,61133.74881687724,60980.00158187724
A_M_1.0_1.0_103,COM,22.519476,38.588938,1.16,3.453,3.151,63179.992826877235,60980.00158187724
A_M_1.0_1.0_104,COM,0.866362,2.418455,0.379,0.161,3.366,61765.33572787724,60980.00158187724
A_M_1.0_1.0_105,COM,1.742141,3.885183,1.291,5.949,0.089,63679.987994877236,60980.00158187724
A_M_1.0_1.0_106,COM,0.589281,2.001215,1.331,1.526,4.627,61069.01570287724,60980.00158187724
A_M_1.0_1.0_107,COM,35.071721,66.076126,2.119,0.007,4.233,60976.97232887724,60980.00158187724
A_M_1.0_1.0_108,COM,63.831271,119.790626,1.598,3.346,1.458,64344.49651187724,60980.00158187724
A_M_1.0_1.0_109,COM,2.193547,5.060166,1.596,1.662,3.825,61989.95729187724,60980.00158187724
A_M_1.0_1.0_110,COM,0.589585,2.074009,1.123,4.376,4.883,61572.65873387724,60980.00158187724
A_M_1.0_1.0_111,COM,3.544324,7.429645,1.699,0.521,3.092,63593.135752877235,60980.00158187724
A_M_1.0_1.0_112,COM,19.400137,39.075021,2.35,1.631,3.873,61927.23862587724,60980.00158187724
A_M_1.0_1.0_113,COM,1.433843,3.754196,2.833,6.1,4.511,63870.89525687724,60980.00158187724
A_M_1.0_1.0_114,COM,5.278126,12.370722,0.934,3.699,3.878,62624.24864487724,60980.00158187724
A_M_1.0_1.0_115,COM,1.123048,3.408248,1.388,2.309,3.892,61386.33209987724,60980.00158187724
A_M_1.0_1.0_116,COM,26.010439,60.39796,2.479,3.586,2.315,65709.82183987723,60980.00158187724
A_M_1.0_1.0_117,COM,3.132434,8.003163,2.072,4.245,3.067,64606.380505877234,60980.00158187724
A_M_1.0_1.0_118,COM,0.041458,1.094355,1.983,0.625,1.914,62876.44274587724,60980.00158187724
A_M_1.0_1.0_119,COM,2.660046,6.893044,0.807,3.84,1.79,61536.19153087724,60980.00158187724
A_M_1.0_1.0_120,COM,9.807726,23.198227,1.766,3.548,3.733,66104.03760587724,60980.00158187724
A_M_1.0_1.0_121,COM,1.636189,4.88846,1.063,4.993,2.466,62375.49047087724,60980.00158187724
A_M_1.0_1.0_122,COM,0.924328,3.122134,0.763,0.958,5.343,62754.70043387724,60980.00158187724
A_M_1.0_1.0_123,COM,18.181986,43.429332,2.09,1.53,3.157,62751.646521877236,60980.00158187724
A_M_1.0_1.0_124,COM,0.764112,2.785287,2.116,2.058,6.18,63751.74952387724,60980.00158187724
A_M_1.0_1.0_125,COM,4.09466,10.679593,0.943,3.0,3.728,61811.936840877235,60980.00158187724
A_M_1.0_1.0_126,COM,30.350427,72.535355,0.78,1.023,4.911,61410.27357587724,60980.00158187724
A_M_1.0_1.0_127,COM,24.100613,61.103881,1.448,4.541,3.262,63569.64384487724,60980.00158187724
A_M_1.0_1.0_128,COM,1.558588,4.77544,0.902,0.668,3.187,63625.297120877236,60980.00158187724
A_M_1.0_1.0_129,COM,2.486138,7.414372,1.971,4.733,2.107,61278.30367787724,60980.00158187724
A_M_1.0_1.0_130,COM,16.080216,41.767071,1.205,5.352,2.839,61691.49889687724,60980.00158187724
A_M_1.0_1.0_131,COM,1.366987,4.511717,1.932,0.111,3.535,61799.43168987724,60980.00158187724
A_M_1.0_1.0_132,COM,14.687004,38.458564,1.469,2.276,1.042,64822.02475787724,60980.00158187724
A_M_1.0_1.0_133,COM,30.405424,78.656287,1.145,4.672,4.691,60612.85879187724,60980.00158187724
A_M_1.0_1.0_134,COM,1.030474,3.615853,1.001,2.581,3.693,64509.65717087724,60980.00158187724
A_M_1.0_1.0_135,COM,0.628241,2.676748,1.134,4.835,5.296,63772.803460877236,60980.00158187724
A_M_1.0_1.0_136,COM,0.965087,3.597572,0.166,2.711,3.983,60988.322583877234,60980.00158187724
A_M_1.0_1.0_137,COM,8.628438,24.267148,1.211,2.057,4.806,60967.56789387724,60980.00158187724
A_M_1.0_1.0_138,COM,18.155162,48.640871,1.788,2.828,1.471,61454.92294487724,60980.00158187724
A_M_1.0_1.0_139,COM,28.222253,74.836686,0.888,3.993,1.932,61595.701909877236,60980.00158187724
A_M_1.0_1.0_140,COM,7.191696,21.107405,2.113,6.141,3.562,61300.93815587724,60980.00158187724
A_M_1.0_1.0_141,COM,0.283376,1.828087,1.564,5.258,3.103,62178.93705987724,60980.00158187724
A_M_1.0_1.0_142,COM,2.830023,9.127638,0.276,1.881,4.813,61378.93570787724,60980.00158187724
A_M_1.0_1.0_143,COM,2.632431,8.66867,1.198,0.805,5.073,61927.092079877235,60980.00158187724
A_M_1.0_1.0_144,COM,40.51961,121.047716,1.314,1.286,3.975,65556.76090487724,60980.00158187724
A_M_1.0_1.0_145,COM,1.725119,6.205582,2.528,2.899,2.513,64275.462929877234,60980.00158187724
A_M_1.0_1.0_146,COM,3.309162,10.944504,1.804,1.411,5.595,61672.488139877234,60980.00158187724
A_M_1.0_1.0_147,COM,13.209545,40.29413,1.276,3.903,3.841,62912.166490877236,60980.00158187724
A_M_1.0_1.0_148,COM,0.139893,1.419528,1.154,5.094,2.446,61766.52390087724,60980.00158187724
A_M_1.0_1.0_149,COM,0.928374,3.749482,3.058,1.394,0.833,61632.74281487724,60980.00158187724
A_M_1.0_1.0_150,COM,1.944052,7.110808,2.53,0.615,3.667,61848.10159387724,60980.00158187724
A_M_1.0_1.0_151,COM,4.514085,14.897216,2.432,3.888,3.95,62805.174999877236,60980.00158187724
A_M_1.0_1.0_152,COM,0.294406,1.920782,1.17,3.936,2.889,63153.87927287724,60980.00158187724
A_M_1.0_1.0_153,COM,8.126267,27.683027,0.823,3.324,3.361,62236.119525877235,60980.00158187724
A_M_1.0_1.0_154,COM,33.183154,109.712002,1.366,4.536,1.921,63209.37257287724,60980.00158187724
A_M_1.0_1.0_155,COM,29.348543,99.164176,1.912,4.871,2.251,64059.740160877234,60980.00158187724
A_M_1.0_1.0_156,COM,0.854191,3.958497,1.875,4.222,4.325,62458.06581287724,60980.00158187724
A_M_1.0_1.0_157,COM,1.711337,6.955161,2.028,4.623,1.938,64518.29629587724,60980.00158187724
A_M_1.0_1.0_158,COM,28.81457,101.272458,2.486,2.317,4.631,59772.90948987724,60980.00158187724
A_M_1.0_1.0_159,COM,0.795923,3.730156,2.155,4.038,3.778,64650.44326087724,60980.00158187724
A_M_1.0_1.0_160,COM,11.767674,42.815355,2.028,4.4,2.98,60759.917344877234,60980.00158187724
A_M_1.0_1.0_161,COM,1.519365,6.651505,2.919,5.92,3.109,63548.887131877236,60980.00158187724
A_M_1.0_1.0_162,COM,1.594253,7.307986,2.22,5.524,2.902,64238.094894877235,60980.00158187724
A_M_1.0_1.0_163,COM,1.199898,5.998994,1.653,5.295,2.312,64399.33738787724,60980.00158187724
A_M_1.0_1.0_164,COM,0.805236,4.287095,2.259,2.028,2.677,63483.27554487724,60980.00158187724
A_M_1.0_1.0_165,COM,4.319037,19.280163,2.766,5.816,3.721,62671.143104877236,60980.00158187724
A_M_1.0_1.0_166,COM,1.652938,8.091884,0.578,4.494,1.984,64471.97040187724,60980.00158187724
A_M_1.0_1.0_167,COM,4.485349,20.269747,0.961,4.699,1.62,62822.24202487724,60980.00158187724
A_M_1.0_1.0_168,COM,2.71464,12.625211,1.424,4.661,1.426,61197.62650287724,60980.00158187724
A_M_1.0_1.0_169,COM,1.433374,7.355744,0.201,0.855,5.444,63780.10670287724,60980.00158187724
A_M_1.0_1.0_170,COM,1.404611,7.34031,0.897,1.355,4.814,64433.498759877235,60980.00158187724
A_M_1.0_1.0_171,COM,0.890503,5.099324,1.17,1.576,4.663,64866.15893087724,60980.00158187724
A_M_1.0_1.0_172,COM,38.210122,174.634577,1.449,5.025,2.954,63436.38318087724,60980.00158187724
A_M_1.0_1.0_173,COM,0.866196,5.045739,1.42,4.867,3.427,61575.423601877235,60980.00158187724
A_M_1.0_1.0_174,COM,3.97578,19.539322,2.253,2.087,2.614,63222.589590877236,60980.00158187724
A_M_1.0_1.0_175,COM,7.498134,37.487765,1.949,1.518,4.566,62666.04065987724,60980.00158187724
A_M_1.0_1.0_176,COM,0.40942,3.017449,1.595,4.833,2.485,61360.979613877236,60980.00158187724
A_M_1.0_1.0_177,COM,1.231124,7.129947,2.672,1.1,4.659,63018.630227877235,60980.00158187724
A_M_1.0_1.0_178,COM,24.536075,126.649437,3.01,3.885,1.286,63774.18513687724,60980.00158187724
A_M_1.0_1.0_179,COM,1.654912,9.468199,0.827,4.833,1.531,63673.58009387724,60980.00158187724
A_M_1.0_1.0_180,COM,1.381475,8.070467,1.328,4.852,4.274,64487.62681887724,60980.00158187724
A_M_1.0_1.0_181,COM,8.2189,44.989074,1.787,1.679,4.623,64421.793295877236,60980.00158187724
A_M_1.0_1.0_182,COM,2.297214,13.557095,2.706,0.904,3.892,62686.793957877235,60980.00158187724
A_M_1.0_1.0_183,COM,10.663432,60.45329,0.7,3.586,2.801,64732.60628087724,60980.00158187724
A_M_1.0_1.0_184,COM,1.253855,8.011796,1.609,4.9,2.362,64576.796728877234,60980.00158187724
A_M_1.0_1.0_185,COM,3.548384,21.262923,2.142,1.278,1.659,63473.35849287724,60980.00158187724
A_M_1.0_1.0_186,COM,12.625339,74.544362,1.198,0.892,2.09,64290.702424877236,60980.00158187724
A_M_1.0_1.0_187,COM,1.542897,10.106879,1.686,1.131,3.319,63802.312159877234,60980.00158187724
A_M_1.0_1.0_188,COM,1.302703,8.845779,1.694,1.806,2.383,61012.954571877235,60980.00158187724
A_M_1.0_1.0_189,COM,0.611847,4.68374,1.489,4.954,2.055,62259.881948877235,60980.00158187724
A_M_1.0_1.0_190,COM,1.26269,9.004643,1.751,0.903,4.745,64570.16498687724,60980.00158187724
A_M_1.0_1.0_191,COM,6.584248,45.018105,2.002,2.072,4.835,61046.19752987724,60980.00158187724
A_M_1.0_1.0_192,COM,20.052216,139.466222,0.914,2.288,3.518,61787.74991287724,60980.00158187724
A_M_1.0_1.0_193,COM,1.301004,10.634411,0.433,3.725,2.442,61335.404024877236,60980.00158187724
A_M_1.0_1.0_194,COM,0.250156,2.894019,2.327,5.326,2.087,63279.124042877236,60980.00158187724
A_M_1.0_1.0_195,COM,9.401606,72.781767,2.382,5.66,2.201,64358.65520987724,60980.00158187724
A_M_1.0_1.0_196,COM,0.968573,8.425662,0.311,4.216,2.228,61871.672223877235,60980.00158187724
A_M_1.0_1.0_197,COM,1.159118,10.073027,0.891,2.248,3.898,63204.70161387724,60980.00158187724
A_M_1.0_1.0_198,COM,0.854651,7.647776,0.375,2.511,3.918,61145.93515787724,60980.00158187724
A_M_1.0_1.0_199,COM,14.649636,128.65554,0.86,2.153,4.115,63875.41128187724,60980.00158187724
A_M_1.0_1.0_200,COM,5.139523,45.882879,2.777,5.036,2.066,61602.981804877236,60980.00158187724
A_M_1.0_1.0_201,COM,1.089062,11.523924,1.238,0.278,2.657,62406.361059877236,60980.00158187724
A_M_1.0_1.0_202,COM,3.287449,33.696799,1.87,4.214,4.667,61365.98946287724,60980.00158187724
