ObjID,FORMAT,q,e,inc,node,argPeri,t_p_MJD_TDB,epochMJD_TDB
A_M_1.0_1.0_0,COM,0.54286,1.066697,2.912,4.575,0.055,63763.90938887724,60980.00158187724
A_M_1.0_1.0_1,COM,0.626328,1.083434,1.453,3.311,1.402,62697.70060087724,60980.00158187724
A_M_1.0_1.0_2,COM,1.303587,1.232321,2.104,1.67,5.13,60881.73565887724,60980.00158187724
A_M_1.0_1.0_3,COM,2.619527,1.460447,1.289,3.603,3.187,62359.86014487724,60980.00158187724
A_M_1.0_1.0_4,COM,1.194462,1.26382,2.584,4.331,0.853,62493.54058087724,60980.00158187724
A_M_1.0_1.0_5,COM,0.053123,1.010911,2.567,6.152,2.854,61037.96270187724,60980.00158187724
A_M_1.0_1.0_6,COM,31.077182,8.094619,1.594,3.19,4.505,69087.95564887724,60980.00158187724
A_M_1.0_1.0_7,COM,14.544516,5.058178,1.775,3.575,4.986,63377.616557877234,60980.00158187724
A_M_1.0_1.0_8,COM,1.695961,1.474476,2.006,2.789,2.653,62779.63873487724,60980.00158187724
A_M_1.0_1.0_9,COM,0.255724,1.074061,1.382,0.829,4.657,64556.534114877235,60980.00158187724
A_M_1.0_1.0_10,COM,3.757667,2.132819,2.417,0.143,1.749,64306.109788877235,60980.00158187724
A_M_1.0_1.0_11,COM,1.267117,1.401934,2.157,3.813,4.246,63689.473936877235,60980.00158187724
A_M_1.0_1.0_12,COM,0.87898,1.284511,2.272,4.574,3.231,64000.26239687724,60980.00158187724
A_M_1.0_1.0_13,COM,0.254556,1.087075,1.062,5.662,1.19,61220.127180877236,60980.00158187724
A_M_1.0_1.0_14,COM,7.849129,4.179393,1.868,5.821,4.562,59573.615160877234,60980.00158187724
A_M_1.0_1.0_15,COM,0.914544,1.340469,0.959,1.466,2.191,63523.62856287724,60980.00158187724
A_M_1.0_1.0_16,COM,0.852573,1.355472,2.493,5.86,3.088,62618.063670877236,60980.00158187724
A_M_1.0_1.0_17,COM,1.020486,1.432224,0.606,1.703,3.87,64192.54832987724,60980.00158187724
A_M_1.0_1.0_18,COM,1.280496,1.573251,2.245,3.215,5.513,62327.85779787724,60980.00158187724
A_M_1.0_1.0_19,COM,0.509649,1.240884,1.861,5.805,1.462,64201.487135877236,60980.00158187724
A_M_1.0_1.0_20,COM,1.305877,1.61589,2.553,1.074,2.825,63785.57876087724,60980.00158187724
A_M_1.0_1.0_21,COM,0.435143,1.214281,2.66,2.326,3.223,63591.286974877235,60980.00158187724
A_M_1.0_1.0_22,COM,28.059427,16.297374,2.134,4.01,2.847,64033.97037787724,60980.00158187724
A_M_1.0_1.0_23,COM,27.168509,17.14693,2.549,0.807,4.455,64034.759310877234,60980.00158187724
A_M_1.0_1.0_24,COM,1.365096,1.819201,2.411,3.333,3.295,63042.17005887724,60980.00158187724
A_M_1.0_1.0_25,COM,17.744652,11.260263,1.277,3.544,3.226,65145.88223487724,60980.00158187724
A_M_1.0_1.0_26,COM,1.364833,1.836691,1.334,4.633,2.485,63802.943482877236,60980.00158187724
A_M_1.0_1.0_27,COM,27.942872,19.514505,0.704,4.307,5.256,63016.16829887724,60980.00158187724
A_M_1.0_1.0_28,COM,4.532306,4.00204,1.007,1.651,3.241,61537.96743187724,60980.00158187724
A_M_1.0_1.0_29,COM,1.913456,2.271667,2.038,2.587,4.852,64617.23567587724,60980.00158187724
A_M_1.0_1.0_30,COM,0.509933,1.347865,1.107,2.797,2.035,63764.44134887724,60980.00158187724
A_M_1.0_1.0_31,COM,1.699166,2.180616,1.808,1.462,4.796,62009.470368877235,60980.00158187724
A_M_1.0_1.0_32,COM,4.970295,4.492797,0.317,5.72,3.649,61195.15469587724,60980.00158187724
A_M_1.0_1.0_33,COM,50.59325,38.596626,2.222,2.35,2.522,64539.61628687724,60980.00158187724
A_M_1.0_1.0_34,COM,5.209063,4.707963,2.467,5.432,5.954,65324.280871877236,60980.00158187724
A_M_1.0_1.0_35,COM,1.352568,1.999845,0.666,0.139,4.255,64312.25057387724,60980.00158187724
A_M_1.0_1.0_36,COM,25.983298,19.662902,1.213,3.32,1.604,62549.929424877235,60980.00158187724
A_M_1.0_1.0_37,COM,4.391726,4.4739,2.522,1.279,1.935,64065.17505887724,60980.00158187724
A_M_1.0_1.0_38,COM,0.37038,1.295518,1.623,3.332,4.107,61059.382826877234,60980.00158187724
A_M_1.0_1.0_39,COM,22.587865,19.081327,2.045,4.842,4.163,59924.79222387724,60980.00158187724
A_M_1.0_1.0_40,COM,32.137969,26.404747,2.449,0.433,6.218,58912.84795287724,60980.00158187724
A_M_1.0_1.0_41,COM,15.028645,13.817129,1.504,1.488,2.182,60832.30226887724,60980.00158187724
A_M_1.0_1.0_42,COM,2.534225,3.120308,1.262,1.033,3.142,62167.698943877236,60980.00158187724
A_M_1.0_1.0_43,COM,0.071386,1.065065,1.853,0.858,4.71,62055.93102587724,60980.00158187724
A_M_1.0_1.0_44,COM,5.201492,5.625972,2.456,3.386,1.611,63183.31619787724,60980.00158187724
A_M_1.0_1.0_45,COM,0.907905,1.81448,1.132,1.122,4.612,64420.61407887724,60980.00158187724
A_M_1.0_1.0_46,COM,26.063653,25.155961,1.93,3.115,3.187,61731.799872877236,60980.00158187724
A_M_1.0_1.0_47,COM,6.810182,7.728715,0.534,0.127,3.054,63899.082281877236,60980.00158187724
A_M_1.0_1.0_48,COM,3.622159,4.694704,2.097,3.306,2.239,64795.66285987724,60980.00158187724
A_M_1.0_1.0_49,COM,9.414629,10.881354,0.642,2.237,2.195,60241.49891587724,60980.00158187724
A_M_1.0_1.0_50,COM,46.593808,50.979701,1.553,2.003,1.077,61006.58757887724,60980.00158187724
A_M_1.0_1.0_51,COM,1.730892,3.002543,2.24,1.411,4.641,61181.14539187724,60980.00158187724
A_M_1.0_1.0_52,COM,0.888618,2.083494,0.99,1.738,4.795,60997.48080487724,60980.00158187724
A_M_1.0_1.0_53,COM,11.653925,14.606787,1.155,0.544,3.818,63175.39717687724,60980.00158187724
A_M_1.0_1.0_54,COM,0.652827,1.805842,0.777,4.474,3.927,61895.23430387724,60980.00158187724
A_M_1.0_1.0_55,COM,9.006555,12.769088,1.44,1.347,5.674,64966.271907877235,60980.00158187724
A_M_1.0_1.0_56,COM,27.535731,35.292504,1.193,0.647,3.524,58449.129280877234,60980.00158187724
A_M_1.0_1.0_57,COM,0.477553,1.60803,1.806,5.705,3.457,63074.72711287724,60980.00158187724
A_M_1.0_1.0_58,COM,9.582157,13.240186,1.519,2.282,3.665,64616.09159687724,60980.00158187724
A_M_1.0_1.0_59,COM,0.878002,2.103246,0.128,5.389,0.677,61445.08311187724,60980.00158187724
A_M_1.0_1.0_60,COM,10.52286,14.948562,0.891,4.864,0.446,60847.55615287724,60980.00158187724
A_M_1.0_1.0_61,COM,1.376083,2.893371,0.736,4.706,1.25,61455.01920587724,60980.00158187724
A_M_1.0_1.0_62,COM,0.820535,2.126172,2.259,2.102,3.331,64349.714869877236,60980.00158187724
A_M_1.0_1.0_63,COM,1.769014,3.429352,2.691,4.38,1.307,64429.22992387724,60980.00158187724
A_M_1.0_1.0_64,COM,0.413609,1.593631,2.284,3.682,0.892,62642.10598987724,60980.00158187724
A_M_1.0_1.0_65,COM,7.037186,11.310605,2.651,3.391,3.886,62487.47618387724,60980.00158187724
A_M_1.0_1.0_66,COM,15.08296,23.076063,0.913,1.629,1.492,61400.036047877235,60980.00158187724
A_M_1.0_1.0_67,COM,35.444781,54.240275,2.712,2.886,2.709,64931.81378687724,60980.00158187724
A_M_1.0_1.0_68,COM,5.79222,9.812388,2.094,4.116,1.445,63036.92375787724,60980.00158187724
A_M_1.0_1.0_69,COM,53.127014,82.872405,1.783,2.464,2.692,61827.76123187724,60980.00158187724
A_M_1.0_1.0_70,COM,13.476017,22.558652,2.069,2.159,0.039,64455.23787187724,60980.00158187724
A_M_1.0_1.0_71,COM,2.778396,5.570111,2.755,1.999,5.612,64072.76039487724,60980.00158187724
A_M_1.0_1.0_72,COM,14.881443,25.548161,2.017,4.517,1.304,63096.93596487724,60980.00158187724
A_M_1.0_1.0_73,COM,0.814313,2.448308,0.942,3.916,2.819,61423.94532487724,60980.00158187724
A_M_1.0_1.0_74,COM,2.91226,6.07368,1.645,1.161,3.496,62132.83819787724,60980.00158187724
A_M_1.0_1.0_75,COM,18.260199,35.099931,2.317,5.544,2.423,61791.10601787724,60980.00158187724
A_M_1.0_1.0_76,COM,56.923011,104.17825,2.081,0.986,3.924,65531.13449087724,60980.00158187724
A_M_1.0_1.0_77,COM,1.348547,3.548628,1.779,5.391,4.288,61029.74283887724,60980.00158187724
A_M_1.0_1.0_78,COM,1.997722,4.638897,1.743,0.942,5.636,62409.03535687724,60980.00158187724
A_M_1.0_1.0_79,COM,0.882772,2.619566,1.374,1.55,4.624,61701.442360877234,60980.00158187724
A_M_1.0_1.0_80,COM,15.511231,29.363376,2.166,1.563,4.024,62477.81907687724,60980.00158187724
A_M_1.0_1.0_81,COM,14.196655,27.854745,2.918,1.651,0.522,65242.01846087724,60980.00158187724
A_M_1.0_1.0_82,COM,15.113531,30.715793,0.859,2.093,3.867,62233.944815877236,60980.00158187724
A_M_1.0_1.0_83,COM,1.006066,2.928205,2.467,5.396,2.227,62611.065299877235,60980.00158187724
A_M_1.0_1.0_84,COM,2.283121,5.515384,1.422,4.62,4.199,61500.76613487724,60980.00158187724
A_M_1.0_1.0_85,COM,2.903693,6.575512,0.904,2.463,1.917,64347.26312387724,60980.00158187724
A_M_1.0_1.0_86,COM,3.907414,8.518913,2.501,5.28,2.56,61510.46548387724,60980.00158187724
A_M_1.0_1.0_87,COM,0.740643,2.473,1.154,1.122,4.81,62239.16213187724,60980.00158187724
A_M_1.0_1.0_88,COM,6.009797,13.209697,2.286,0.832,5.05,61531.38750587724,60980.00158187724
A_M_1.0_1.0_89,COM,37.916036,79.989665,0.859,3.837,3.08,64875.235501877236,60980.00158187724
A_M_1.0_1.0_90,COM,2.015891,5.298902,1.151,3.319,0.446,60968.77429787724,60980.00158187724
A_M_1.0_1.0_91,COM,19.961103,43.246309,0.583,5.416,0.425,63853.56270987724,60980.00158187724
A_M_1.0_1.0_92,COM,0.455926,1.972048,1.104,3.948,2.754,62680.12525587724,60980.00158187724
A_M_1.0_1.0_93,COM,0.296933,1.667057,0.274,2.636,1.245,61263.413566877236,60980.00158187724
A_M_1.0_1.0_94,COM,0.822774,2.845429,2.417,1.646,4.333,64195.855750877236,60980.00158187724
A_M_1.0_1.0_95,COM,3.898223,9.621191,1.924,1.902,4.199,61348.28295887724,60980.00158187724
A_M_1.0_1.0_96,COM,0.991402,3.21054,0.835,4.701,1.694,63509.131731877234,60980.00158187724
A_M_1.0_1.0_97,COM,51.773894,119.856016,1.732,4.301,2.2,65505.60214387724,60980.00158187724
A_M_1.0_1.0_98,COM,2.273028,6.638736,2.207,3.964,1.224,63366.056274877235,60980.00158187724
A_M_1.0_1.0_99,COM,16.297169,40.169227,1.388,5.752,5.588,65368.55570887724,60980.00158187724
A_M_1.0_1.0_100,COM,0.895084,3.148965,2.054,5.461,2.255,63875.87290887724,60980.00158187724
A_M_1.0_1.0_101,COM,5.789242,15.228059,2.123,4.739,2.618,64672.67935087724,60980.00158187724
A_M_1.0_1.0_102,COM,3.309872,9.10314,2.157,5.821,2.928,63815.03910887724,60980.00158187724
A_M_1.0_1.0_103,COM,3.954998,11.034727,0.326,5.241,6.181,61256.96661187724,60980.00158187724
A_M_1.0_1.0_104,COM,2.31156,6.864254,1.288,4.544,2.781,61184.44383787724,60980.00158187724
A_M_1.0_1.0_105,COM,4.328994,12.357174,1.818,1.148,4.39,63458.38386587724,60980.00158187724
A_M_1.0_1.0_106,COM,14.927681,40.229248,1.473,1.785,3.85,60989.65282487724,60980.00158187724
A_M_1.0_1.0_107,COM,0.183772,1.478578,1.779,5.281,2.935,62706.878469877236,60980.00158187724
A_M_1.0_1.0_108,COM,3.66742,10.559289,2.023,1.632,4.278,61406.64560187724,60980.00158187724
A_M_1.0_1.0_109,COM,35.676232,99.519121,2.458,3.736,3.546,63060.27683887724,60980.00158187724
A_M_1.0_1.0_110,COM,1.605247,5.504475,1.003,4.744,2.966,61243.288927877235,60980.00158187724
A_M_1.0_1.0_111,COM,5.975402,17.319204,2.478,6.172,5.123,63097.203993877236,60980.00158187724
A_M_1.0_1.0_112,COM,0.254313,1.7356,1.514,1.685,0.679,63134.44872987724,60980.00158187724
A_M_1.0_1.0_113,COM,0.736759,3.104493,2.284,5.076,2.511,63461.56160887724,60980.00158187724
A_M_1.0_1.0_114,COM,16.561807,49.361114,1.611,3.246,3.371,63209.875847877236,60980.00158187724
A_M_1.0_1.0_115,COM,10.485853,32.74872,0.837,4.762,2.721,62280.47457687724,60980.00158187724
A_M_1.0_1.0_116,COM,3.040112,9.987852,2.492,1.11,2.485,61599.34974487724,60980.00158187724
A_M_1.0_1.0_117,COM,2.47448,8.537432,1.549,4.898,2.575,64657.96397287724,60980.00158187724
A_M_1.0_1.0_118,COM,1.132828,4.581445,1.553,4.128,2.663,62104.10273187724,60980.00158187724
A_M_1.0_1.0_119,COM,0.743937,3.290031,2.539,1.236,4.826,61218.620150877236,60980.00158187724
A_M_1.0_1.0_120,COM,1.366168,5.179303,2.466,1.594,3.889,62179.99623287724,60980.00158187724
A_M_1.0_1.0_121,COM,2.054107,7.412891,2.194,4.017,4.129,63398.936579877234,60980.00158187724
A_M_1.0_1.0_122,COM,0.231578,1.727345,1.22,1.379,6.067,63396.08196187724,60980.00158187724
A_M_1.0_1.0_123,COM,8.570484,28.444595,0.515,3.541,2.945,64029.22203887724,60980.00158187724
A_M_1.0_1.0_124,COM,2.076441,7.596034,1.502,5.934,3.542,62448.976473877236,60980.00158187724
A_M_1.0_1.0_125,COM,2.566714,9.710527,0.278,1.042,1.864,63085.07652887724,60980.00158187724
A_M_1.0_1.0_126,COM,25.156602,84.014398,1.944,1.765,4.385,63974.986533877236,60980.00158187724
A_M_1.0_1.0_127,COM,1.300217,5.309858,0.828,0.111,2.771,63045.81627287724,60980.00158187724
A_M_1.0_1.0_128,COM,1.316759,5.498886,0.765,0.679,5.292,62608.527906877236,60980.00158187724
A_M_1.0_1.0_129,COM,36.995659,128.468349,1.921,2.464,4.537,63018.790585877236,60980.00158187724
A_M_1.0_1.0_130,COM,1.50848,6.41666,1.474,1.057,4.475,62947.14175587724,60980.00158187724
A_M_1.0_1.0_131,COM,2.17186,8.801517,1.138,2.799,3.622,61436.310056877235,60980.00158187724
A_M_1.0_1.0_132,COM,30.356162,114.603583,0.957,4.534,1.435,61107.31939287724,60980.00158187724
A_M_1.0_1.0_133,COM,1.266318,5.686265,2.564,1.28,4.764,61546.23480587724,60980.00158187724
A_M_1.0_1.0_134,COM,0.301185,2.132881,1.927,4.305,2.255,64640.520599877236,60980.00158187724
A_M_1.0_1.0_135,COM,1.407769,6.500879,1.257,0.55,2.146,61534.594423877235,60980.00158187724
A_M_1.0_1.0_136,COM,3.120464,13.555234,1.418,1.863,1.361,61257.31273287724,60980.00158187724
A_M_1.0_1.0_137,COM,0.953103,4.903775,1.15,4.868,4.457,63818.81600587724,60980.00158187724
A_M_1.0_1.0_138,COM,4.696054,21.896334,2.292,4.653,4.129,63851.13206087724,60980.00158187724
A_M_1.0_1.0_139,COM,10.765216,49.524007,1.557,4.293,2.571,64032.203539877235,60980.00158187724
A_M_1.0_1.0_140,COM,4.356979,21.099867,2.833,6.222,3.366,61274.180024877234,60980.00158187724
A_M_1.0_1.0_141,COM,39.441154,183.573637,0.828,4.119,2.483,63911.813129877235,60980.00158187724
A_M_1.0_1.0_142,COM,1.600831,8.612892,3.008,1.955,4.998,61731.08241387724,60980.00158187724
A_M_1.0_1.0_143,COM,0.940281,5.401517,1.511,4.678,4.339,62546.50753687724,60980.00158187724
A_M_1.0_1.0_144,COM,1.188493,6.50979,1.596,0.916,2.805,63893.69201087724,60980.00158187724
A_M_1.0_1.0_145,COM,29.697853,145.08902,1.379,2.048,4.018,64731.71777387724,60980.00158187724
A_M_1.0_1.0_146,COM,3.544135,17.933532,1.78,1.671,1.535,64131.81305987724,60980.00158187724
A_M_1.0_1.0_147,COM,0.150925,1.726725,2.768,2.677,3.384,64117.47044987724,60980.00158187724
A_M_1.0_1.0_148,COM,1.149889,6.608815,0.211,4.971,1.411,61361.37211187724,60980.00158187724
A_M_1.0_1.0_149,COM,25.439402,127.465505,2.815,3.277,0.44,60590.793893877235,60980.00158187724
A_M_1.0_1.0_150,COM,1.479255,8.398076,2.037,1.195,4.362,63746.52657787724,60980.00158187724
A_M_1.0_1.0_151,COM,9.030925,47.388911,0.724,4.067,2.203,62505.00549987724,60980.00158187724
A_M_1.0_1.0_152,COM,2.46042,13.630172,1.663,1.093,3.633,61556.28072387724,60980.00158187724
A_M_1.0_1.0_153,COM,1.588111,9.122551,1.542,4.619,4.986,62356.69538187724,60980.00158187724
A_M_1.0_1.0_154,COM,1.402678,8.504227,2.586,5.586,2.525,64233.91036687724,60980.00158187724
A_M_1.0_1.0_155,COM,1.459267,8.747149,1.647,5.767,2.912,62736.53646587724,60980.00158187724
A_M_1.0_1.0_156,COM,35.182204,194.859156,1.075,1.57,4.388,64267.73022087724,60980.00158187724
A_M_1.0_1.0_157,COM,2.680875,16.185559,1.095,0.853,2.809,62424.43673987724,60980.00158187724
A_M_1.0_1.0_158,COM,32.264435,204.584391,2.618,2.208,2.549,61489.087887877235,60980.00158187724
A_M_1.0_1.0_159,COM,1.296099,9.889851,0.403,1.054,2.401,62446.243429877235,60980.00158187724
A_M_1.0_1.0_160,COM,1.574051,12.142435,2.061,4.725,1.521,64289.091330877236,60980.00158187724
A_M_1.0_1.0_161,COM,2.074687,15.904887,1.769,1.521,4.315,64183.89866387724,60980.00158187724
A_M_1.0_1.0_162,COM,40.270048,298.351385,2.447,5.991,3.028,60679.86563987724,60980.00158187724
A_M_1.0_1.0_163,COM,42.796962,323.131093,2.682,5.742,3.009,64743.57786887724,60980.00158187724
A_M_1.0_1.0_164,COM,3.552866,28.243201,2.074,0.302,3.084,63240.58620887724,60980.00158187724
A_M_1.0_1.0_165,COM,16.374207,125.957362,1.535,4.753,1.549,63894.354694877235,60980.00158187724
A_M_1.0_1.0_166,COM,1.743232,14.268617,2.595,5.667,2.492,63849.22095887724,60980.00158187724
A_M_1.0_1.0_167,COM,1.910318,16.437065,0.687,3.897,2.776,62479.84923287724,60980.00158187724
A_M_1.0_1.0_168,COM,1.308403,11.741611,2.274,1.328,4.819,64418.39368887724,60980.00158187724
A_M_1.0_1.0_169,COM,3.30252,29.734324,1.892,1.762,4.522,64182.62375587724,60980.00158187724
A_M_1.0_1.0_170,COM,6.078368,54.902089,2.48,2.84,6.279,61989.78021787724,60980.00158187724
A_M_1.0_1.0_171,COM,3.362518,32.51207,1.834,5.42,2.51,61698.20619287724,60980.00158187724
A_M_1.0_1.0_172,COM,2.000391,22.688199,1.448,1.267,4.859,62846.46130887724,60980.00158187724
