ObjID,H_r,u-r,g-r,i-r,z-r,y-r,GS
A_M_1.5999999999999999_1.0_0,17.17,2.31,0.73,-0.33,-0.5,-0.68,0.15
A_M_1.5999999999999999_1.0_1,23.79,2.31,0.73,-0.33,-0.5,-0.68,0.15
A_M_1.5999999999999999_1.0_2,15.81,2.31,0.73,-0.33,-0.5,-0.68,0.15
A_M_1.5999999999999999_1.0_3,24.34,2.31,0.73,-0.33,-0.5,-0.68,0.15
A_M_1.5999999999999999_1.0_4,22.74,2.31,0.73,-0.33,-0.5,-0.68,0.15
A_M_1.5999999999999999_1.0_5,22.73,2.31,0.73,-0.33,-0.5,-0.68,0.15
A_M_1.5999999999999999_1.0_6,25.35,2.31,0.73,-0.33,-0.5,-0.68,0.15
A_M_1.5999999999999999_1.0_7,23.27,2.31,0.73,-0.33,-0.5,-0.68,0.15
A_M_1.5999999999999999_1.0_8,24.51,2.31,0.73,-0.33,-0.5,-0.68,0.15
A_M_1.5999999999999999_1.0_9,24.63,2.31,0.73,-0.33,-0.5,-0.68,0.15
A_M_1.5999999999999999_1.0_10,22.51,2.31,0.73,-0.33,-0.5,-0.68,0.15
A_M_1.5999999999999999_1.0_11,25.6,2.31,0.73,-0.33,-0.5,-0.68,0.15
A_M_1.5999999999999999_1.0_12,22.01,2.31,0.73,-0.33,-0.5,-0.68,0.15
A_M_1.5999999999999999_1.0_13,25.57,2.31,0.73,-0.33,-0.5,-0.68,0.15
A_M_1.5999999999999999_1.0_14,25.36,2.31,0.73,-0.33,-0.5,-0.68,0.15
A_M_1.5999999999999999_1.0_15,24.49,2.31,0.73,-0.33,-0.5,-0.68,0.15
A_M_1.5999999999999999_1.0_16,24.59,2.31,0.73,-0.33,-0.5,-0.68,0.15
A_M_1.5999999999999999_1.0_17,21.94,2.31,0.73,-0.33,-0.5,-0.68,0.15
A_M_1.5999999999999999_1.0_18,24.89,2.31,0.73,-0.33,-0.5,-0.68,0.15
A_M_1.5999999999999999_1.0_19,25.57,2.31,0.73,-0.33,-0.5,-0.68,0.15
A_M_1.5999999999999999_1.0_20,22.15,2.31,0.73,-0.33,-0.5,-0.68,0.15
A_M_1.5999999999999999_1.0_21,25.37,2.31,0.73,-0.33,-0.5,-0.68,0.15
A_M_1.5999999999999999_1.0_22,16.61,2.31,0.73,-0.33,-0.5,-0.68,0.15
A_M_1.5999999999999999_1.0_23,25.09,2.31,0.73,-0.33,-0.5,-0.68,0.15
A_M_1.5999999999999999_1.0_24,24.1,2.31,0.73,-0.33,-0.5,-0.68,0.15
A_M_1.5999999999999999_1.0_25,22.28,2.31,0.73,-0.33,-0.5,-0.68,0.15
A_M_1.5999999999999999_1.0_26,21.61,2.31,0.73,-0.33,-0.5,-0.68,0.15
A_M_1.5999999999999999_1.0_27,24.72,2.31,0.73,-0.33,-0.5,-0.68,0.15
A_M_1.5999999999999999_1.0_28,23.5,2.31,0.73,-0.33,-0.5,-0.68,0.15
A_M_1.5999999999999999_1.0_29,24.0,2.31,0.73,-0.33,-0.5,-0.68,0.15
A_M_1.5999999999999999_1.0_30,25.58,2.31,0.73,-0.33,-0.5,-0.68,0.15
A_M_1.5999999999999999_1.0_31,23.07,2.31,0.73,-0.33,-0.5,-0.68,0.15
A_M_1.5999999999999999_1.0_32,24.86,2.31,0.73,-0.33,-0.5,-0.68,0.15
A_M_1.5999999999999999_1.0_33,23.09,2.31,0.73,-0.33,-0.5,-0.68,0.15
A_M_1.5999999999999999_1.0_34,25.17,2.31,0.73,-0.33,-0.5,-0.68,0.15
A_M_1.5999999999999999_1.0_35,24.85,2.31,0.73,-0.33,-0.5,-0.68,0.15
A_M_1.5999999999999999_1.0_36,23.68,2.31,0.73,-0.33,-0.5,-0.68,0.15
A_M_1.5999999999999999_1.0_37,23.77,2.31,0.73,-0.33,-0.5,-0.68,0.15
A_M_1.5999999999999999_1.0_38,24.11,2.31,0.73,-0.33,-0.5,-0.68,0.15
A_M_1.5999999999999999_1.0_39,13.17,2.31,0.73,-0.33,-0.5,-0.68,0.15
A_M_1.5999999999999999_1.0_40,25.34,2.31,0.73,-0.33,-0.5,-0.68,0.15
A_M_1.5999999999999999_1.0_41,24.76,2.31,0.73,-0.33,-0.5,-0.68,0.15
A_M_1.5999999999999999_1.0_42,25.56,2.31,0.73,-0.33,-0.5,-0.68,0.15
A_M_1.5999999999999999_1.0_43,19.08,2.31,0.73,-0.33,-0.5,-0.68,0.15
A_M_1.5999999999999999_1.0_44,25.28,2.31,0.73,-0.33,-0.5,-0.68,0.15
A_M_1.5999999999999999_1.0_45,24.59,2.31,0.73,-0.33,-0.5,-0.68,0.15
A_M_1.5999999999999999_1.0_46,14.75,2.31,0.73,-0.33,-0.5,-0.68,0.15
A_M_1.5999999999999999_1.0_47,18.87,2.31,0.73,-0.33,-0.5,-0.68,0.15
A_M_1.5999999999999999_1.0_48,22.66,2.31,0.73,-0.33,-0.5,-0.68,0.15
A_M_1.5999999999999999_1.0_49,23.3,2.31,0.73,-0.33,-0.5,-0.68,0.15
A_M_1.5999999999999999_1.0_50,23.39,2.31,0.73,-0.33,-0.5,-0.68,0.15
A_M_1.5999999999999999_1.0_51,25.59,2.31,0.73,-0.33,-0.5,-0.68,0.15
A_M_1.5999999999999999_1.0_52,23.19,2.31,0.73,-0.33,-0.5,-0.68,0.15
A_M_1.5999999999999999_1.0_53,24.73,2.31,0.73,-0.33,-0.5,-0.68,0.15
A_M_1.5999999999999999_1.0_54,25.59,2.31,0.73,-0.33,-0.5,-0.68,0.15
A_M_1.5999999999999999_1.0_55,25.02,2.31,0.73,-0.33,-0.5,-0.68,0.15
A_M_1.5999999999999999_1.0_56,21.21,2.31,0.73,-0.33,-0.5,-0.68,0.15
A_M_1.5999999999999999_1.0_57,20.23,2.31,0.73,-0.33,-0.5,-0.68,0.15
A_M_1.5999999999999999_1.0_58,25.26,2.31,0.73,-0.33,-0.5,-0.68,0.15
A_M_1.5999999999999999_1.0_59,21.91,2.31,0.73,-0.33,-0.5,-0.68,0.15
A_M_1.5999999999999999_1.0_60,23.95,2.31,0.73,-0.33,-0.5,-0.68,0.15
A_M_1.5999999999999999_1.0_61,25.16,2.31,0.73,-0.33,-0.5,-0.68,0.15
A_M_1.5999999999999999_1.0_62,22.13,2.31,0.73,-0.33,-0.5,-0.68,0.15
A_M_1.5999999999999999_1.0_63,22.2,2.31,0.73,-0.33,-0.5,-0.68,0.15
A_M_1.5999999999999999_1.0_64,24.67,2.31,0.73,-0.33,-0.5,-0.68,0.15
A_M_1.5999999999999999_1.0_65,22.11,2.31,0.73,-0.33,-0.5,-0.68,0.15
A_M_1.5999999999999999_1.0_66,23.64,2.31,0.73,-0.33,-0.5,-0.68,0.15
A_M_1.5999999999999999_1.0_67,23.06,2.31,0.73,-0.33,-0.5,-0.68,0.15
A_M_1.5999999999999999_1.0_68,24.96,2.31,0.73,-0.33,-0.5,-0.68,0.15
A_M_1.5999999999999999_1.0_69,25.57,2.31,0.73,-0.33,-0.5,-0.68,0.15
A_M_1.5999999999999999_1.0_70,23.26,2.31,0.73,-0.33,-0.5,-0.68,0.15
A_M_1.5999999999999999_1.0_71,20.34,2.31,0.73,-0.33,-0.5,-0.68,0.15
A_M_1.5999999999999999_1.0_72,24.75,2.31,0.73,-0.33,-0.5,-0.68,0.15
A_M_1.5999999999999999_1.0_73,25.04,2.31,0.73,-0.33,-0.5,-0.68,0.15
A_M_1.5999999999999999_1.0_74,25.28,2.31,0.73,-0.33,-0.5,-0.68,0.15
A_M_1.5999999999999999_1.0_75,22.99,2.31,0.73,-0.33,-0.5,-0.68,0.15
A_M_1.5999999999999999_1.0_76,24.22,2.31,0.73,-0.33,-0.5,-0.68,0.15
A_M_1.5999999999999999_1.0_77,24.32,2.31,0.73,-0.33,-0.5,-0.68,0.15
A_M_1.5999999999999999_1.0_78,24.21,2.31,0.73,-0.33,-0.5,-0.68,0.15
A_M_1.5999999999999999_1.0_79,22.86,2.31,0.73,-0.33,-0.5,-0.68,0.15
A_M_1.5999999999999999_1.0_80,24.39,2.31,0.73,-0.33,-0.5,-0.68,0.15
A_M_1.5999999999999999_1.0_81,24.78,2.31,0.73,-0.33,-0.5,-0.68,0.15
A_M_1.5999999999999999_1.0_82,21.62,2.31,0.73,-0.33,-0.5,-0.68,0.15
A_M_1.5999999999999999_1.0_83,25.34,2.31,0.73,-0.33,-0.5,-0.68,0.15
A_M_1.5999999999999999_1.0_84,19.62,2.31,0.73,-0.33,-0.5,-0.68,0.15
A_M_1.5999999999999999_1.0_85,25.61,2.31,0.73,-0.33,-0.5,-0.68,0.15
A_M_1.5999999999999999_1.0_86,24.95,2.31,0.73,-0.33,-0.5,-0.68,0.15
A_M_1.5999999999999999_1.0_87,19.66,2.31,0.73,-0.33,-0.5,-0.68,0.15
A_M_1.5999999999999999_1.0_88,24.84,2.31,0.73,-0.33,-0.5,-0.68,0.15
A_M_1.5999999999999999_1.0_89,19.9,2.31,0.73,-0.33,-0.5,-0.68,0.15
A_M_1.5999999999999999_1.0_90,24.94,2.31,0.73,-0.33,-0.5,-0.68,0.15
A_M_1.5999999999999999_1.0_91,23.16,2.31,0.73,-0.33,-0.5,-0.68,0.15
A_M_1.5999999999999999_1.0_92,24.09,2.31,0.73,-0.33,-0.5,-0.68,0.15
A_M_1.5999999999999999_1.0_93,21.46,2.31,0.73,-0.33,-0.5,-0.68,0.15
A_M_1.5999999999999999_1.0_94,22.62,2.31,0.73,-0.33,-0.5,-0.68,0.15
A_M_1.5999999999999999_1.0_95,25.38,2.31,0.73,-0.33,-0.5,-0.68,0.15
A_M_1.5999999999999999_1.0_96,23.35,2.31,0.73,-0.33,-0.5,-0.68,0.15
A_M_1.5999999999999999_1.0_97,18.57,2.31,0.73,-0.33,-0.5,-0.68,0.15
A_M_1.5999999999999999_1.0_98,24.99,2.31,0.73,-0.33,-0.5,-0.68,0.15
A_M_1.5999999999999999_1.0_99,24.68,2.31,0.73,-0.33,-0.5,-0.68,0.15
A_M_1.5999999999999999_1.0_100,24.03,2.31,0.73,-0.33,-0.5,-0.68,0.15
A_M_1.5999999999999999_1.0_101,24.49,2.31,0.73,-0.33,-0.5,-0.68,0.15
A_M_1.5999999999999999_1.0_102,24.76,2.31,0.73,-0.33,-0.5,-0.68,0.15
A_M_1.5999999999999999_1.0_103,24.95,2.31,0.73,-0.33,-0.5,-0.68,0.15
A_M_1.5999999999999999_1.0_104,10.0,2.31,0.73,-0.33,-0.5,-0.68,0.15
A_M_1.5999999999999999_1.0_105,24.54,2.31,0.73,-0.33,-0.5,-0.68,0.15
A_M_1.5999999999999999_1.0_106,25.45,2.31,0.73,-0.33,-0.5,-0.68,0.15
A_M_1.5999999999999999_1.0_107,23.98,2.31,0.73,-0.33,-0.5,-0.68,0.15
A_M_1.5999999999999999_1.0_108,25.46,2.31,0.73,-0.33,-0.5,-0.68,0.15
A_M_1.5999999999999999_1.0_109,22.64,2.31,0.73,-0.33,-0.5,-0.68,0.15
A_M_1.5999999999999999_1.0_110,20.94,2.31,0.73,-0.33,-0.5,-0.68,0.15
A_M_1.5999999999999999_1.0_111,25.49,2.31,0.73,-0.33,-0.5,-0.68,0.15
A_M_1.5999999999999999_1.0_112,19.95,2.31,0.73,-0.33,-0.5,-0.68,0.15
A_M_1.5999999999999999_1.0_113,23.65,2.31,0.73,-0.33,-0.5,-0.68,0.15
A_M_1.5999999999999999_1.0_114,16.12,2.31,0.73,-0.33,-0.5,-0.68,0.15
A_M_1.5999999999999999_1.0_115,24.74,2.31,0.73,-0.33,-0.5,-0.68,0.15
A_M_1.5999999999999999_1.0_116,25.07,2.31,0.73,-0.33,-0.5,-0.68,0.15
A_M_1.5999999999999999_1.0_117,24.6,2.31,0.73,-0.33,-0.5,-0.68,0.15
A_M_1.5999999999999999_1.0_118,24.74,2.31,0.73,-0.33,-0.5,-0.68,0.15
A_M_1.5999999999999999_1.0_119,24.49,2.31,0.73,-0.33,-0.5,-0.68,0.15
A_M_1.5999999999999999_1.0_120,24.74,2.31,0.73,-0.33,-0.5,-0.68,0.15
A_M_1.5999999999999999_1.0_121,24.45,2.31,0.73,-0.33,-0.5,-0.68,0.15
A_M_1.5999999999999999_1.0_122,18.59,2.31,0.73,-0.33,-0.5,-0.68,0.15
A_M_1.5999999999999999_1.0_123,24.54,2.31,0.73,-0.33,-0.5,-0.68,0.15
A_M_1.5999999999999999_1.0_124,23.21,2.31,0.73,-0.33,-0.5,-0.68,0.15
A_M_1.5999999999999999_1.0_125,21.44,2.31,0.73,-0.33,-0.5,-0.68,0.15
A_M_1.5999999999999999_1.0_126,18.72,2.31,0.73,-0.33,-0.5,-0.68,0.15
A_M_1.5999999999999999_1.0_127,25.49,2.31,0.73,-0.33,-0.5,-0.68,0.15
A_M_1.5999999999999999_1.0_128,25.16,2.31,0.73,-0.33,-0.5,-0.68,0.15
A_M_1.5999999999999999_1.0_129,25.53,2.31,0.73,-0.33,-0.5,-0.68,0.15
A_M_1.5999999999999999_1.0_130,24.39,2.31,0.73,-0.33,-0.5,-0.68,0.15
A_M_1.5999999999999999_1.0_131,24.22,2.31,0.73,-0.33,-0.5,-0.68,0.15
A_M_1.5999999999999999_1.0_132,24.21,2.31,0.73,-0.33,-0.5,-0.68,0.15
A_M_1.5999999999999999_1.0_133,19.71,2.31,0.73,-0.33,-0.5,-0.68,0.15
A_M_1.5999999999999999_1.0_134,11.81,2.31,0.73,-0.33,-0.5,-0.68,0.15
A_M_1.5999999999999999_1.0_135,19.52,2.31,0.73,-0.33,-0.5,-0.68,0.15
A_M_1.5999999999999999_1.0_136,23.06,2.31,0.73,-0.33,-0.5,-0.68,0.15
A_M_1.5999999999999999_1.0_137,24.73,2.31,0.73,-0.33,-0.5,-0.68,0.15
A_M_1.5999999999999999_1.0_138,24.14,2.31,0.73,-0.33,-0.5,-0.68,0.15
A_M_1.5999999999999999_1.0_139,24.21,2.31,0.73,-0.33,-0.5,-0.68,0.15
A_M_1.5999999999999999_1.0_140,25.59,2.31,0.73,-0.33,-0.5,-0.68,0.15
A_M_1.5999999999999999_1.0_141,25.08,2.31,0.73,-0.33,-0.5,-0.68,0.15
A_M_1.5999999999999999_1.0_142,25.33,2.31,0.73,-0.33,-0.5,-0.68,0.15
A_M_1.5999999999999999_1.0_143,24.89,2.31,0.73,-0.33,-0.5,-0.68,0.15
A_M_1.5999999999999999_1.0_144,23.13,2.31,0.73,-0.33,-0.5,-0.68,0.15
A_M_1.5999999999999999_1.0_145,24.51,2.31,0.73,-0.33,-0.5,-0.68,0.15
A_M_1.5999999999999999_1.0_146,24.79,2.31,0.73,-0.33,-0.5,-0.68,0.15
A_M_1.5999999999999999_1.0_147,24.71,2.31,0.73,-0.33,-0.5,-0.68,0.15
A_M_1.5999999999999999_1.0_148,24.67,2.31,0.73,-0.33,-0.5,-0.68,0.15
A_M_1.5999999999999999_1.0_149,25.04,2.31,0.73,-0.33,-0.5,-0.68,0.15
A_M_1.5999999999999999_1.0_150,25.32,2.31,0.73,-0.33,-0.5,-0.68,0.15
A_M_1.5999999999999999_1.0_151,25.01,2.31,0.73,-0.33,-0.5,-0.68,0.15
A_M_1.5999999999999999_1.0_152,20.65,2.31,0.73,-0.33,-0.5,-0.68,0.15
A_M_1.5999999999999999_1.0_153,24.61,2.31,0.73,-0.33,-0.5,-0.68,0.15
A_M_1.5999999999999999_1.0_154,20.09,2.31,0.73,-0.33,-0.5,-0.68,0.15
A_M_1.5999999999999999_1.0_155,25.49,2.31,0.73,-0.33,-0.5,-0.68,0.15
A_M_1.5999999999999999_1.0_156,24.37,2.31,0.73,-0.33,-0.5,-0.68,0.15
A_M_1.5999999999999999_1.0_157,23.38,2.31,0.73,-0.33,-0.5,-0.68,0.15
A_M_1.5999999999999999_1.0_158,25.08,2.31,0.73,-0.33,-0.5,-0.68,0.15
A_M_1.5999999999999999_1.0_159,22.81,2.31,0.73,-0.33,-0.5,-0.68,0.15
A_M_1.5999999999999999_1.0_160,24.79,2.31,0.73,-0.33,-0.5,-0.68,0.15
A_M_1.5999999999999999_1.0_161,23.04,2.31,0.73,-0.33,-0.5,-0.68,0.15
A_M_1.5999999999999999_1.0_162,24.61,2.31,0.73,-0.33,-0.5,-0.68,0.15
A_M_1.5999999999999999_1.0_163,25.57,2.31,0.73,-0.33,-0.5,-0.68,0.15
A_M_1.5999999999999999_1.0_164,21.88,2.31,0.73,-0.33,-0.5,-0.68,0.15
A_M_1.5999999999999999_1.0_165,23.02,2.31,0.73,-0.33,-0.5,-0.68,0.15
A_M_1.5999999999999999_1.0_166,25.02,2.31,0.73,-0.33,-0.5,-0.68,0.15
A_M_1.5999999999999999_1.0_167,24.64,2.31,0.73,-0.33,-0.5,-0.68,0.15
A_M_1.5999999999999999_1.0_168,15.13,2.31,0.73,-0.33,-0.5,-0.68,0.15
A_M_1.5999999999999999_1.0_169,22.96,2.31,0.73,-0.33,-0.5,-0.68,0.15
A_M_1.5999999999999999_1.0_170,22.23,2.31,0.73,-0.33,-0.5,-0.68,0.15
A_M_1.5999999999999999_1.0_171,19.99,2.31,0.73,-0.33,-0.5,-0.68,0.15
A_M_1.5999999999999999_1.0_172,11.76,2.31,0.73,-0.33,-0.5,-0.68,0.15
A_M_1.5999999999999999_1.0_173,23.63,2.31,0.73,-0.33,-0.5,-0.68,0.15
A_M_1.5999999999999999_1.0_174,20.18,2.31,0.73,-0.33,-0.5,-0.68,0.15
A_M_1.5999999999999999_1.0_175,21.96,2.31,0.73,-0.33,-0.5,-0.68,0.15
A_M_1.5999999999999999_1.0_176,17.48,2.31,0.73,-0.33,-0.5,-0.68,0.15
A_M_1.5999999999999999_1.0_177,25.11,2.31,0.73,-0.33,-0.5,-0.68,0.15
A_M_1.5999999999999999_1.0_178,24.25,2.31,0.73,-0.33,-0.5,-0.68,0.15
A_M_1.5999999999999999_1.0_179,22.54,2.31,0.73,-0.33,-0.5,-0.68,0.15
A_M_1.5999999999999999_1.0_180,21.56,2.31,0.73,-0.33,-0.5,-0.68,0.15
A_M_1.5999999999999999_1.0_181,25.41,2.31,0.73,-0.33,-0.5,-0.68,0.15
A_M_1.5999999999999999_1.0_182,21.83,2.31,0.73,-0.33,-0.5,-0.68,0.15
A_M_1.5999999999999999_1.0_183,23.98,2.31,0.73,-0.33,-0.5,-0.68,0.15
A_M_1.5999999999999999_1.0_184,16.78,2.31,0.73,-0.33,-0.5,-0.68,0.15
A_M_1.5999999999999999_1.0_185,25.47,2.31,0.73,-0.33,-0.5,-0.68,0.15
A_M_1.5999999999999999_1.0_186,25.4,2.31,0.73,-0.33,-0.5,-0.68,0.15
A_M_1.5999999999999999_1.0_187,22.35,2.31,0.73,-0.33,-0.5,-0.68,0.15
A_M_1.5999999999999999_1.0_188,25.05,2.31,0.73,-0.33,-0.5,-0.68,0.15
A_M_1.5999999999999999_1.0_189,25.54,2.31,0.73,-0.33,-0.5,-0.68,0.15
A_M_1.5999999999999999_1.0_190,19.86,2.31,0.73,-0.33,-0.5,-0.68,0.15
A_M_1.5999999999999999_1.0_191,24.61,2.31,0.73,-0.33,-0.5,-0.68,0.15
A_M_1.5999999999999999_1.0_192,18.96,2.31,0.73,-0.33,-0.5,-0.68,0.15
A_M_1.5999999999999999_1.0_193,24.89,2.31,0.73,-0.33,-0.5,-0.68,0.15
A_M_1.5999999999999999_1.0_194,22.6,2.31,0.73,-0.33,-0.5,-0.68,0.15
A_M_1.5999999999999999_1.0_195,20.58,2.31,0.73,-0.33,-0.5,-0.68,0.15
A_M_1.5999999999999999_1.0_196,25.59,2.31,0.73,-0.33,-0.5,-0.68,0.15
A_M_1.5999999999999999_1.0_197,25.02,2.31,0.73,-0.33,-0.5,-0.68,0.15
A_M_1.5999999999999999_1.0_198,25.44,2.31,0.73,-0.33,-0.5,-0.68,0.15
A_M_1.5999999999999999_1.0_199,20.83,2.31,0.73,-0.33,-0.5,-0.68,0.15
A_M_1.5999999999999999_1.0_200,22.17,2.31,0.73,-0.33,-0.5,-0.68,0.15
A_M_1.5999999999999999_1.0_201,21.03,2.31,0.73,-0.33,-0.5,-0.68,0.15
A_M_1.5999999999999999_1.0_202,25.29,2.31,0.73,-0.33,-0.5,-0.68,0.15
A_M_1.5999999999999999_1.0_203,22.71,2.31,0.73,-0.33,-0.5,-0.68,0.15
A_M_1.5999999999999999_1.0_204,23.66,2.31,0.73,-0.33,-0.5,-0.68,0.15
A_M_1.5999999999999999_1.0_205,25.41,2.31,0.73,-0.33,-0.5,-0.68,0.15
A_M_1.5999999999999999_1.0_206,25.01,2.31,0.73,-0.33,-0.5,-0.68,0.15
A_M_1.5999999999999999_1.0_207,25.32,2.31,0.73,-0.33,-0.5,-0.68,0.15
A_M_1.5999999999999999_1.0_208,21.47,2.31,0.73,-0.33,-0.5,-0.68,0.15
A_M_1.5999999999999999_1.0_209,24.61,2.31,0.73,-0.33,-0.5,-0.68,0.15
A_M_1.5999999999999999_1.0_210,23.67,2.31,0.73,-0.33,-0.5,-0.68,0.15
A_M_1.5999999999999999_1.0_211,24.6,2.31,0.73,-0.33,-0.5,-0.68,0.15
A_M_1.5999999999999999_1.0_212,19.4,2.31,0.73,-0.33,-0.5,-0.68,0.15
A_M_1.5999999999999999_1.0_213,24.43,2.31,0.73,-0.33,-0.5,-0.68,0.15
A_M_1.5999999999999999_1.0_214,25.56,2.31,0.73,-0.33,-0.5,-0.68,0.15
A_M_1.5999999999999999_1.0_215,24.63,2.31,0.73,-0.33,-0.5,-0.68,0.15
A_M_1.5999999999999999_1.0_216,25.12,2.31,0.73,-0.33,-0.5,-0.68,0.15
A_M_1.5999999999999999_1.0_217,25.18,2.31,0.73,-0.33,-0.5,-0.68,0.15
A_M_1.5999999999999999_1.0_218,24.4,2.31,0.73,-0.33,-0.5,-0.68,0.15
A_M_1.5999999999999999_1.0_219,25.26,2.31,0.73,-0.33,-0.5,-0.68,0.15
A_M_1.5999999999999999_1.0_220,23.39,2.31,0.73,-0.33,-0.5,-0.68,0.15
A_M_1.5999999999999999_1.0_221,22.72,2.31,0.73,-0.33,-0.5,-0.68,0.15
A_M_1.5999999999999999_1.0_222,24.62,2.31,0.73,-0.33,-0.5,-0.68,0.15
A_M_1.5999999999999999_1.0_223,22.19,2.31,0.73,-0.33,-0.5,-0.68,0.15
A_M_1.5999999999999999_1.0_224,24.95,2.31,0.73,-0.33,-0.5,-0.68,0.15
A_M_1.5999999999999999_1.0_225,25.57,2.31,0.73,-0.33,-0.5,-0.68,0.15
A_M_1.5999999999999999_1.0_226,24.96,2.31,0.73,-0.33,-0.5,-0.68,0.15
A_M_1.5999999999999999_1.0_227,25.51,2.31,0.73,-0.33,-0.5,-0.68,0.15
A_M_1.5999999999999999_1.0_228,23.98,2.31,0.73,-0.33,-0.5,-0.68,0.15
A_M_1.5999999999999999_1.0_229,22.6,2.31,0.73,-0.33,-0.5,-0.68,0.15
A_M_1.5999999999999999_1.0_230,22.09,2.31,0.73,-0.33,-0.5,-0.68,0.15
A_M_1.5999999999999999_1.0_231,25.05,2.31,0.73,-0.33,-0.5,-0.68,0.15
A_M_1.5999999999999999_1.0_232,24.69,2.31,0.73,-0.33,-0.5,-0.68,0.15
A_M_1.5999999999999999_1.0_233,24.26,2.31,0.73,-0.33,-0.5,-0.68,0.15
A_M_1.5999999999999999_1.0_234,25.13,2.31,0.73,-0.33,-0.5,-0.68,0.15
A_M_1.5999999999999999_1.0_235,25.18,2.31,0.73,-0.33,-0.5,-0.68,0.15
A_M_1.5999999999999999_1.0_236,24.78,2.31,0.73,-0.33,-0.5,-0.68,0.15
A_M_1.5999999999999999_1.0_237,23.8,2.31,0.73,-0.33,-0.5,-0.68,0.15
A_M_1.5999999999999999_1.0_238,15.42,2.31,0.73,-0.33,-0.5,-0.68,0.15
A_M_1.5999999999999999_1.0_239,24.07,2.31,0.73,-0.33,-0.5,-0.68,0.15
A_M_1.5999999999999999_1.0_240,25.15,2.31,0.73,-0.33,-0.5,-0.68,0.15
A_M_1.5999999999999999_1.0_241,22.64,2.31,0.73,-0.33,-0.5,-0.68,0.15
A_M_1.5999999999999999_1.0_242,24.92,2.31,0.73,-0.33,-0.5,-0.68,0.15
A_M_1.5999999999999999_1.0_243,25.31,2.31,0.73,-0.33,-0.5,-0.68,0.15
A_M_1.5999999999999999_1.0_244,25.59,2.31,0.73,-0.33,-0.5,-0.68,0.15
A_M_1.5999999999999999_1.0_245,23.76,2.31,0.73,-0.33,-0.5,-0.68,0.15
A_M_1.5999999999999999_1.0_246,25.3,2.31,0.73,-0.33,-0.5,-0.68,0.15
A_M_1.5999999999999999_1.0_247,25.49,2.31,0.73,-0.33,-0.5,-0.68,0.15
A_M_1.5999999999999999_1.0_248,25.58,2.31,0.73,-0.33,-0.5,-0.68,0.15
A_M_1.5999999999999999_1.0_249,25.2,2.31,0.73,-0.33,-0.5,-0.68,0.15
A_M_1.5999999999999999_1.0_250,20.94,2.31,0.73,-0.33,-0.5,-0.68,0.15
A_M_1.5999999999999999_1.0_251,25.53,2.31,0.73,-0.33,-0.5,-0.68,0.15
A_M_1.5999999999999999_1.0_252,25.57,2.31,0.73,-0.33,-0.5,-0.68,0.15
A_M_1.5999999999999999_1.0_253,24.17,2.31,0.73,-0.33,-0.5,-0.68,0.15
A_M_1.5999999999999999_1.0_254,25.07,2.31,0.73,-0.33,-0.5,-0.68,0.15
A_M_1.5999999999999999_1.0_255,22.06,2.31,0.73,-0.33,-0.5,-0.68,0.15
A_M_1.5999999999999999_1.0_256,21.32,2.31,0.73,-0.33,-0.5,-0.68,0.15
A_M_1.5999999999999999_1.0_257,25.48,2.31,0.73,-0.33,-0.5,-0.68,0.15
A_M_1.5999999999999999_1.0_258,25.47,2.31,0.73,-0.33,-0.5,-0.68,0.15
A_M_1.5999999999999999_1.0_259,24.38,2.31,0.73,-0.33,-0.5,-0.68,0.15
A_M_1.5999999999999999_1.0_260,25.31,2.31,0.73,-0.33,-0.5,-0.68,0.15
A_M_1.5999999999999999_1.0_261,23.94,2.31,0.73,-0.33,-0.5,-0.68,0.15
A_M_1.5999999999999999_1.0_262,23.22,2.31,0.73,-0.33,-0.5,-0.68,0.15
A_M_1.5999999999999999_1.0_263,24.8,2.31,0.73,-0.33,-0.5,-0.68,0.15
A_M_1.5999999999999999_1.0_264,17.21,2.31,0.73,-0.33,-0.5,-0.68,0.15
A_M_1.5999999999999999_1.0_265,24.38,2.31,0.73,-0.33,-0.5,-0.68,0.15
A_M_1.5999999999999999_1.0_266,23.61,2.31,0.73,-0.33,-0.5,-0.68,0.15
A_M_1.5999999999999999_1.0_267,25.45,2.31,0.73,-0.33,-0.5,-0.68,0.15
A_M_1.5999999999999999_1.0_268,24.36,2.31,0.73,-0.33,-0.5,-0.68,0.15
A_M_1.5999999999999999_1.0_269,23.45,2.31,0.73,-0.33,-0.5,-0.68,0.15
A_M_1.5999999999999999_1.0_270,21.49,2.31,0.73,-0.33,-0.5,-0.68,0.15
A_M_1.5999999999999999_1.0_271,18.42,2.31,0.73,-0.33,-0.5,-0.68,0.15
A_M_1.5999999999999999_1.0_272,23.65,2.31,0.73,-0.33,-0.5,-0.68,0.15
A_M_1.5999999999999999_1.0_273,25.34,2.31,0.73,-0.33,-0.5,-0.68,0.15
A_M_1.5999999999999999_1.0_274,24.6,2.31,0.73,-0.33,-0.5,-0.68,0.15
A_M_1.5999999999999999_1.0_275,24.9,2.31,0.73,-0.33,-0.5,-0.68,0.15
A_M_1.5999999999999999_1.0_276,25.33,2.31,0.73,-0.33,-0.5,-0.68,0.15
A_M_1.5999999999999999_1.0_277,24.86,2.31,0.73,-0.33,-0.5,-0.68,0.15
A_M_1.5999999999999999_1.0_278,25.54,2.31,0.73,-0.33,-0.5,-0.68,0.15
A_M_1.5999999999999999_1.0_279,25.32,2.31,0.73,-0.33,-0.5,-0.68,0.15
A_M_1.5999999999999999_1.0_280,24.21,2.31,0.73,-0.33,-0.5,-0.68,0.15
A_M_1.5999999999999999_1.0_281,22.58,2.31,0.73,-0.33,-0.5,-0.68,0.15
A_M_1.5999999999999999_1.0_282,21.59,2.31,0.73,-0.33,-0.5,-0.68,0.15
A_M_1.5999999999999999_1.0_283,19.87,2.31,0.73,-0.33,-0.5,-0.68,0.15
A_M_1.5999999999999999_1.0_284,13.0,2.31,0.73,-0.33,-0.5,-0.68,0.15
A_M_1.5999999999999999_1.0_285,17.36,2.31,0.73,-0.33,-0.5,-0.68,0.15
A_M_1.5999999999999999_1.0_286,25.48,2.31,0.73,-0.33,-0.5,-0.68,0.15
A_M_1.5999999999999999_1.0_287,25.22,2.31,0.73,-0.33,-0.5,-0.68,0.15
A_M_1.5999999999999999_1.0_288,23.33,2.31,0.73,-0.33,-0.5,-0.68,0.15
A_M_1.5999999999999999_1.0_289,21.87,2.31,0.73,-0.33,-0.5,-0.68,0.15
A_M_1.5999999999999999_1.0_290,21.04,2.31,0.73,-0.33,-0.5,-0.68,0.15
A_M_1.5999999999999999_1.0_291,23.74,2.31,0.73,-0.33,-0.5,-0.68,0.15
A_M_1.5999999999999999_1.0_292,25.46,2.31,0.73,-0.33,-0.5,-0.68,0.15
A_M_1.5999999999999999_1.0_293,25.44,2.31,0.73,-0.33,-0.5,-0.68,0.15
A_M_1.5999999999999999_1.0_294,17.46,2.31,0.73,-0.33,-0.5,-0.68,0.15
A_M_1.5999999999999999_1.0_295,23.8,2.31,0.73,-0.33,-0.5,-0.68,0.15
A_M_1.5999999999999999_1.0_296,20.83,2.31,0.73,-0.33,-0.5,-0.68,0.15
A_M_1.5999999999999999_1.0_297,23.8,2.31,0.73,-0.33,-0.5,-0.68,0.15
A_M_1.5999999999999999_1.0_298,21.78,2.31,0.73,-0.33,-0.5,-0.68,0.15
A_M_1.5999999999999999_1.0_299,25.61,2.31,0.73,-0.33,-0.5,-0.68,0.15
A_M_1.5999999999999999_1.0_300,21.89,2.31,0.73,-0.33,-0.5,-0.68,0.15
A_M_1.5999999999999999_1.0_301,23.58,2.31,0.73,-0.33,-0.5,-0.68,0.15
A_M_1.5999999999999999_1.0_302,21.07,2.31,0.73,-0.33,-0.5,-0.68,0.15
A_M_1.5999999999999999_1.0_303,25.35,2.31,0.73,-0.33,-0.5,-0.68,0.15
A_M_1.5999999999999999_1.0_304,20.39,2.31,0.73,-0.33,-0.5,-0.68,0.15
A_M_1.5999999999999999_1.0_305,25.36,2.31,0.73,-0.33,-0.5,-0.68,0.15
