ObjID,FORMAT,q,e,inc,node,argPeri,t_p_MJD_TDB,epochMJD_TDB
A_M_1.7999999999999998_1.0_0,COM,0.876747,1.000708,3.064,3.03,1.88,63786.54091687724,60980.00158187724
A_M_1.7999999999999998_1.0_1,COM,0.722334,1.012954,2.026,0.434,4.323,63245.97747787724,60980.00158187724
A_M_1.7999999999999998_1.0_2,COM,0.201317,1.005295,0.755,2.203,5.716,63657.170377877235,60980.00158187724
A_M_1.7999999999999998_1.0_3,COM,0.89159,1.025759,1.274,4.946,0.762,63356.28636787724,60980.00158187724
A_M_1.7999999999999998_1.0_4,COM,1.298691,1.039788,0.944,0.772,5.419,61432.76376787724,60980.00158187724
A_M_1.7999999999999998_1.0_5,COM,1.074933,1.048406,0.589,2.781,1.486,63028.88677687724,60980.00158187724
A_M_1.7999999999999998_1.0_6,COM,0.882193,1.060224,1.319,1.694,6.19,61399.057479877236,60980.00158187724
A_M_1.7999999999999998_1.0_7,COM,0.39735,1.02399,1.738,2.891,4.156,61356.25469887724,60980.00158187724
A_M_1.7999999999999998_1.0_8,COM,1.431385,1.083871,2.293,2.153,4.787,63554.89371987724,60980.00158187724
A_M_1.7999999999999998_1.0_9,COM,5.404601,1.373957,1.316,3.042,3.623,63296.855426877235,60980.00158187724
A_M_1.7999999999999998_1.0_10,COM,1.443393,1.133692,1.541,0.951,0.24,63115.254006877236,60980.00158187724
A_M_1.7999999999999998_1.0_11,COM,1.328218,1.127985,2.572,4.575,2.748,64490.52549087724,60980.00158187724
A_M_1.7999999999999998_1.0_12,COM,0.847577,1.082829,0.9,0.314,2.749,62103.37071487724,60980.00158187724
A_M_1.7999999999999998_1.0_13,COM,1.34805,1.127823,0.489,2.675,5.144,63722.918916877235,60980.00158187724
A_M_1.7999999999999998_1.0_14,COM,1.188752,1.111682,1.714,0.356,4.658,63329.940517877236,60980.00158187724
A_M_1.7999999999999998_1.0_15,COM,1.368501,1.179428,1.404,1.659,3.504,64465.76320887724,60980.00158187724
A_M_1.7999999999999998_1.0_16,COM,0.060691,1.007993,0.99,4.064,3.401,61986.892802877235,60980.00158187724
A_M_1.7999999999999998_1.0_17,COM,1.417767,1.163347,0.642,4.742,1.927,61046.07286187724,60980.00158187724
A_M_1.7999999999999998_1.0_18,COM,1.878928,1.298849,0.677,4.386,2.699,63455.44732187724,60980.00158187724
A_M_1.7999999999999998_1.0_19,COM,1.117805,1.162583,1.602,1.141,3.881,64676.26798787724,60980.00158187724
A_M_1.7999999999999998_1.0_20,COM,0.134909,1.020249,2.586,3.576,1.017,64517.33168187724,60980.00158187724
A_M_1.7999999999999998_1.0_21,COM,0.456121,1.079578,1.747,2.734,4.17,60975.21533187724,60980.00158187724
A_M_1.7999999999999998_1.0_22,COM,1.48876,1.247549,2.368,1.224,5.018,64548.953734877236,60980.00158187724
A_M_1.7999999999999998_1.0_23,COM,1.481169,1.28503,1.226,2.41,4.505,63167.39125987724,60980.00158187724
A_M_1.7999999999999998_1.0_24,COM,1.253222,1.2321,0.911,3.082,4.415,61694.24206287724,60980.00158187724
A_M_1.7999999999999998_1.0_25,COM,1.018829,1.171968,1.772,5.346,1.117,61419.92754587724,60980.00158187724
A_M_1.7999999999999998_1.0_26,COM,0.454964,1.091238,2.336,3.592,5.356,63979.828349877236,60980.00158187724
A_M_1.7999999999999998_1.0_27,COM,0.111859,1.024253,0.838,2.61,0.034,63139.13144687724,60980.00158187724
A_M_1.7999999999999998_1.0_28,COM,1.125,1.241445,2.526,1.491,1.576,63038.80265187724,60980.00158187724
A_M_1.7999999999999998_1.0_29,COM,0.063787,1.013757,1.029,2.03,3.24,61551.12912187724,60980.00158187724
A_M_1.7999999999999998_1.0_30,COM,2.00047,1.429646,2.569,0.479,3.849,62556.99356987724,60980.00158187724
A_M_1.7999999999999998_1.0_31,COM,1.649743,1.357251,2.114,2.944,2.716,61440.84396587724,60980.00158187724
A_M_1.7999999999999998_1.0_32,COM,0.580043,1.148651,1.163,3.992,4.26,61234.57628887724,60980.00158187724
A_M_1.7999999999999998_1.0_33,COM,0.132876,1.034942,1.614,3.875,4.411,63840.30276687724,60980.00158187724
A_M_1.7999999999999998_1.0_34,COM,0.885157,1.237607,0.905,2.951,2.983,62882.97581787724,60980.00158187724
A_M_1.7999999999999998_1.0_35,COM,2.31847,1.594869,2.045,1.862,0.796,64386.82246787724,60980.00158187724
A_M_1.7999999999999998_1.0_36,COM,0.489694,1.13575,2.574,3.936,2.16,61205.81113587724,60980.00158187724
A_M_1.7999999999999998_1.0_37,COM,0.230568,1.072816,2.215,4.229,6.167,62542.52739887724,60980.00158187724
A_M_1.7999999999999998_1.0_38,COM,0.778584,1.254362,2.764,1.356,6.123,62851.69811087724,60980.00158187724
A_M_1.7999999999999998_1.0_39,COM,1.282937,1.397596,0.795,3.725,2.395,64113.29030987724,60980.00158187724
A_M_1.7999999999999998_1.0_40,COM,0.084503,1.025557,1.37,0.708,0.052,64675.183832877236,60980.00158187724
A_M_1.7999999999999998_1.0_41,COM,0.113122,1.036779,1.708,4.793,4.663,63824.99072887724,60980.00158187724
A_M_1.7999999999999998_1.0_42,COM,0.816597,1.239279,1.675,3.193,1.604,64456.48145287724,60980.00158187724
A_M_1.7999999999999998_1.0_43,COM,0.816597,1.239279,1.675,3.193,1.604,64456.48145287724,60980.00158187724
A_M_1.7999999999999998_1.0_44,COM,0.531725,1.169535,1.76,1.751,4.962,64074.06890587724,60980.00158187724
A_M_1.7999999999999998_1.0_45,COM,0.297998,1.087607,1.614,4.035,2.328,61759.834108877236,60980.00158187724
A_M_1.7999999999999998_1.0_46,COM,0.993484,1.331732,0.296,1.641,0.335,64390.17174687724,60980.00158187724
A_M_1.7999999999999998_1.0_47,COM,0.115807,1.038297,2.162,5.369,5.259,63877.49950087724,60980.00158187724
A_M_1.7999999999999998_1.0_48,COM,1.269813,1.433953,2.411,5.382,4.919,61828.101965877235,60980.00158187724
A_M_1.7999999999999998_1.0_49,COM,0.687006,1.245421,1.04,4.017,4.938,61211.70649887724,60980.00158187724
A_M_1.7999999999999998_1.0_50,COM,0.857839,1.301878,1.031,3.164,2.577,62180.91881887724,60980.00158187724
A_M_1.7999999999999998_1.0_51,COM,2.567497,2.050775,0.773,2.148,2.429,62333.323597877235,60980.00158187724
A_M_1.7999999999999998_1.0_52,COM,0.441725,1.174419,1.13,2.809,4.699,61660.78812287724,60980.00158187724
A_M_1.7999999999999998_1.0_53,COM,1.500944,1.587257,2.876,5.116,3.419,63262.806018877236,60980.00158187724
A_M_1.7999999999999998_1.0_54,COM,1.813255,1.724992,0.499,5.888,1.551,61932.510773877235,60980.00158187724
A_M_1.7999999999999998_1.0_55,COM,2.957972,2.164676,2.401,0.097,3.272,61298.378017877236,60980.00158187724
A_M_1.7999999999999998_1.0_56,COM,0.814455,1.323126,0.656,2.694,4.118,63101.052923877236,60980.00158187724
A_M_1.7999999999999998_1.0_57,COM,0.738483,1.333077,0.549,3.503,4.335,63656.68911287724,60980.00158187724
A_M_1.7999999999999998_1.0_58,COM,0.471946,1.208658,1.261,2.573,2.119,63432.23848287724,60980.00158187724
A_M_1.7999999999999998_1.0_59,COM,1.561911,1.657145,1.652,0.068,6.118,62065.925407877236,60980.00158187724
A_M_1.7999999999999998_1.0_60,COM,1.405224,1.590055,0.791,1.339,2.154,63078.94033587724,60980.00158187724
A_M_1.7999999999999998_1.0_61,COM,0.07075,1.030483,2.741,6.246,0.688,62196.607212877236,60980.00158187724
A_M_1.7999999999999998_1.0_62,COM,0.740376,1.306645,1.991,1.781,0.027,63436.616859877235,60980.00158187724
A_M_1.7999999999999998_1.0_63,COM,1.548645,1.641217,1.166,3.873,0.449,62055.21231387724,60980.00158187724
A_M_1.7999999999999998_1.0_64,COM,1.446918,1.617934,2.163,0.276,2.046,62121.21575487724,60980.00158187724
A_M_1.7999999999999998_1.0_65,COM,0.198428,1.082548,1.381,4.889,3.846,61761.98959987724,60980.00158187724
A_M_1.7999999999999998_1.0_66,COM,1.704357,1.702847,0.248,0.571,5.996,62245.33114787724,60980.00158187724
A_M_1.7999999999999998_1.0_67,COM,0.79662,1.389821,1.717,4.579,1.673,64302.12168987724,60980.00158187724
A_M_1.7999999999999998_1.0_68,COM,0.677023,1.308501,0.558,5.725,1.97,64256.36830887724,60980.00158187724
A_M_1.7999999999999998_1.0_69,COM,0.794719,1.363451,1.569,3.675,1.422,64676.29014087724,60980.00158187724
A_M_1.7999999999999998_1.0_70,COM,1.268897,1.63693,1.394,4.31,5.806,61789.50681587724,60980.00158187724
A_M_1.7999999999999998_1.0_71,COM,1.313578,1.720759,2.245,6.206,2.906,63896.536373877236,60980.00158187724
A_M_1.7999999999999998_1.0_72,COM,0.853895,1.444275,2.544,4.652,0.222,61359.49149087724,60980.00158187724
A_M_1.7999999999999998_1.0_73,COM,1.025959,1.524337,1.719,5.251,4.826,61787.80899087724,60980.00158187724
A_M_1.7999999999999998_1.0_74,COM,0.348277,1.182033,1.474,3.557,5.783,64367.38565687724,60980.00158187724
A_M_1.7999999999999998_1.0_75,COM,1.549743,1.812998,2.428,3.239,2.625,62897.28760087724,60980.00158187724
A_M_1.7999999999999998_1.0_76,COM,0.662017,1.361958,2.63,0.984,5.424,63257.92111187724,60980.00158187724
A_M_1.7999999999999998_1.0_77,COM,0.947054,1.49322,0.576,0.011,5.923,62650.48260987724,60980.00158187724
A_M_1.7999999999999998_1.0_78,COM,0.566941,1.316764,0.394,2.101,4.287,64265.19557887724,60980.00158187724
A_M_1.7999999999999998_1.0_79,COM,0.190466,1.113313,1.463,5.805,3.745,61982.06855887724,60980.00158187724
A_M_1.7999999999999998_1.0_80,COM,0.982309,1.546241,2.936,0.107,3.383,61185.236273877235,60980.00158187724
A_M_1.7999999999999998_1.0_81,COM,2.031431,2.195953,1.186,2.122,4.667,61264.321038877235,60980.00158187724
A_M_1.7999999999999998_1.0_82,COM,1.018277,1.610416,2.49,5.266,2.938,61919.69428587724,60980.00158187724
A_M_1.7999999999999998_1.0_83,COM,0.542218,1.320597,0.886,2.66,3.567,62073.51424087724,60980.00158187724
A_M_1.7999999999999998_1.0_84,COM,1.216755,1.698222,2.206,5.171,2.432,63810.06580787724,60980.00158187724
A_M_1.7999999999999998_1.0_85,COM,1.178931,1.71523,1.59,2.966,1.504,64305.46636387724,60980.00158187724
A_M_1.7999999999999998_1.0_86,COM,1.266505,1.797696,0.676,3.717,2.609,62728.71577887724,60980.00158187724
A_M_1.7999999999999998_1.0_87,COM,1.809729,2.105067,2.305,1.953,5.029,61253.26875787724,60980.00158187724
A_M_1.7999999999999998_1.0_88,COM,0.059803,1.038314,1.917,0.755,4.548,63094.32670187724,60980.00158187724
A_M_1.7999999999999998_1.0_89,COM,1.811549,2.129051,0.984,5.233,4.454,61415.98153487724,60980.00158187724
A_M_1.7999999999999998_1.0_90,COM,0.627336,1.386748,2.02,5.318,5.105,63762.674113877234,60980.00158187724
A_M_1.7999999999999998_1.0_91,COM,1.031852,1.650924,2.053,2.619,1.688,62649.750478877235,60980.00158187724
A_M_1.7999999999999998_1.0_92,COM,0.851743,1.581885,2.488,3.181,4.452,61496.46859787724,60980.00158187724
A_M_1.7999999999999998_1.0_93,COM,0.169296,1.115065,1.66,0.085,1.283,63515.37041987724,60980.00158187724
A_M_1.7999999999999998_1.0_94,COM,1.80585,2.260345,1.178,4.917,2.371,63819.35191387724,60980.00158187724
A_M_1.7999999999999998_1.0_95,COM,0.877558,1.609265,1.943,2.276,4.395,62185.886997877235,60980.00158187724
A_M_1.7999999999999998_1.0_96,COM,0.875077,1.612293,2.756,2.644,0.895,63910.92526287724,60980.00158187724
A_M_1.7999999999999998_1.0_97,COM,0.052983,1.034765,1.351,5.695,6.106,62049.66275887724,60980.00158187724
A_M_1.7999999999999998_1.0_98,COM,0.429964,1.302392,2.124,0.359,4.014,62355.825054877234,60980.00158187724
A_M_1.7999999999999998_1.0_99,COM,1.274319,1.87699,2.679,3.994,1.995,61911.370188877234,60980.00158187724
A_M_1.7999999999999998_1.0_100,COM,0.842932,1.581665,2.206,3.418,5.357,61456.703730877234,60980.00158187724
A_M_1.7999999999999998_1.0_101,COM,1.159392,1.850693,1.694,3.255,4.47,63219.567430877236,60980.00158187724
A_M_1.7999999999999998_1.0_102,COM,2.166742,2.602933,1.547,2.573,2.872,61998.16467587724,60980.00158187724
A_M_1.7999999999999998_1.0_103,COM,0.790114,1.563141,1.265,0.916,2.434,64503.234684877236,60980.00158187724
A_M_1.7999999999999998_1.0_104,COM,1.510225,2.121192,1.004,3.36,4.023,64486.92519587724,60980.00158187724
A_M_1.7999999999999998_1.0_105,COM,1.410151,2.004444,0.43,3.869,3.234,62023.790795877234,60980.00158187724
A_M_1.7999999999999998_1.0_106,COM,0.660544,1.498425,2.285,1.932,2.091,63235.59529787724,60980.00158187724
A_M_1.7999999999999998_1.0_107,COM,1.631796,2.238851,1.068,5.784,4.253,61138.619975877235,60980.00158187724
A_M_1.7999999999999998_1.0_108,COM,1.29909,1.94119,1.824,0.483,4.429,61897.46199987724,60980.00158187724
A_M_1.7999999999999998_1.0_109,COM,1.180526,1.842002,0.937,3.783,6.06,63605.09856187724,60980.00158187724
A_M_1.7999999999999998_1.0_110,COM,1.24195,1.916346,1.873,0.396,3.437,63397.283683877235,60980.00158187724
A_M_1.7999999999999998_1.0_111,COM,1.552223,2.175603,2.337,0.466,4.017,61379.09114687724,60980.00158187724
A_M_1.7999999999999998_1.0_112,COM,1.09183,1.790316,2.705,1.261,0.246,63312.13343587724,60980.00158187724
A_M_1.7999999999999998_1.0_113,COM,0.033497,1.024559,1.098,2.584,4.971,63010.73161587724,60980.00158187724
A_M_1.7999999999999998_1.0_114,COM,1.530736,2.254837,1.25,4.561,4.413,61455.20518587724,60980.00158187724
A_M_1.7999999999999998_1.0_115,COM,0.250317,1.200691,1.364,3.079,3.446,61885.104328877234,60980.00158187724
A_M_1.7999999999999998_1.0_116,COM,1.170633,1.914062,0.636,3.555,0.233,63061.774014877235,60980.00158187724
A_M_1.7999999999999998_1.0_117,COM,0.559735,1.441841,1.641,5.155,5.816,61591.57729887724,60980.00158187724
A_M_1.7999999999999998_1.0_118,COM,1.135362,1.898355,0.402,3.038,3.334,63005.799759877234,60980.00158187724
A_M_1.7999999999999998_1.0_119,COM,1.117685,1.906428,2.584,2.952,0.44,63396.215815877236,60980.00158187724
A_M_1.7999999999999998_1.0_120,COM,1.280783,1.990551,2.857,4.024,0.988,61584.261934877235,60980.00158187724
A_M_1.7999999999999998_1.0_121,COM,0.765558,1.604135,0.68,2.155,2.65,63080.60234287724,60980.00158187724
A_M_1.7999999999999998_1.0_122,COM,1.208526,1.955808,2.168,2.896,3.973,63736.88249787724,60980.00158187724
A_M_1.7999999999999998_1.0_123,COM,0.453625,1.353591,2.752,5.746,5.248,63128.98464887724,60980.00158187724
A_M_1.7999999999999998_1.0_124,COM,1.306257,2.08765,1.544,3.614,1.966,64530.333527877236,60980.00158187724
A_M_1.7999999999999998_1.0_125,COM,2.534658,3.196898,1.407,3.822,2.865,63868.42517387724,60980.00158187724
A_M_1.7999999999999998_1.0_126,COM,0.404245,1.335543,2.238,5.267,2.876,63386.81315787724,60980.00158187724
A_M_1.7999999999999998_1.0_127,COM,0.92119,1.792986,0.994,3.299,4.105,64077.02290387724,60980.00158187724
A_M_1.7999999999999998_1.0_128,COM,1.240261,2.081471,2.474,3.509,4.769,61966.10819487724,60980.00158187724
A_M_1.7999999999999998_1.0_129,COM,0.61546,1.521798,1.362,6.141,4.449,63057.74632787724,60980.00158187724
A_M_1.7999999999999998_1.0_130,COM,0.715123,1.637015,1.841,0.55,3.354,61343.575291877234,60980.00158187724
A_M_1.7999999999999998_1.0_131,COM,1.226471,2.151789,2.437,1.138,4.957,62780.45082287724,60980.00158187724
A_M_1.7999999999999998_1.0_132,COM,2.052886,2.830378,1.001,5.342,2.282,60938.95174187724,60980.00158187724
A_M_1.7999999999999998_1.0_133,COM,0.974391,1.871796,1.812,3.054,4.698,63414.33532587724,60980.00158187724
A_M_1.7999999999999998_1.0_134,COM,1.48522,2.368169,1.258,5.354,2.734,61486.30267687724,60980.00158187724
A_M_1.7999999999999998_1.0_135,COM,0.474965,1.448734,1.591,2.298,2.968,64310.87328287724,60980.00158187724
A_M_1.7999999999999998_1.0_136,COM,0.554627,1.515938,2.164,2.133,5.752,62691.143294877234,60980.00158187724
A_M_1.7999999999999998_1.0_137,COM,1.021611,1.971608,0.412,2.468,4.086,61051.871801877234,60980.00158187724
A_M_1.7999999999999998_1.0_138,COM,1.384747,2.318292,0.398,3.707,3.015,61423.57850587724,60980.00158187724
A_M_1.7999999999999998_1.0_139,COM,1.314583,2.208244,1.869,1.472,4.559,63616.10859487724,60980.00158187724
A_M_1.7999999999999998_1.0_140,COM,0.549327,1.501058,1.232,1.678,5.185,61676.97955287724,60980.00158187724
A_M_1.7999999999999998_1.0_141,COM,0.7031,1.655732,1.78,2.0,5.397,63085.83317487724,60980.00158187724
A_M_1.7999999999999998_1.0_142,COM,0.596492,1.561007,1.698,5.459,3.918,64586.169172877235,60980.00158187724
A_M_1.7999999999999998_1.0_143,COM,1.261628,2.264564,1.261,4.756,1.711,62210.23220287724,60980.00158187724
A_M_1.7999999999999998_1.0_144,COM,1.333902,2.274407,0.574,3.894,3.108,63877.147401877235,60980.00158187724
A_M_1.7999999999999998_1.0_145,COM,0.81582,1.809433,1.441,3.048,3.006,61598.40854587724,60980.00158187724
A_M_1.7999999999999998_1.0_146,COM,6.736868,7.601692,1.199,0.934,2.799,62933.111895877235,60980.00158187724
A_M_1.7999999999999998_1.0_147,COM,1.00398,2.010813,1.972,5.135,0.301,64516.444640877235,60980.00158187724
A_M_1.7999999999999998_1.0_148,COM,1.486672,2.421459,1.793,1.458,3.005,61318.38461887724,60980.00158187724
A_M_1.7999999999999998_1.0_149,COM,2.130484,3.168308,2.604,1.558,2.502,62477.197604877234,60980.00158187724
A_M_1.7999999999999998_1.0_150,COM,0.078471,1.079464,2.121,3.012,2.314,61753.95110487724,60980.00158187724
A_M_1.7999999999999998_1.0_151,COM,0.426768,1.418272,1.711,0.279,5.203,61396.35840487724,60980.00158187724
A_M_1.7999999999999998_1.0_152,COM,1.05262,2.132272,1.585,5.541,4.465,62229.10052187724,60980.00158187724
A_M_1.7999999999999998_1.0_153,COM,0.328726,1.354577,0.736,2.167,5.314,61503.10155087724,60980.00158187724
A_M_1.7999999999999998_1.0_154,COM,0.069389,1.072322,1.951,4.165,3.991,62334.48589687724,60980.00158187724
A_M_1.7999999999999998_1.0_155,COM,0.963983,2.008135,1.806,6.194,5.996,61818.419170877234,60980.00158187724
A_M_1.7999999999999998_1.0_156,COM,0.450251,1.467228,1.688,4.032,3.947,61896.31706787724,60980.00158187724
A_M_1.7999999999999998_1.0_157,COM,1.313666,2.408142,0.565,3.7,4.966,60993.37284187724,60980.00158187724
A_M_1.7999999999999998_1.0_158,COM,1.590143,2.65363,1.648,0.62,3.076,63989.650154877236,60980.00158187724
A_M_1.7999999999999998_1.0_159,COM,1.412133,2.459652,2.315,5.797,3.213,64367.414297877236,60980.00158187724
A_M_1.7999999999999998_1.0_160,COM,0.812144,1.870745,2.394,1.057,4.715,62280.402604877236,60980.00158187724
A_M_1.7999999999999998_1.0_161,COM,1.011863,2.073172,2.101,5.306,3.014,64454.46223687724,60980.00158187724
A_M_1.7999999999999998_1.0_162,COM,0.515536,1.551887,1.094,1.671,5.246,61873.87863187724,60980.00158187724
A_M_1.7999999999999998_1.0_163,COM,1.365755,2.410002,0.688,2.949,2.487,63400.858050877236,60980.00158187724
A_M_1.7999999999999998_1.0_164,COM,1.593462,2.721152,1.444,1.752,3.752,64042.22775787724,60980.00158187724
A_M_1.7999999999999998_1.0_165,COM,0.232507,1.26223,0.951,0.975,2.703,62739.53962587724,60980.00158187724
A_M_1.7999999999999998_1.0_166,COM,1.678793,2.925838,1.393,1.4,4.207,62880.24537487724,60980.00158187724
A_M_1.7999999999999998_1.0_167,COM,1.68187,2.903149,2.012,3.906,1.569,64328.34114487724,60980.00158187724
A_M_1.7999999999999998_1.0_168,COM,1.391685,2.557819,1.632,1.38,1.108,63440.38528487724,60980.00158187724
A_M_1.7999999999999998_1.0_169,COM,0.052259,1.061686,0.207,2.425,3.919,62735.08611687724,60980.00158187724
A_M_1.7999999999999998_1.0_170,COM,1.785316,3.171109,1.104,0.615,5.356,61084.061472877234,60980.00158187724
A_M_1.7999999999999998_1.0_171,COM,4.380713,6.129974,0.591,1.288,4.116,60898.862366877234,60980.00158187724
A_M_1.7999999999999998_1.0_172,COM,0.127049,1.148245,1.334,2.657,4.165,64611.816892877236,60980.00158187724
A_M_1.7999999999999998_1.0_173,COM,0.409454,1.499857,0.781,0.343,4.21,62087.61082687724,60980.00158187724
A_M_1.7999999999999998_1.0_174,COM,1.040991,2.24296,0.895,1.389,3.198,61472.723698877235,60980.00158187724
A_M_1.7999999999999998_1.0_175,COM,0.9983,2.217993,2.13,5.371,3.134,62960.246693877234,60980.00158187724
A_M_1.7999999999999998_1.0_176,COM,1.52716,2.858342,1.052,3.582,3.855,61636.462608877235,60980.00158187724
A_M_1.7999999999999998_1.0_177,COM,0.694482,1.815582,0.227,4.609,1.535,62541.91486487724,60980.00158187724
A_M_1.7999999999999998_1.0_178,COM,1.025801,2.194435,2.062,1.027,5.221,61266.06724187724,60980.00158187724
A_M_1.7999999999999998_1.0_179,COM,1.279958,2.551299,1.522,5.222,1.792,62868.29895287724,60980.00158187724
A_M_1.7999999999999998_1.0_180,COM,3.289404,5.28853,2.949,6.029,1.961,61852.76707687724,60980.00158187724
A_M_1.7999999999999998_1.0_181,COM,1.335667,2.69094,2.501,5.108,2.253,61343.852500877234,60980.00158187724
A_M_1.7999999999999998_1.0_182,COM,1.78379,3.319289,1.943,3.55,4.635,60942.78932787724,60980.00158187724
A_M_1.7999999999999998_1.0_183,COM,1.331446,2.734014,2.39,1.836,5.923,62285.505207877235,60980.00158187724
A_M_1.7999999999999998_1.0_184,COM,1.473058,2.869207,0.827,3.482,3.373,62592.853752877236,60980.00158187724
A_M_1.7999999999999998_1.0_185,COM,1.093951,2.406045,2.022,5.497,3.489,63818.75001987724,60980.00158187724
A_M_1.7999999999999998_1.0_186,COM,1.407412,2.749066,2.847,5.55,4.935,62914.67717687724,60980.00158187724
A_M_1.7999999999999998_1.0_187,COM,0.974957,2.224739,2.499,3.753,1.001,63794.58837387724,60980.00158187724
A_M_1.7999999999999998_1.0_188,COM,1.416473,2.759511,0.916,2.727,4.339,61667.784780877235,60980.00158187724
A_M_1.7999999999999998_1.0_189,COM,1.088104,2.352739,1.396,0.221,5.532,63180.17264187724,60980.00158187724
A_M_1.7999999999999998_1.0_190,COM,0.573587,1.711926,2.707,3.392,0.997,60941.85124487724,60980.00158187724
A_M_1.7999999999999998_1.0_191,COM,0.08514,1.108531,2.212,2.223,3.199,63463.813366877235,60980.00158187724
A_M_1.7999999999999998_1.0_192,COM,0.72274,1.949201,1.398,4.416,3.394,61427.61934687724,60980.00158187724
A_M_1.7999999999999998_1.0_193,COM,0.26165,1.354832,1.215,3.892,4.974,63930.64085987724,60980.00158187724
A_M_1.7999999999999998_1.0_194,COM,1.476399,3.038273,2.671,2.26,3.824,63394.11518887724,60980.00158187724
A_M_1.7999999999999998_1.0_195,COM,1.372428,2.968193,2.588,3.458,1.316,62751.89874987724,60980.00158187724
A_M_1.7999999999999998_1.0_196,COM,1.561067,3.196871,1.474,1.658,2.61,61300.49232187724,60980.00158187724
A_M_1.7999999999999998_1.0_197,COM,1.296057,2.821054,1.573,2.435,3.619,63154.23260387724,60980.00158187724
A_M_1.7999999999999998_1.0_198,COM,1.847092,3.569525,0.909,2.073,4.865,62481.46360987724,60980.00158187724
A_M_1.7999999999999998_1.0_199,COM,0.996002,2.457884,1.881,2.303,4.675,62123.80563987724,60980.00158187724
A_M_1.7999999999999998_1.0_200,COM,0.334966,1.487116,1.861,1.173,3.259,64307.634638877236,60980.00158187724
A_M_1.7999999999999998_1.0_201,COM,2.01576,3.873181,0.705,5.1,3.496,62102.55299387724,60980.00158187724
A_M_1.7999999999999998_1.0_202,COM,1.448184,3.122038,1.638,6.014,2.177,61516.45402687724,60980.00158187724
A_M_1.7999999999999998_1.0_203,COM,1.058281,2.520842,2.37,3.987,3.541,61966.941136877234,60980.00158187724
A_M_1.7999999999999998_1.0_204,COM,1.356902,3.061916,0.828,2.823,3.281,63787.97198887724,60980.00158187724
A_M_1.7999999999999998_1.0_205,COM,0.89387,2.357566,0.746,5.742,2.395,64348.03688387724,60980.00158187724
A_M_1.7999999999999998_1.0_206,COM,25.865279,39.052949,1.481,4.282,3.137,66073.73042987724,60980.00158187724
A_M_1.7999999999999998_1.0_207,COM,1.437842,3.13691,1.397,4.806,1.992,62681.979715877234,60980.00158187724
A_M_1.7999999999999998_1.0_208,COM,2.695806,5.053,2.391,2.228,2.749,62526.51161687724,60980.00158187724
A_M_1.7999999999999998_1.0_209,COM,0.280851,1.429714,1.236,6.266,3.727,61541.35229687724,60980.00158187724
A_M_1.7999999999999998_1.0_210,COM,1.645275,3.512841,0.954,3.12,2.693,61775.766879877236,60980.00158187724
A_M_1.7999999999999998_1.0_211,COM,0.675525,2.035875,2.605,0.57,3.46,64564.98966187724,60980.00158187724
A_M_1.7999999999999998_1.0_212,COM,1.230366,2.81096,0.976,1.208,3.091,62285.026871877235,60980.00158187724
A_M_1.7999999999999998_1.0_213,COM,1.229262,2.912635,1.583,2.613,3.821,63515.566011877236,60980.00158187724
A_M_1.7999999999999998_1.0_214,COM,0.667867,2.084375,2.111,3.125,2.909,61419.39586587724,60980.00158187724
A_M_1.7999999999999998_1.0_215,COM,0.850608,2.359336,1.428,4.625,2.338,64450.13049187724,60980.00158187724
A_M_1.7999999999999998_1.0_216,COM,0.327278,1.521601,0.836,6.004,3.207,61376.013998877235,60980.00158187724
A_M_1.7999999999999998_1.0_217,COM,1.14175,2.771713,0.547,3.904,3.275,62823.12813487724,60980.00158187724
A_M_1.7999999999999998_1.0_218,COM,1.570081,3.546307,1.568,0.506,1.667,62155.31484387724,60980.00158187724
A_M_1.7999999999999998_1.0_219,COM,1.234101,2.957566,0.662,1.367,4.437,63138.06656187724,60980.00158187724
A_M_1.7999999999999998_1.0_220,COM,0.449983,1.729312,0.907,5.597,2.993,63657.25889687724,60980.00158187724
A_M_1.7999999999999998_1.0_221,COM,1.531171,3.458713,2.771,5.921,2.985,61554.08439487724,60980.00158187724
A_M_1.7999999999999998_1.0_222,COM,1.216821,2.925808,0.862,3.868,0.765,62556.71905187724,60980.00158187724
A_M_1.7999999999999998_1.0_223,COM,0.429941,1.718963,1.816,4.427,3.438,62418.390867877235,60980.00158187724
A_M_1.7999999999999998_1.0_224,COM,2.419855,5.113104,1.919,0.884,2.699,63100.43614187724,60980.00158187724
A_M_1.7999999999999998_1.0_225,COM,0.119849,1.203985,2.132,3.199,4.462,64567.239669877235,60980.00158187724
A_M_1.7999999999999998_1.0_226,COM,0.629222,2.060459,1.983,4.248,1.365,62403.00516087724,60980.00158187724
A_M_1.7999999999999998_1.0_227,COM,0.186233,1.31958,1.503,1.307,0.398,64454.39908887724,60980.00158187724
A_M_1.7999999999999998_1.0_228,COM,1.314011,3.177348,0.458,3.847,2.571,63059.89470787724,60980.00158187724
A_M_1.7999999999999998_1.0_229,COM,1.399858,3.405431,1.396,3.615,2.352,61329.255208877235,60980.00158187724
A_M_1.7999999999999998_1.0_230,COM,0.046473,1.077196,0.253,0.86,2.096,62296.440214877235,60980.00158187724
A_M_1.7999999999999998_1.0_231,COM,1.363039,3.337636,2.095,0.844,4.563,63418.53823187724,60980.00158187724
A_M_1.7999999999999998_1.0_232,COM,0.683537,2.18334,2.383,4.484,2.625,61755.824609877236,60980.00158187724
A_M_1.7999999999999998_1.0_233,COM,0.631952,2.094944,2.378,1.05,0.928,64318.015720877236,60980.00158187724
A_M_1.7999999999999998_1.0_234,COM,0.691035,2.244707,1.543,2.023,5.31,64630.884590877235,60980.00158187724
A_M_1.7999999999999998_1.0_235,COM,1.060091,2.826286,1.417,5.018,3.694,62052.55735587724,60980.00158187724
A_M_1.7999999999999998_1.0_236,COM,1.24828,3.265567,1.058,0.154,6.043,64365.58452687724,60980.00158187724
A_M_1.7999999999999998_1.0_237,COM,0.971117,2.783313,0.89,3.344,3.754,61108.181146877236,60980.00158187724
A_M_1.7999999999999998_1.0_238,COM,7.481973,14.826129,2.713,2.687,2.379,61432.48998087724,60980.00158187724
A_M_1.7999999999999998_1.0_239,COM,1.647828,4.018896,0.81,4.423,3.313,62908.94746687724,60980.00158187724
A_M_1.7999999999999998_1.0_240,COM,0.540558,2.007121,1.364,1.861,3.025,61998.52275187724,60980.00158187724
A_M_1.7999999999999998_1.0_241,COM,1.32035,3.506267,1.417,1.767,4.399,63036.262877877234,60980.00158187724
A_M_1.7999999999999998_1.0_242,COM,1.668962,4.06517,0.981,3.611,3.271,62236.769890877236,60980.00158187724
A_M_1.7999999999999998_1.0_243,COM,1.010131,2.844571,1.428,1.269,3.936,63760.518190877236,60980.00158187724
A_M_1.7999999999999998_1.0_244,COM,1.42658,3.686353,1.967,0.805,0.36,62286.83528287724,60980.00158187724
A_M_1.7999999999999998_1.0_245,COM,1.186346,3.239184,0.329,2.15,4.705,63262.01299587724,60980.00158187724
A_M_1.7999999999999998_1.0_246,COM,1.185291,3.237178,1.825,3.777,1.796,64025.82895987724,60980.00158187724
A_M_1.7999999999999998_1.0_247,COM,0.657753,2.229261,1.822,5.327,2.983,62919.75390087724,60980.00158187724
A_M_1.7999999999999998_1.0_248,COM,0.741275,2.356748,2.269,2.003,5.809,61455.01419987724,60980.00158187724
A_M_1.7999999999999998_1.0_249,COM,1.736256,4.266817,1.298,1.003,4.945,64349.19565787724,60980.00158187724
A_M_1.7999999999999998_1.0_250,COM,1.351737,3.678166,2.505,1.613,5.112,61898.585071877234,60980.00158187724
A_M_1.7999999999999998_1.0_251,COM,0.623333,2.224499,2.201,2.719,3.773,61573.83736987724,60980.00158187724
A_M_1.7999999999999998_1.0_252,COM,1.029637,2.96229,1.684,3.879,2.494,63983.268815877236,60980.00158187724
A_M_1.7999999999999998_1.0_253,COM,0.403775,1.776476,2.47,1.67,0.104,63818.58770087724,60980.00158187724
A_M_1.7999999999999998_1.0_254,COM,2.134093,5.237446,1.683,0.753,1.912,64767.98777287724,60980.00158187724
A_M_1.7999999999999998_1.0_255,COM,0.573361,2.109153,1.434,2.265,4.355,64287.49509987724,60980.00158187724
A_M_1.7999999999999998_1.0_256,COM,1.746135,4.325886,1.776,5.466,3.407,62476.03908387724,60980.00158187724
A_M_1.7999999999999998_1.0_257,COM,11.045984,22.385074,1.678,2.78,4.309,60803.44771987724,60980.00158187724
A_M_1.7999999999999998_1.0_258,COM,0.466401,1.921923,2.096,2.209,0.38,61928.49904487724,60980.00158187724
A_M_1.7999999999999998_1.0_259,COM,1.244424,3.428954,2.164,5.621,2.953,63764.323856877236,60980.00158187724
A_M_1.7999999999999998_1.0_260,COM,2.077053,5.106532,0.883,3.489,3.013,63685.918849877235,60980.00158187724
A_M_1.7999999999999998_1.0_261,COM,0.944132,2.819636,1.831,1.404,2.578,61165.89388987724,60980.00158187724
A_M_1.7999999999999998_1.0_262,COM,0.465584,1.946656,1.803,3.811,4.305,62415.064848877235,60980.00158187724
A_M_1.7999999999999998_1.0_263,COM,0.773662,2.574027,1.333,0.453,3.405,64544.28698987724,60980.00158187724
A_M_1.7999999999999998_1.0_264,COM,1.316056,3.738627,0.801,0.84,5.083,61842.87456687724,60980.00158187724
A_M_1.7999999999999998_1.0_265,COM,0.525544,2.053267,2.512,1.255,4.875,64539.98073587724,60980.00158187724
A_M_1.7999999999999998_1.0_266,COM,1.523514,4.148395,1.995,4.339,1.461,61656.144157877236,60980.00158187724
A_M_1.7999999999999998_1.0_267,COM,1.766864,4.549357,1.435,3.179,2.052,61699.50764887724,60980.00158187724
A_M_1.7999999999999998_1.0_268,COM,1.647356,4.425865,2.012,1.426,4.319,64319.636314877236,60980.00158187724
A_M_1.7999999999999998_1.0_269,COM,1.458393,3.996527,1.995,1.097,4.016,62949.15667087724,60980.00158187724
A_M_1.7999999999999998_1.0_270,COM,1.743437,4.751781,3.021,1.06,4.216,61652.99535587724,60980.00158187724
A_M_1.7999999999999998_1.0_271,COM,1.362884,3.890315,1.387,5.987,5.955,61523.192430877236,60980.00158187724
A_M_1.7999999999999998_1.0_272,COM,0.941938,3.041852,1.957,6.042,4.251,62142.88170587724,60980.00158187724
A_M_1.7999999999999998_1.0_273,COM,1.409458,4.021458,0.291,4.547,5.19,61402.22740087724,60980.00158187724
A_M_1.7999999999999998_1.0_274,COM,1.509445,4.239614,1.73,5.086,2.006,64544.43206087724,60980.00158187724
A_M_1.7999999999999998_1.0_275,COM,0.682573,2.432894,1.194,3.514,3.314,62680.42885687724,60980.00158187724
A_M_1.7999999999999998_1.0_276,COM,0.459923,1.977287,1.281,5.566,3.491,63909.21524687724,60980.00158187724
A_M_1.7999999999999998_1.0_277,COM,0.365851,1.781502,1.547,1.619,5.251,62720.50401487724,60980.00158187724
A_M_1.7999999999999998_1.0_278,COM,1.386083,3.968917,0.973,5.211,0.802,62686.47695787724,60980.00158187724
A_M_1.7999999999999998_1.0_279,COM,1.39876,4.040996,1.866,1.325,3.815,62611.99178787724,60980.00158187724
A_M_1.7999999999999998_1.0_280,COM,0.670957,2.441949,1.546,1.062,3.292,62934.99728587724,60980.00158187724
A_M_1.7999999999999998_1.0_281,COM,0.018367,1.03842,2.226,1.635,5.985,61112.051268877236,60980.00158187724
A_M_1.7999999999999998_1.0_282,COM,0.68654,2.444694,1.767,0.608,4.327,62839.716305877235,60980.00158187724
A_M_1.7999999999999998_1.0_283,COM,0.280481,1.641261,1.884,1.552,6.048,61929.20599687724,60980.00158187724
A_M_1.7999999999999998_1.0_284,COM,1.381557,4.152197,2.03,2.931,5.945,62375.675323877236,60980.00158187724
A_M_1.7999999999999998_1.0_285,COM,1.200049,3.74231,0.725,0.973,4.731,63142.879002877235,60980.00158187724
A_M_1.7999999999999998_1.0_286,COM,1.160407,3.565791,1.056,2.897,3.915,62428.25746887724,60980.00158187724
A_M_1.7999999999999998_1.0_287,COM,0.882581,2.955508,1.128,1.147,5.747,62070.830728877234,60980.00158187724
A_M_1.7999999999999998_1.0_288,COM,1.053569,3.331292,2.171,1.219,3.189,63561.72622887724,60980.00158187724
A_M_1.7999999999999998_1.0_289,COM,1.179039,3.655127,2.271,5.079,5.167,61526.01961987724,60980.00158187724
A_M_1.7999999999999998_1.0_290,COM,1.490772,4.372826,1.06,4.209,0.998,61841.12279687724,60980.00158187724
A_M_1.7999999999999998_1.0_291,COM,4.994882,12.344584,2.35,4.828,2.013,64858.72902287724,60980.00158187724
A_M_1.7999999999999998_1.0_292,COM,1.328907,3.927323,1.426,4.356,2.149,64431.92461987724,60980.00158187724
A_M_1.7999999999999998_1.0_293,COM,1.566246,4.563502,0.32,5.695,4.139,62896.298341877235,60980.00158187724
A_M_1.7999999999999998_1.0_294,COM,0.948317,3.1446,0.991,5.019,3.056,62115.23029087724,60980.00158187724
A_M_1.7999999999999998_1.0_295,COM,1.409735,4.245201,2.211,1.66,1.381,61668.87006987724,60980.00158187724
A_M_1.7999999999999998_1.0_296,COM,0.256034,1.610613,2.017,4.199,3.43,64409.08620787724,60980.00158187724
A_M_1.7999999999999998_1.0_297,COM,5.208128,13.14488,1.832,1.451,3.245,63554.40293187724,60980.00158187724
A_M_1.7999999999999998_1.0_298,COM,2.283581,6.230625,2.981,1.033,4.096,61299.60933187724,60980.00158187724
A_M_1.7999999999999998_1.0_299,COM,7.293881,18.214453,0.853,5.377,0.888,62389.93932687724,60980.00158187724
A_M_1.7999999999999998_1.0_300,COM,0.780018,2.787549,1.11,4.705,4.055,64418.802165877234,60980.00158187724
A_M_1.7999999999999998_1.0_301,COM,0.638197,2.501301,1.364,2.819,4.101,64568.119419877235,60980.00158187724
A_M_1.7999999999999998_1.0_302,COM,0.783409,2.859982,2.507,0.722,5.243,62720.37533487724,60980.00158187724
A_M_1.7999999999999998_1.0_303,COM,1.465464,4.356081,1.885,4.429,2.65,64404.19144887724,60980.00158187724
A_M_1.7999999999999998_1.0_304,COM,1.101716,3.537389,1.582,4.468,3.792,64006.88053987724,60980.00158187724
A_M_1.7999999999999998_1.0_305,COM,0.922649,3.169017,0.898,1.291,1.16,62947.42694887724,60980.00158187724
A_M_1.7999999999999998_1.0_306,COM,1.307139,4.181241,0.979,0.231,2.79,62232.96425187724,60980.00158187724
A_M_1.7999999999999998_1.0_307,COM,1.105213,3.682854,1.763,5.052,3.222,61370.05101987724,60980.00158187724
A_M_1.7999999999999998_1.0_308,COM,0.949972,3.285537,1.473,1.487,3.263,64298.15331987724,60980.00158187724
A_M_1.7999999999999998_1.0_309,COM,1.339921,4.382081,1.728,5.06,5.308,64518.408860877236,60980.00158187724
A_M_1.7999999999999998_1.0_310,COM,0.37523,1.974726,2.166,4.17,5.064,62731.935616877236,60980.00158187724
A_M_1.7999999999999998_1.0_311,COM,0.96513,3.480211,1.896,0.306,3.713,63020.49834087724,60980.00158187724
A_M_1.7999999999999998_1.0_312,COM,1.00002,3.521237,1.782,1.436,2.866,61956.64117487724,60980.00158187724
A_M_1.7999999999999998_1.0_313,COM,0.513859,2.324745,0.4,5.532,5.307,62066.011073877235,60980.00158187724
A_M_1.7999999999999998_1.0_314,COM,0.354433,1.893677,1.992,3.565,2.245,62115.67445687724,60980.00158187724
A_M_1.7999999999999998_1.0_315,COM,1.700941,5.59693,1.212,6.154,5.012,63844.65269487724,60980.00158187724
A_M_1.7999999999999998_1.0_316,COM,0.906922,3.437725,1.94,3.602,4.332,64298.77404787724,60980.00158187724
A_M_1.7999999999999998_1.0_317,COM,1.122259,3.985318,0.539,0.578,5.54,62037.57274687724,60980.00158187724
A_M_1.7999999999999998_1.0_318,COM,1.166824,4.145001,1.733,4.577,3.077,64525.48092887724,60980.00158187724
A_M_1.7999999999999998_1.0_319,COM,0.497838,2.318129,1.656,4.989,3.061,62943.26914087724,60980.00158187724
A_M_1.7999999999999998_1.0_320,COM,1.006546,3.655285,2.243,2.063,4.386,62714.20946787724,60980.00158187724
A_M_1.7999999999999998_1.0_321,COM,1.931266,6.043918,2.046,0.895,3.628,61102.37850387724,60980.00158187724
A_M_1.7999999999999998_1.0_322,COM,0.080307,1.214604,1.942,1.852,5.81,62027.88986987724,60980.00158187724
A_M_1.7999999999999998_1.0_323,COM,1.500985,5.05473,1.539,4.19,3.25,62171.89246487724,60980.00158187724
A_M_1.7999999999999998_1.0_324,COM,0.016716,1.043701,0.939,4.866,0.034,61886.30179387724,60980.00158187724
A_M_1.7999999999999998_1.0_325,COM,1.46289,4.886122,1.868,0.968,5.655,60996.04156587724,60980.00158187724
A_M_1.7999999999999998_1.0_326,COM,1.042544,3.931146,1.341,5.016,2.387,62416.70718287724,60980.00158187724
A_M_1.7999999999999998_1.0_327,COM,0.503719,2.417593,0.804,1.611,3.405,61817.091157877236,60980.00158187724
A_M_1.7999999999999998_1.0_328,COM,0.809612,3.244411,1.305,5.173,3.711,62691.50252587724,60980.00158187724
A_M_1.7999999999999998_1.0_329,COM,1.448731,5.053632,1.91,6.189,3.033,64071.317235877235,60980.00158187724
A_M_1.7999999999999998_1.0_330,COM,1.720998,5.785605,0.923,2.424,1.1,61329.59022287724,60980.00158187724
A_M_1.7999999999999998_1.0_331,COM,6.433682,19.040007,0.439,1.816,4.636,61364.73368987724,60980.00158187724
A_M_1.7999999999999998_1.0_332,COM,1.174324,4.249985,2.636,0.178,4.503,64049.31550187724,60980.00158187724
A_M_1.7999999999999998_1.0_333,COM,0.613187,2.694987,0.315,3.288,3.08,61661.314891877235,60980.00158187724
A_M_1.7999999999999998_1.0_334,COM,1.107013,4.06552,1.521,1.909,1.908,64154.06199987724,60980.00158187724
A_M_1.7999999999999998_1.0_335,COM,1.25469,4.453903,1.606,0.771,3.593,62957.51046087724,60980.00158187724
A_M_1.7999999999999998_1.0_336,COM,2.025383,6.81399,0.775,0.009,1.593,61959.34006887724,60980.00158187724
A_M_1.7999999999999998_1.0_337,COM,1.206401,4.511576,0.256,2.29,4.059,61575.54061887724,60980.00158187724
A_M_1.7999999999999998_1.0_338,COM,1.479213,5.177339,2.031,0.56,4.363,64195.113744877235,60980.00158187724
A_M_1.7999999999999998_1.0_339,COM,0.434959,2.266618,1.612,1.749,4.386,61031.45580987724,60980.00158187724
A_M_1.7999999999999998_1.0_340,COM,0.368618,2.081748,1.625,0.888,3.441,61075.14420887724,60980.00158187724
A_M_1.7999999999999998_1.0_341,COM,1.567119,5.453582,2.127,1.275,1.13,62082.20172187724,60980.00158187724
A_M_1.7999999999999998_1.0_342,COM,0.915716,3.706728,1.898,4.718,5.246,62655.68521387724,60980.00158187724
A_M_1.7999999999999998_1.0_343,COM,0.842528,3.513331,1.524,4.887,2.65,63880.18467387724,60980.00158187724
A_M_1.7999999999999998_1.0_344,COM,0.662448,2.995452,0.57,6.033,1.007,63170.88421987724,60980.00158187724
A_M_1.7999999999999998_1.0_345,COM,1.113939,4.299822,0.147,0.13,3.338,63627.473870877235,60980.00158187724
A_M_1.7999999999999998_1.0_346,COM,0.926852,3.820431,1.494,1.793,4.281,61922.64084187724,60980.00158187724
A_M_1.7999999999999998_1.0_347,COM,1.442136,5.25326,1.489,1.65,1.687,64346.28277787724,60980.00158187724
A_M_1.7999999999999998_1.0_348,COM,1.035154,4.113391,1.568,4.114,3.596,63537.81547887724,60980.00158187724
A_M_1.7999999999999998_1.0_349,COM,1.036413,4.09771,2.639,5.218,2.734,63269.388312877236,60980.00158187724
A_M_1.7999999999999998_1.0_350,COM,1.669813,6.029482,2.842,0.182,3.818,63434.36317987724,60980.00158187724
A_M_1.7999999999999998_1.0_351,COM,1.115699,4.294518,0.98,1.6,4.086,63549.56300587724,60980.00158187724
A_M_1.7999999999999998_1.0_352,COM,0.849551,3.567154,1.856,1.694,4.412,61739.12469387724,60980.00158187724
A_M_1.7999999999999998_1.0_353,COM,0.623372,2.901237,1.13,0.523,5.151,64286.72910187724,60980.00158187724
A_M_1.7999999999999998_1.0_354,COM,0.459308,2.353503,2.339,5.705,3.535,62641.41488987724,60980.00158187724
A_M_1.7999999999999998_1.0_355,COM,1.825429,6.699485,1.448,1.218,2.996,61909.977548877236,60980.00158187724
A_M_1.7999999999999998_1.0_356,COM,0.331441,2.019405,1.949,3.582,3.556,63893.59664787724,60980.00158187724
A_M_1.7999999999999998_1.0_357,COM,1.401728,5.423133,1.396,4.732,2.109,62402.095624877235,60980.00158187724
A_M_1.7999999999999998_1.0_358,COM,0.850421,3.737449,1.732,2.736,4.305,63555.214802877235,60980.00158187724
A_M_1.7999999999999998_1.0_359,COM,6.566582,22.526599,1.934,4.712,4.547,61136.21663487724,60980.00158187724
A_M_1.7999999999999998_1.0_360,COM,0.305536,2.005595,1.048,5.217,1.122,62648.58246887724,60980.00158187724
A_M_1.7999999999999998_1.0_361,COM,1.280523,5.200985,0.998,5.442,1.852,62879.72492087724,60980.00158187724
A_M_1.7999999999999998_1.0_362,COM,1.03313,4.348556,2.398,5.847,2.647,61324.385730877235,60980.00158187724
A_M_1.7999999999999998_1.0_363,COM,1.404792,5.510683,2.376,4.814,4.314,64086.952354877234,60980.00158187724
A_M_1.7999999999999998_1.0_364,COM,0.920812,3.987457,0.875,4.388,1.488,63684.18493187724,60980.00158187724
A_M_1.7999999999999998_1.0_365,COM,0.535833,2.722731,1.413,5.027,3.195,64113.70926787724,60980.00158187724
A_M_1.7999999999999998_1.0_366,COM,0.33764,2.105342,2.196,1.178,4.122,64271.71824687724,60980.00158187724
A_M_1.7999999999999998_1.0_367,COM,0.006537,1.021317,2.536,3.855,1.298,62731.90846087724,60980.00158187724
A_M_1.7999999999999998_1.0_368,COM,1.595998,6.123746,2.62,6.018,0.61,64658.82808187724,60980.00158187724
A_M_1.7999999999999998_1.0_369,COM,0.772949,3.471032,1.038,2.439,4.358,64385.17513087724,60980.00158187724
A_M_1.7999999999999998_1.0_370,COM,0.462475,2.557792,1.372,4.239,2.902,63149.71195087724,60980.00158187724
A_M_1.7999999999999998_1.0_371,COM,0.200796,1.662798,0.92,3.187,3.869,63269.15697987724,60980.00158187724
A_M_1.7999999999999998_1.0_372,COM,0.858563,3.85623,2.77,3.19,3.359,61191.63178487724,60980.00158187724
A_M_1.7999999999999998_1.0_373,COM,0.189771,1.637108,2.48,3.626,2.087,63744.862109877235,60980.00158187724
A_M_1.7999999999999998_1.0_374,COM,1.48139,6.040353,0.323,0.697,5.742,61985.85341387724,60980.00158187724
A_M_1.7999999999999998_1.0_375,COM,1.258821,5.222173,1.085,4.871,1.862,62933.12869487724,60980.00158187724
A_M_1.7999999999999998_1.0_376,COM,0.37953,2.260418,1.058,2.013,1.941,64141.72508987724,60980.00158187724
A_M_1.7999999999999998_1.0_377,COM,1.594166,6.535126,1.286,1.141,4.929,61970.71801887724,60980.00158187724
A_M_1.7999999999999998_1.0_378,COM,1.119031,4.866472,1.343,1.006,3.056,63535.55346487724,60980.00158187724
A_M_1.7999999999999998_1.0_379,COM,3.606699,13.67852,1.14,1.313,4.395,64447.74486487724,60980.00158187724
A_M_1.7999999999999998_1.0_380,COM,0.263209,1.905717,1.036,4.104,3.339,63637.60111187724,60980.00158187724
A_M_1.7999999999999998_1.0_381,COM,1.074687,4.730309,1.908,5.377,2.495,61180.19515387724,60980.00158187724
A_M_1.7999999999999998_1.0_382,COM,1.506589,6.170193,1.686,1.649,1.694,61759.490660877236,60980.00158187724
A_M_1.7999999999999998_1.0_383,COM,0.800742,3.812344,1.901,4.106,1.707,63605.129732877234,60980.00158187724
A_M_1.7999999999999998_1.0_384,COM,2.503698,10.08134,1.503,5.529,5.284,63862.815644877235,60980.00158187724
A_M_1.7999999999999998_1.0_385,COM,0.559396,2.988917,1.771,1.907,3.566,61939.79693987724,60980.00158187724
A_M_1.7999999999999998_1.0_386,COM,0.449245,2.593579,1.853,1.437,4.217,62697.27720187724,60980.00158187724
A_M_1.7999999999999998_1.0_387,COM,1.720002,7.137068,1.288,3.781,3.425,64078.04100587724,60980.00158187724
A_M_1.7999999999999998_1.0_388,COM,1.29578,5.639213,1.435,5.293,2.304,62733.70264387724,60980.00158187724
A_M_1.7999999999999998_1.0_389,COM,1.588384,6.642311,2.354,2.29,2.075,61786.41982287724,60980.00158187724
A_M_1.7999999999999998_1.0_390,COM,1.097042,4.928375,1.398,4.844,3.861,63594.660791877235,60980.00158187724
A_M_1.7999999999999998_1.0_391,COM,1.079798,4.9891,2.272,4.614,4.87,64380.726217877236,60980.00158187724
A_M_1.7999999999999998_1.0_392,COM,4.029573,16.281382,0.35,3.93,2.265,62809.242010877235,60980.00158187724
A_M_1.7999999999999998_1.0_393,COM,1.06551,5.028552,2.643,5.949,2.362,61754.713750877236,60980.00158187724
A_M_1.7999999999999998_1.0_394,COM,0.406023,2.526518,2.464,5.15,3.037,62860.907867877235,60980.00158187724
A_M_1.7999999999999998_1.0_395,COM,0.954279,4.540973,0.485,3.938,2.691,61992.485474877234,60980.00158187724
A_M_1.7999999999999998_1.0_396,COM,0.358604,2.325842,1.927,4.777,1.391,63313.338449877236,60980.00158187724
A_M_1.7999999999999998_1.0_397,COM,1.206715,5.458183,1.253,1.595,4.978,62216.89554987724,60980.00158187724
A_M_1.7999999999999998_1.0_398,COM,0.474576,2.775204,1.668,3.583,3.973,63500.26617787724,60980.00158187724
A_M_1.7999999999999998_1.0_399,COM,1.240459,5.585655,2.126,5.402,2.157,63348.670803877234,60980.00158187724
A_M_1.7999999999999998_1.0_400,COM,1.125713,5.213741,1.525,1.101,3.264,63743.42198487724,60980.00158187724
A_M_1.7999999999999998_1.0_401,COM,1.472424,6.680391,1.55,0.109,2.815,63567.26258387724,60980.00158187724
A_M_1.7999999999999998_1.0_402,COM,1.212697,5.656945,1.132,1.873,4.288,63805.09985587724,60980.00158187724
A_M_1.7999999999999998_1.0_403,COM,0.264829,2.032311,2.05,2.026,4.587,61259.458614877236,60980.00158187724
A_M_1.7999999999999998_1.0_404,COM,0.153732,1.592961,1.478,1.866,5.058,61406.06329087724,60980.00158187724
A_M_1.7999999999999998_1.0_405,COM,1.133634,5.526858,1.526,5.547,3.557,63373.957770877234,60980.00158187724
A_M_1.7999999999999998_1.0_406,COM,0.938781,4.74029,1.024,4.006,3.237,63172.80903387724,60980.00158187724
A_M_1.7999999999999998_1.0_407,COM,0.872885,4.539236,2.152,5.004,1.465,61967.33187787724,60980.00158187724
A_M_1.7999999999999998_1.0_408,COM,0.949713,4.851795,0.42,5.796,0.994,63283.73290587724,60980.00158187724
A_M_1.7999999999999998_1.0_409,COM,0.976097,4.959104,2.308,4.971,2.046,63475.045035877236,60980.00158187724
A_M_1.7999999999999998_1.0_410,COM,0.563948,3.242844,0.456,3.958,2.309,61479.01465187724,60980.00158187724
A_M_1.7999999999999998_1.0_411,COM,3.593063,16.002745,1.901,1.541,2.963,63245.74658387724,60980.00158187724
A_M_1.7999999999999998_1.0_412,COM,1.264665,6.184298,0.488,1.577,3.417,64584.48842687724,60980.00158187724
A_M_1.7999999999999998_1.0_413,COM,1.534735,7.424134,2.228,3.798,1.012,62972.29711287724,60980.00158187724
A_M_1.7999999999999998_1.0_414,COM,0.088573,1.367679,1.531,2.055,2.803,61426.541892877234,60980.00158187724
A_M_1.7999999999999998_1.0_415,COM,1.15224,5.846986,1.575,5.035,2.376,63652.59690887724,60980.00158187724
A_M_1.7999999999999998_1.0_416,COM,1.661853,8.074462,0.969,5.993,2.833,62553.28320487724,60980.00158187724
A_M_1.7999999999999998_1.0_417,COM,4.013911,18.166599,2.48,4.696,2.195,61127.40009487724,60980.00158187724
A_M_1.7999999999999998_1.0_418,COM,8.397132,36.406459,0.96,4.317,1.94,61812.84552387724,60980.00158187724
A_M_1.7999999999999998_1.0_419,COM,3.127318,14.279297,2.689,4.855,1.679,62669.07025787724,60980.00158187724
A_M_1.7999999999999998_1.0_420,COM,0.594997,3.548258,1.721,3.357,2.701,62145.812380877236,60980.00158187724
A_M_1.7999999999999998_1.0_421,COM,0.96083,5.130539,2.373,1.875,1.848,63334.64863987724,60980.00158187724
A_M_1.7999999999999998_1.0_422,COM,2.51154,11.852493,1.317,3.89,3.223,63082.60564987724,60980.00158187724
A_M_1.7999999999999998_1.0_423,COM,1.829514,9.096257,2.172,0.327,4.194,64089.63496887724,60980.00158187724
A_M_1.7999999999999998_1.0_424,COM,0.906558,4.997046,1.452,1.942,4.557,62118.593581877234,60980.00158187724
A_M_1.7999999999999998_1.0_425,COM,0.774063,4.380688,1.865,0.444,4.957,62167.88073387724,60980.00158187724
A_M_1.7999999999999998_1.0_426,COM,0.372214,2.620848,1.486,1.398,4.013,62208.28401887724,60980.00158187724
A_M_1.7999999999999998_1.0_427,COM,1.286903,6.714791,2.396,4.916,2.188,64556.623439877236,60980.00158187724
A_M_1.7999999999999998_1.0_428,COM,1.568858,8.100917,2.899,3.705,0.772,62791.456804877234,60980.00158187724
A_M_1.7999999999999998_1.0_429,COM,2.206442,10.935267,2.016,4.606,3.332,61999.15900287724,60980.00158187724
A_M_1.7999999999999998_1.0_430,COM,0.850416,4.87229,1.5,1.896,4.359,64397.03431387724,60980.00158187724
A_M_1.7999999999999998_1.0_431,COM,0.341948,2.535786,1.042,5.617,4.483,63491.580946877235,60980.00158187724
A_M_1.7999999999999998_1.0_432,COM,1.494884,7.786022,0.2,2.116,4.501,64370.02366387724,60980.00158187724
A_M_1.7999999999999998_1.0_433,COM,0.937531,5.415321,1.112,0.531,0.095,62311.38610987724,60980.00158187724
A_M_1.7999999999999998_1.0_434,COM,0.899235,5.172536,0.846,4.998,3.398,63251.06128787724,60980.00158187724
A_M_1.7999999999999998_1.0_435,COM,0.859373,5.079948,1.411,2.743,4.43,64641.50778187724,60980.00158187724
A_M_1.7999999999999998_1.0_436,COM,0.80921,4.898774,0.11,3.735,3.078,61617.290628877236,60980.00158187724
A_M_1.7999999999999998_1.0_437,COM,1.366982,7.653656,2.145,0.976,3.693,61855.29158387724,60980.00158187724
A_M_1.7999999999999998_1.0_438,COM,1.258712,7.117201,1.366,4.615,4.323,62676.56159987724,60980.00158187724
A_M_1.7999999999999998_1.0_439,COM,0.782517,4.941502,1.556,5.485,3.025,61758.043806877235,60980.00158187724
A_M_1.7999999999999998_1.0_440,COM,1.136958,6.876498,2.009,4.079,3.734,63831.564115877234,60980.00158187724
A_M_1.7999999999999998_1.0_441,COM,0.576905,3.938457,2.405,4.983,5.181,64201.18543787724,60980.00158187724
A_M_1.7999999999999998_1.0_442,COM,2.912456,15.994152,1.096,4.725,2.964,62147.842509877235,60980.00158187724
A_M_1.7999999999999998_1.0_443,COM,1.886798,10.839717,2.214,6.062,3.055,63313.40641587724,60980.00158187724
A_M_1.7999999999999998_1.0_444,COM,1.155525,6.998018,2.511,3.603,1.076,62463.00736587724,60980.00158187724
A_M_1.7999999999999998_1.0_445,COM,1.324639,8.073415,2.171,1.85,5.408,62914.603596877234,60980.00158187724
A_M_1.7999999999999998_1.0_446,COM,29.709258,161.890011,2.784,1.814,4.954,61970.24015187724,60980.00158187724
A_M_1.7999999999999998_1.0_447,COM,1.288565,8.187907,1.424,3.081,3.265,64343.590297877236,60980.00158187724
A_M_1.7999999999999998_1.0_448,COM,1.070024,6.985952,1.526,4.17,1.506,61769.09486087724,60980.00158187724
A_M_1.7999999999999998_1.0_449,COM,1.58993,10.041545,1.155,5.063,1.514,61914.745446877234,60980.00158187724
A_M_1.7999999999999998_1.0_450,COM,1.828399,11.333486,1.825,6.269,2.739,64211.90605687724,60980.00158187724
A_M_1.7999999999999998_1.0_451,COM,1.492599,9.576389,1.925,3.083,3.534,62422.73838587724,60980.00158187724
A_M_1.7999999999999998_1.0_452,COM,0.90076,6.184019,1.25,4.444,3.826,64325.980621877236,60980.00158187724
A_M_1.7999999999999998_1.0_453,COM,0.702733,5.077071,1.48,4.519,2.144,61104.653009877235,60980.00158187724
A_M_1.7999999999999998_1.0_454,COM,2.15962,13.539193,1.376,4.657,2.35,61085.19204987724,60980.00158187724
A_M_1.7999999999999998_1.0_455,COM,1.023065,7.034868,0.974,0.985,5.206,61144.853301877236,60980.00158187724
A_M_1.7999999999999998_1.0_456,COM,2.260785,14.317585,1.768,1.766,5.073,62866.691029877235,60980.00158187724
A_M_1.7999999999999998_1.0_457,COM,2.439772,15.63237,1.324,4.669,1.982,64358.54511387724,60980.00158187724
A_M_1.7999999999999998_1.0_458,COM,0.87746,6.214466,0.927,4.483,2.583,62892.89897887724,60980.00158187724
A_M_1.7999999999999998_1.0_459,COM,0.075587,1.46022,1.076,4.867,4.128,62099.94368487724,60980.00158187724
A_M_1.7999999999999998_1.0_460,COM,0.87696,6.583969,2.114,0.969,3.83,64632.90715387724,60980.00158187724
A_M_1.7999999999999998_1.0_461,COM,1.368134,9.867502,1.009,4.682,2.142,61142.05043987724,60980.00158187724
A_M_1.7999999999999998_1.0_462,COM,1.162584,9.180006,1.988,1.29,4.324,62716.57881187724,60980.00158187724
A_M_1.7999999999999998_1.0_463,COM,1.663142,12.855548,1.1,5.917,2.726,61897.810074877234,60980.00158187724
A_M_1.7999999999999998_1.0_464,COM,1.297361,10.457177,1.923,5.176,2.28,64239.65433287724,60980.00158187724
A_M_1.7999999999999998_1.0_465,COM,2.393055,18.857191,2.902,1.826,5.206,63152.312358877236,60980.00158187724
A_M_1.7999999999999998_1.0_466,COM,0.991372,8.464733,1.747,5.235,2.185,61039.61927887724,60980.00158187724
A_M_1.7999999999999998_1.0_467,COM,1.517754,12.236392,2.486,3.278,3.633,61514.25184787724,60980.00158187724
A_M_1.7999999999999998_1.0_468,COM,0.702547,6.56939,2.248,1.686,4.176,64584.29970487724,60980.00158187724
A_M_1.7999999999999998_1.0_469,COM,0.09142,1.738177,2.143,1.709,4.852,61232.80205087724,60980.00158187724
A_M_1.7999999999999998_1.0_470,COM,0.303205,3.621614,1.508,2.887,3.608,63872.95189387724,60980.00158187724
A_M_1.7999999999999998_1.0_471,COM,1.701664,15.829446,1.964,0.73,4.259,63561.64962087724,60980.00158187724
A_M_1.7999999999999998_1.0_472,COM,0.422677,4.796708,2.07,4.862,2.312,63762.91289087724,60980.00158187724
A_M_1.7999999999999998_1.0_473,COM,0.396909,4.570253,1.946,5.196,2.403,60977.26451887724,60980.00158187724
A_M_1.7999999999999998_1.0_474,COM,0.959835,9.665979,0.576,1.028,5.208,61989.14965187724,60980.00158187724
A_M_1.7999999999999998_1.0_475,COM,1.518393,15.05122,2.595,5.017,2.118,62282.95331387724,60980.00158187724
A_M_1.7999999999999998_1.0_476,COM,0.304627,3.844067,0.81,4.631,2.72,62686.332453877236,60980.00158187724
A_M_1.7999999999999998_1.0_477,COM,1.439733,14.672729,2.587,1.176,4.511,61856.52336087724,60980.00158187724
A_M_1.7999999999999998_1.0_478,COM,1.689566,17.399967,1.386,4.581,3.559,62633.69716987724,60980.00158187724
A_M_1.7999999999999998_1.0_479,COM,0.872812,9.344434,1.274,4.734,1.687,62622.22468487724,60980.00158187724
A_M_1.7999999999999998_1.0_480,COM,1.305795,14.621994,2.706,5.684,2.476,64067.86354587724,60980.00158187724
A_M_1.7999999999999998_1.0_481,COM,0.825173,9.851545,0.69,3.472,3.381,63759.588558877236,60980.00158187724
