ObjID,H_r,u-r,g-r,i-r,z-r,y-r,GS
A_M_2.1999999999999997_1.0_0,25.51,2.31,0.73,-0.33,-0.5,-0.68,0.15
A_M_2.1999999999999997_1.0_1,25.43,2.31,0.73,-0.33,-0.5,-0.68,0.15
A_M_2.1999999999999997_1.0_2,23.4,2.31,0.73,-0.33,-0.5,-0.68,0.15
A_M_2.1999999999999997_1.0_3,24.8,2.31,0.73,-0.33,-0.5,-0.68,0.15
A_M_2.1999999999999997_1.0_4,25.07,2.31,0.73,-0.33,-0.5,-0.68,0.15
A_M_2.1999999999999997_1.0_5,25.47,2.31,0.73,-0.33,-0.5,-0.68,0.15
A_M_2.1999999999999997_1.0_6,23.85,2.31,0.73,-0.33,-0.5,-0.68,0.15
A_M_2.1999999999999997_1.0_7,23.21,2.31,0.73,-0.33,-0.5,-0.68,0.15
A_M_2.1999999999999997_1.0_8,24.94,2.31,0.73,-0.33,-0.5,-0.68,0.15
A_M_2.1999999999999997_1.0_9,24.04,2.31,0.73,-0.33,-0.5,-0.68,0.15
A_M_2.1999999999999997_1.0_10,25.38,2.31,0.73,-0.33,-0.5,-0.68,0.15
A_M_2.1999999999999997_1.0_11,24.91,2.31,0.73,-0.33,-0.5,-0.68,0.15
A_M_2.1999999999999997_1.0_12,24.84,2.31,0.73,-0.33,-0.5,-0.68,0.15
A_M_2.1999999999999997_1.0_13,25.31,2.31,0.73,-0.33,-0.5,-0.68,0.15
A_M_2.1999999999999997_1.0_14,23.04,2.31,0.73,-0.33,-0.5,-0.68,0.15
A_M_2.1999999999999997_1.0_15,25.58,2.31,0.73,-0.33,-0.5,-0.68,0.15
A_M_2.1999999999999997_1.0_16,24.64,2.31,0.73,-0.33,-0.5,-0.68,0.15
A_M_2.1999999999999997_1.0_17,24.79,2.31,0.73,-0.33,-0.5,-0.68,0.15
A_M_2.1999999999999997_1.0_18,25.19,2.31,0.73,-0.33,-0.5,-0.68,0.15
A_M_2.1999999999999997_1.0_19,25.13,2.31,0.73,-0.33,-0.5,-0.68,0.15
A_M_2.1999999999999997_1.0_20,24.26,2.31,0.73,-0.33,-0.5,-0.68,0.15
A_M_2.1999999999999997_1.0_21,24.94,2.31,0.73,-0.33,-0.5,-0.68,0.15
A_M_2.1999999999999997_1.0_22,23.39,2.31,0.73,-0.33,-0.5,-0.68,0.15
A_M_2.1999999999999997_1.0_23,24.3,2.31,0.73,-0.33,-0.5,-0.68,0.15
A_M_2.1999999999999997_1.0_24,23.45,2.31,0.73,-0.33,-0.5,-0.68,0.15
A_M_2.1999999999999997_1.0_25,24.05,2.31,0.73,-0.33,-0.5,-0.68,0.15
A_M_2.1999999999999997_1.0_26,24.12,2.31,0.73,-0.33,-0.5,-0.68,0.15
A_M_2.1999999999999997_1.0_27,20.02,2.31,0.73,-0.33,-0.5,-0.68,0.15
A_M_2.1999999999999997_1.0_28,25.35,2.31,0.73,-0.33,-0.5,-0.68,0.15
A_M_2.1999999999999997_1.0_29,25.4,2.31,0.73,-0.33,-0.5,-0.68,0.15
A_M_2.1999999999999997_1.0_30,24.59,2.31,0.73,-0.33,-0.5,-0.68,0.15
A_M_2.1999999999999997_1.0_31,25.41,2.31,0.73,-0.33,-0.5,-0.68,0.15
A_M_2.1999999999999997_1.0_32,25.33,2.31,0.73,-0.33,-0.5,-0.68,0.15
A_M_2.1999999999999997_1.0_33,24.71,2.31,0.73,-0.33,-0.5,-0.68,0.15
A_M_2.1999999999999997_1.0_34,25.29,2.31,0.73,-0.33,-0.5,-0.68,0.15
A_M_2.1999999999999997_1.0_35,25.17,2.31,0.73,-0.33,-0.5,-0.68,0.15
A_M_2.1999999999999997_1.0_36,25.3,2.31,0.73,-0.33,-0.5,-0.68,0.15
A_M_2.1999999999999997_1.0_37,24.23,2.31,0.73,-0.33,-0.5,-0.68,0.15
A_M_2.1999999999999997_1.0_38,22.31,2.31,0.73,-0.33,-0.5,-0.68,0.15
A_M_2.1999999999999997_1.0_39,25.26,2.31,0.73,-0.33,-0.5,-0.68,0.15
A_M_2.1999999999999997_1.0_40,25.35,2.31,0.73,-0.33,-0.5,-0.68,0.15
A_M_2.1999999999999997_1.0_41,23.49,2.31,0.73,-0.33,-0.5,-0.68,0.15
A_M_2.1999999999999997_1.0_42,24.33,2.31,0.73,-0.33,-0.5,-0.68,0.15
A_M_2.1999999999999997_1.0_43,25.31,2.31,0.73,-0.33,-0.5,-0.68,0.15
A_M_2.1999999999999997_1.0_44,23.56,2.31,0.73,-0.33,-0.5,-0.68,0.15
A_M_2.1999999999999997_1.0_45,25.53,2.31,0.73,-0.33,-0.5,-0.68,0.15
A_M_2.1999999999999997_1.0_46,24.81,2.31,0.73,-0.33,-0.5,-0.68,0.15
A_M_2.1999999999999997_1.0_47,17.76,2.31,0.73,-0.33,-0.5,-0.68,0.15
A_M_2.1999999999999997_1.0_48,23.28,2.31,0.73,-0.33,-0.5,-0.68,0.15
A_M_2.1999999999999997_1.0_49,23.43,2.31,0.73,-0.33,-0.5,-0.68,0.15
A_M_2.1999999999999997_1.0_50,24.7,2.31,0.73,-0.33,-0.5,-0.68,0.15
A_M_2.1999999999999997_1.0_51,24.56,2.31,0.73,-0.33,-0.5,-0.68,0.15
A_M_2.1999999999999997_1.0_52,21.42,2.31,0.73,-0.33,-0.5,-0.68,0.15
A_M_2.1999999999999997_1.0_53,25.37,2.31,0.73,-0.33,-0.5,-0.68,0.15
A_M_2.1999999999999997_1.0_54,25.01,2.31,0.73,-0.33,-0.5,-0.68,0.15
A_M_2.1999999999999997_1.0_55,24.29,2.31,0.73,-0.33,-0.5,-0.68,0.15
A_M_2.1999999999999997_1.0_56,25.55,2.31,0.73,-0.33,-0.5,-0.68,0.15
A_M_2.1999999999999997_1.0_57,25.36,2.31,0.73,-0.33,-0.5,-0.68,0.15
A_M_2.1999999999999997_1.0_58,23.51,2.31,0.73,-0.33,-0.5,-0.68,0.15
A_M_2.1999999999999997_1.0_59,24.18,2.31,0.73,-0.33,-0.5,-0.68,0.15
A_M_2.1999999999999997_1.0_60,22.81,2.31,0.73,-0.33,-0.5,-0.68,0.15
A_M_2.1999999999999997_1.0_61,25.29,2.31,0.73,-0.33,-0.5,-0.68,0.15
A_M_2.1999999999999997_1.0_62,22.54,2.31,0.73,-0.33,-0.5,-0.68,0.15
A_M_2.1999999999999997_1.0_63,25.07,2.31,0.73,-0.33,-0.5,-0.68,0.15
A_M_2.1999999999999997_1.0_64,25.12,2.31,0.73,-0.33,-0.5,-0.68,0.15
A_M_2.1999999999999997_1.0_65,24.66,2.31,0.73,-0.33,-0.5,-0.68,0.15
A_M_2.1999999999999997_1.0_66,23.93,2.31,0.73,-0.33,-0.5,-0.68,0.15
A_M_2.1999999999999997_1.0_67,25.58,2.31,0.73,-0.33,-0.5,-0.68,0.15
A_M_2.1999999999999997_1.0_68,24.94,2.31,0.73,-0.33,-0.5,-0.68,0.15
A_M_2.1999999999999997_1.0_69,23.87,2.31,0.73,-0.33,-0.5,-0.68,0.15
A_M_2.1999999999999997_1.0_70,23.67,2.31,0.73,-0.33,-0.5,-0.68,0.15
A_M_2.1999999999999997_1.0_71,23.47,2.31,0.73,-0.33,-0.5,-0.68,0.15
A_M_2.1999999999999997_1.0_72,25.26,2.31,0.73,-0.33,-0.5,-0.68,0.15
A_M_2.1999999999999997_1.0_73,24.65,2.31,0.73,-0.33,-0.5,-0.68,0.15
A_M_2.1999999999999997_1.0_74,24.57,2.31,0.73,-0.33,-0.5,-0.68,0.15
A_M_2.1999999999999997_1.0_75,25.03,2.31,0.73,-0.33,-0.5,-0.68,0.15
A_M_2.1999999999999997_1.0_76,23.72,2.31,0.73,-0.33,-0.5,-0.68,0.15
A_M_2.1999999999999997_1.0_77,23.35,2.31,0.73,-0.33,-0.5,-0.68,0.15
A_M_2.1999999999999997_1.0_78,23.94,2.31,0.73,-0.33,-0.5,-0.68,0.15
A_M_2.1999999999999997_1.0_79,25.6,2.31,0.73,-0.33,-0.5,-0.68,0.15
A_M_2.1999999999999997_1.0_80,23.42,2.31,0.73,-0.33,-0.5,-0.68,0.15
A_M_2.1999999999999997_1.0_81,25.36,2.31,0.73,-0.33,-0.5,-0.68,0.15
A_M_2.1999999999999997_1.0_82,24.45,2.31,0.73,-0.33,-0.5,-0.68,0.15
A_M_2.1999999999999997_1.0_83,24.87,2.31,0.73,-0.33,-0.5,-0.68,0.15
A_M_2.1999999999999997_1.0_84,24.93,2.31,0.73,-0.33,-0.5,-0.68,0.15
A_M_2.1999999999999997_1.0_85,23.11,2.31,0.73,-0.33,-0.5,-0.68,0.15
A_M_2.1999999999999997_1.0_86,23.85,2.31,0.73,-0.33,-0.5,-0.68,0.15
A_M_2.1999999999999997_1.0_87,24.38,2.31,0.73,-0.33,-0.5,-0.68,0.15
A_M_2.1999999999999997_1.0_88,25.29,2.31,0.73,-0.33,-0.5,-0.68,0.15
A_M_2.1999999999999997_1.0_89,24.66,2.31,0.73,-0.33,-0.5,-0.68,0.15
A_M_2.1999999999999997_1.0_90,23.34,2.31,0.73,-0.33,-0.5,-0.68,0.15
A_M_2.1999999999999997_1.0_91,23.38,2.31,0.73,-0.33,-0.5,-0.68,0.15
A_M_2.1999999999999997_1.0_92,23.02,2.31,0.73,-0.33,-0.5,-0.68,0.15
A_M_2.1999999999999997_1.0_93,25.47,2.31,0.73,-0.33,-0.5,-0.68,0.15
A_M_2.1999999999999997_1.0_94,25.26,2.31,0.73,-0.33,-0.5,-0.68,0.15
A_M_2.1999999999999997_1.0_95,25.39,2.31,0.73,-0.33,-0.5,-0.68,0.15
A_M_2.1999999999999997_1.0_96,25.03,2.31,0.73,-0.33,-0.5,-0.68,0.15
A_M_2.1999999999999997_1.0_97,23.86,2.31,0.73,-0.33,-0.5,-0.68,0.15
A_M_2.1999999999999997_1.0_98,24.64,2.31,0.73,-0.33,-0.5,-0.68,0.15
A_M_2.1999999999999997_1.0_99,25.25,2.31,0.73,-0.33,-0.5,-0.68,0.15
A_M_2.1999999999999997_1.0_100,24.15,2.31,0.73,-0.33,-0.5,-0.68,0.15
A_M_2.1999999999999997_1.0_101,24.88,2.31,0.73,-0.33,-0.5,-0.68,0.15
A_M_2.1999999999999997_1.0_102,23.12,2.31,0.73,-0.33,-0.5,-0.68,0.15
A_M_2.1999999999999997_1.0_103,24.41,2.31,0.73,-0.33,-0.5,-0.68,0.15
A_M_2.1999999999999997_1.0_104,24.51,2.31,0.73,-0.33,-0.5,-0.68,0.15
A_M_2.1999999999999997_1.0_105,25.27,2.31,0.73,-0.33,-0.5,-0.68,0.15
A_M_2.1999999999999997_1.0_106,21.79,2.31,0.73,-0.33,-0.5,-0.68,0.15
A_M_2.1999999999999997_1.0_107,24.41,2.31,0.73,-0.33,-0.5,-0.68,0.15
A_M_2.1999999999999997_1.0_108,25.14,2.31,0.73,-0.33,-0.5,-0.68,0.15
A_M_2.1999999999999997_1.0_109,24.36,2.31,0.73,-0.33,-0.5,-0.68,0.15
A_M_2.1999999999999997_1.0_110,22.3,2.31,0.73,-0.33,-0.5,-0.68,0.15
A_M_2.1999999999999997_1.0_111,25.07,2.31,0.73,-0.33,-0.5,-0.68,0.15
A_M_2.1999999999999997_1.0_112,25.54,2.31,0.73,-0.33,-0.5,-0.68,0.15
A_M_2.1999999999999997_1.0_113,25.31,2.31,0.73,-0.33,-0.5,-0.68,0.15
A_M_2.1999999999999997_1.0_114,23.65,2.31,0.73,-0.33,-0.5,-0.68,0.15
A_M_2.1999999999999997_1.0_115,21.57,2.31,0.73,-0.33,-0.5,-0.68,0.15
A_M_2.1999999999999997_1.0_116,22.17,2.31,0.73,-0.33,-0.5,-0.68,0.15
A_M_2.1999999999999997_1.0_117,23.26,2.31,0.73,-0.33,-0.5,-0.68,0.15
A_M_2.1999999999999997_1.0_118,23.36,2.31,0.73,-0.33,-0.5,-0.68,0.15
A_M_2.1999999999999997_1.0_119,24.99,2.31,0.73,-0.33,-0.5,-0.68,0.15
A_M_2.1999999999999997_1.0_120,25.41,2.31,0.73,-0.33,-0.5,-0.68,0.15
A_M_2.1999999999999997_1.0_121,24.91,2.31,0.73,-0.33,-0.5,-0.68,0.15
A_M_2.1999999999999997_1.0_122,25.38,2.31,0.73,-0.33,-0.5,-0.68,0.15
A_M_2.1999999999999997_1.0_123,25.38,2.31,0.73,-0.33,-0.5,-0.68,0.15
A_M_2.1999999999999997_1.0_124,23.58,2.31,0.73,-0.33,-0.5,-0.68,0.15
A_M_2.1999999999999997_1.0_125,23.39,2.31,0.73,-0.33,-0.5,-0.68,0.15
A_M_2.1999999999999997_1.0_126,22.95,2.31,0.73,-0.33,-0.5,-0.68,0.15
A_M_2.1999999999999997_1.0_127,24.87,2.31,0.73,-0.33,-0.5,-0.68,0.15
A_M_2.1999999999999997_1.0_128,22.64,2.31,0.73,-0.33,-0.5,-0.68,0.15
A_M_2.1999999999999997_1.0_129,24.03,2.31,0.73,-0.33,-0.5,-0.68,0.15
A_M_2.1999999999999997_1.0_130,23.22,2.31,0.73,-0.33,-0.5,-0.68,0.15
A_M_2.1999999999999997_1.0_131,22.27,2.31,0.73,-0.33,-0.5,-0.68,0.15
A_M_2.1999999999999997_1.0_132,25.22,2.31,0.73,-0.33,-0.5,-0.68,0.15
A_M_2.1999999999999997_1.0_133,24.1,2.31,0.73,-0.33,-0.5,-0.68,0.15
A_M_2.1999999999999997_1.0_134,24.76,2.31,0.73,-0.33,-0.5,-0.68,0.15
A_M_2.1999999999999997_1.0_135,25.52,2.31,0.73,-0.33,-0.5,-0.68,0.15
A_M_2.1999999999999997_1.0_136,25.17,2.31,0.73,-0.33,-0.5,-0.68,0.15
A_M_2.1999999999999997_1.0_137,24.71,2.31,0.73,-0.33,-0.5,-0.68,0.15
A_M_2.1999999999999997_1.0_138,24.24,2.31,0.73,-0.33,-0.5,-0.68,0.15
A_M_2.1999999999999997_1.0_139,23.94,2.31,0.73,-0.33,-0.5,-0.68,0.15
A_M_2.1999999999999997_1.0_140,24.91,2.31,0.73,-0.33,-0.5,-0.68,0.15
A_M_2.1999999999999997_1.0_141,25.28,2.31,0.73,-0.33,-0.5,-0.68,0.15
A_M_2.1999999999999997_1.0_142,25.55,2.31,0.73,-0.33,-0.5,-0.68,0.15
A_M_2.1999999999999997_1.0_143,24.33,2.31,0.73,-0.33,-0.5,-0.68,0.15
A_M_2.1999999999999997_1.0_144,25.29,2.31,0.73,-0.33,-0.5,-0.68,0.15
A_M_2.1999999999999997_1.0_145,25.41,2.31,0.73,-0.33,-0.5,-0.68,0.15
A_M_2.1999999999999997_1.0_146,24.62,2.31,0.73,-0.33,-0.5,-0.68,0.15
A_M_2.1999999999999997_1.0_147,25.04,2.31,0.73,-0.33,-0.5,-0.68,0.15
A_M_2.1999999999999997_1.0_148,25.11,2.31,0.73,-0.33,-0.5,-0.68,0.15
A_M_2.1999999999999997_1.0_149,25.45,2.31,0.73,-0.33,-0.5,-0.68,0.15
A_M_2.1999999999999997_1.0_150,25.38,2.31,0.73,-0.33,-0.5,-0.68,0.15
A_M_2.1999999999999997_1.0_151,22.91,2.31,0.73,-0.33,-0.5,-0.68,0.15
A_M_2.1999999999999997_1.0_152,22.56,2.31,0.73,-0.33,-0.5,-0.68,0.15
A_M_2.1999999999999997_1.0_153,25.32,2.31,0.73,-0.33,-0.5,-0.68,0.15
A_M_2.1999999999999997_1.0_154,25.52,2.31,0.73,-0.33,-0.5,-0.68,0.15
A_M_2.1999999999999997_1.0_155,24.58,2.31,0.73,-0.33,-0.5,-0.68,0.15
A_M_2.1999999999999997_1.0_156,25.03,2.31,0.73,-0.33,-0.5,-0.68,0.15
A_M_2.1999999999999997_1.0_157,24.74,2.31,0.73,-0.33,-0.5,-0.68,0.15
A_M_2.1999999999999997_1.0_158,23.15,2.31,0.73,-0.33,-0.5,-0.68,0.15
A_M_2.1999999999999997_1.0_159,24.62,2.31,0.73,-0.33,-0.5,-0.68,0.15
A_M_2.1999999999999997_1.0_160,23.76,2.31,0.73,-0.33,-0.5,-0.68,0.15
A_M_2.1999999999999997_1.0_161,21.26,2.31,0.73,-0.33,-0.5,-0.68,0.15
A_M_2.1999999999999997_1.0_162,25.6,2.31,0.73,-0.33,-0.5,-0.68,0.15
A_M_2.1999999999999997_1.0_163,22.94,2.31,0.73,-0.33,-0.5,-0.68,0.15
A_M_2.1999999999999997_1.0_164,25.1,2.31,0.73,-0.33,-0.5,-0.68,0.15
A_M_2.1999999999999997_1.0_165,25.05,2.31,0.73,-0.33,-0.5,-0.68,0.15
A_M_2.1999999999999997_1.0_166,25.62,2.31,0.73,-0.33,-0.5,-0.68,0.15
A_M_2.1999999999999997_1.0_167,25.45,2.31,0.73,-0.33,-0.5,-0.68,0.15
A_M_2.1999999999999997_1.0_168,24.8,2.31,0.73,-0.33,-0.5,-0.68,0.15
A_M_2.1999999999999997_1.0_169,22.28,2.31,0.73,-0.33,-0.5,-0.68,0.15
A_M_2.1999999999999997_1.0_170,24.64,2.31,0.73,-0.33,-0.5,-0.68,0.15
A_M_2.1999999999999997_1.0_171,24.1,2.31,0.73,-0.33,-0.5,-0.68,0.15
A_M_2.1999999999999997_1.0_172,25.22,2.31,0.73,-0.33,-0.5,-0.68,0.15
A_M_2.1999999999999997_1.0_173,25.43,2.31,0.73,-0.33,-0.5,-0.68,0.15
A_M_2.1999999999999997_1.0_174,23.39,2.31,0.73,-0.33,-0.5,-0.68,0.15
A_M_2.1999999999999997_1.0_175,21.59,2.31,0.73,-0.33,-0.5,-0.68,0.15
A_M_2.1999999999999997_1.0_176,24.65,2.31,0.73,-0.33,-0.5,-0.68,0.15
A_M_2.1999999999999997_1.0_177,25.05,2.31,0.73,-0.33,-0.5,-0.68,0.15
A_M_2.1999999999999997_1.0_178,24.69,2.31,0.73,-0.33,-0.5,-0.68,0.15
A_M_2.1999999999999997_1.0_179,25.42,2.31,0.73,-0.33,-0.5,-0.68,0.15
A_M_2.1999999999999997_1.0_180,24.52,2.31,0.73,-0.33,-0.5,-0.68,0.15
A_M_2.1999999999999997_1.0_181,25.23,2.31,0.73,-0.33,-0.5,-0.68,0.15
A_M_2.1999999999999997_1.0_182,25.06,2.31,0.73,-0.33,-0.5,-0.68,0.15
A_M_2.1999999999999997_1.0_183,25.45,2.31,0.73,-0.33,-0.5,-0.68,0.15
A_M_2.1999999999999997_1.0_184,23.46,2.31,0.73,-0.33,-0.5,-0.68,0.15
A_M_2.1999999999999997_1.0_185,24.96,2.31,0.73,-0.33,-0.5,-0.68,0.15
A_M_2.1999999999999997_1.0_186,24.99,2.31,0.73,-0.33,-0.5,-0.68,0.15
A_M_2.1999999999999997_1.0_187,25.46,2.31,0.73,-0.33,-0.5,-0.68,0.15
A_M_2.1999999999999997_1.0_188,24.82,2.31,0.73,-0.33,-0.5,-0.68,0.15
A_M_2.1999999999999997_1.0_189,22.68,2.31,0.73,-0.33,-0.5,-0.68,0.15
A_M_2.1999999999999997_1.0_190,24.87,2.31,0.73,-0.33,-0.5,-0.68,0.15
A_M_2.1999999999999997_1.0_191,24.89,2.31,0.73,-0.33,-0.5,-0.68,0.15
A_M_2.1999999999999997_1.0_192,25.21,2.31,0.73,-0.33,-0.5,-0.68,0.15
A_M_2.1999999999999997_1.0_193,24.52,2.31,0.73,-0.33,-0.5,-0.68,0.15
A_M_2.1999999999999997_1.0_194,24.61,2.31,0.73,-0.33,-0.5,-0.68,0.15
A_M_2.1999999999999997_1.0_195,24.38,2.31,0.73,-0.33,-0.5,-0.68,0.15
A_M_2.1999999999999997_1.0_196,23.73,2.31,0.73,-0.33,-0.5,-0.68,0.15
A_M_2.1999999999999997_1.0_197,24.07,2.31,0.73,-0.33,-0.5,-0.68,0.15
A_M_2.1999999999999997_1.0_198,24.67,2.31,0.73,-0.33,-0.5,-0.68,0.15
A_M_2.1999999999999997_1.0_199,25.49,2.31,0.73,-0.33,-0.5,-0.68,0.15
A_M_2.1999999999999997_1.0_200,23.54,2.31,0.73,-0.33,-0.5,-0.68,0.15
A_M_2.1999999999999997_1.0_201,24.6,2.31,0.73,-0.33,-0.5,-0.68,0.15
A_M_2.1999999999999997_1.0_202,25.46,2.31,0.73,-0.33,-0.5,-0.68,0.15
A_M_2.1999999999999997_1.0_203,25.59,2.31,0.73,-0.33,-0.5,-0.68,0.15
A_M_2.1999999999999997_1.0_204,24.52,2.31,0.73,-0.33,-0.5,-0.68,0.15
A_M_2.1999999999999997_1.0_205,24.64,2.31,0.73,-0.33,-0.5,-0.68,0.15
A_M_2.1999999999999997_1.0_206,24.88,2.31,0.73,-0.33,-0.5,-0.68,0.15
A_M_2.1999999999999997_1.0_207,25.1,2.31,0.73,-0.33,-0.5,-0.68,0.15
A_M_2.1999999999999997_1.0_208,25.57,2.31,0.73,-0.33,-0.5,-0.68,0.15
A_M_2.1999999999999997_1.0_209,23.93,2.31,0.73,-0.33,-0.5,-0.68,0.15
A_M_2.1999999999999997_1.0_210,19.76,2.31,0.73,-0.33,-0.5,-0.68,0.15
A_M_2.1999999999999997_1.0_211,23.76,2.31,0.73,-0.33,-0.5,-0.68,0.15
A_M_2.1999999999999997_1.0_212,25.54,2.31,0.73,-0.33,-0.5,-0.68,0.15
A_M_2.1999999999999997_1.0_213,24.61,2.31,0.73,-0.33,-0.5,-0.68,0.15
A_M_2.1999999999999997_1.0_214,25.21,2.31,0.73,-0.33,-0.5,-0.68,0.15
A_M_2.1999999999999997_1.0_215,25.5,2.31,0.73,-0.33,-0.5,-0.68,0.15
A_M_2.1999999999999997_1.0_216,25.6,2.31,0.73,-0.33,-0.5,-0.68,0.15
A_M_2.1999999999999997_1.0_217,25.22,2.31,0.73,-0.33,-0.5,-0.68,0.15
A_M_2.1999999999999997_1.0_218,24.96,2.31,0.73,-0.33,-0.5,-0.68,0.15
A_M_2.1999999999999997_1.0_219,24.9,2.31,0.73,-0.33,-0.5,-0.68,0.15
A_M_2.1999999999999997_1.0_220,25.31,2.31,0.73,-0.33,-0.5,-0.68,0.15
A_M_2.1999999999999997_1.0_221,24.81,2.31,0.73,-0.33,-0.5,-0.68,0.15
A_M_2.1999999999999997_1.0_222,23.31,2.31,0.73,-0.33,-0.5,-0.68,0.15
A_M_2.1999999999999997_1.0_223,25.38,2.31,0.73,-0.33,-0.5,-0.68,0.15
A_M_2.1999999999999997_1.0_224,25.43,2.31,0.73,-0.33,-0.5,-0.68,0.15
A_M_2.1999999999999997_1.0_225,24.32,2.31,0.73,-0.33,-0.5,-0.68,0.15
A_M_2.1999999999999997_1.0_226,24.56,2.31,0.73,-0.33,-0.5,-0.68,0.15
A_M_2.1999999999999997_1.0_227,25.38,2.31,0.73,-0.33,-0.5,-0.68,0.15
A_M_2.1999999999999997_1.0_228,24.98,2.31,0.73,-0.33,-0.5,-0.68,0.15
A_M_2.1999999999999997_1.0_229,25.38,2.31,0.73,-0.33,-0.5,-0.68,0.15
A_M_2.1999999999999997_1.0_230,24.0,2.31,0.73,-0.33,-0.5,-0.68,0.15
A_M_2.1999999999999997_1.0_231,25.41,2.31,0.73,-0.33,-0.5,-0.68,0.15
A_M_2.1999999999999997_1.0_232,25.36,2.31,0.73,-0.33,-0.5,-0.68,0.15
A_M_2.1999999999999997_1.0_233,25.39,2.31,0.73,-0.33,-0.5,-0.68,0.15
A_M_2.1999999999999997_1.0_234,23.48,2.31,0.73,-0.33,-0.5,-0.68,0.15
A_M_2.1999999999999997_1.0_235,24.8,2.31,0.73,-0.33,-0.5,-0.68,0.15
A_M_2.1999999999999997_1.0_236,25.45,2.31,0.73,-0.33,-0.5,-0.68,0.15
A_M_2.1999999999999997_1.0_237,24.14,2.31,0.73,-0.33,-0.5,-0.68,0.15
A_M_2.1999999999999997_1.0_238,23.21,2.31,0.73,-0.33,-0.5,-0.68,0.15
A_M_2.1999999999999997_1.0_239,25.2,2.31,0.73,-0.33,-0.5,-0.68,0.15
A_M_2.1999999999999997_1.0_240,25.46,2.31,0.73,-0.33,-0.5,-0.68,0.15
A_M_2.1999999999999997_1.0_241,24.18,2.31,0.73,-0.33,-0.5,-0.68,0.15
A_M_2.1999999999999997_1.0_242,24.37,2.31,0.73,-0.33,-0.5,-0.68,0.15
A_M_2.1999999999999997_1.0_243,25.43,2.31,0.73,-0.33,-0.5,-0.68,0.15
A_M_2.1999999999999997_1.0_244,24.87,2.31,0.73,-0.33,-0.5,-0.68,0.15
A_M_2.1999999999999997_1.0_245,24.33,2.31,0.73,-0.33,-0.5,-0.68,0.15
A_M_2.1999999999999997_1.0_246,23.04,2.31,0.73,-0.33,-0.5,-0.68,0.15
A_M_2.1999999999999997_1.0_247,25.32,2.31,0.73,-0.33,-0.5,-0.68,0.15
A_M_2.1999999999999997_1.0_248,25.4,2.31,0.73,-0.33,-0.5,-0.68,0.15
A_M_2.1999999999999997_1.0_249,24.19,2.31,0.73,-0.33,-0.5,-0.68,0.15
A_M_2.1999999999999997_1.0_250,24.49,2.31,0.73,-0.33,-0.5,-0.68,0.15
A_M_2.1999999999999997_1.0_251,25.38,2.31,0.73,-0.33,-0.5,-0.68,0.15
A_M_2.1999999999999997_1.0_252,25.29,2.31,0.73,-0.33,-0.5,-0.68,0.15
A_M_2.1999999999999997_1.0_253,25.48,2.31,0.73,-0.33,-0.5,-0.68,0.15
A_M_2.1999999999999997_1.0_254,25.27,2.31,0.73,-0.33,-0.5,-0.68,0.15
A_M_2.1999999999999997_1.0_255,25.12,2.31,0.73,-0.33,-0.5,-0.68,0.15
A_M_2.1999999999999997_1.0_256,24.27,2.31,0.73,-0.33,-0.5,-0.68,0.15
A_M_2.1999999999999997_1.0_257,22.87,2.31,0.73,-0.33,-0.5,-0.68,0.15
A_M_2.1999999999999997_1.0_258,25.39,2.31,0.73,-0.33,-0.5,-0.68,0.15
A_M_2.1999999999999997_1.0_259,24.99,2.31,0.73,-0.33,-0.5,-0.68,0.15
A_M_2.1999999999999997_1.0_260,24.77,2.31,0.73,-0.33,-0.5,-0.68,0.15
A_M_2.1999999999999997_1.0_261,24.47,2.31,0.73,-0.33,-0.5,-0.68,0.15
A_M_2.1999999999999997_1.0_262,23.56,2.31,0.73,-0.33,-0.5,-0.68,0.15
A_M_2.1999999999999997_1.0_263,24.92,2.31,0.73,-0.33,-0.5,-0.68,0.15
A_M_2.1999999999999997_1.0_264,24.15,2.31,0.73,-0.33,-0.5,-0.68,0.15
A_M_2.1999999999999997_1.0_265,25.23,2.31,0.73,-0.33,-0.5,-0.68,0.15
A_M_2.1999999999999997_1.0_266,25.01,2.31,0.73,-0.33,-0.5,-0.68,0.15
A_M_2.1999999999999997_1.0_267,24.1,2.31,0.73,-0.33,-0.5,-0.68,0.15
A_M_2.1999999999999997_1.0_268,25.6,2.31,0.73,-0.33,-0.5,-0.68,0.15
A_M_2.1999999999999997_1.0_269,23.99,2.31,0.73,-0.33,-0.5,-0.68,0.15
A_M_2.1999999999999997_1.0_270,22.6,2.31,0.73,-0.33,-0.5,-0.68,0.15
A_M_2.1999999999999997_1.0_271,24.46,2.31,0.73,-0.33,-0.5,-0.68,0.15
A_M_2.1999999999999997_1.0_272,25.58,2.31,0.73,-0.33,-0.5,-0.68,0.15
A_M_2.1999999999999997_1.0_273,23.08,2.31,0.73,-0.33,-0.5,-0.68,0.15
A_M_2.1999999999999997_1.0_274,25.51,2.31,0.73,-0.33,-0.5,-0.68,0.15
A_M_2.1999999999999997_1.0_275,24.71,2.31,0.73,-0.33,-0.5,-0.68,0.15
A_M_2.1999999999999997_1.0_276,24.51,2.31,0.73,-0.33,-0.5,-0.68,0.15
A_M_2.1999999999999997_1.0_277,25.05,2.31,0.73,-0.33,-0.5,-0.68,0.15
A_M_2.1999999999999997_1.0_278,25.59,2.31,0.73,-0.33,-0.5,-0.68,0.15
A_M_2.1999999999999997_1.0_279,25.56,2.31,0.73,-0.33,-0.5,-0.68,0.15
A_M_2.1999999999999997_1.0_280,25.44,2.31,0.73,-0.33,-0.5,-0.68,0.15
A_M_2.1999999999999997_1.0_281,25.31,2.31,0.73,-0.33,-0.5,-0.68,0.15
A_M_2.1999999999999997_1.0_282,22.6,2.31,0.73,-0.33,-0.5,-0.68,0.15
A_M_2.1999999999999997_1.0_283,25.54,2.31,0.73,-0.33,-0.5,-0.68,0.15
A_M_2.1999999999999997_1.0_284,24.2,2.31,0.73,-0.33,-0.5,-0.68,0.15
A_M_2.1999999999999997_1.0_285,24.4,2.31,0.73,-0.33,-0.5,-0.68,0.15
A_M_2.1999999999999997_1.0_286,24.19,2.31,0.73,-0.33,-0.5,-0.68,0.15
A_M_2.1999999999999997_1.0_287,25.37,2.31,0.73,-0.33,-0.5,-0.68,0.15
A_M_2.1999999999999997_1.0_288,24.03,2.31,0.73,-0.33,-0.5,-0.68,0.15
A_M_2.1999999999999997_1.0_289,25.56,2.31,0.73,-0.33,-0.5,-0.68,0.15
A_M_2.1999999999999997_1.0_290,25.5,2.31,0.73,-0.33,-0.5,-0.68,0.15
A_M_2.1999999999999997_1.0_291,23.71,2.31,0.73,-0.33,-0.5,-0.68,0.15
A_M_2.1999999999999997_1.0_292,24.18,2.31,0.73,-0.33,-0.5,-0.68,0.15
A_M_2.1999999999999997_1.0_293,23.58,2.31,0.73,-0.33,-0.5,-0.68,0.15
A_M_2.1999999999999997_1.0_294,25.54,2.31,0.73,-0.33,-0.5,-0.68,0.15
A_M_2.1999999999999997_1.0_295,25.26,2.31,0.73,-0.33,-0.5,-0.68,0.15
A_M_2.1999999999999997_1.0_296,25.14,2.31,0.73,-0.33,-0.5,-0.68,0.15
A_M_2.1999999999999997_1.0_297,25.02,2.31,0.73,-0.33,-0.5,-0.68,0.15
A_M_2.1999999999999997_1.0_298,21.28,2.31,0.73,-0.33,-0.5,-0.68,0.15
A_M_2.1999999999999997_1.0_299,24.18,2.31,0.73,-0.33,-0.5,-0.68,0.15
A_M_2.1999999999999997_1.0_300,24.13,2.31,0.73,-0.33,-0.5,-0.68,0.15
A_M_2.1999999999999997_1.0_301,24.93,2.31,0.73,-0.33,-0.5,-0.68,0.15
A_M_2.1999999999999997_1.0_302,23.0,2.31,0.73,-0.33,-0.5,-0.68,0.15
A_M_2.1999999999999997_1.0_303,23.82,2.31,0.73,-0.33,-0.5,-0.68,0.15
A_M_2.1999999999999997_1.0_304,23.62,2.31,0.73,-0.33,-0.5,-0.68,0.15
A_M_2.1999999999999997_1.0_305,24.61,2.31,0.73,-0.33,-0.5,-0.68,0.15
A_M_2.1999999999999997_1.0_306,25.34,2.31,0.73,-0.33,-0.5,-0.68,0.15
A_M_2.1999999999999997_1.0_307,24.55,2.31,0.73,-0.33,-0.5,-0.68,0.15
A_M_2.1999999999999997_1.0_308,25.55,2.31,0.73,-0.33,-0.5,-0.68,0.15
A_M_2.1999999999999997_1.0_309,23.49,2.31,0.73,-0.33,-0.5,-0.68,0.15
A_M_2.1999999999999997_1.0_310,23.18,2.31,0.73,-0.33,-0.5,-0.68,0.15
A_M_2.1999999999999997_1.0_311,25.58,2.31,0.73,-0.33,-0.5,-0.68,0.15
A_M_2.1999999999999997_1.0_312,23.99,2.31,0.73,-0.33,-0.5,-0.68,0.15
A_M_2.1999999999999997_1.0_313,24.99,2.31,0.73,-0.33,-0.5,-0.68,0.15
A_M_2.1999999999999997_1.0_314,25.57,2.31,0.73,-0.33,-0.5,-0.68,0.15
A_M_2.1999999999999997_1.0_315,24.35,2.31,0.73,-0.33,-0.5,-0.68,0.15
A_M_2.1999999999999997_1.0_316,25.02,2.31,0.73,-0.33,-0.5,-0.68,0.15
A_M_2.1999999999999997_1.0_317,25.37,2.31,0.73,-0.33,-0.5,-0.68,0.15
A_M_2.1999999999999997_1.0_318,23.82,2.31,0.73,-0.33,-0.5,-0.68,0.15
A_M_2.1999999999999997_1.0_319,22.16,2.31,0.73,-0.33,-0.5,-0.68,0.15
A_M_2.1999999999999997_1.0_320,25.32,2.31,0.73,-0.33,-0.5,-0.68,0.15
A_M_2.1999999999999997_1.0_321,25.42,2.31,0.73,-0.33,-0.5,-0.68,0.15
A_M_2.1999999999999997_1.0_322,25.15,2.31,0.73,-0.33,-0.5,-0.68,0.15
A_M_2.1999999999999997_1.0_323,25.09,2.31,0.73,-0.33,-0.5,-0.68,0.15
A_M_2.1999999999999997_1.0_324,25.53,2.31,0.73,-0.33,-0.5,-0.68,0.15
A_M_2.1999999999999997_1.0_325,24.82,2.31,0.73,-0.33,-0.5,-0.68,0.15
A_M_2.1999999999999997_1.0_326,21.25,2.31,0.73,-0.33,-0.5,-0.68,0.15
A_M_2.1999999999999997_1.0_327,24.45,2.31,0.73,-0.33,-0.5,-0.68,0.15
A_M_2.1999999999999997_1.0_328,24.0,2.31,0.73,-0.33,-0.5,-0.68,0.15
A_M_2.1999999999999997_1.0_329,25.54,2.31,0.73,-0.33,-0.5,-0.68,0.15
A_M_2.1999999999999997_1.0_330,24.41,2.31,0.73,-0.33,-0.5,-0.68,0.15
A_M_2.1999999999999997_1.0_331,22.75,2.31,0.73,-0.33,-0.5,-0.68,0.15
A_M_2.1999999999999997_1.0_332,19.72,2.31,0.73,-0.33,-0.5,-0.68,0.15
A_M_2.1999999999999997_1.0_333,24.83,2.31,0.73,-0.33,-0.5,-0.68,0.15
A_M_2.1999999999999997_1.0_334,24.45,2.31,0.73,-0.33,-0.5,-0.68,0.15
A_M_2.1999999999999997_1.0_335,25.23,2.31,0.73,-0.33,-0.5,-0.68,0.15
A_M_2.1999999999999997_1.0_336,25.47,2.31,0.73,-0.33,-0.5,-0.68,0.15
A_M_2.1999999999999997_1.0_337,24.56,2.31,0.73,-0.33,-0.5,-0.68,0.15
A_M_2.1999999999999997_1.0_338,25.57,2.31,0.73,-0.33,-0.5,-0.68,0.15
A_M_2.1999999999999997_1.0_339,23.25,2.31,0.73,-0.33,-0.5,-0.68,0.15
A_M_2.1999999999999997_1.0_340,25.02,2.31,0.73,-0.33,-0.5,-0.68,0.15
A_M_2.1999999999999997_1.0_341,25.27,2.31,0.73,-0.33,-0.5,-0.68,0.15
A_M_2.1999999999999997_1.0_342,23.78,2.31,0.73,-0.33,-0.5,-0.68,0.15
A_M_2.1999999999999997_1.0_343,25.08,2.31,0.73,-0.33,-0.5,-0.68,0.15
A_M_2.1999999999999997_1.0_344,24.34,2.31,0.73,-0.33,-0.5,-0.68,0.15
A_M_2.1999999999999997_1.0_345,25.38,2.31,0.73,-0.33,-0.5,-0.68,0.15
A_M_2.1999999999999997_1.0_346,25.36,2.31,0.73,-0.33,-0.5,-0.68,0.15
A_M_2.1999999999999997_1.0_347,25.16,2.31,0.73,-0.33,-0.5,-0.68,0.15
A_M_2.1999999999999997_1.0_348,24.51,2.31,0.73,-0.33,-0.5,-0.68,0.15
A_M_2.1999999999999997_1.0_349,25.22,2.31,0.73,-0.33,-0.5,-0.68,0.15
A_M_2.1999999999999997_1.0_350,24.97,2.31,0.73,-0.33,-0.5,-0.68,0.15
A_M_2.1999999999999997_1.0_351,22.28,2.31,0.73,-0.33,-0.5,-0.68,0.15
A_M_2.1999999999999997_1.0_352,25.06,2.31,0.73,-0.33,-0.5,-0.68,0.15
A_M_2.1999999999999997_1.0_353,24.07,2.31,0.73,-0.33,-0.5,-0.68,0.15
A_M_2.1999999999999997_1.0_354,25.4,2.31,0.73,-0.33,-0.5,-0.68,0.15
A_M_2.1999999999999997_1.0_355,25.28,2.31,0.73,-0.33,-0.5,-0.68,0.15
A_M_2.1999999999999997_1.0_356,25.49,2.31,0.73,-0.33,-0.5,-0.68,0.15
A_M_2.1999999999999997_1.0_357,24.76,2.31,0.73,-0.33,-0.5,-0.68,0.15
A_M_2.1999999999999997_1.0_358,24.17,2.31,0.73,-0.33,-0.5,-0.68,0.15
A_M_2.1999999999999997_1.0_359,25.38,2.31,0.73,-0.33,-0.5,-0.68,0.15
A_M_2.1999999999999997_1.0_360,24.93,2.31,0.73,-0.33,-0.5,-0.68,0.15
A_M_2.1999999999999997_1.0_361,25.07,2.31,0.73,-0.33,-0.5,-0.68,0.15
A_M_2.1999999999999997_1.0_362,22.86,2.31,0.73,-0.33,-0.5,-0.68,0.15
A_M_2.1999999999999997_1.0_363,22.86,2.31,0.73,-0.33,-0.5,-0.68,0.15
A_M_2.1999999999999997_1.0_364,22.55,2.31,0.73,-0.33,-0.5,-0.68,0.15
A_M_2.1999999999999997_1.0_365,21.17,2.31,0.73,-0.33,-0.5,-0.68,0.15
A_M_2.1999999999999997_1.0_366,25.26,2.31,0.73,-0.33,-0.5,-0.68,0.15
A_M_2.1999999999999997_1.0_367,25.57,2.31,0.73,-0.33,-0.5,-0.68,0.15
A_M_2.1999999999999997_1.0_368,24.86,2.31,0.73,-0.33,-0.5,-0.68,0.15
A_M_2.1999999999999997_1.0_369,23.26,2.31,0.73,-0.33,-0.5,-0.68,0.15
A_M_2.1999999999999997_1.0_370,22.94,2.31,0.73,-0.33,-0.5,-0.68,0.15
A_M_2.1999999999999997_1.0_371,24.1,2.31,0.73,-0.33,-0.5,-0.68,0.15
A_M_2.1999999999999997_1.0_372,24.3,2.31,0.73,-0.33,-0.5,-0.68,0.15
A_M_2.1999999999999997_1.0_373,24.2,2.31,0.73,-0.33,-0.5,-0.68,0.15
A_M_2.1999999999999997_1.0_374,23.77,2.31,0.73,-0.33,-0.5,-0.68,0.15
A_M_2.1999999999999997_1.0_375,23.84,2.31,0.73,-0.33,-0.5,-0.68,0.15
A_M_2.1999999999999997_1.0_376,24.79,2.31,0.73,-0.33,-0.5,-0.68,0.15
A_M_2.1999999999999997_1.0_377,24.83,2.31,0.73,-0.33,-0.5,-0.68,0.15
A_M_2.1999999999999997_1.0_378,23.27,2.31,0.73,-0.33,-0.5,-0.68,0.15
A_M_2.1999999999999997_1.0_379,25.06,2.31,0.73,-0.33,-0.5,-0.68,0.15
A_M_2.1999999999999997_1.0_380,22.42,2.31,0.73,-0.33,-0.5,-0.68,0.15
A_M_2.1999999999999997_1.0_381,23.91,2.31,0.73,-0.33,-0.5,-0.68,0.15
A_M_2.1999999999999997_1.0_382,23.29,2.31,0.73,-0.33,-0.5,-0.68,0.15
A_M_2.1999999999999997_1.0_383,23.96,2.31,0.73,-0.33,-0.5,-0.68,0.15
A_M_2.1999999999999997_1.0_384,24.59,2.31,0.73,-0.33,-0.5,-0.68,0.15
A_M_2.1999999999999997_1.0_385,24.39,2.31,0.73,-0.33,-0.5,-0.68,0.15
A_M_2.1999999999999997_1.0_386,25.0,2.31,0.73,-0.33,-0.5,-0.68,0.15
A_M_2.1999999999999997_1.0_387,25.11,2.31,0.73,-0.33,-0.5,-0.68,0.15
A_M_2.1999999999999997_1.0_388,23.9,2.31,0.73,-0.33,-0.5,-0.68,0.15
A_M_2.1999999999999997_1.0_389,24.38,2.31,0.73,-0.33,-0.5,-0.68,0.15
A_M_2.1999999999999997_1.0_390,25.19,2.31,0.73,-0.33,-0.5,-0.68,0.15
A_M_2.1999999999999997_1.0_391,25.58,2.31,0.73,-0.33,-0.5,-0.68,0.15
A_M_2.1999999999999997_1.0_392,24.02,2.31,0.73,-0.33,-0.5,-0.68,0.15
A_M_2.1999999999999997_1.0_393,25.43,2.31,0.73,-0.33,-0.5,-0.68,0.15
A_M_2.1999999999999997_1.0_394,25.34,2.31,0.73,-0.33,-0.5,-0.68,0.15
A_M_2.1999999999999997_1.0_395,25.08,2.31,0.73,-0.33,-0.5,-0.68,0.15
A_M_2.1999999999999997_1.0_396,21.87,2.31,0.73,-0.33,-0.5,-0.68,0.15
A_M_2.1999999999999997_1.0_397,25.46,2.31,0.73,-0.33,-0.5,-0.68,0.15
A_M_2.1999999999999997_1.0_398,25.6,2.31,0.73,-0.33,-0.5,-0.68,0.15
A_M_2.1999999999999997_1.0_399,24.26,2.31,0.73,-0.33,-0.5,-0.68,0.15
A_M_2.1999999999999997_1.0_400,25.32,2.31,0.73,-0.33,-0.5,-0.68,0.15
A_M_2.1999999999999997_1.0_401,25.46,2.31,0.73,-0.33,-0.5,-0.68,0.15
A_M_2.1999999999999997_1.0_402,25.06,2.31,0.73,-0.33,-0.5,-0.68,0.15
A_M_2.1999999999999997_1.0_403,24.7,2.31,0.73,-0.33,-0.5,-0.68,0.15
A_M_2.1999999999999997_1.0_404,25.14,2.31,0.73,-0.33,-0.5,-0.68,0.15
A_M_2.1999999999999997_1.0_405,22.86,2.31,0.73,-0.33,-0.5,-0.68,0.15
A_M_2.1999999999999997_1.0_406,24.75,2.31,0.73,-0.33,-0.5,-0.68,0.15
A_M_2.1999999999999997_1.0_407,24.63,2.31,0.73,-0.33,-0.5,-0.68,0.15
A_M_2.1999999999999997_1.0_408,25.06,2.31,0.73,-0.33,-0.5,-0.68,0.15
A_M_2.1999999999999997_1.0_409,25.42,2.31,0.73,-0.33,-0.5,-0.68,0.15
A_M_2.1999999999999997_1.0_410,25.26,2.31,0.73,-0.33,-0.5,-0.68,0.15
A_M_2.1999999999999997_1.0_411,24.63,2.31,0.73,-0.33,-0.5,-0.68,0.15
A_M_2.1999999999999997_1.0_412,24.78,2.31,0.73,-0.33,-0.5,-0.68,0.15
A_M_2.1999999999999997_1.0_413,25.07,2.31,0.73,-0.33,-0.5,-0.68,0.15
A_M_2.1999999999999997_1.0_414,22.91,2.31,0.73,-0.33,-0.5,-0.68,0.15
A_M_2.1999999999999997_1.0_415,23.8,2.31,0.73,-0.33,-0.5,-0.68,0.15
A_M_2.1999999999999997_1.0_416,25.25,2.31,0.73,-0.33,-0.5,-0.68,0.15
A_M_2.1999999999999997_1.0_417,24.93,2.31,0.73,-0.33,-0.5,-0.68,0.15
A_M_2.1999999999999997_1.0_418,25.56,2.31,0.73,-0.33,-0.5,-0.68,0.15
A_M_2.1999999999999997_1.0_419,24.48,2.31,0.73,-0.33,-0.5,-0.68,0.15
A_M_2.1999999999999997_1.0_420,23.52,2.31,0.73,-0.33,-0.5,-0.68,0.15
A_M_2.1999999999999997_1.0_421,23.83,2.31,0.73,-0.33,-0.5,-0.68,0.15
A_M_2.1999999999999997_1.0_422,23.09,2.31,0.73,-0.33,-0.5,-0.68,0.15
A_M_2.1999999999999997_1.0_423,23.28,2.31,0.73,-0.33,-0.5,-0.68,0.15
A_M_2.1999999999999997_1.0_424,24.09,2.31,0.73,-0.33,-0.5,-0.68,0.15
A_M_2.1999999999999997_1.0_425,25.57,2.31,0.73,-0.33,-0.5,-0.68,0.15
A_M_2.1999999999999997_1.0_426,25.05,2.31,0.73,-0.33,-0.5,-0.68,0.15
A_M_2.1999999999999997_1.0_427,25.29,2.31,0.73,-0.33,-0.5,-0.68,0.15
A_M_2.1999999999999997_1.0_428,21.22,2.31,0.73,-0.33,-0.5,-0.68,0.15
A_M_2.1999999999999997_1.0_429,18.58,2.31,0.73,-0.33,-0.5,-0.68,0.15
A_M_2.1999999999999997_1.0_430,25.36,2.31,0.73,-0.33,-0.5,-0.68,0.15
A_M_2.1999999999999997_1.0_431,25.12,2.31,0.73,-0.33,-0.5,-0.68,0.15
A_M_2.1999999999999997_1.0_432,25.25,2.31,0.73,-0.33,-0.5,-0.68,0.15
A_M_2.1999999999999997_1.0_433,25.32,2.31,0.73,-0.33,-0.5,-0.68,0.15
A_M_2.1999999999999997_1.0_434,24.88,2.31,0.73,-0.33,-0.5,-0.68,0.15
A_M_2.1999999999999997_1.0_435,25.39,2.31,0.73,-0.33,-0.5,-0.68,0.15
A_M_2.1999999999999997_1.0_436,24.64,2.31,0.73,-0.33,-0.5,-0.68,0.15
A_M_2.1999999999999997_1.0_437,25.24,2.31,0.73,-0.33,-0.5,-0.68,0.15
A_M_2.1999999999999997_1.0_438,23.86,2.31,0.73,-0.33,-0.5,-0.68,0.15
A_M_2.1999999999999997_1.0_439,24.82,2.31,0.73,-0.33,-0.5,-0.68,0.15
A_M_2.1999999999999997_1.0_440,25.03,2.31,0.73,-0.33,-0.5,-0.68,0.15
A_M_2.1999999999999997_1.0_441,24.67,2.31,0.73,-0.33,-0.5,-0.68,0.15
A_M_2.1999999999999997_1.0_442,25.37,2.31,0.73,-0.33,-0.5,-0.68,0.15
A_M_2.1999999999999997_1.0_443,25.29,2.31,0.73,-0.33,-0.5,-0.68,0.15
A_M_2.1999999999999997_1.0_444,23.0,2.31,0.73,-0.33,-0.5,-0.68,0.15
A_M_2.1999999999999997_1.0_445,23.02,2.31,0.73,-0.33,-0.5,-0.68,0.15
A_M_2.1999999999999997_1.0_446,23.91,2.31,0.73,-0.33,-0.5,-0.68,0.15
A_M_2.1999999999999997_1.0_447,24.38,2.31,0.73,-0.33,-0.5,-0.68,0.15
A_M_2.1999999999999997_1.0_448,25.36,2.31,0.73,-0.33,-0.5,-0.68,0.15
A_M_2.1999999999999997_1.0_449,23.5,2.31,0.73,-0.33,-0.5,-0.68,0.15
A_M_2.1999999999999997_1.0_450,25.52,2.31,0.73,-0.33,-0.5,-0.68,0.15
A_M_2.1999999999999997_1.0_451,23.67,2.31,0.73,-0.33,-0.5,-0.68,0.15
A_M_2.1999999999999997_1.0_452,25.51,2.31,0.73,-0.33,-0.5,-0.68,0.15
A_M_2.1999999999999997_1.0_453,22.02,2.31,0.73,-0.33,-0.5,-0.68,0.15
A_M_2.1999999999999997_1.0_454,25.11,2.31,0.73,-0.33,-0.5,-0.68,0.15
A_M_2.1999999999999997_1.0_455,24.59,2.31,0.73,-0.33,-0.5,-0.68,0.15
A_M_2.1999999999999997_1.0_456,24.61,2.31,0.73,-0.33,-0.5,-0.68,0.15
A_M_2.1999999999999997_1.0_457,24.17,2.31,0.73,-0.33,-0.5,-0.68,0.15
A_M_2.1999999999999997_1.0_458,23.18,2.31,0.73,-0.33,-0.5,-0.68,0.15
A_M_2.1999999999999997_1.0_459,24.11,2.31,0.73,-0.33,-0.5,-0.68,0.15
A_M_2.1999999999999997_1.0_460,25.43,2.31,0.73,-0.33,-0.5,-0.68,0.15
A_M_2.1999999999999997_1.0_461,25.13,2.31,0.73,-0.33,-0.5,-0.68,0.15
A_M_2.1999999999999997_1.0_462,22.4,2.31,0.73,-0.33,-0.5,-0.68,0.15
A_M_2.1999999999999997_1.0_463,25.46,2.31,0.73,-0.33,-0.5,-0.68,0.15
A_M_2.1999999999999997_1.0_464,24.77,2.31,0.73,-0.33,-0.5,-0.68,0.15
A_M_2.1999999999999997_1.0_465,24.31,2.31,0.73,-0.33,-0.5,-0.68,0.15
A_M_2.1999999999999997_1.0_466,24.64,2.31,0.73,-0.33,-0.5,-0.68,0.15
A_M_2.1999999999999997_1.0_467,24.1,2.31,0.73,-0.33,-0.5,-0.68,0.15
A_M_2.1999999999999997_1.0_468,22.68,2.31,0.73,-0.33,-0.5,-0.68,0.15
A_M_2.1999999999999997_1.0_469,24.67,2.31,0.73,-0.33,-0.5,-0.68,0.15
A_M_2.1999999999999997_1.0_470,25.38,2.31,0.73,-0.33,-0.5,-0.68,0.15
A_M_2.1999999999999997_1.0_471,25.28,2.31,0.73,-0.33,-0.5,-0.68,0.15
A_M_2.1999999999999997_1.0_472,25.26,2.31,0.73,-0.33,-0.5,-0.68,0.15
A_M_2.1999999999999997_1.0_473,25.05,2.31,0.73,-0.33,-0.5,-0.68,0.15
A_M_2.1999999999999997_1.0_474,25.3,2.31,0.73,-0.33,-0.5,-0.68,0.15
A_M_2.1999999999999997_1.0_475,24.9,2.31,0.73,-0.33,-0.5,-0.68,0.15
A_M_2.1999999999999997_1.0_476,25.03,2.31,0.73,-0.33,-0.5,-0.68,0.15
A_M_2.1999999999999997_1.0_477,25.45,2.31,0.73,-0.33,-0.5,-0.68,0.15
A_M_2.1999999999999997_1.0_478,25.48,2.31,0.73,-0.33,-0.5,-0.68,0.15
A_M_2.1999999999999997_1.0_479,25.2,2.31,0.73,-0.33,-0.5,-0.68,0.15
A_M_2.1999999999999997_1.0_480,25.36,2.31,0.73,-0.33,-0.5,-0.68,0.15
A_M_2.1999999999999997_1.0_481,25.04,2.31,0.73,-0.33,-0.5,-0.68,0.15
A_M_2.1999999999999997_1.0_482,25.32,2.31,0.73,-0.33,-0.5,-0.68,0.15
A_M_2.1999999999999997_1.0_483,23.76,2.31,0.73,-0.33,-0.5,-0.68,0.15
A_M_2.1999999999999997_1.0_484,22.7,2.31,0.73,-0.33,-0.5,-0.68,0.15
A_M_2.1999999999999997_1.0_485,25.34,2.31,0.73,-0.33,-0.5,-0.68,0.15
A_M_2.1999999999999997_1.0_486,25.38,2.31,0.73,-0.33,-0.5,-0.68,0.15
A_M_2.1999999999999997_1.0_487,20.07,2.31,0.73,-0.33,-0.5,-0.68,0.15
A_M_2.1999999999999997_1.0_488,24.67,2.31,0.73,-0.33,-0.5,-0.68,0.15
A_M_2.1999999999999997_1.0_489,25.49,2.31,0.73,-0.33,-0.5,-0.68,0.15
A_M_2.1999999999999997_1.0_490,22.38,2.31,0.73,-0.33,-0.5,-0.68,0.15
A_M_2.1999999999999997_1.0_491,24.66,2.31,0.73,-0.33,-0.5,-0.68,0.15
A_M_2.1999999999999997_1.0_492,24.04,2.31,0.73,-0.33,-0.5,-0.68,0.15
A_M_2.1999999999999997_1.0_493,23.3,2.31,0.73,-0.33,-0.5,-0.68,0.15
A_M_2.1999999999999997_1.0_494,21.76,2.31,0.73,-0.33,-0.5,-0.68,0.15
A_M_2.1999999999999997_1.0_495,24.44,2.31,0.73,-0.33,-0.5,-0.68,0.15
A_M_2.1999999999999997_1.0_496,24.88,2.31,0.73,-0.33,-0.5,-0.68,0.15
A_M_2.1999999999999997_1.0_497,24.28,2.31,0.73,-0.33,-0.5,-0.68,0.15
A_M_2.1999999999999997_1.0_498,24.95,2.31,0.73,-0.33,-0.5,-0.68,0.15
A_M_2.1999999999999997_1.0_499,25.49,2.31,0.73,-0.33,-0.5,-0.68,0.15
A_M_2.1999999999999997_1.0_500,25.56,2.31,0.73,-0.33,-0.5,-0.68,0.15
A_M_2.1999999999999997_1.0_501,24.82,2.31,0.73,-0.33,-0.5,-0.68,0.15
A_M_2.1999999999999997_1.0_502,24.05,2.31,0.73,-0.33,-0.5,-0.68,0.15
A_M_2.1999999999999997_1.0_503,25.45,2.31,0.73,-0.33,-0.5,-0.68,0.15
A_M_2.1999999999999997_1.0_504,22.79,2.31,0.73,-0.33,-0.5,-0.68,0.15
A_M_2.1999999999999997_1.0_505,18.51,2.31,0.73,-0.33,-0.5,-0.68,0.15
A_M_2.1999999999999997_1.0_506,23.75,2.31,0.73,-0.33,-0.5,-0.68,0.15
A_M_2.1999999999999997_1.0_507,24.86,2.31,0.73,-0.33,-0.5,-0.68,0.15
A_M_2.1999999999999997_1.0_508,25.15,2.31,0.73,-0.33,-0.5,-0.68,0.15
A_M_2.1999999999999997_1.0_509,25.56,2.31,0.73,-0.33,-0.5,-0.68,0.15
A_M_2.1999999999999997_1.0_510,25.46,2.31,0.73,-0.33,-0.5,-0.68,0.15
A_M_2.1999999999999997_1.0_511,25.18,2.31,0.73,-0.33,-0.5,-0.68,0.15
A_M_2.1999999999999997_1.0_512,25.6,2.31,0.73,-0.33,-0.5,-0.68,0.15
A_M_2.1999999999999997_1.0_513,24.62,2.31,0.73,-0.33,-0.5,-0.68,0.15
A_M_2.1999999999999997_1.0_514,25.46,2.31,0.73,-0.33,-0.5,-0.68,0.15
A_M_2.1999999999999997_1.0_515,25.57,2.31,0.73,-0.33,-0.5,-0.68,0.15
A_M_2.1999999999999997_1.0_516,25.6,2.31,0.73,-0.33,-0.5,-0.68,0.15
A_M_2.1999999999999997_1.0_517,24.89,2.31,0.73,-0.33,-0.5,-0.68,0.15
A_M_2.1999999999999997_1.0_518,25.18,2.31,0.73,-0.33,-0.5,-0.68,0.15
A_M_2.1999999999999997_1.0_519,24.95,2.31,0.73,-0.33,-0.5,-0.68,0.15
A_M_2.1999999999999997_1.0_520,23.33,2.31,0.73,-0.33,-0.5,-0.68,0.15
A_M_2.1999999999999997_1.0_521,25.35,2.31,0.73,-0.33,-0.5,-0.68,0.15
A_M_2.1999999999999997_1.0_522,25.38,2.31,0.73,-0.33,-0.5,-0.68,0.15
A_M_2.1999999999999997_1.0_523,25.41,2.31,0.73,-0.33,-0.5,-0.68,0.15
A_M_2.1999999999999997_1.0_524,24.33,2.31,0.73,-0.33,-0.5,-0.68,0.15
A_M_2.1999999999999997_1.0_525,24.39,2.31,0.73,-0.33,-0.5,-0.68,0.15
A_M_2.1999999999999997_1.0_526,25.26,2.31,0.73,-0.33,-0.5,-0.68,0.15
A_M_2.1999999999999997_1.0_527,24.11,2.31,0.73,-0.33,-0.5,-0.68,0.15
A_M_2.1999999999999997_1.0_528,24.57,2.31,0.73,-0.33,-0.5,-0.68,0.15
A_M_2.1999999999999997_1.0_529,22.46,2.31,0.73,-0.33,-0.5,-0.68,0.15
A_M_2.1999999999999997_1.0_530,25.33,2.31,0.73,-0.33,-0.5,-0.68,0.15
A_M_2.1999999999999997_1.0_531,24.67,2.31,0.73,-0.33,-0.5,-0.68,0.15
A_M_2.1999999999999997_1.0_532,21.97,2.31,0.73,-0.33,-0.5,-0.68,0.15
A_M_2.1999999999999997_1.0_533,24.26,2.31,0.73,-0.33,-0.5,-0.68,0.15
A_M_2.1999999999999997_1.0_534,25.41,2.31,0.73,-0.33,-0.5,-0.68,0.15
A_M_2.1999999999999997_1.0_535,24.34,2.31,0.73,-0.33,-0.5,-0.68,0.15
A_M_2.1999999999999997_1.0_536,25.19,2.31,0.73,-0.33,-0.5,-0.68,0.15
A_M_2.1999999999999997_1.0_537,25.32,2.31,0.73,-0.33,-0.5,-0.68,0.15
A_M_2.1999999999999997_1.0_538,25.02,2.31,0.73,-0.33,-0.5,-0.68,0.15
A_M_2.1999999999999997_1.0_539,24.15,2.31,0.73,-0.33,-0.5,-0.68,0.15
A_M_2.1999999999999997_1.0_540,25.26,2.31,0.73,-0.33,-0.5,-0.68,0.15
A_M_2.1999999999999997_1.0_541,14.82,2.31,0.73,-0.33,-0.5,-0.68,0.15
A_M_2.1999999999999997_1.0_542,23.79,2.31,0.73,-0.33,-0.5,-0.68,0.15
A_M_2.1999999999999997_1.0_543,21.96,2.31,0.73,-0.33,-0.5,-0.68,0.15
A_M_2.1999999999999997_1.0_544,24.97,2.31,0.73,-0.33,-0.5,-0.68,0.15
A_M_2.1999999999999997_1.0_545,25.43,2.31,0.73,-0.33,-0.5,-0.68,0.15
A_M_2.1999999999999997_1.0_546,25.52,2.31,0.73,-0.33,-0.5,-0.68,0.15
A_M_2.1999999999999997_1.0_547,22.96,2.31,0.73,-0.33,-0.5,-0.68,0.15
A_M_2.1999999999999997_1.0_548,25.09,2.31,0.73,-0.33,-0.5,-0.68,0.15
A_M_2.1999999999999997_1.0_549,23.12,2.31,0.73,-0.33,-0.5,-0.68,0.15
A_M_2.1999999999999997_1.0_550,24.16,2.31,0.73,-0.33,-0.5,-0.68,0.15
A_M_2.1999999999999997_1.0_551,25.23,2.31,0.73,-0.33,-0.5,-0.68,0.15
A_M_2.1999999999999997_1.0_552,23.25,2.31,0.73,-0.33,-0.5,-0.68,0.15
A_M_2.1999999999999997_1.0_553,22.84,2.31,0.73,-0.33,-0.5,-0.68,0.15
A_M_2.1999999999999997_1.0_554,25.57,2.31,0.73,-0.33,-0.5,-0.68,0.15
A_M_2.1999999999999997_1.0_555,24.52,2.31,0.73,-0.33,-0.5,-0.68,0.15
A_M_2.1999999999999997_1.0_556,24.07,2.31,0.73,-0.33,-0.5,-0.68,0.15
A_M_2.1999999999999997_1.0_557,24.44,2.31,0.73,-0.33,-0.5,-0.68,0.15
A_M_2.1999999999999997_1.0_558,22.16,2.31,0.73,-0.33,-0.5,-0.68,0.15
A_M_2.1999999999999997_1.0_559,24.95,2.31,0.73,-0.33,-0.5,-0.68,0.15
A_M_2.1999999999999997_1.0_560,24.84,2.31,0.73,-0.33,-0.5,-0.68,0.15
A_M_2.1999999999999997_1.0_561,25.01,2.31,0.73,-0.33,-0.5,-0.68,0.15
A_M_2.1999999999999997_1.0_562,24.48,2.31,0.73,-0.33,-0.5,-0.68,0.15
A_M_2.1999999999999997_1.0_563,23.4,2.31,0.73,-0.33,-0.5,-0.68,0.15
A_M_2.1999999999999997_1.0_564,24.89,2.31,0.73,-0.33,-0.5,-0.68,0.15
A_M_2.1999999999999997_1.0_565,24.42,2.31,0.73,-0.33,-0.5,-0.68,0.15
A_M_2.1999999999999997_1.0_566,25.3,2.31,0.73,-0.33,-0.5,-0.68,0.15
A_M_2.1999999999999997_1.0_567,25.34,2.31,0.73,-0.33,-0.5,-0.68,0.15
A_M_2.1999999999999997_1.0_568,25.16,2.31,0.73,-0.33,-0.5,-0.68,0.15
A_M_2.1999999999999997_1.0_569,23.92,2.31,0.73,-0.33,-0.5,-0.68,0.15
A_M_2.1999999999999997_1.0_570,24.45,2.31,0.73,-0.33,-0.5,-0.68,0.15
A_M_2.1999999999999997_1.0_571,25.25,2.31,0.73,-0.33,-0.5,-0.68,0.15
A_M_2.1999999999999997_1.0_572,25.14,2.31,0.73,-0.33,-0.5,-0.68,0.15
A_M_2.1999999999999997_1.0_573,23.85,2.31,0.73,-0.33,-0.5,-0.68,0.15
A_M_2.1999999999999997_1.0_574,22.77,2.31,0.73,-0.33,-0.5,-0.68,0.15
A_M_2.1999999999999997_1.0_575,22.82,2.31,0.73,-0.33,-0.5,-0.68,0.15
A_M_2.1999999999999997_1.0_576,25.29,2.31,0.73,-0.33,-0.5,-0.68,0.15
A_M_2.1999999999999997_1.0_577,23.0,2.31,0.73,-0.33,-0.5,-0.68,0.15
A_M_2.1999999999999997_1.0_578,25.18,2.31,0.73,-0.33,-0.5,-0.68,0.15
A_M_2.1999999999999997_1.0_579,25.13,2.31,0.73,-0.33,-0.5,-0.68,0.15
A_M_2.1999999999999997_1.0_580,25.46,2.31,0.73,-0.33,-0.5,-0.68,0.15
A_M_2.1999999999999997_1.0_581,24.83,2.31,0.73,-0.33,-0.5,-0.68,0.15
A_M_2.1999999999999997_1.0_582,25.11,2.31,0.73,-0.33,-0.5,-0.68,0.15
A_M_2.1999999999999997_1.0_583,24.25,2.31,0.73,-0.33,-0.5,-0.68,0.15
A_M_2.1999999999999997_1.0_584,24.99,2.31,0.73,-0.33,-0.5,-0.68,0.15
A_M_2.1999999999999997_1.0_585,25.27,2.31,0.73,-0.33,-0.5,-0.68,0.15
A_M_2.1999999999999997_1.0_586,25.14,2.31,0.73,-0.33,-0.5,-0.68,0.15
A_M_2.1999999999999997_1.0_587,25.42,2.31,0.73,-0.33,-0.5,-0.68,0.15
A_M_2.1999999999999997_1.0_588,24.83,2.31,0.73,-0.33,-0.5,-0.68,0.15
A_M_2.1999999999999997_1.0_589,25.47,2.31,0.73,-0.33,-0.5,-0.68,0.15
A_M_2.1999999999999997_1.0_590,22.75,2.31,0.73,-0.33,-0.5,-0.68,0.15
A_M_2.1999999999999997_1.0_591,25.15,2.31,0.73,-0.33,-0.5,-0.68,0.15
A_M_2.1999999999999997_1.0_592,24.65,2.31,0.73,-0.33,-0.5,-0.68,0.15
A_M_2.1999999999999997_1.0_593,25.48,2.31,0.73,-0.33,-0.5,-0.68,0.15
A_M_2.1999999999999997_1.0_594,25.51,2.31,0.73,-0.33,-0.5,-0.68,0.15
A_M_2.1999999999999997_1.0_595,25.06,2.31,0.73,-0.33,-0.5,-0.68,0.15
A_M_2.1999999999999997_1.0_596,23.9,2.31,0.73,-0.33,-0.5,-0.68,0.15
A_M_2.1999999999999997_1.0_597,25.58,2.31,0.73,-0.33,-0.5,-0.68,0.15
A_M_2.1999999999999997_1.0_598,25.55,2.31,0.73,-0.33,-0.5,-0.68,0.15
A_M_2.1999999999999997_1.0_599,24.38,2.31,0.73,-0.33,-0.5,-0.68,0.15
A_M_2.1999999999999997_1.0_600,24.61,2.31,0.73,-0.33,-0.5,-0.68,0.15
A_M_2.1999999999999997_1.0_601,25.42,2.31,0.73,-0.33,-0.5,-0.68,0.15
A_M_2.1999999999999997_1.0_602,25.53,2.31,0.73,-0.33,-0.5,-0.68,0.15
A_M_2.1999999999999997_1.0_603,25.61,2.31,0.73,-0.33,-0.5,-0.68,0.15
A_M_2.1999999999999997_1.0_604,20.39,2.31,0.73,-0.33,-0.5,-0.68,0.15
A_M_2.1999999999999997_1.0_605,24.86,2.31,0.73,-0.33,-0.5,-0.68,0.15
A_M_2.1999999999999997_1.0_606,25.08,2.31,0.73,-0.33,-0.5,-0.68,0.15
A_M_2.1999999999999997_1.0_607,24.77,2.31,0.73,-0.33,-0.5,-0.68,0.15
A_M_2.1999999999999997_1.0_608,24.29,2.31,0.73,-0.33,-0.5,-0.68,0.15
A_M_2.1999999999999997_1.0_609,25.29,2.31,0.73,-0.33,-0.5,-0.68,0.15
A_M_2.1999999999999997_1.0_610,24.87,2.31,0.73,-0.33,-0.5,-0.68,0.15
A_M_2.1999999999999997_1.0_611,24.46,2.31,0.73,-0.33,-0.5,-0.68,0.15
A_M_2.1999999999999997_1.0_612,22.22,2.31,0.73,-0.33,-0.5,-0.68,0.15
A_M_2.1999999999999997_1.0_613,25.36,2.31,0.73,-0.33,-0.5,-0.68,0.15
A_M_2.1999999999999997_1.0_614,22.39,2.31,0.73,-0.33,-0.5,-0.68,0.15
A_M_2.1999999999999997_1.0_615,25.27,2.31,0.73,-0.33,-0.5,-0.68,0.15
A_M_2.1999999999999997_1.0_616,23.99,2.31,0.73,-0.33,-0.5,-0.68,0.15
A_M_2.1999999999999997_1.0_617,24.96,2.31,0.73,-0.33,-0.5,-0.68,0.15
A_M_2.1999999999999997_1.0_618,25.49,2.31,0.73,-0.33,-0.5,-0.68,0.15
A_M_2.1999999999999997_1.0_619,20.45,2.31,0.73,-0.33,-0.5,-0.68,0.15
A_M_2.1999999999999997_1.0_620,24.36,2.31,0.73,-0.33,-0.5,-0.68,0.15
A_M_2.1999999999999997_1.0_621,24.78,2.31,0.73,-0.33,-0.5,-0.68,0.15
A_M_2.1999999999999997_1.0_622,24.59,2.31,0.73,-0.33,-0.5,-0.68,0.15
A_M_2.1999999999999997_1.0_623,24.11,2.31,0.73,-0.33,-0.5,-0.68,0.15
A_M_2.1999999999999997_1.0_624,23.76,2.31,0.73,-0.33,-0.5,-0.68,0.15
A_M_2.1999999999999997_1.0_625,24.68,2.31,0.73,-0.33,-0.5,-0.68,0.15
A_M_2.1999999999999997_1.0_626,22.38,2.31,0.73,-0.33,-0.5,-0.68,0.15
A_M_2.1999999999999997_1.0_627,22.29,2.31,0.73,-0.33,-0.5,-0.68,0.15
A_M_2.1999999999999997_1.0_628,19.8,2.31,0.73,-0.33,-0.5,-0.68,0.15
A_M_2.1999999999999997_1.0_629,25.48,2.31,0.73,-0.33,-0.5,-0.68,0.15
A_M_2.1999999999999997_1.0_630,20.26,2.31,0.73,-0.33,-0.5,-0.68,0.15
A_M_2.1999999999999997_1.0_631,22.42,2.31,0.73,-0.33,-0.5,-0.68,0.15
A_M_2.1999999999999997_1.0_632,25.41,2.31,0.73,-0.33,-0.5,-0.68,0.15
A_M_2.1999999999999997_1.0_633,25.53,2.31,0.73,-0.33,-0.5,-0.68,0.15
A_M_2.1999999999999997_1.0_634,25.3,2.31,0.73,-0.33,-0.5,-0.68,0.15
A_M_2.1999999999999997_1.0_635,24.47,2.31,0.73,-0.33,-0.5,-0.68,0.15
A_M_2.1999999999999997_1.0_636,23.44,2.31,0.73,-0.33,-0.5,-0.68,0.15
A_M_2.1999999999999997_1.0_637,25.38,2.31,0.73,-0.33,-0.5,-0.68,0.15
A_M_2.1999999999999997_1.0_638,24.79,2.31,0.73,-0.33,-0.5,-0.68,0.15
A_M_2.1999999999999997_1.0_639,22.17,2.31,0.73,-0.33,-0.5,-0.68,0.15
A_M_2.1999999999999997_1.0_640,25.41,2.31,0.73,-0.33,-0.5,-0.68,0.15
A_M_2.1999999999999997_1.0_641,25.49,2.31,0.73,-0.33,-0.5,-0.68,0.15
A_M_2.1999999999999997_1.0_642,24.15,2.31,0.73,-0.33,-0.5,-0.68,0.15
A_M_2.1999999999999997_1.0_643,22.96,2.31,0.73,-0.33,-0.5,-0.68,0.15
A_M_2.1999999999999997_1.0_644,25.41,2.31,0.73,-0.33,-0.5,-0.68,0.15
A_M_2.1999999999999997_1.0_645,22.7,2.31,0.73,-0.33,-0.5,-0.68,0.15
A_M_2.1999999999999997_1.0_646,25.46,2.31,0.73,-0.33,-0.5,-0.68,0.15
A_M_2.1999999999999997_1.0_647,25.1,2.31,0.73,-0.33,-0.5,-0.68,0.15
A_M_2.1999999999999997_1.0_648,21.87,2.31,0.73,-0.33,-0.5,-0.68,0.15
A_M_2.1999999999999997_1.0_649,24.22,2.31,0.73,-0.33,-0.5,-0.68,0.15
A_M_2.1999999999999997_1.0_650,23.67,2.31,0.73,-0.33,-0.5,-0.68,0.15
A_M_2.1999999999999997_1.0_651,25.15,2.31,0.73,-0.33,-0.5,-0.68,0.15
A_M_2.1999999999999997_1.0_652,23.72,2.31,0.73,-0.33,-0.5,-0.68,0.15
A_M_2.1999999999999997_1.0_653,24.72,2.31,0.73,-0.33,-0.5,-0.68,0.15
A_M_2.1999999999999997_1.0_654,25.42,2.31,0.73,-0.33,-0.5,-0.68,0.15
A_M_2.1999999999999997_1.0_655,25.45,2.31,0.73,-0.33,-0.5,-0.68,0.15
A_M_2.1999999999999997_1.0_656,24.14,2.31,0.73,-0.33,-0.5,-0.68,0.15
A_M_2.1999999999999997_1.0_657,22.62,2.31,0.73,-0.33,-0.5,-0.68,0.15
A_M_2.1999999999999997_1.0_658,24.73,2.31,0.73,-0.33,-0.5,-0.68,0.15
A_M_2.1999999999999997_1.0_659,24.21,2.31,0.73,-0.33,-0.5,-0.68,0.15
A_M_2.1999999999999997_1.0_660,25.56,2.31,0.73,-0.33,-0.5,-0.68,0.15
A_M_2.1999999999999997_1.0_661,25.36,2.31,0.73,-0.33,-0.5,-0.68,0.15
A_M_2.1999999999999997_1.0_662,24.62,2.31,0.73,-0.33,-0.5,-0.68,0.15
A_M_2.1999999999999997_1.0_663,25.1,2.31,0.73,-0.33,-0.5,-0.68,0.15
A_M_2.1999999999999997_1.0_664,24.97,2.31,0.73,-0.33,-0.5,-0.68,0.15
A_M_2.1999999999999997_1.0_665,25.52,2.31,0.73,-0.33,-0.5,-0.68,0.15
A_M_2.1999999999999997_1.0_666,23.54,2.31,0.73,-0.33,-0.5,-0.68,0.15
A_M_2.1999999999999997_1.0_667,24.8,2.31,0.73,-0.33,-0.5,-0.68,0.15
A_M_2.1999999999999997_1.0_668,25.35,2.31,0.73,-0.33,-0.5,-0.68,0.15
A_M_2.1999999999999997_1.0_669,25.07,2.31,0.73,-0.33,-0.5,-0.68,0.15
A_M_2.1999999999999997_1.0_670,22.56,2.31,0.73,-0.33,-0.5,-0.68,0.15
A_M_2.1999999999999997_1.0_671,24.44,2.31,0.73,-0.33,-0.5,-0.68,0.15
A_M_2.1999999999999997_1.0_672,25.48,2.31,0.73,-0.33,-0.5,-0.68,0.15
A_M_2.1999999999999997_1.0_673,25.23,2.31,0.73,-0.33,-0.5,-0.68,0.15
A_M_2.1999999999999997_1.0_674,25.58,2.31,0.73,-0.33,-0.5,-0.68,0.15
A_M_2.1999999999999997_1.0_675,23.09,2.31,0.73,-0.33,-0.5,-0.68,0.15
A_M_2.1999999999999997_1.0_676,25.46,2.31,0.73,-0.33,-0.5,-0.68,0.15
A_M_2.1999999999999997_1.0_677,24.45,2.31,0.73,-0.33,-0.5,-0.68,0.15
A_M_2.1999999999999997_1.0_678,24.84,2.31,0.73,-0.33,-0.5,-0.68,0.15
A_M_2.1999999999999997_1.0_679,24.1,2.31,0.73,-0.33,-0.5,-0.68,0.15
A_M_2.1999999999999997_1.0_680,23.1,2.31,0.73,-0.33,-0.5,-0.68,0.15
A_M_2.1999999999999997_1.0_681,23.78,2.31,0.73,-0.33,-0.5,-0.68,0.15
A_M_2.1999999999999997_1.0_682,24.47,2.31,0.73,-0.33,-0.5,-0.68,0.15
A_M_2.1999999999999997_1.0_683,24.85,2.31,0.73,-0.33,-0.5,-0.68,0.15
A_M_2.1999999999999997_1.0_684,25.14,2.31,0.73,-0.33,-0.5,-0.68,0.15
A_M_2.1999999999999997_1.0_685,25.3,2.31,0.73,-0.33,-0.5,-0.68,0.15
A_M_2.1999999999999997_1.0_686,21.22,2.31,0.73,-0.33,-0.5,-0.68,0.15
A_M_2.1999999999999997_1.0_687,25.47,2.31,0.73,-0.33,-0.5,-0.68,0.15
A_M_2.1999999999999997_1.0_688,24.91,2.31,0.73,-0.33,-0.5,-0.68,0.15
A_M_2.1999999999999997_1.0_689,23.26,2.31,0.73,-0.33,-0.5,-0.68,0.15
A_M_2.1999999999999997_1.0_690,25.44,2.31,0.73,-0.33,-0.5,-0.68,0.15
A_M_2.1999999999999997_1.0_691,25.3,2.31,0.73,-0.33,-0.5,-0.68,0.15
A_M_2.1999999999999997_1.0_692,25.44,2.31,0.73,-0.33,-0.5,-0.68,0.15
A_M_2.1999999999999997_1.0_693,25.06,2.31,0.73,-0.33,-0.5,-0.68,0.15
A_M_2.1999999999999997_1.0_694,25.6,2.31,0.73,-0.33,-0.5,-0.68,0.15
A_M_2.1999999999999997_1.0_695,25.27,2.31,0.73,-0.33,-0.5,-0.68,0.15
A_M_2.1999999999999997_1.0_696,25.26,2.31,0.73,-0.33,-0.5,-0.68,0.15
A_M_2.1999999999999997_1.0_697,24.46,2.31,0.73,-0.33,-0.5,-0.68,0.15
A_M_2.1999999999999997_1.0_698,24.49,2.31,0.73,-0.33,-0.5,-0.68,0.15
A_M_2.1999999999999997_1.0_699,25.18,2.31,0.73,-0.33,-0.5,-0.68,0.15
A_M_2.1999999999999997_1.0_700,22.88,2.31,0.73,-0.33,-0.5,-0.68,0.15
A_M_2.1999999999999997_1.0_701,23.67,2.31,0.73,-0.33,-0.5,-0.68,0.15
A_M_2.1999999999999997_1.0_702,25.11,2.31,0.73,-0.33,-0.5,-0.68,0.15
A_M_2.1999999999999997_1.0_703,24.47,2.31,0.73,-0.33,-0.5,-0.68,0.15
A_M_2.1999999999999997_1.0_704,25.46,2.31,0.73,-0.33,-0.5,-0.68,0.15
A_M_2.1999999999999997_1.0_705,21.68,2.31,0.73,-0.33,-0.5,-0.68,0.15
A_M_2.1999999999999997_1.0_706,24.42,2.31,0.73,-0.33,-0.5,-0.68,0.15
A_M_2.1999999999999997_1.0_707,25.56,2.31,0.73,-0.33,-0.5,-0.68,0.15
A_M_2.1999999999999997_1.0_708,25.47,2.31,0.73,-0.33,-0.5,-0.68,0.15
A_M_2.1999999999999997_1.0_709,23.03,2.31,0.73,-0.33,-0.5,-0.68,0.15
A_M_2.1999999999999997_1.0_710,24.53,2.31,0.73,-0.33,-0.5,-0.68,0.15
A_M_2.1999999999999997_1.0_711,24.13,2.31,0.73,-0.33,-0.5,-0.68,0.15
A_M_2.1999999999999997_1.0_712,25.46,2.31,0.73,-0.33,-0.5,-0.68,0.15
A_M_2.1999999999999997_1.0_713,24.61,2.31,0.73,-0.33,-0.5,-0.68,0.15
A_M_2.1999999999999997_1.0_714,24.4,2.31,0.73,-0.33,-0.5,-0.68,0.15
A_M_2.1999999999999997_1.0_715,23.58,2.31,0.73,-0.33,-0.5,-0.68,0.15
A_M_2.1999999999999997_1.0_716,23.05,2.31,0.73,-0.33,-0.5,-0.68,0.15
A_M_2.1999999999999997_1.0_717,24.41,2.31,0.73,-0.33,-0.5,-0.68,0.15
A_M_2.1999999999999997_1.0_718,25.07,2.31,0.73,-0.33,-0.5,-0.68,0.15
A_M_2.1999999999999997_1.0_719,23.15,2.31,0.73,-0.33,-0.5,-0.68,0.15
A_M_2.1999999999999997_1.0_720,25.48,2.31,0.73,-0.33,-0.5,-0.68,0.15
A_M_2.1999999999999997_1.0_721,25.47,2.31,0.73,-0.33,-0.5,-0.68,0.15
A_M_2.1999999999999997_1.0_722,24.25,2.31,0.73,-0.33,-0.5,-0.68,0.15
A_M_2.1999999999999997_1.0_723,24.21,2.31,0.73,-0.33,-0.5,-0.68,0.15
A_M_2.1999999999999997_1.0_724,23.95,2.31,0.73,-0.33,-0.5,-0.68,0.15
A_M_2.1999999999999997_1.0_725,22.73,2.31,0.73,-0.33,-0.5,-0.68,0.15
A_M_2.1999999999999997_1.0_726,25.33,2.31,0.73,-0.33,-0.5,-0.68,0.15
A_M_2.1999999999999997_1.0_727,21.22,2.31,0.73,-0.33,-0.5,-0.68,0.15
A_M_2.1999999999999997_1.0_728,24.68,2.31,0.73,-0.33,-0.5,-0.68,0.15
A_M_2.1999999999999997_1.0_729,23.69,2.31,0.73,-0.33,-0.5,-0.68,0.15
A_M_2.1999999999999997_1.0_730,25.24,2.31,0.73,-0.33,-0.5,-0.68,0.15
A_M_2.1999999999999997_1.0_731,24.98,2.31,0.73,-0.33,-0.5,-0.68,0.15
A_M_2.1999999999999997_1.0_732,23.71,2.31,0.73,-0.33,-0.5,-0.68,0.15
A_M_2.1999999999999997_1.0_733,24.62,2.31,0.73,-0.33,-0.5,-0.68,0.15
A_M_2.1999999999999997_1.0_734,25.15,2.31,0.73,-0.33,-0.5,-0.68,0.15
A_M_2.1999999999999997_1.0_735,25.41,2.31,0.73,-0.33,-0.5,-0.68,0.15
A_M_2.1999999999999997_1.0_736,23.83,2.31,0.73,-0.33,-0.5,-0.68,0.15
A_M_2.1999999999999997_1.0_737,24.94,2.31,0.73,-0.33,-0.5,-0.68,0.15
A_M_2.1999999999999997_1.0_738,25.58,2.31,0.73,-0.33,-0.5,-0.68,0.15
A_M_2.1999999999999997_1.0_739,21.71,2.31,0.73,-0.33,-0.5,-0.68,0.15
A_M_2.1999999999999997_1.0_740,25.04,2.31,0.73,-0.33,-0.5,-0.68,0.15
A_M_2.1999999999999997_1.0_741,25.3,2.31,0.73,-0.33,-0.5,-0.68,0.15
A_M_2.1999999999999997_1.0_742,21.29,2.31,0.73,-0.33,-0.5,-0.68,0.15
A_M_2.1999999999999997_1.0_743,24.24,2.31,0.73,-0.33,-0.5,-0.68,0.15
A_M_2.1999999999999997_1.0_744,22.43,2.31,0.73,-0.33,-0.5,-0.68,0.15
A_M_2.1999999999999997_1.0_745,25.07,2.31,0.73,-0.33,-0.5,-0.68,0.15
A_M_2.1999999999999997_1.0_746,25.37,2.31,0.73,-0.33,-0.5,-0.68,0.15
A_M_2.1999999999999997_1.0_747,24.67,2.31,0.73,-0.33,-0.5,-0.68,0.15
A_M_2.1999999999999997_1.0_748,22.2,2.31,0.73,-0.33,-0.5,-0.68,0.15
A_M_2.1999999999999997_1.0_749,25.33,2.31,0.73,-0.33,-0.5,-0.68,0.15
A_M_2.1999999999999997_1.0_750,25.39,2.31,0.73,-0.33,-0.5,-0.68,0.15
A_M_2.1999999999999997_1.0_751,23.35,2.31,0.73,-0.33,-0.5,-0.68,0.15
A_M_2.1999999999999997_1.0_752,24.32,2.31,0.73,-0.33,-0.5,-0.68,0.15
A_M_2.1999999999999997_1.0_753,23.54,2.31,0.73,-0.33,-0.5,-0.68,0.15
A_M_2.1999999999999997_1.0_754,24.69,2.31,0.73,-0.33,-0.5,-0.68,0.15
A_M_2.1999999999999997_1.0_755,24.41,2.31,0.73,-0.33,-0.5,-0.68,0.15
A_M_2.1999999999999997_1.0_756,25.61,2.31,0.73,-0.33,-0.5,-0.68,0.15
A_M_2.1999999999999997_1.0_757,23.45,2.31,0.73,-0.33,-0.5,-0.68,0.15
A_M_2.1999999999999997_1.0_758,24.77,2.31,0.73,-0.33,-0.5,-0.68,0.15
A_M_2.1999999999999997_1.0_759,25.33,2.31,0.73,-0.33,-0.5,-0.68,0.15
A_M_2.1999999999999997_1.0_760,25.45,2.31,0.73,-0.33,-0.5,-0.68,0.15
A_M_2.1999999999999997_1.0_761,25.32,2.31,0.73,-0.33,-0.5,-0.68,0.15
A_M_2.1999999999999997_1.0_762,21.78,2.31,0.73,-0.33,-0.5,-0.68,0.15
A_M_2.1999999999999997_1.0_763,24.45,2.31,0.73,-0.33,-0.5,-0.68,0.15
A_M_2.1999999999999997_1.0_764,25.01,2.31,0.73,-0.33,-0.5,-0.68,0.15
A_M_2.1999999999999997_1.0_765,24.31,2.31,0.73,-0.33,-0.5,-0.68,0.15
A_M_2.1999999999999997_1.0_766,24.82,2.31,0.73,-0.33,-0.5,-0.68,0.15
A_M_2.1999999999999997_1.0_767,24.66,2.31,0.73,-0.33,-0.5,-0.68,0.15
A_M_2.1999999999999997_1.0_768,23.95,2.31,0.73,-0.33,-0.5,-0.68,0.15
A_M_2.1999999999999997_1.0_769,25.46,2.31,0.73,-0.33,-0.5,-0.68,0.15
A_M_2.1999999999999997_1.0_770,23.33,2.31,0.73,-0.33,-0.5,-0.68,0.15
A_M_2.1999999999999997_1.0_771,25.33,2.31,0.73,-0.33,-0.5,-0.68,0.15
A_M_2.1999999999999997_1.0_772,25.02,2.31,0.73,-0.33,-0.5,-0.68,0.15
A_M_2.1999999999999997_1.0_773,24.14,2.31,0.73,-0.33,-0.5,-0.68,0.15
A_M_2.1999999999999997_1.0_774,20.45,2.31,0.73,-0.33,-0.5,-0.68,0.15
A_M_2.1999999999999997_1.0_775,24.23,2.31,0.73,-0.33,-0.5,-0.68,0.15
A_M_2.1999999999999997_1.0_776,24.59,2.31,0.73,-0.33,-0.5,-0.68,0.15
A_M_2.1999999999999997_1.0_777,24.44,2.31,0.73,-0.33,-0.5,-0.68,0.15
A_M_2.1999999999999997_1.0_778,21.98,2.31,0.73,-0.33,-0.5,-0.68,0.15
A_M_2.1999999999999997_1.0_779,25.45,2.31,0.73,-0.33,-0.5,-0.68,0.15
A_M_2.1999999999999997_1.0_780,20.19,2.31,0.73,-0.33,-0.5,-0.68,0.15
A_M_2.1999999999999997_1.0_781,24.95,2.31,0.73,-0.33,-0.5,-0.68,0.15
A_M_2.1999999999999997_1.0_782,22.97,2.31,0.73,-0.33,-0.5,-0.68,0.15
A_M_2.1999999999999997_1.0_783,21.27,2.31,0.73,-0.33,-0.5,-0.68,0.15
A_M_2.1999999999999997_1.0_784,25.54,2.31,0.73,-0.33,-0.5,-0.68,0.15
A_M_2.1999999999999997_1.0_785,24.8,2.31,0.73,-0.33,-0.5,-0.68,0.15
A_M_2.1999999999999997_1.0_786,25.5,2.31,0.73,-0.33,-0.5,-0.68,0.15
A_M_2.1999999999999997_1.0_787,23.01,2.31,0.73,-0.33,-0.5,-0.68,0.15
A_M_2.1999999999999997_1.0_788,24.71,2.31,0.73,-0.33,-0.5,-0.68,0.15
A_M_2.1999999999999997_1.0_789,25.6,2.31,0.73,-0.33,-0.5,-0.68,0.15
A_M_2.1999999999999997_1.0_790,20.91,2.31,0.73,-0.33,-0.5,-0.68,0.15
A_M_2.1999999999999997_1.0_791,25.2,2.31,0.73,-0.33,-0.5,-0.68,0.15
A_M_2.1999999999999997_1.0_792,25.15,2.31,0.73,-0.33,-0.5,-0.68,0.15
A_M_2.1999999999999997_1.0_793,25.18,2.31,0.73,-0.33,-0.5,-0.68,0.15
A_M_2.1999999999999997_1.0_794,24.17,2.31,0.73,-0.33,-0.5,-0.68,0.15
A_M_2.1999999999999997_1.0_795,22.66,2.31,0.73,-0.33,-0.5,-0.68,0.15
A_M_2.1999999999999997_1.0_796,24.57,2.31,0.73,-0.33,-0.5,-0.68,0.15
A_M_2.1999999999999997_1.0_797,25.45,2.31,0.73,-0.33,-0.5,-0.68,0.15
A_M_2.1999999999999997_1.0_798,24.89,2.31,0.73,-0.33,-0.5,-0.68,0.15
A_M_2.1999999999999997_1.0_799,22.08,2.31,0.73,-0.33,-0.5,-0.68,0.15
A_M_2.1999999999999997_1.0_800,25.33,2.31,0.73,-0.33,-0.5,-0.68,0.15
A_M_2.1999999999999997_1.0_801,24.29,2.31,0.73,-0.33,-0.5,-0.68,0.15
A_M_2.1999999999999997_1.0_802,23.9,2.31,0.73,-0.33,-0.5,-0.68,0.15
A_M_2.1999999999999997_1.0_803,25.54,2.31,0.73,-0.33,-0.5,-0.68,0.15
A_M_2.1999999999999997_1.0_804,25.45,2.31,0.73,-0.33,-0.5,-0.68,0.15
A_M_2.1999999999999997_1.0_805,23.3,2.31,0.73,-0.33,-0.5,-0.68,0.15
A_M_2.1999999999999997_1.0_806,25.22,2.31,0.73,-0.33,-0.5,-0.68,0.15
A_M_2.1999999999999997_1.0_807,25.19,2.31,0.73,-0.33,-0.5,-0.68,0.15
A_M_2.1999999999999997_1.0_808,25.17,2.31,0.73,-0.33,-0.5,-0.68,0.15
A_M_2.1999999999999997_1.0_809,25.34,2.31,0.73,-0.33,-0.5,-0.68,0.15
A_M_2.1999999999999997_1.0_810,24.17,2.31,0.73,-0.33,-0.5,-0.68,0.15
A_M_2.1999999999999997_1.0_811,25.25,2.31,0.73,-0.33,-0.5,-0.68,0.15
A_M_2.1999999999999997_1.0_812,25.33,2.31,0.73,-0.33,-0.5,-0.68,0.15
A_M_2.1999999999999997_1.0_813,22.14,2.31,0.73,-0.33,-0.5,-0.68,0.15
A_M_2.1999999999999997_1.0_814,24.94,2.31,0.73,-0.33,-0.5,-0.68,0.15
A_M_2.1999999999999997_1.0_815,19.13,2.31,0.73,-0.33,-0.5,-0.68,0.15
A_M_2.1999999999999997_1.0_816,25.25,2.31,0.73,-0.33,-0.5,-0.68,0.15
A_M_2.1999999999999997_1.0_817,21.19,2.31,0.73,-0.33,-0.5,-0.68,0.15
A_M_2.1999999999999997_1.0_818,24.38,2.31,0.73,-0.33,-0.5,-0.68,0.15
A_M_2.1999999999999997_1.0_819,25.04,2.31,0.73,-0.33,-0.5,-0.68,0.15
A_M_2.1999999999999997_1.0_820,25.1,2.31,0.73,-0.33,-0.5,-0.68,0.15
A_M_2.1999999999999997_1.0_821,24.82,2.31,0.73,-0.33,-0.5,-0.68,0.15
A_M_2.1999999999999997_1.0_822,25.59,2.31,0.73,-0.33,-0.5,-0.68,0.15
A_M_2.1999999999999997_1.0_823,25.15,2.31,0.73,-0.33,-0.5,-0.68,0.15
A_M_2.1999999999999997_1.0_824,24.42,2.31,0.73,-0.33,-0.5,-0.68,0.15
A_M_2.1999999999999997_1.0_825,22.73,2.31,0.73,-0.33,-0.5,-0.68,0.15
A_M_2.1999999999999997_1.0_826,23.39,2.31,0.73,-0.33,-0.5,-0.68,0.15
A_M_2.1999999999999997_1.0_827,23.63,2.31,0.73,-0.33,-0.5,-0.68,0.15
A_M_2.1999999999999997_1.0_828,24.2,2.31,0.73,-0.33,-0.5,-0.68,0.15
A_M_2.1999999999999997_1.0_829,24.33,2.31,0.73,-0.33,-0.5,-0.68,0.15
A_M_2.1999999999999997_1.0_830,22.68,2.31,0.73,-0.33,-0.5,-0.68,0.15
A_M_2.1999999999999997_1.0_831,23.96,2.31,0.73,-0.33,-0.5,-0.68,0.15
A_M_2.1999999999999997_1.0_832,23.35,2.31,0.73,-0.33,-0.5,-0.68,0.15
A_M_2.1999999999999997_1.0_833,24.45,2.31,0.73,-0.33,-0.5,-0.68,0.15
A_M_2.1999999999999997_1.0_834,23.79,2.31,0.73,-0.33,-0.5,-0.68,0.15
A_M_2.1999999999999997_1.0_835,24.99,2.31,0.73,-0.33,-0.5,-0.68,0.15
A_M_2.1999999999999997_1.0_836,23.3,2.31,0.73,-0.33,-0.5,-0.68,0.15
A_M_2.1999999999999997_1.0_837,25.28,2.31,0.73,-0.33,-0.5,-0.68,0.15
A_M_2.1999999999999997_1.0_838,24.76,2.31,0.73,-0.33,-0.5,-0.68,0.15
A_M_2.1999999999999997_1.0_839,22.94,2.31,0.73,-0.33,-0.5,-0.68,0.15
A_M_2.1999999999999997_1.0_840,22.32,2.31,0.73,-0.33,-0.5,-0.68,0.15
A_M_2.1999999999999997_1.0_841,24.44,2.31,0.73,-0.33,-0.5,-0.68,0.15
A_M_2.1999999999999997_1.0_842,25.24,2.31,0.73,-0.33,-0.5,-0.68,0.15
A_M_2.1999999999999997_1.0_843,22.41,2.31,0.73,-0.33,-0.5,-0.68,0.15
A_M_2.1999999999999997_1.0_844,25.25,2.31,0.73,-0.33,-0.5,-0.68,0.15
A_M_2.1999999999999997_1.0_845,24.86,2.31,0.73,-0.33,-0.5,-0.68,0.15
A_M_2.1999999999999997_1.0_846,25.0,2.31,0.73,-0.33,-0.5,-0.68,0.15
A_M_2.1999999999999997_1.0_847,25.24,2.31,0.73,-0.33,-0.5,-0.68,0.15
A_M_2.1999999999999997_1.0_848,24.04,2.31,0.73,-0.33,-0.5,-0.68,0.15
A_M_2.1999999999999997_1.0_849,22.95,2.31,0.73,-0.33,-0.5,-0.68,0.15
A_M_2.1999999999999997_1.0_850,25.42,2.31,0.73,-0.33,-0.5,-0.68,0.15
A_M_2.1999999999999997_1.0_851,25.01,2.31,0.73,-0.33,-0.5,-0.68,0.15
A_M_2.1999999999999997_1.0_852,24.32,2.31,0.73,-0.33,-0.5,-0.68,0.15
A_M_2.1999999999999997_1.0_853,25.29,2.31,0.73,-0.33,-0.5,-0.68,0.15
A_M_2.1999999999999997_1.0_854,22.7,2.31,0.73,-0.33,-0.5,-0.68,0.15
A_M_2.1999999999999997_1.0_855,24.44,2.31,0.73,-0.33,-0.5,-0.68,0.15
A_M_2.1999999999999997_1.0_856,23.52,2.31,0.73,-0.33,-0.5,-0.68,0.15
A_M_2.1999999999999997_1.0_857,24.44,2.31,0.73,-0.33,-0.5,-0.68,0.15
A_M_2.1999999999999997_1.0_858,25.28,2.31,0.73,-0.33,-0.5,-0.68,0.15
A_M_2.1999999999999997_1.0_859,20.85,2.31,0.73,-0.33,-0.5,-0.68,0.15
A_M_2.1999999999999997_1.0_860,22.08,2.31,0.73,-0.33,-0.5,-0.68,0.15
A_M_2.1999999999999997_1.0_861,25.37,2.31,0.73,-0.33,-0.5,-0.68,0.15
A_M_2.1999999999999997_1.0_862,24.86,2.31,0.73,-0.33,-0.5,-0.68,0.15
A_M_2.1999999999999997_1.0_863,20.98,2.31,0.73,-0.33,-0.5,-0.68,0.15
A_M_2.1999999999999997_1.0_864,23.97,2.31,0.73,-0.33,-0.5,-0.68,0.15
A_M_2.1999999999999997_1.0_865,24.72,2.31,0.73,-0.33,-0.5,-0.68,0.15
A_M_2.1999999999999997_1.0_866,25.11,2.31,0.73,-0.33,-0.5,-0.68,0.15
A_M_2.1999999999999997_1.0_867,22.97,2.31,0.73,-0.33,-0.5,-0.68,0.15
A_M_2.1999999999999997_1.0_868,21.2,2.31,0.73,-0.33,-0.5,-0.68,0.15
A_M_2.1999999999999997_1.0_869,25.52,2.31,0.73,-0.33,-0.5,-0.68,0.15
A_M_2.1999999999999997_1.0_870,24.87,2.31,0.73,-0.33,-0.5,-0.68,0.15
A_M_2.1999999999999997_1.0_871,25.59,2.31,0.73,-0.33,-0.5,-0.68,0.15
A_M_2.1999999999999997_1.0_872,24.01,2.31,0.73,-0.33,-0.5,-0.68,0.15
A_M_2.1999999999999997_1.0_873,22.79,2.31,0.73,-0.33,-0.5,-0.68,0.15
A_M_2.1999999999999997_1.0_874,25.28,2.31,0.73,-0.33,-0.5,-0.68,0.15
A_M_2.1999999999999997_1.0_875,24.84,2.31,0.73,-0.33,-0.5,-0.68,0.15
A_M_2.1999999999999997_1.0_876,25.29,2.31,0.73,-0.33,-0.5,-0.68,0.15
A_M_2.1999999999999997_1.0_877,25.28,2.31,0.73,-0.33,-0.5,-0.68,0.15
A_M_2.1999999999999997_1.0_878,21.47,2.31,0.73,-0.33,-0.5,-0.68,0.15
A_M_2.1999999999999997_1.0_879,24.26,2.31,0.73,-0.33,-0.5,-0.68,0.15
A_M_2.1999999999999997_1.0_880,25.1,2.31,0.73,-0.33,-0.5,-0.68,0.15
A_M_2.1999999999999997_1.0_881,25.25,2.31,0.73,-0.33,-0.5,-0.68,0.15
A_M_2.1999999999999997_1.0_882,15.72,2.31,0.73,-0.33,-0.5,-0.68,0.15
A_M_2.1999999999999997_1.0_883,24.57,2.31,0.73,-0.33,-0.5,-0.68,0.15
A_M_2.1999999999999997_1.0_884,24.33,2.31,0.73,-0.33,-0.5,-0.68,0.15
A_M_2.1999999999999997_1.0_885,23.83,2.31,0.73,-0.33,-0.5,-0.68,0.15
A_M_2.1999999999999997_1.0_886,23.95,2.31,0.73,-0.33,-0.5,-0.68,0.15
A_M_2.1999999999999997_1.0_887,25.42,2.31,0.73,-0.33,-0.5,-0.68,0.15
A_M_2.1999999999999997_1.0_888,22.0,2.31,0.73,-0.33,-0.5,-0.68,0.15
A_M_2.1999999999999997_1.0_889,22.78,2.31,0.73,-0.33,-0.5,-0.68,0.15
A_M_2.1999999999999997_1.0_890,24.29,2.31,0.73,-0.33,-0.5,-0.68,0.15
A_M_2.1999999999999997_1.0_891,23.43,2.31,0.73,-0.33,-0.5,-0.68,0.15
A_M_2.1999999999999997_1.0_892,22.6,2.31,0.73,-0.33,-0.5,-0.68,0.15
A_M_2.1999999999999997_1.0_893,23.55,2.31,0.73,-0.33,-0.5,-0.68,0.15
A_M_2.1999999999999997_1.0_894,25.5,2.31,0.73,-0.33,-0.5,-0.68,0.15
A_M_2.1999999999999997_1.0_895,25.28,2.31,0.73,-0.33,-0.5,-0.68,0.15
A_M_2.1999999999999997_1.0_896,23.99,2.31,0.73,-0.33,-0.5,-0.68,0.15
A_M_2.1999999999999997_1.0_897,24.59,2.31,0.73,-0.33,-0.5,-0.68,0.15
A_M_2.1999999999999997_1.0_898,25.36,2.31,0.73,-0.33,-0.5,-0.68,0.15
A_M_2.1999999999999997_1.0_899,25.2,2.31,0.73,-0.33,-0.5,-0.68,0.15
A_M_2.1999999999999997_1.0_900,24.07,2.31,0.73,-0.33,-0.5,-0.68,0.15
A_M_2.1999999999999997_1.0_901,24.92,2.31,0.73,-0.33,-0.5,-0.68,0.15
A_M_2.1999999999999997_1.0_902,23.86,2.31,0.73,-0.33,-0.5,-0.68,0.15
A_M_2.1999999999999997_1.0_903,25.58,2.31,0.73,-0.33,-0.5,-0.68,0.15
A_M_2.1999999999999997_1.0_904,23.75,2.31,0.73,-0.33,-0.5,-0.68,0.15
A_M_2.1999999999999997_1.0_905,24.19,2.31,0.73,-0.33,-0.5,-0.68,0.15
A_M_2.1999999999999997_1.0_906,23.19,2.31,0.73,-0.33,-0.5,-0.68,0.15
A_M_2.1999999999999997_1.0_907,25.14,2.31,0.73,-0.33,-0.5,-0.68,0.15
A_M_2.1999999999999997_1.0_908,25.13,2.31,0.73,-0.33,-0.5,-0.68,0.15
A_M_2.1999999999999997_1.0_909,24.88,2.31,0.73,-0.33,-0.5,-0.68,0.15
A_M_2.1999999999999997_1.0_910,23.51,2.31,0.73,-0.33,-0.5,-0.68,0.15
A_M_2.1999999999999997_1.0_911,24.27,2.31,0.73,-0.33,-0.5,-0.68,0.15
A_M_2.1999999999999997_1.0_912,24.77,2.31,0.73,-0.33,-0.5,-0.68,0.15
A_M_2.1999999999999997_1.0_913,24.5,2.31,0.73,-0.33,-0.5,-0.68,0.15
A_M_2.1999999999999997_1.0_914,22.96,2.31,0.73,-0.33,-0.5,-0.68,0.15
A_M_2.1999999999999997_1.0_915,22.11,2.31,0.73,-0.33,-0.5,-0.68,0.15
A_M_2.1999999999999997_1.0_916,23.25,2.31,0.73,-0.33,-0.5,-0.68,0.15
A_M_2.1999999999999997_1.0_917,22.32,2.31,0.73,-0.33,-0.5,-0.68,0.15
A_M_2.1999999999999997_1.0_918,25.02,2.31,0.73,-0.33,-0.5,-0.68,0.15
A_M_2.1999999999999997_1.0_919,24.52,2.31,0.73,-0.33,-0.5,-0.68,0.15
A_M_2.1999999999999997_1.0_920,25.55,2.31,0.73,-0.33,-0.5,-0.68,0.15
A_M_2.1999999999999997_1.0_921,24.32,2.31,0.73,-0.33,-0.5,-0.68,0.15
A_M_2.1999999999999997_1.0_922,23.17,2.31,0.73,-0.33,-0.5,-0.68,0.15
A_M_2.1999999999999997_1.0_923,25.0,2.31,0.73,-0.33,-0.5,-0.68,0.15
A_M_2.1999999999999997_1.0_924,24.41,2.31,0.73,-0.33,-0.5,-0.68,0.15
A_M_2.1999999999999997_1.0_925,23.06,2.31,0.73,-0.33,-0.5,-0.68,0.15
A_M_2.1999999999999997_1.0_926,25.03,2.31,0.73,-0.33,-0.5,-0.68,0.15
A_M_2.1999999999999997_1.0_927,23.9,2.31,0.73,-0.33,-0.5,-0.68,0.15
A_M_2.1999999999999997_1.0_928,22.17,2.31,0.73,-0.33,-0.5,-0.68,0.15
A_M_2.1999999999999997_1.0_929,24.75,2.31,0.73,-0.33,-0.5,-0.68,0.15
A_M_2.1999999999999997_1.0_930,24.58,2.31,0.73,-0.33,-0.5,-0.68,0.15
A_M_2.1999999999999997_1.0_931,23.53,2.31,0.73,-0.33,-0.5,-0.68,0.15
A_M_2.1999999999999997_1.0_932,25.43,2.31,0.73,-0.33,-0.5,-0.68,0.15
A_M_2.1999999999999997_1.0_933,22.67,2.31,0.73,-0.33,-0.5,-0.68,0.15
A_M_2.1999999999999997_1.0_934,24.66,2.31,0.73,-0.33,-0.5,-0.68,0.15
A_M_2.1999999999999997_1.0_935,24.93,2.31,0.73,-0.33,-0.5,-0.68,0.15
A_M_2.1999999999999997_1.0_936,24.9,2.31,0.73,-0.33,-0.5,-0.68,0.15
A_M_2.1999999999999997_1.0_937,25.12,2.31,0.73,-0.33,-0.5,-0.68,0.15
A_M_2.1999999999999997_1.0_938,25.57,2.31,0.73,-0.33,-0.5,-0.68,0.15
A_M_2.1999999999999997_1.0_939,25.35,2.31,0.73,-0.33,-0.5,-0.68,0.15
A_M_2.1999999999999997_1.0_940,25.2,2.31,0.73,-0.33,-0.5,-0.68,0.15
A_M_2.1999999999999997_1.0_941,22.49,2.31,0.73,-0.33,-0.5,-0.68,0.15
A_M_2.1999999999999997_1.0_942,24.62,2.31,0.73,-0.33,-0.5,-0.68,0.15
A_M_2.1999999999999997_1.0_943,24.45,2.31,0.73,-0.33,-0.5,-0.68,0.15
A_M_2.1999999999999997_1.0_944,23.78,2.31,0.73,-0.33,-0.5,-0.68,0.15
A_M_2.1999999999999997_1.0_945,25.62,2.31,0.73,-0.33,-0.5,-0.68,0.15
A_M_2.1999999999999997_1.0_946,21.81,2.31,0.73,-0.33,-0.5,-0.68,0.15
A_M_2.1999999999999997_1.0_947,25.51,2.31,0.73,-0.33,-0.5,-0.68,0.15
A_M_2.1999999999999997_1.0_948,22.34,2.31,0.73,-0.33,-0.5,-0.68,0.15
A_M_2.1999999999999997_1.0_949,24.88,2.31,0.73,-0.33,-0.5,-0.68,0.15
A_M_2.1999999999999997_1.0_950,25.44,2.31,0.73,-0.33,-0.5,-0.68,0.15
A_M_2.1999999999999997_1.0_951,25.48,2.31,0.73,-0.33,-0.5,-0.68,0.15
A_M_2.1999999999999997_1.0_952,22.93,2.31,0.73,-0.33,-0.5,-0.68,0.15
A_M_2.1999999999999997_1.0_953,25.33,2.31,0.73,-0.33,-0.5,-0.68,0.15
A_M_2.1999999999999997_1.0_954,25.58,2.31,0.73,-0.33,-0.5,-0.68,0.15
A_M_2.1999999999999997_1.0_955,25.51,2.31,0.73,-0.33,-0.5,-0.68,0.15
A_M_2.1999999999999997_1.0_956,25.33,2.31,0.73,-0.33,-0.5,-0.68,0.15
A_M_2.1999999999999997_1.0_957,24.41,2.31,0.73,-0.33,-0.5,-0.68,0.15
A_M_2.1999999999999997_1.0_958,25.39,2.31,0.73,-0.33,-0.5,-0.68,0.15
A_M_2.1999999999999997_1.0_959,25.33,2.31,0.73,-0.33,-0.5,-0.68,0.15
A_M_2.1999999999999997_1.0_960,25.28,2.31,0.73,-0.33,-0.5,-0.68,0.15
A_M_2.1999999999999997_1.0_961,24.58,2.31,0.73,-0.33,-0.5,-0.68,0.15
A_M_2.1999999999999997_1.0_962,22.6,2.31,0.73,-0.33,-0.5,-0.68,0.15
A_M_2.1999999999999997_1.0_963,25.25,2.31,0.73,-0.33,-0.5,-0.68,0.15
A_M_2.1999999999999997_1.0_964,24.96,2.31,0.73,-0.33,-0.5,-0.68,0.15
A_M_2.1999999999999997_1.0_965,24.81,2.31,0.73,-0.33,-0.5,-0.68,0.15
A_M_2.1999999999999997_1.0_966,20.78,2.31,0.73,-0.33,-0.5,-0.68,0.15
A_M_2.1999999999999997_1.0_967,23.36,2.31,0.73,-0.33,-0.5,-0.68,0.15
A_M_2.1999999999999997_1.0_968,25.31,2.31,0.73,-0.33,-0.5,-0.68,0.15
A_M_2.1999999999999997_1.0_969,25.1,2.31,0.73,-0.33,-0.5,-0.68,0.15
A_M_2.1999999999999997_1.0_970,24.54,2.31,0.73,-0.33,-0.5,-0.68,0.15
A_M_2.1999999999999997_1.0_971,23.42,2.31,0.73,-0.33,-0.5,-0.68,0.15
A_M_2.1999999999999997_1.0_972,25.46,2.31,0.73,-0.33,-0.5,-0.68,0.15
A_M_2.1999999999999997_1.0_973,24.64,2.31,0.73,-0.33,-0.5,-0.68,0.15
A_M_2.1999999999999997_1.0_974,21.94,2.31,0.73,-0.33,-0.5,-0.68,0.15
A_M_2.1999999999999997_1.0_975,25.15,2.31,0.73,-0.33,-0.5,-0.68,0.15
A_M_2.1999999999999997_1.0_976,25.45,2.31,0.73,-0.33,-0.5,-0.68,0.15
A_M_2.1999999999999997_1.0_977,25.17,2.31,0.73,-0.33,-0.5,-0.68,0.15
A_M_2.1999999999999997_1.0_978,22.96,2.31,0.73,-0.33,-0.5,-0.68,0.15
A_M_2.1999999999999997_1.0_979,25.43,2.31,0.73,-0.33,-0.5,-0.68,0.15
A_M_2.1999999999999997_1.0_980,23.85,2.31,0.73,-0.33,-0.5,-0.68,0.15
A_M_2.1999999999999997_1.0_981,24.66,2.31,0.73,-0.33,-0.5,-0.68,0.15
A_M_2.1999999999999997_1.0_982,24.82,2.31,0.73,-0.33,-0.5,-0.68,0.15
A_M_2.1999999999999997_1.0_983,25.54,2.31,0.73,-0.33,-0.5,-0.68,0.15
A_M_2.1999999999999997_1.0_984,22.2,2.31,0.73,-0.33,-0.5,-0.68,0.15
A_M_2.1999999999999997_1.0_985,25.12,2.31,0.73,-0.33,-0.5,-0.68,0.15
A_M_2.1999999999999997_1.0_986,22.35,2.31,0.73,-0.33,-0.5,-0.68,0.15
A_M_2.1999999999999997_1.0_987,25.4,2.31,0.73,-0.33,-0.5,-0.68,0.15
A_M_2.1999999999999997_1.0_988,25.34,2.31,0.73,-0.33,-0.5,-0.68,0.15
A_M_2.1999999999999997_1.0_989,24.89,2.31,0.73,-0.33,-0.5,-0.68,0.15
A_M_2.1999999999999997_1.0_990,25.46,2.31,0.73,-0.33,-0.5,-0.68,0.15
A_M_2.1999999999999997_1.0_991,25.58,2.31,0.73,-0.33,-0.5,-0.68,0.15
A_M_2.1999999999999997_1.0_992,18.46,2.31,0.73,-0.33,-0.5,-0.68,0.15
A_M_2.1999999999999997_1.0_993,21.32,2.31,0.73,-0.33,-0.5,-0.68,0.15
A_M_2.1999999999999997_1.0_994,24.99,2.31,0.73,-0.33,-0.5,-0.68,0.15
A_M_2.1999999999999997_1.0_995,23.56,2.31,0.73,-0.33,-0.5,-0.68,0.15
A_M_2.1999999999999997_1.0_996,25.37,2.31,0.73,-0.33,-0.5,-0.68,0.15
A_M_2.1999999999999997_1.0_997,25.27,2.31,0.73,-0.33,-0.5,-0.68,0.15
A_M_2.1999999999999997_1.0_998,25.28,2.31,0.73,-0.33,-0.5,-0.68,0.15
A_M_2.1999999999999997_1.0_999,25.47,2.31,0.73,-0.33,-0.5,-0.68,0.15
A_M_2.1999999999999997_1.0_1000,25.32,2.31,0.73,-0.33,-0.5,-0.68,0.15
A_M_2.1999999999999997_1.0_1001,19.98,2.31,0.73,-0.33,-0.5,-0.68,0.15
A_M_2.1999999999999997_1.0_1002,24.88,2.31,0.73,-0.33,-0.5,-0.68,0.15
A_M_2.1999999999999997_1.0_1003,24.96,2.31,0.73,-0.33,-0.5,-0.68,0.15
A_M_2.1999999999999997_1.0_1004,25.07,2.31,0.73,-0.33,-0.5,-0.68,0.15
A_M_2.1999999999999997_1.0_1005,24.88,2.31,0.73,-0.33,-0.5,-0.68,0.15
A_M_2.1999999999999997_1.0_1006,24.56,2.31,0.73,-0.33,-0.5,-0.68,0.15
A_M_2.1999999999999997_1.0_1007,22.44,2.31,0.73,-0.33,-0.5,-0.68,0.15
A_M_2.1999999999999997_1.0_1008,24.87,2.31,0.73,-0.33,-0.5,-0.68,0.15
A_M_2.1999999999999997_1.0_1009,23.21,2.31,0.73,-0.33,-0.5,-0.68,0.15
A_M_2.1999999999999997_1.0_1010,24.49,2.31,0.73,-0.33,-0.5,-0.68,0.15
A_M_2.1999999999999997_1.0_1011,21.6,2.31,0.73,-0.33,-0.5,-0.68,0.15
A_M_2.1999999999999997_1.0_1012,23.27,2.31,0.73,-0.33,-0.5,-0.68,0.15
A_M_2.1999999999999997_1.0_1013,24.95,2.31,0.73,-0.33,-0.5,-0.68,0.15
A_M_2.1999999999999997_1.0_1014,25.01,2.31,0.73,-0.33,-0.5,-0.68,0.15
A_M_2.1999999999999997_1.0_1015,21.91,2.31,0.73,-0.33,-0.5,-0.68,0.15
A_M_2.1999999999999997_1.0_1016,24.75,2.31,0.73,-0.33,-0.5,-0.68,0.15
A_M_2.1999999999999997_1.0_1017,24.14,2.31,0.73,-0.33,-0.5,-0.68,0.15
A_M_2.1999999999999997_1.0_1018,24.31,2.31,0.73,-0.33,-0.5,-0.68,0.15
A_M_2.1999999999999997_1.0_1019,24.0,2.31,0.73,-0.33,-0.5,-0.68,0.15
A_M_2.1999999999999997_1.0_1020,20.05,2.31,0.73,-0.33,-0.5,-0.68,0.15
A_M_2.1999999999999997_1.0_1021,20.86,2.31,0.73,-0.33,-0.5,-0.68,0.15
A_M_2.1999999999999997_1.0_1022,24.28,2.31,0.73,-0.33,-0.5,-0.68,0.15
A_M_2.1999999999999997_1.0_1023,23.45,2.31,0.73,-0.33,-0.5,-0.68,0.15
A_M_2.1999999999999997_1.0_1024,25.11,2.31,0.73,-0.33,-0.5,-0.68,0.15
A_M_2.1999999999999997_1.0_1025,22.02,2.31,0.73,-0.33,-0.5,-0.68,0.15
A_M_2.1999999999999997_1.0_1026,24.87,2.31,0.73,-0.33,-0.5,-0.68,0.15
A_M_2.1999999999999997_1.0_1027,25.4,2.31,0.73,-0.33,-0.5,-0.68,0.15
A_M_2.1999999999999997_1.0_1028,22.4,2.31,0.73,-0.33,-0.5,-0.68,0.15
A_M_2.1999999999999997_1.0_1029,25.02,2.31,0.73,-0.33,-0.5,-0.68,0.15
A_M_2.1999999999999997_1.0_1030,23.49,2.31,0.73,-0.33,-0.5,-0.68,0.15
A_M_2.1999999999999997_1.0_1031,24.65,2.31,0.73,-0.33,-0.5,-0.68,0.15
A_M_2.1999999999999997_1.0_1032,24.63,2.31,0.73,-0.33,-0.5,-0.68,0.15
A_M_2.1999999999999997_1.0_1033,22.82,2.31,0.73,-0.33,-0.5,-0.68,0.15
A_M_2.1999999999999997_1.0_1034,24.52,2.31,0.73,-0.33,-0.5,-0.68,0.15
A_M_2.1999999999999997_1.0_1035,24.3,2.31,0.73,-0.33,-0.5,-0.68,0.15
A_M_2.1999999999999997_1.0_1036,25.45,2.31,0.73,-0.33,-0.5,-0.68,0.15
A_M_2.1999999999999997_1.0_1037,24.26,2.31,0.73,-0.33,-0.5,-0.68,0.15
A_M_2.1999999999999997_1.0_1038,24.77,2.31,0.73,-0.33,-0.5,-0.68,0.15
A_M_2.1999999999999997_1.0_1039,25.53,2.31,0.73,-0.33,-0.5,-0.68,0.15
A_M_2.1999999999999997_1.0_1040,20.58,2.31,0.73,-0.33,-0.5,-0.68,0.15
A_M_2.1999999999999997_1.0_1041,25.56,2.31,0.73,-0.33,-0.5,-0.68,0.15
A_M_2.1999999999999997_1.0_1042,23.88,2.31,0.73,-0.33,-0.5,-0.68,0.15
A_M_2.1999999999999997_1.0_1043,25.55,2.31,0.73,-0.33,-0.5,-0.68,0.15
A_M_2.1999999999999997_1.0_1044,25.1,2.31,0.73,-0.33,-0.5,-0.68,0.15
A_M_2.1999999999999997_1.0_1045,24.31,2.31,0.73,-0.33,-0.5,-0.68,0.15
A_M_2.1999999999999997_1.0_1046,24.93,2.31,0.73,-0.33,-0.5,-0.68,0.15
A_M_2.1999999999999997_1.0_1047,25.31,2.31,0.73,-0.33,-0.5,-0.68,0.15
A_M_2.1999999999999997_1.0_1048,20.97,2.31,0.73,-0.33,-0.5,-0.68,0.15
A_M_2.1999999999999997_1.0_1049,25.43,2.31,0.73,-0.33,-0.5,-0.68,0.15
A_M_2.1999999999999997_1.0_1050,24.48,2.31,0.73,-0.33,-0.5,-0.68,0.15
A_M_2.1999999999999997_1.0_1051,23.54,2.31,0.73,-0.33,-0.5,-0.68,0.15
A_M_2.1999999999999997_1.0_1052,21.17,2.31,0.73,-0.33,-0.5,-0.68,0.15
A_M_2.1999999999999997_1.0_1053,22.94,2.31,0.73,-0.33,-0.5,-0.68,0.15
A_M_2.1999999999999997_1.0_1054,24.89,2.31,0.73,-0.33,-0.5,-0.68,0.15
A_M_2.1999999999999997_1.0_1055,24.69,2.31,0.73,-0.33,-0.5,-0.68,0.15
A_M_2.1999999999999997_1.0_1056,25.36,2.31,0.73,-0.33,-0.5,-0.68,0.15
A_M_2.1999999999999997_1.0_1057,23.39,2.31,0.73,-0.33,-0.5,-0.68,0.15
A_M_2.1999999999999997_1.0_1058,25.14,2.31,0.73,-0.33,-0.5,-0.68,0.15
A_M_2.1999999999999997_1.0_1059,25.28,2.31,0.73,-0.33,-0.5,-0.68,0.15
A_M_2.1999999999999997_1.0_1060,24.81,2.31,0.73,-0.33,-0.5,-0.68,0.15
A_M_2.1999999999999997_1.0_1061,24.61,2.31,0.73,-0.33,-0.5,-0.68,0.15
A_M_2.1999999999999997_1.0_1062,25.24,2.31,0.73,-0.33,-0.5,-0.68,0.15
A_M_2.1999999999999997_1.0_1063,25.0,2.31,0.73,-0.33,-0.5,-0.68,0.15
A_M_2.1999999999999997_1.0_1064,25.46,2.31,0.73,-0.33,-0.5,-0.68,0.15
A_M_2.1999999999999997_1.0_1065,21.38,2.31,0.73,-0.33,-0.5,-0.68,0.15
A_M_2.1999999999999997_1.0_1066,24.82,2.31,0.73,-0.33,-0.5,-0.68,0.15
A_M_2.1999999999999997_1.0_1067,22.86,2.31,0.73,-0.33,-0.5,-0.68,0.15
A_M_2.1999999999999997_1.0_1068,23.98,2.31,0.73,-0.33,-0.5,-0.68,0.15
A_M_2.1999999999999997_1.0_1069,24.37,2.31,0.73,-0.33,-0.5,-0.68,0.15
A_M_2.1999999999999997_1.0_1070,25.47,2.31,0.73,-0.33,-0.5,-0.68,0.15
A_M_2.1999999999999997_1.0_1071,25.26,2.31,0.73,-0.33,-0.5,-0.68,0.15
A_M_2.1999999999999997_1.0_1072,25.6,2.31,0.73,-0.33,-0.5,-0.68,0.15
A_M_2.1999999999999997_1.0_1073,24.9,2.31,0.73,-0.33,-0.5,-0.68,0.15
A_M_2.1999999999999997_1.0_1074,21.0,2.31,0.73,-0.33,-0.5,-0.68,0.15
A_M_2.1999999999999997_1.0_1075,25.06,2.31,0.73,-0.33,-0.5,-0.68,0.15
A_M_2.1999999999999997_1.0_1076,25.29,2.31,0.73,-0.33,-0.5,-0.68,0.15
A_M_2.1999999999999997_1.0_1077,19.99,2.31,0.73,-0.33,-0.5,-0.68,0.15
A_M_2.1999999999999997_1.0_1078,25.46,2.31,0.73,-0.33,-0.5,-0.68,0.15
A_M_2.1999999999999997_1.0_1079,25.53,2.31,0.73,-0.33,-0.5,-0.68,0.15
A_M_2.1999999999999997_1.0_1080,25.2,2.31,0.73,-0.33,-0.5,-0.68,0.15
A_M_2.1999999999999997_1.0_1081,25.38,2.31,0.73,-0.33,-0.5,-0.68,0.15
A_M_2.1999999999999997_1.0_1082,25.45,2.31,0.73,-0.33,-0.5,-0.68,0.15
A_M_2.1999999999999997_1.0_1083,25.16,2.31,0.73,-0.33,-0.5,-0.68,0.15
A_M_2.1999999999999997_1.0_1084,25.35,2.31,0.73,-0.33,-0.5,-0.68,0.15
A_M_2.1999999999999997_1.0_1085,21.3,2.31,0.73,-0.33,-0.5,-0.68,0.15
A_M_2.1999999999999997_1.0_1086,24.05,2.31,0.73,-0.33,-0.5,-0.68,0.15
A_M_2.1999999999999997_1.0_1087,23.71,2.31,0.73,-0.33,-0.5,-0.68,0.15
A_M_2.1999999999999997_1.0_1088,23.85,2.31,0.73,-0.33,-0.5,-0.68,0.15
A_M_2.1999999999999997_1.0_1089,25.52,2.31,0.73,-0.33,-0.5,-0.68,0.15
A_M_2.1999999999999997_1.0_1090,24.55,2.31,0.73,-0.33,-0.5,-0.68,0.15
A_M_2.1999999999999997_1.0_1091,25.28,2.31,0.73,-0.33,-0.5,-0.68,0.15
A_M_2.1999999999999997_1.0_1092,24.67,2.31,0.73,-0.33,-0.5,-0.68,0.15
A_M_2.1999999999999997_1.0_1093,23.44,2.31,0.73,-0.33,-0.5,-0.68,0.15
A_M_2.1999999999999997_1.0_1094,25.58,2.31,0.73,-0.33,-0.5,-0.68,0.15
A_M_2.1999999999999997_1.0_1095,25.56,2.31,0.73,-0.33,-0.5,-0.68,0.15
A_M_2.1999999999999997_1.0_1096,24.21,2.31,0.73,-0.33,-0.5,-0.68,0.15
A_M_2.1999999999999997_1.0_1097,24.74,2.31,0.73,-0.33,-0.5,-0.68,0.15
A_M_2.1999999999999997_1.0_1098,25.22,2.31,0.73,-0.33,-0.5,-0.68,0.15
A_M_2.1999999999999997_1.0_1099,23.71,2.31,0.73,-0.33,-0.5,-0.68,0.15
A_M_2.1999999999999997_1.0_1100,25.17,2.31,0.73,-0.33,-0.5,-0.68,0.15
A_M_2.1999999999999997_1.0_1101,23.67,2.31,0.73,-0.33,-0.5,-0.68,0.15
A_M_2.1999999999999997_1.0_1102,25.59,2.31,0.73,-0.33,-0.5,-0.68,0.15
A_M_2.1999999999999997_1.0_1103,23.64,2.31,0.73,-0.33,-0.5,-0.68,0.15
A_M_2.1999999999999997_1.0_1104,24.9,2.31,0.73,-0.33,-0.5,-0.68,0.15
A_M_2.1999999999999997_1.0_1105,23.72,2.31,0.73,-0.33,-0.5,-0.68,0.15
A_M_2.1999999999999997_1.0_1106,25.56,2.31,0.73,-0.33,-0.5,-0.68,0.15
A_M_2.1999999999999997_1.0_1107,24.64,2.31,0.73,-0.33,-0.5,-0.68,0.15
A_M_2.1999999999999997_1.0_1108,25.55,2.31,0.73,-0.33,-0.5,-0.68,0.15
A_M_2.1999999999999997_1.0_1109,25.27,2.31,0.73,-0.33,-0.5,-0.68,0.15
A_M_2.1999999999999997_1.0_1110,21.93,2.31,0.73,-0.33,-0.5,-0.68,0.15
A_M_2.1999999999999997_1.0_1111,24.62,2.31,0.73,-0.33,-0.5,-0.68,0.15
A_M_2.1999999999999997_1.0_1112,25.59,2.31,0.73,-0.33,-0.5,-0.68,0.15
A_M_2.1999999999999997_1.0_1113,25.0,2.31,0.73,-0.33,-0.5,-0.68,0.15
A_M_2.1999999999999997_1.0_1114,25.61,2.31,0.73,-0.33,-0.5,-0.68,0.15
A_M_2.1999999999999997_1.0_1115,22.55,2.31,0.73,-0.33,-0.5,-0.68,0.15
A_M_2.1999999999999997_1.0_1116,19.26,2.31,0.73,-0.33,-0.5,-0.68,0.15
A_M_2.1999999999999997_1.0_1117,23.91,2.31,0.73,-0.33,-0.5,-0.68,0.15
A_M_2.1999999999999997_1.0_1118,23.87,2.31,0.73,-0.33,-0.5,-0.68,0.15
A_M_2.1999999999999997_1.0_1119,24.55,2.31,0.73,-0.33,-0.5,-0.68,0.15
A_M_2.1999999999999997_1.0_1120,24.34,2.31,0.73,-0.33,-0.5,-0.68,0.15
A_M_2.1999999999999997_1.0_1121,23.92,2.31,0.73,-0.33,-0.5,-0.68,0.15
A_M_2.1999999999999997_1.0_1122,25.01,2.31,0.73,-0.33,-0.5,-0.68,0.15
A_M_2.1999999999999997_1.0_1123,25.4,2.31,0.73,-0.33,-0.5,-0.68,0.15
A_M_2.1999999999999997_1.0_1124,21.6,2.31,0.73,-0.33,-0.5,-0.68,0.15
A_M_2.1999999999999997_1.0_1125,25.51,2.31,0.73,-0.33,-0.5,-0.68,0.15
A_M_2.1999999999999997_1.0_1126,25.61,2.31,0.73,-0.33,-0.5,-0.68,0.15
A_M_2.1999999999999997_1.0_1127,24.89,2.31,0.73,-0.33,-0.5,-0.68,0.15
A_M_2.1999999999999997_1.0_1128,25.13,2.31,0.73,-0.33,-0.5,-0.68,0.15
A_M_2.1999999999999997_1.0_1129,24.12,2.31,0.73,-0.33,-0.5,-0.68,0.15
A_M_2.1999999999999997_1.0_1130,21.05,2.31,0.73,-0.33,-0.5,-0.68,0.15
