ObjID,FORMAT,q,e,inc,node,argPeri,t_p_MJD_TDB,epochMJD_TDB
A_M_1.9999999999999998_1.0_0,COM,1.21148,1.009599,0.894,1.011,0.472,63708.096615877235,60980.00158187724
A_M_1.9999999999999998_1.0_1,COM,1.478712,1.01446,0.375,0.253,3.028,64054.03545387724,60980.00158187724
A_M_1.9999999999999998_1.0_2,COM,1.042338,1.013773,1.497,0.283,0.043,62687.34000887724,60980.00158187724
A_M_1.9999999999999998_1.0_3,COM,0.943552,1.015776,1.649,5.995,4.256,60957.03442587724,60980.00158187724
A_M_1.9999999999999998_1.0_4,COM,0.943472,1.022386,2.605,4.09,0.579,61215.11562087724,60980.00158187724
A_M_1.9999999999999998_1.0_5,COM,0.975869,1.02162,1.712,2.94,5.317,61855.578386877234,60980.00158187724
A_M_1.9999999999999998_1.0_6,COM,0.662791,1.013306,0.275,2.999,1.408,63492.01321087724,60980.00158187724
A_M_1.9999999999999998_1.0_7,COM,1.340585,1.030894,1.928,5.654,6.105,63537.53376087724,60980.00158187724
A_M_1.9999999999999998_1.0_8,COM,1.940147,1.06251,1.409,0.394,5.921,64274.644324877234,60980.00158187724
A_M_1.9999999999999998_1.0_9,COM,0.121291,1.004572,2.268,5.051,0.794,61049.054772877236,60980.00158187724
A_M_1.9999999999999998_1.0_10,COM,1.205283,1.058124,0.981,1.926,3.875,63711.28433787724,60980.00158187724
A_M_1.9999999999999998_1.0_11,COM,0.259979,1.014341,1.003,6.008,5.357,61692.15928187724,60980.00158187724
A_M_1.9999999999999998_1.0_12,COM,1.843399,1.100547,2.951,1.594,3.448,62579.68717487724,60980.00158187724
A_M_1.9999999999999998_1.0_13,COM,0.055038,1.004027,1.13,0.452,0.773,63163.24671187724,60980.00158187724
A_M_1.9999999999999998_1.0_14,COM,1.462837,1.095749,2.382,4.916,5.998,63494.51084287724,60980.00158187724
A_M_1.9999999999999998_1.0_15,COM,1.452495,1.089259,2.503,4.635,4.832,64502.07706887724,60980.00158187724
A_M_1.9999999999999998_1.0_16,COM,1.386873,1.092613,1.948,5.586,2.484,64520.23324787724,60980.00158187724
A_M_1.9999999999999998_1.0_17,COM,1.023046,1.063127,0.839,4.498,2.432,62776.43997387724,60980.00158187724
A_M_1.9999999999999998_1.0_18,COM,0.878274,1.081741,2.05,1.092,3.855,62748.46928287724,60980.00158187724
A_M_1.9999999999999998_1.0_19,COM,0.10389,1.0077,2.812,1.895,0.396,61178.42359487724,60980.00158187724
A_M_1.9999999999999998_1.0_20,COM,0.123459,1.010282,2.346,0.583,3.151,62723.22528187724,60980.00158187724
A_M_1.9999999999999998_1.0_21,COM,1.348223,1.101191,1.464,1.156,2.178,61088.05344087724,60980.00158187724
A_M_1.9999999999999998_1.0_22,COM,1.386912,1.124707,0.959,1.968,2.051,62901.55912587724,60980.00158187724
A_M_1.9999999999999998_1.0_23,COM,0.196665,1.017654,1.061,2.792,3.659,63229.394309877236,60980.00158187724
A_M_1.9999999999999998_1.0_24,COM,0.299481,1.026608,1.871,4.205,5.627,60943.595709877234,60980.00158187724
A_M_1.9999999999999998_1.0_25,COM,1.224021,1.090441,1.696,4.203,5.145,61101.91066987724,60980.00158187724
A_M_1.9999999999999998_1.0_26,COM,0.289595,1.032543,0.289,2.47,1.972,64141.36222687724,60980.00158187724
A_M_1.9999999999999998_1.0_27,COM,1.351943,1.126991,0.864,3.527,1.775,63668.879263877236,60980.00158187724
A_M_1.9999999999999998_1.0_28,COM,1.03189,1.107143,2.492,1.135,2.927,62707.49376187724,60980.00158187724
A_M_1.9999999999999998_1.0_29,COM,0.763735,1.078023,0.633,2.34,3.37,61669.867975877234,60980.00158187724
A_M_1.9999999999999998_1.0_30,COM,0.337513,1.031553,1.164,4.47,4.525,61705.36328187724,60980.00158187724
A_M_1.9999999999999998_1.0_31,COM,1.344084,1.130008,0.839,4.937,5.751,62616.72993887724,60980.00158187724
A_M_1.9999999999999998_1.0_32,COM,1.386177,1.15195,1.437,6.24,3.37,62864.005596877236,60980.00158187724
A_M_1.9999999999999998_1.0_33,COM,0.247761,1.033738,0.862,5.636,1.243,63744.90890587724,60980.00158187724
A_M_1.9999999999999998_1.0_34,COM,1.314223,1.158914,0.912,5.304,0.161,61783.86866087724,60980.00158187724
A_M_1.9999999999999998_1.0_35,COM,1.453322,1.193289,2.357,4.541,5.836,64668.57603087724,60980.00158187724
A_M_1.9999999999999998_1.0_36,COM,0.349954,1.040943,0.593,3.79,1.473,60971.93080587724,60980.00158187724
A_M_1.9999999999999998_1.0_37,COM,1.138846,1.135037,2.358,2.745,2.389,61340.00278787724,60980.00158187724
A_M_1.9999999999999998_1.0_38,COM,0.345937,1.046528,2.925,3.765,1.709,63570.02417387724,60980.00158187724
A_M_1.9999999999999998_1.0_39,COM,1.104023,1.147196,1.917,1.2,3.346,64147.69685187724,60980.00158187724
A_M_1.9999999999999998_1.0_40,COM,1.829992,1.23333,1.73,2.424,3.372,62032.91138487724,60980.00158187724
A_M_1.9999999999999998_1.0_41,COM,0.749319,1.105475,2.405,3.795,2.176,61609.037921877236,60980.00158187724
A_M_1.9999999999999998_1.0_42,COM,1.41161,1.227497,2.217,3.719,4.463,64359.74976087724,60980.00158187724
A_M_1.9999999999999998_1.0_43,COM,1.712999,1.249542,1.652,0.816,3.182,62600.97934587724,60980.00158187724
A_M_1.9999999999999998_1.0_44,COM,0.843952,1.12282,2.453,4.683,1.433,62112.590940877235,60980.00158187724
A_M_1.9999999999999998_1.0_45,COM,1.443468,1.230883,0.744,4.169,2.403,61941.74371887724,60980.00158187724
A_M_1.9999999999999998_1.0_46,COM,0.942785,1.145067,0.697,0.874,6.001,63812.157202877235,60980.00158187724
A_M_1.9999999999999998_1.0_47,COM,1.230859,1.172626,1.971,5.67,4.228,62465.71522387724,60980.00158187724
A_M_1.9999999999999998_1.0_48,COM,0.986641,1.144863,0.386,2.099,1.235,63115.368772877235,60980.00158187724
A_M_1.9999999999999998_1.0_49,COM,0.930748,1.154868,1.807,4.406,4.172,61051.592296877236,60980.00158187724
A_M_1.9999999999999998_1.0_50,COM,0.735457,1.134713,0.326,1.415,4.748,61633.743643877235,60980.00158187724
A_M_1.9999999999999998_1.0_51,COM,0.288921,1.053852,2.379,0.163,1.463,62734.948470877236,60980.00158187724
A_M_1.9999999999999998_1.0_52,COM,1.218031,1.206272,1.655,3.317,3.562,63186.725845877234,60980.00158187724
A_M_1.9999999999999998_1.0_53,COM,0.941982,1.158016,0.648,4.997,5.987,64595.918249877235,60980.00158187724
A_M_1.9999999999999998_1.0_54,COM,0.722362,1.126584,0.823,5.243,3.748,64519.78450887724,60980.00158187724
A_M_1.9999999999999998_1.0_55,COM,0.771428,1.132172,2.281,5.884,5.204,60940.96328587724,60980.00158187724
A_M_1.9999999999999998_1.0_56,COM,0.619652,1.132549,0.861,3.976,5.689,63085.04079487724,60980.00158187724
A_M_1.9999999999999998_1.0_57,COM,1.328397,1.270828,1.231,3.155,4.705,61858.37619587724,60980.00158187724
A_M_1.9999999999999998_1.0_58,COM,0.679763,1.150778,0.966,4.685,3.534,62135.532355877236,60980.00158187724
A_M_1.9999999999999998_1.0_59,COM,1.242587,1.255779,2.152,3.054,1.771,63747.94529387724,60980.00158187724
A_M_1.9999999999999998_1.0_60,COM,0.857471,1.180722,1.014,1.522,4.331,62802.35202187724,60980.00158187724
A_M_1.9999999999999998_1.0_61,COM,1.27887,1.272467,0.912,2.4,4.823,61757.612027877236,60980.00158187724
A_M_1.9999999999999998_1.0_62,COM,0.742223,1.148207,1.672,2.328,3.28,61460.106219877234,60980.00158187724
A_M_1.9999999999999998_1.0_63,COM,1.248783,1.248029,2.427,1.911,5.74,62317.510411877236,60980.00158187724
A_M_1.9999999999999998_1.0_64,COM,0.229817,1.053991,1.134,1.932,5.177,62154.05737887724,60980.00158187724
A_M_1.9999999999999998_1.0_65,COM,0.48177,1.119331,1.514,4.569,1.357,63398.11015987724,60980.00158187724
A_M_1.9999999999999998_1.0_66,COM,0.112189,1.026304,1.828,5.507,4.736,62446.95423187724,60980.00158187724
A_M_1.9999999999999998_1.0_67,COM,1.398134,1.353766,1.061,1.77,0.115,62621.26092887724,60980.00158187724
A_M_1.9999999999999998_1.0_68,COM,0.379822,1.096404,2.367,4.0,1.03,62396.388547877235,60980.00158187724
A_M_1.9999999999999998_1.0_69,COM,0.32178,1.079197,1.622,1.16,1.966,61492.20656487724,60980.00158187724
A_M_1.9999999999999998_1.0_70,COM,0.115924,1.026471,0.743,4.42,2.303,64400.12419387724,60980.00158187724
A_M_1.9999999999999998_1.0_71,COM,0.458856,1.104994,1.328,4.028,4.731,61422.75461887724,60980.00158187724
A_M_1.9999999999999998_1.0_72,COM,1.268631,1.301886,2.761,2.684,4.549,62417.11072287724,60980.00158187724
A_M_1.9999999999999998_1.0_73,COM,1.465938,1.392145,2.852,3.483,2.242,64197.69071987724,60980.00158187724
A_M_1.9999999999999998_1.0_74,COM,1.636224,1.446489,1.362,5.494,2.372,63255.47739287724,60980.00158187724
A_M_1.9999999999999998_1.0_75,COM,1.342948,1.367473,1.583,4.532,0.679,62378.56765687724,60980.00158187724
A_M_1.9999999999999998_1.0_76,COM,0.219621,1.063852,2.761,5.098,6.246,63337.24475787724,60980.00158187724
A_M_1.9999999999999998_1.0_77,COM,0.020633,1.005383,0.698,2.475,4.262,64718.271242877236,60980.00158187724
A_M_1.9999999999999998_1.0_78,COM,1.785997,1.470286,2.78,5.539,0.258,62020.39400087724,60980.00158187724
A_M_1.9999999999999998_1.0_79,COM,0.47275,1.126732,1.432,1.5,2.752,63051.963788877234,60980.00158187724
A_M_1.9999999999999998_1.0_80,COM,1.62206,1.527865,2.263,2.716,3.182,64236.362345877234,60980.00158187724
A_M_1.9999999999999998_1.0_81,COM,0.26726,1.087568,1.524,6.051,5.238,62585.05706487724,60980.00158187724
A_M_1.9999999999999998_1.0_82,COM,0.436458,1.140271,2.359,1.808,5.092,63719.523818877235,60980.00158187724
A_M_1.9999999999999998_1.0_83,COM,1.6106,1.482,2.87,4.28,3.198,64633.45464287724,60980.00158187724
A_M_1.9999999999999998_1.0_84,COM,1.112315,1.335995,0.365,1.089,5.106,61196.31746587724,60980.00158187724
A_M_1.9999999999999998_1.0_85,COM,0.585817,1.181804,1.355,0.57,5.009,63115.17412487724,60980.00158187724
A_M_1.9999999999999998_1.0_86,COM,1.197063,1.351159,2.497,1.635,4.423,63664.97738987724,60980.00158187724
A_M_1.9999999999999998_1.0_87,COM,1.687543,1.524411,1.725,2.528,3.806,61129.454117877234,60980.00158187724
A_M_1.9999999999999998_1.0_88,COM,0.997294,1.297488,0.445,4.923,3.914,63596.47991787724,60980.00158187724
A_M_1.9999999999999998_1.0_89,COM,0.399271,1.120532,1.922,5.411,3.981,62092.21318487724,60980.00158187724
A_M_1.9999999999999998_1.0_90,COM,1.447754,1.436951,1.209,3.97,2.771,64585.008151877235,60980.00158187724
A_M_1.9999999999999998_1.0_91,COM,2.242319,1.787222,0.877,2.814,2.119,61954.91744787724,60980.00158187724
A_M_1.9999999999999998_1.0_92,COM,1.396293,1.493436,2.017,0.524,1.335,61967.052812877235,60980.00158187724
A_M_1.9999999999999998_1.0_93,COM,0.85075,1.30394,1.979,4.434,2.678,61504.27469487724,60980.00158187724
A_M_1.9999999999999998_1.0_94,COM,1.2786,1.446258,1.503,2.879,3.36,63515.58381087724,60980.00158187724
A_M_1.9999999999999998_1.0_95,COM,0.54835,1.189944,1.734,0.547,3.14,63549.383366877235,60980.00158187724
A_M_1.9999999999999998_1.0_96,COM,0.540272,1.195934,1.296,4.773,4.684,63934.07223287724,60980.00158187724
A_M_1.9999999999999998_1.0_97,COM,2.662727,1.961051,1.83,4.009,4.021,60900.39029387724,60980.00158187724
A_M_1.9999999999999998_1.0_98,COM,1.499871,1.531371,0.374,1.656,4.362,64553.73454887724,60980.00158187724
A_M_1.9999999999999998_1.0_99,COM,0.806138,1.270053,2.661,3.868,2.009,63505.476770877234,60980.00158187724
A_M_1.9999999999999998_1.0_100,COM,1.393486,1.553716,2.358,4.772,2.574,63212.932022877234,60980.00158187724
A_M_1.9999999999999998_1.0_101,COM,1.62317,1.641597,1.423,4.378,3.552,61761.09424687724,60980.00158187724
A_M_1.9999999999999998_1.0_102,COM,0.886522,1.332912,1.929,4.46,6.059,64524.57893887724,60980.00158187724
A_M_1.9999999999999998_1.0_103,COM,0.619343,1.240632,2.142,0.702,2.702,62729.680395877236,60980.00158187724
A_M_1.9999999999999998_1.0_104,COM,0.372814,1.1442,1.155,5.678,0.399,62466.95042987724,60980.00158187724
A_M_1.9999999999999998_1.0_105,COM,0.099697,1.038141,1.811,5.842,0.059,64645.81159987724,60980.00158187724
A_M_1.9999999999999998_1.0_106,COM,0.310065,1.119152,0.825,5.791,4.122,62898.181060877236,60980.00158187724
A_M_1.9999999999999998_1.0_107,COM,0.523154,1.211681,2.075,2.174,3.919,64219.16952687724,60980.00158187724
A_M_1.9999999999999998_1.0_108,COM,1.353624,1.53679,1.891,0.933,0.648,64118.26977587724,60980.00158187724
A_M_1.9999999999999998_1.0_109,COM,0.916512,1.370117,2.31,4.138,4.806,63937.800018877235,60980.00158187724
A_M_1.9999999999999998_1.0_110,COM,0.234297,1.103544,0.422,4.729,2.17,63081.94517087724,60980.00158187724
A_M_1.9999999999999998_1.0_111,COM,0.575497,1.239789,1.225,4.694,5.651,62511.81649887724,60980.00158187724
A_M_1.9999999999999998_1.0_112,COM,1.041894,1.467976,2.158,4.042,0.293,61385.81724687724,60980.00158187724
A_M_1.9999999999999998_1.0_113,COM,0.99351,1.419275,2.216,1.814,5.064,61130.74951887724,60980.00158187724
A_M_1.9999999999999998_1.0_114,COM,0.475562,1.201105,0.86,1.476,5.503,61625.59651587724,60980.00158187724
A_M_1.9999999999999998_1.0_115,COM,0.104025,1.04672,1.206,1.54,2.952,62515.85223387724,60980.00158187724
A_M_1.9999999999999998_1.0_116,COM,0.104025,1.04672,1.206,1.54,2.952,62515.85223387724,60980.00158187724
A_M_1.9999999999999998_1.0_117,COM,1.11686,1.471498,2.416,4.939,5.061,61546.058293877235,60980.00158187724
A_M_1.9999999999999998_1.0_118,COM,1.664702,1.723331,1.55,5.307,3.443,63471.22745587724,60980.00158187724
A_M_1.9999999999999998_1.0_119,COM,0.43374,1.190964,3.027,5.19,5.892,63253.80806787724,60980.00158187724
A_M_1.9999999999999998_1.0_120,COM,0.110085,1.051796,1.043,3.017,4.119,63706.281813877235,60980.00158187724
A_M_1.9999999999999998_1.0_121,COM,1.218146,1.578387,2.026,3.599,3.498,62099.67262387724,60980.00158187724
A_M_1.9999999999999998_1.0_122,COM,0.816321,1.403367,1.6,5.374,2.299,61282.48256187724,60980.00158187724
A_M_1.9999999999999998_1.0_123,COM,2.206515,2.08018,1.873,3.271,2.491,63707.42862187724,60980.00158187724
A_M_1.9999999999999998_1.0_124,COM,0.986776,1.485723,1.736,3.715,1.998,63976.90632987724,60980.00158187724
A_M_1.9999999999999998_1.0_125,COM,1.487581,1.737005,0.242,0.671,3.569,63629.08669687724,60980.00158187724
A_M_1.9999999999999998_1.0_126,COM,0.971618,1.471531,0.683,1.988,0.52,63584.60960087724,60980.00158187724
A_M_1.9999999999999998_1.0_127,COM,0.423376,1.202036,0.745,1.875,4.222,62677.71621187724,60980.00158187724
A_M_1.9999999999999998_1.0_128,COM,1.371096,1.634979,0.128,5.577,4.149,62075.215594877234,60980.00158187724
A_M_1.9999999999999998_1.0_129,COM,1.099703,1.511773,2.479,3.88,1.564,64560.89001787724,60980.00158187724
A_M_1.9999999999999998_1.0_130,COM,1.170598,1.620082,0.793,5.424,2.205,63965.85449387724,60980.00158187724
A_M_1.9999999999999998_1.0_131,COM,2.208465,2.113531,1.204,1.759,1.343,63301.02871687724,60980.00158187724
A_M_1.9999999999999998_1.0_132,COM,0.682994,1.345989,0.59,4.813,1.576,62313.344462877234,60980.00158187724
A_M_1.9999999999999998_1.0_133,COM,1.624407,1.886607,1.181,2.521,4.054,64706.215299877236,60980.00158187724
A_M_1.9999999999999998_1.0_134,COM,1.595523,1.839259,2.128,3.876,2.711,64050.870151877236,60980.00158187724
A_M_1.9999999999999998_1.0_135,COM,1.335069,1.711647,1.504,2.972,2.704,63557.00826587724,60980.00158187724
A_M_1.9999999999999998_1.0_136,COM,1.070073,1.558093,2.021,0.736,5.686,64311.29413487724,60980.00158187724
A_M_1.9999999999999998_1.0_137,COM,0.238154,1.121383,2.437,1.048,3.824,62213.51134587724,60980.00158187724
A_M_1.9999999999999998_1.0_138,COM,0.549395,1.278618,0.275,0.213,0.237,64264.348227877235,60980.00158187724
A_M_1.9999999999999998_1.0_139,COM,1.316847,1.686646,1.828,3.28,0.162,63476.61113487724,60980.00158187724
A_M_1.9999999999999998_1.0_140,COM,0.184326,1.108721,1.549,5.11,5.229,63192.81232587724,60980.00158187724
A_M_1.9999999999999998_1.0_141,COM,0.487133,1.27997,1.196,2.321,2.93,62217.62965787724,60980.00158187724
A_M_1.9999999999999998_1.0_142,COM,0.990469,1.561234,1.982,5.016,3.924,62232.021996877236,60980.00158187724
A_M_1.9999999999999998_1.0_143,COM,1.122173,1.630747,0.868,3.972,2.539,64109.77494987724,60980.00158187724
A_M_1.9999999999999998_1.0_144,COM,0.961434,1.572233,1.601,0.151,5.689,63643.937334877235,60980.00158187724
A_M_1.9999999999999998_1.0_145,COM,0.586107,1.348341,0.215,2.355,4.384,61519.68390487724,60980.00158187724
A_M_1.9999999999999998_1.0_146,COM,0.774258,1.426177,2.426,1.594,4.316,62841.952531877236,60980.00158187724
A_M_1.9999999999999998_1.0_147,COM,0.298057,1.169642,0.609,1.195,5.298,62134.22467887724,60980.00158187724
A_M_1.9999999999999998_1.0_148,COM,1.489705,1.859949,2.121,3.255,3.553,62257.382808877235,60980.00158187724
A_M_1.9999999999999998_1.0_149,COM,0.576246,1.364557,1.609,1.446,2.922,62818.75525687724,60980.00158187724
A_M_1.9999999999999998_1.0_150,COM,0.228397,1.141512,2.75,4.967,5.63,63322.612238877235,60980.00158187724
A_M_1.9999999999999998_1.0_151,COM,0.349185,1.213545,1.18,4.002,5.953,62981.447604877234,60980.00158187724
A_M_1.9999999999999998_1.0_152,COM,1.59319,2.018274,2.425,6.04,4.041,61500.55498887724,60980.00158187724
A_M_1.9999999999999998_1.0_153,COM,0.632434,1.398342,0.78,3.077,1.759,61110.79747887724,60980.00158187724
A_M_1.9999999999999998_1.0_154,COM,0.106821,1.064521,0.975,3.106,2.057,62461.63724787724,60980.00158187724
A_M_1.9999999999999998_1.0_155,COM,1.051426,1.642083,0.988,2.195,0.44,64557.85735387724,60980.00158187724
A_M_1.9999999999999998_1.0_156,COM,0.914651,1.565331,1.804,1.177,2.174,61681.906688877236,60980.00158187724
A_M_1.9999999999999998_1.0_157,COM,2.149482,2.306062,0.808,2.918,4.474,63028.14930387724,60980.00158187724
A_M_1.9999999999999998_1.0_158,COM,1.847781,2.206332,2.387,2.591,6.27,64602.59452087724,60980.00158187724
A_M_1.9999999999999998_1.0_159,COM,0.225156,1.141686,2.927,0.376,1.579,62931.937008877234,60980.00158187724
A_M_1.9999999999999998_1.0_160,COM,0.644109,1.450495,1.382,4.733,4.583,61392.24677187724,60980.00158187724
A_M_1.9999999999999998_1.0_161,COM,1.159801,1.804511,1.679,2.452,3.8,61724.40794687724,60980.00158187724
A_M_1.9999999999999998_1.0_162,COM,1.159801,1.804511,1.679,2.452,3.8,61724.40794687724,60980.00158187724
A_M_1.9999999999999998_1.0_163,COM,0.873534,1.598196,1.598,2.578,4.883,63549.84495087724,60980.00158187724
A_M_1.9999999999999998_1.0_164,COM,0.671954,1.472736,1.475,3.864,0.696,62735.36779787724,60980.00158187724
A_M_1.9999999999999998_1.0_165,COM,0.606341,1.405186,1.332,3.486,2.906,64476.41917887724,60980.00158187724
A_M_1.9999999999999998_1.0_166,COM,1.599802,2.124567,1.391,4.716,2.997,63064.10038187724,60980.00158187724
A_M_1.9999999999999998_1.0_167,COM,0.556533,1.377538,2.379,1.826,5.759,61726.78425887724,60980.00158187724
A_M_1.9999999999999998_1.0_168,COM,0.247804,1.172593,1.315,5.088,5.423,64402.89943787724,60980.00158187724
A_M_1.9999999999999998_1.0_169,COM,0.645594,1.42962,1.411,5.255,3.823,61197.24101487724,60980.00158187724
A_M_1.9999999999999998_1.0_170,COM,0.016109,1.011359,1.149,1.811,2.608,62789.84062387724,60980.00158187724
A_M_1.9999999999999998_1.0_171,COM,1.241151,1.826347,2.787,5.302,2.884,61153.18661687724,60980.00158187724
A_M_1.9999999999999998_1.0_172,COM,0.253559,1.172635,0.935,2.157,5.353,62128.314139877235,60980.00158187724
A_M_1.9999999999999998_1.0_173,COM,0.442517,1.296515,1.111,0.495,5.154,61023.79289287724,60980.00158187724
A_M_1.9999999999999998_1.0_174,COM,1.803819,2.184982,1.279,1.514,3.09,61697.20356887724,60980.00158187724
A_M_1.9999999999999998_1.0_175,COM,0.321468,1.238032,0.531,4.323,1.682,61742.196553877235,60980.00158187724
A_M_1.9999999999999998_1.0_176,COM,0.244068,1.179746,1.917,1.955,2.423,61500.80290987724,60980.00158187724
A_M_1.9999999999999998_1.0_177,COM,1.374109,1.981804,2.046,0.24,4.2,63103.392347877234,60980.00158187724
A_M_1.9999999999999998_1.0_178,COM,0.199422,1.151544,1.956,2.48,4.435,62538.576602877234,60980.00158187724
A_M_1.9999999999999998_1.0_179,COM,0.39426,1.296192,1.789,3.036,2.664,63830.32741887724,60980.00158187724
A_M_1.9999999999999998_1.0_180,COM,0.982434,1.754736,0.854,1.427,5.451,64139.55078487724,60980.00158187724
A_M_1.9999999999999998_1.0_181,COM,0.087425,1.068688,0.465,2.892,3.984,64097.291099877235,60980.00158187724
A_M_1.9999999999999998_1.0_182,COM,1.239888,1.954213,1.995,1.664,0.373,63112.63333687724,60980.00158187724
A_M_1.9999999999999998_1.0_183,COM,9.098057,8.160763,1.253,3.808,2.65,62341.817534877235,60980.00158187724
A_M_1.9999999999999998_1.0_184,COM,0.982527,1.811441,2.576,1.138,4.969,61709.42171487724,60980.00158187724
A_M_1.9999999999999998_1.0_185,COM,0.5852,1.456436,1.873,4.229,4.375,64663.914082877236,60980.00158187724
A_M_1.9999999999999998_1.0_186,COM,1.246342,1.975967,2.225,3.171,3.375,61103.56100687724,60980.00158187724
A_M_1.9999999999999998_1.0_187,COM,1.366992,2.115475,1.381,4.49,3.582,63193.67664887724,60980.00158187724
A_M_1.9999999999999998_1.0_188,COM,0.917682,1.715318,0.261,4.731,3.11,63507.27565487724,60980.00158187724
A_M_1.9999999999999998_1.0_189,COM,0.489326,1.381349,2.951,4.543,3.986,62223.569751877236,60980.00158187724
A_M_1.9999999999999998_1.0_190,COM,1.296161,2.046474,1.378,4.813,4.402,64347.604177877234,60980.00158187724
A_M_1.9999999999999998_1.0_191,COM,1.146046,1.89385,1.705,3.477,3.777,61496.39631587724,60980.00158187724
A_M_1.9999999999999998_1.0_192,COM,0.683133,1.576394,1.989,1.445,5.127,62729.42400087724,60980.00158187724
A_M_1.9999999999999998_1.0_193,COM,1.749017,2.463341,2.068,1.853,5.574,63357.14926087724,60980.00158187724
A_M_1.9999999999999998_1.0_194,COM,0.18684,1.159053,0.632,4.485,1.073,63998.03913187724,60980.00158187724
A_M_1.9999999999999998_1.0_195,COM,0.841464,1.743591,1.948,0.62,4.684,64169.449389877234,60980.00158187724
A_M_1.9999999999999998_1.0_196,COM,1.632142,2.364465,2.871,2.106,1.718,61443.71679187724,60980.00158187724
A_M_1.9999999999999998_1.0_197,COM,1.013494,1.839107,1.068,1.864,5.138,61485.13808487724,60980.00158187724
A_M_1.9999999999999998_1.0_198,COM,0.688312,1.593669,0.192,6.229,0.205,62521.88670387724,60980.00158187724
A_M_1.9999999999999998_1.0_199,COM,0.06798,1.059286,2.457,4.713,2.994,62273.83904087724,60980.00158187724
A_M_1.9999999999999998_1.0_200,COM,0.956109,1.791937,2.547,2.644,3.724,64035.08118987724,60980.00158187724
A_M_1.9999999999999998_1.0_201,COM,0.696099,1.582481,2.234,5.679,5.451,64354.87192387724,60980.00158187724
A_M_1.9999999999999998_1.0_202,COM,0.889748,1.790336,2.044,4.157,3.887,63775.51190787724,60980.00158187724
A_M_1.9999999999999998_1.0_203,COM,1.491913,2.244893,1.317,0.578,4.769,61144.170141877235,60980.00158187724
A_M_1.9999999999999998_1.0_204,COM,0.625201,1.533032,1.963,1.789,1.777,64458.50739087724,60980.00158187724
A_M_1.9999999999999998_1.0_205,COM,1.115623,1.9572,2.764,6.151,3.616,64178.73316587724,60980.00158187724
A_M_1.9999999999999998_1.0_206,COM,1.830708,2.518898,0.49,3.541,3.968,63059.332213877235,60980.00158187724
A_M_1.9999999999999998_1.0_207,COM,0.661424,1.573702,2.931,2.193,5.645,62101.18194787724,60980.00158187724
A_M_1.9999999999999998_1.0_208,COM,0.863547,1.738579,1.253,1.998,2.259,63261.99017487724,60980.00158187724
A_M_1.9999999999999998_1.0_209,COM,1.137943,1.999849,1.684,1.639,4.845,61245.17996687724,60980.00158187724
A_M_1.9999999999999998_1.0_210,COM,0.435039,1.372637,0.946,5.301,2.306,61544.52688887724,60980.00158187724
A_M_1.9999999999999998_1.0_211,COM,0.298542,1.263246,1.565,0.666,1.25,64298.50341387724,60980.00158187724
A_M_1.9999999999999998_1.0_212,COM,0.858393,1.7426,1.688,2.88,3.519,62575.76439087724,60980.00158187724
A_M_1.9999999999999998_1.0_213,COM,0.746821,1.652611,2.034,3.879,5.462,62968.42782387724,60980.00158187724
A_M_1.9999999999999998_1.0_214,COM,0.127345,1.114766,1.006,3.646,4.072,62376.65199687724,60980.00158187724
A_M_1.9999999999999998_1.0_215,COM,0.972321,1.891893,1.979,2.407,3.882,64148.48609287724,60980.00158187724
A_M_1.9999999999999998_1.0_216,COM,0.655317,1.586929,0.1,3.29,2.174,63306.819709877236,60980.00158187724
A_M_1.9999999999999998_1.0_217,COM,1.265834,2.15069,1.622,5.542,4.215,63997.267113877235,60980.00158187724
A_M_1.9999999999999998_1.0_218,COM,0.170589,1.157575,0.371,3.082,3.63,61245.36442687724,60980.00158187724
A_M_1.9999999999999998_1.0_219,COM,0.23685,1.214599,0.89,0.666,3.089,63710.88027787724,60980.00158187724
A_M_1.9999999999999998_1.0_220,COM,1.379793,2.231293,0.621,3.327,3.382,64138.49564887724,60980.00158187724
A_M_1.9999999999999998_1.0_221,COM,2.508549,3.326724,0.878,4.045,6.171,64296.309322877234,60980.00158187724
A_M_1.9999999999999998_1.0_222,COM,0.427119,1.388603,1.694,4.402,1.427,62554.272079877235,60980.00158187724
A_M_1.9999999999999998_1.0_223,COM,0.801906,1.739671,2.369,0.233,6.071,62646.67335087724,60980.00158187724
A_M_1.9999999999999998_1.0_224,COM,1.141446,2.044171,2.577,2.601,2.474,62323.652901877234,60980.00158187724
A_M_1.9999999999999998_1.0_225,COM,0.112197,1.100747,2.178,1.335,0.958,62080.488876877236,60980.00158187724
A_M_1.9999999999999998_1.0_226,COM,0.997036,1.978902,2.288,4.302,3.461,63481.25562787724,60980.00158187724
A_M_1.9999999999999998_1.0_227,COM,1.297054,2.240173,1.031,4.557,1.466,63182.53958587724,60980.00158187724
A_M_1.9999999999999998_1.0_228,COM,1.112722,2.118209,2.244,4.906,5.448,63888.114537877234,60980.00158187724
A_M_1.9999999999999998_1.0_229,COM,0.703869,1.689445,2.42,6.186,2.685,61770.82828987724,60980.00158187724
A_M_1.9999999999999998_1.0_230,COM,1.73579,2.73812,1.117,4.841,3.777,63895.488443877235,60980.00158187724
A_M_1.9999999999999998_1.0_231,COM,1.29112,2.296265,1.443,2.191,4.836,63779.25681587724,60980.00158187724
A_M_1.9999999999999998_1.0_232,COM,0.587533,1.589121,2.345,1.693,4.509,61469.58922987724,60980.00158187724
A_M_1.9999999999999998_1.0_233,COM,0.52227,1.50155,0.217,5.472,5.013,62979.272227877234,60980.00158187724
A_M_1.9999999999999998_1.0_234,COM,1.543541,2.483542,0.856,6.119,4.687,63137.093626877235,60980.00158187724
A_M_1.9999999999999998_1.0_235,COM,1.032509,1.999812,1.085,6.156,4.452,62430.12203187724,60980.00158187724
A_M_1.9999999999999998_1.0_236,COM,0.41585,1.405645,0.33,4.78,5.644,61297.74507987724,60980.00158187724
A_M_1.9999999999999998_1.0_237,COM,1.823416,2.964914,1.746,5.803,2.878,64564.949154877235,60980.00158187724
A_M_1.9999999999999998_1.0_238,COM,0.38488,1.414885,2.277,3.372,5.687,63832.278309877234,60980.00158187724
A_M_1.9999999999999998_1.0_239,COM,2.868661,3.970826,1.152,2.323,2.874,64612.246742877236,60980.00158187724
A_M_1.9999999999999998_1.0_240,COM,1.030572,2.107902,1.92,5.287,3.882,61108.130656877234,60980.00158187724
A_M_1.9999999999999998_1.0_241,COM,0.082826,1.087291,0.843,1.235,3.328,64007.90218987724,60980.00158187724
A_M_1.9999999999999998_1.0_242,COM,2.027292,3.163829,0.824,4.446,5.393,63544.10306887724,60980.00158187724
A_M_1.9999999999999998_1.0_243,COM,0.825661,1.896427,0.434,1.237,2.263,62681.06421387724,60980.00158187724
A_M_1.9999999999999998_1.0_244,COM,1.043585,2.113151,0.948,5.671,0.673,64563.91127687724,60980.00158187724
A_M_1.9999999999999998_1.0_245,COM,0.146784,1.151171,0.513,6.131,6.256,61463.88664187724,60980.00158187724
A_M_1.9999999999999998_1.0_246,COM,1.079526,2.103378,1.69,1.355,4.168,62091.00884887724,60980.00158187724
A_M_1.9999999999999998_1.0_247,COM,1.260372,2.294865,1.973,5.091,5.606,61295.72537187724,60980.00158187724
A_M_1.9999999999999998_1.0_248,COM,0.677065,1.743087,1.983,0.727,5.442,63741.58406887724,60980.00158187724
A_M_1.9999999999999998_1.0_249,COM,0.158473,1.174577,1.517,1.991,5.004,61843.98604887724,60980.00158187724
A_M_1.9999999999999998_1.0_250,COM,1.085401,2.255266,2.219,5.842,4.422,63907.567489877234,60980.00158187724
A_M_1.9999999999999998_1.0_251,COM,1.059185,2.171361,0.389,1.01,5.51,62186.13978387724,60980.00158187724
A_M_1.9999999999999998_1.0_252,COM,0.470784,1.518326,2.007,3.316,1.429,61997.97837087724,60980.00158187724
A_M_1.9999999999999998_1.0_253,COM,1.457811,2.669105,1.408,2.159,2.086,63128.62504287724,60980.00158187724
A_M_1.9999999999999998_1.0_254,COM,0.490669,1.548931,2.698,2.768,0.347,61046.198018877236,60980.00158187724
A_M_1.9999999999999998_1.0_255,COM,0.095173,1.10792,2.263,1.152,3.342,63229.43524187724,60980.00158187724
A_M_1.9999999999999998_1.0_256,COM,1.406824,2.618088,1.784,5.397,5.094,61637.527773877235,60980.00158187724
A_M_1.9999999999999998_1.0_257,COM,1.688692,2.990706,2.664,1.783,0.069,64614.58527287724,60980.00158187724
A_M_1.9999999999999998_1.0_258,COM,0.098716,1.114517,2.035,5.168,5.837,62311.40703787724,60980.00158187724
A_M_1.9999999999999998_1.0_259,COM,0.368067,1.431458,1.435,4.54,3.33,63408.77885487724,60980.00158187724
A_M_1.9999999999999998_1.0_260,COM,0.398917,1.480754,2.046,0.312,4.33,62900.583781877234,60980.00158187724
A_M_1.9999999999999998_1.0_261,COM,0.527449,1.614924,1.84,4.977,3.261,62352.54610287724,60980.00158187724
A_M_1.9999999999999998_1.0_262,COM,1.822249,3.170666,0.791,4.302,2.348,63007.82212687724,60980.00158187724
A_M_1.9999999999999998_1.0_263,COM,0.234768,1.288599,2.665,4.66,1.865,63626.20875587724,60980.00158187724
A_M_1.9999999999999998_1.0_264,COM,1.674759,2.958849,0.446,0.52,3.866,63077.819430877236,60980.00158187724
A_M_1.9999999999999998_1.0_265,COM,1.390117,2.673447,0.996,3.338,1.877,61151.76256387724,60980.00158187724
A_M_1.9999999999999998_1.0_266,COM,0.117811,1.137919,1.088,0.052,4.352,64138.36461087724,60980.00158187724
A_M_1.9999999999999998_1.0_267,COM,0.081909,1.098076,1.86,3.256,5.143,61289.81279987724,60980.00158187724
A_M_1.9999999999999998_1.0_268,COM,1.505377,2.802587,1.161,4.77,2.206,61284.431982877235,60980.00158187724
A_M_1.9999999999999998_1.0_269,COM,0.86881,2.062865,0.632,5.34,1.221,64619.77093487724,60980.00158187724
A_M_1.9999999999999998_1.0_270,COM,1.659916,3.0416,1.171,2.511,0.682,63632.23462887724,60980.00158187724
A_M_1.9999999999999998_1.0_271,COM,1.284277,2.539128,1.323,2.127,4.2,64481.15878887724,60980.00158187724
A_M_1.9999999999999998_1.0_272,COM,1.023473,2.229768,2.12,4.914,4.591,63221.950702877235,60980.00158187724
A_M_1.9999999999999998_1.0_273,COM,0.590689,1.721452,0.97,2.841,4.493,62650.89177887724,60980.00158187724
A_M_1.9999999999999998_1.0_274,COM,1.338942,2.695998,1.666,3.11,3.227,61269.44407587724,60980.00158187724
A_M_1.9999999999999998_1.0_275,COM,0.436422,1.545074,1.537,5.569,2.795,64149.99567187724,60980.00158187724
A_M_1.9999999999999998_1.0_276,COM,0.752743,1.975234,2.602,3.883,1.407,63610.65483287724,60980.00158187724
A_M_1.9999999999999998_1.0_277,COM,1.280126,2.596909,2.46,1.464,3.347,62415.48800587724,60980.00158187724
A_M_1.9999999999999998_1.0_278,COM,1.140264,2.452296,0.834,5.284,1.778,62848.78778287724,60980.00158187724
A_M_1.9999999999999998_1.0_279,COM,0.582375,1.728662,1.623,2.898,2.288,62716.85889187724,60980.00158187724
A_M_1.9999999999999998_1.0_280,COM,1.497902,2.885511,2.137,5.058,2.022,62419.24333987724,60980.00158187724
A_M_1.9999999999999998_1.0_281,COM,1.18739,2.499606,2.223,5.553,3.531,64332.364709877234,60980.00158187724
A_M_1.9999999999999998_1.0_282,COM,4.771233,6.912607,1.762,1.505,4.398,62984.34030487724,60980.00158187724
A_M_1.9999999999999998_1.0_283,COM,1.422391,2.834118,1.442,2.941,3.579,61787.945392877235,60980.00158187724
A_M_1.9999999999999998_1.0_284,COM,1.622723,3.121435,1.47,0.746,3.425,63386.49838587724,60980.00158187724
A_M_1.9999999999999998_1.0_285,COM,2.18949,3.839979,0.852,1.881,1.484,63914.58733787724,60980.00158187724
A_M_1.9999999999999998_1.0_286,COM,1.121528,2.383297,1.993,0.587,5.785,63117.34935387724,60980.00158187724
A_M_1.9999999999999998_1.0_287,COM,0.795748,2.002288,1.409,3.549,0.804,64250.793548877235,60980.00158187724
A_M_1.9999999999999998_1.0_288,COM,1.123658,2.444884,0.642,1.296,3.976,61546.333352877235,60980.00158187724
A_M_1.9999999999999998_1.0_289,COM,0.254014,1.323943,2.162,1.067,5.059,62856.87619787724,60980.00158187724
A_M_1.9999999999999998_1.0_290,COM,1.055458,2.356133,1.46,1.64,4.33,62219.95580887724,60980.00158187724
A_M_1.9999999999999998_1.0_291,COM,0.130175,1.177085,1.902,2.781,2.056,63916.57216487724,60980.00158187724
A_M_1.9999999999999998_1.0_292,COM,1.462712,3.013827,2.342,3.836,1.497,61398.96339987724,60980.00158187724
A_M_1.9999999999999998_1.0_293,COM,0.976206,2.313317,1.203,4.635,3.43,63952.40188387724,60980.00158187724
A_M_1.9999999999999998_1.0_294,COM,0.142983,1.193343,0.309,2.831,4.701,64298.27230887724,60980.00158187724
A_M_1.9999999999999998_1.0_295,COM,1.590397,3.121705,2.275,1.011,4.111,61920.32678987724,60980.00158187724
A_M_1.9999999999999998_1.0_296,COM,1.238453,2.691791,1.992,1.443,5.887,63710.578021877234,60980.00158187724
A_M_1.9999999999999998_1.0_297,COM,2.172201,3.912451,1.667,4.67,2.916,62715.556254877236,60980.00158187724
A_M_1.9999999999999998_1.0_298,COM,1.357964,2.988591,1.675,4.307,0.196,60999.15802687724,60980.00158187724
A_M_1.9999999999999998_1.0_299,COM,1.88354,3.73407,1.165,1.142,4.109,62369.333418877235,60980.00158187724
A_M_1.9999999999999998_1.0_300,COM,0.538414,1.750222,1.362,3.808,4.961,62121.89195987724,60980.00158187724
A_M_1.9999999999999998_1.0_301,COM,0.538414,1.750222,1.362,3.808,4.961,62121.89195987724,60980.00158187724
A_M_1.9999999999999998_1.0_302,COM,0.681195,1.989732,2.237,2.202,4.203,62506.23705187724,60980.00158187724
A_M_1.9999999999999998_1.0_303,COM,1.220259,2.747846,0.215,2.181,3.817,61558.91819187724,60980.00158187724
A_M_1.9999999999999998_1.0_304,COM,2.233723,4.117524,2.331,2.02,2.007,62213.53493987724,60980.00158187724
A_M_1.9999999999999998_1.0_305,COM,1.259044,2.838796,1.72,2.407,2.636,62179.737755877235,60980.00158187724
A_M_1.9999999999999998_1.0_306,COM,1.405962,3.040409,0.388,4.13,5.96,63193.286997877236,60980.00158187724
A_M_1.9999999999999998_1.0_307,COM,0.335857,1.481102,2.177,0.847,3.933,62978.84327687724,60980.00158187724
A_M_1.9999999999999998_1.0_308,COM,0.295806,1.427159,0.632,2.643,3.902,62731.622877877235,60980.00158187724
A_M_1.9999999999999998_1.0_309,COM,1.385555,2.968467,2.059,4.473,2.285,64178.882552877236,60980.00158187724
A_M_1.9999999999999998_1.0_310,COM,0.184395,1.26751,0.166,4.592,1.7,63775.15639187724,60980.00158187724
A_M_1.9999999999999998_1.0_311,COM,0.392132,1.573056,1.337,4.461,4.389,64266.86124187724,60980.00158187724
A_M_1.9999999999999998_1.0_312,COM,0.392132,1.573056,1.337,4.461,4.389,64266.86124187724,60980.00158187724
A_M_1.9999999999999998_1.0_313,COM,0.55197,1.825453,1.239,4.133,2.2,63917.429293877234,60980.00158187724
A_M_1.9999999999999998_1.0_314,COM,0.074198,1.111156,1.298,4.677,4.0,62203.50659687724,60980.00158187724
A_M_1.9999999999999998_1.0_315,COM,3.19352,5.905283,0.875,4.89,5.188,61318.799029877235,60980.00158187724
A_M_1.9999999999999998_1.0_316,COM,1.336583,3.022633,1.008,0.172,3.375,61798.38571687724,60980.00158187724
A_M_1.9999999999999998_1.0_317,COM,1.280813,2.902446,0.372,1.778,1.945,63517.73245187724,60980.00158187724
A_M_1.9999999999999998_1.0_318,COM,1.216376,2.820873,0.496,5.607,1.771,61747.820821877234,60980.00158187724
A_M_1.9999999999999998_1.0_319,COM,1.17509,2.761614,2.679,3.44,1.749,64401.25493887724,60980.00158187724
A_M_1.9999999999999998_1.0_320,COM,1.167739,2.723852,1.161,1.945,5.493,61340.12794087724,60980.00158187724
A_M_1.9999999999999998_1.0_321,COM,0.58244,1.901412,0.941,5.64,1.268,62812.63567187724,60980.00158187724
A_M_1.9999999999999998_1.0_322,COM,0.104003,1.160853,1.507,3.43,3.956,64081.77531887724,60980.00158187724
A_M_1.9999999999999998_1.0_323,COM,1.531627,3.255884,1.306,4.178,2.795,62028.214349877235,60980.00158187724
A_M_1.9999999999999998_1.0_324,COM,1.135996,2.831572,0.716,0.176,6.177,61946.77844587724,60980.00158187724
A_M_1.9999999999999998_1.0_325,COM,1.636541,3.564797,2.697,5.22,2.51,63758.19488387724,60980.00158187724
A_M_1.9999999999999998_1.0_326,COM,0.623209,1.992229,0.925,1.929,3.246,63959.58714587724,60980.00158187724
A_M_1.9999999999999998_1.0_327,COM,0.908062,2.424778,1.853,1.559,3.143,64674.80385387724,60980.00158187724
A_M_1.9999999999999998_1.0_328,COM,1.283316,3.068401,2.504,0.256,3.901,62534.95092187724,60980.00158187724
A_M_1.9999999999999998_1.0_329,COM,0.315082,1.499451,2.908,3.236,4.611,61718.07466487724,60980.00158187724
A_M_1.9999999999999998_1.0_330,COM,1.032117,2.665093,2.174,5.341,6.163,64335.29409887724,60980.00158187724
A_M_1.9999999999999998_1.0_331,COM,1.324709,3.090701,0.42,2.303,3.405,63646.74335387724,60980.00158187724
A_M_1.9999999999999998_1.0_332,COM,2.244027,4.555277,0.165,1.418,2.222,61142.08920487724,60980.00158187724
A_M_1.9999999999999998_1.0_333,COM,0.193696,1.301809,2.169,3.615,4.563,64035.38720287724,60980.00158187724
A_M_1.9999999999999998_1.0_334,COM,1.769457,3.807409,0.256,2.8,5.619,63460.73331087724,60980.00158187724
A_M_1.9999999999999998_1.0_335,COM,1.769457,3.807409,0.256,2.8,5.619,63460.73331087724,60980.00158187724
A_M_1.9999999999999998_1.0_336,COM,1.5956,3.584093,1.678,5.566,3.493,64068.640289877236,60980.00158187724
A_M_1.9999999999999998_1.0_337,COM,0.307053,1.477237,1.188,1.057,6.104,64438.49589287724,60980.00158187724
A_M_1.9999999999999998_1.0_338,COM,4.378809,7.97729,1.81,1.942,3.188,62040.26679987724,60980.00158187724
A_M_1.9999999999999998_1.0_339,COM,0.660305,2.12776,0.444,4.279,2.88,63879.871935877236,60980.00158187724
A_M_1.9999999999999998_1.0_340,COM,3.763149,7.203138,1.691,5.394,1.908,61541.50341987724,60980.00158187724
A_M_1.9999999999999998_1.0_341,COM,0.25011,1.408491,1.723,4.879,2.674,63518.807520877235,60980.00158187724
A_M_1.9999999999999998_1.0_342,COM,1.761211,3.889139,2.386,4.022,1.316,61937.70399887724,60980.00158187724
A_M_1.9999999999999998_1.0_343,COM,0.854214,2.442901,1.514,4.269,4.222,62411.76602487724,60980.00158187724
A_M_1.9999999999999998_1.0_344,COM,0.47527,1.783081,0.955,1.149,5.463,61018.22274887724,60980.00158187724
A_M_1.9999999999999998_1.0_345,COM,0.069703,1.116376,2.467,5.92,4.999,61606.31140387724,60980.00158187724
A_M_1.9999999999999998_1.0_346,COM,0.480903,1.80624,2.021,0.334,5.217,61265.276591877235,60980.00158187724
A_M_1.9999999999999998_1.0_347,COM,1.215041,3.016598,1.662,5.814,5.547,62203.09529987724,60980.00158187724
A_M_1.9999999999999998_1.0_348,COM,1.315093,3.261432,1.693,4.345,2.068,63391.827333877234,60980.00158187724
A_M_1.9999999999999998_1.0_349,COM,1.060153,2.772444,1.022,1.905,4.474,62599.640393877235,60980.00158187724
A_M_1.9999999999999998_1.0_350,COM,2.403449,5.018826,2.236,5.845,2.344,62754.316161877236,60980.00158187724
A_M_1.9999999999999998_1.0_351,COM,0.018822,1.031428,2.164,4.864,3.402,62369.171491877234,60980.00158187724
A_M_1.9999999999999998_1.0_352,COM,1.387381,3.338262,2.334,3.349,3.902,64299.01763687724,60980.00158187724
A_M_1.9999999999999998_1.0_353,COM,0.165691,1.272721,0.992,3.647,2.521,64154.88753087724,60980.00158187724
A_M_1.9999999999999998_1.0_354,COM,1.702148,3.986303,1.365,2.624,2.406,64269.25882987724,60980.00158187724
A_M_1.9999999999999998_1.0_355,COM,1.352356,3.428376,1.546,5.796,3.974,62186.75219287724,60980.00158187724
A_M_1.9999999999999998_1.0_356,COM,0.227781,1.393825,1.659,2.347,3.558,61960.290410877235,60980.00158187724
A_M_1.9999999999999998_1.0_357,COM,0.78983,2.378291,2.044,2.072,2.645,60998.25596487724,60980.00158187724
A_M_1.9999999999999998_1.0_358,COM,1.139042,2.981859,1.827,3.78,1.375,63559.24646887724,60980.00158187724
A_M_1.9999999999999998_1.0_359,COM,0.256217,1.462524,1.94,4.415,4.524,63103.52854487724,60980.00158187724
A_M_1.9999999999999998_1.0_360,COM,0.434564,1.771033,1.694,5.835,3.101,64161.62787387724,60980.00158187724
A_M_1.9999999999999998_1.0_361,COM,1.068343,2.921549,1.986,4.922,2.335,62685.95414987724,60980.00158187724
A_M_1.9999999999999998_1.0_362,COM,0.693928,2.218696,1.212,4.591,2.887,63650.49659787724,60980.00158187724
A_M_1.9999999999999998_1.0_363,COM,0.469566,1.829824,2.156,1.141,5.998,63586.985072877236,60980.00158187724
A_M_1.9999999999999998_1.0_364,COM,1.395768,3.499706,0.597,3.893,0.296,61315.090405877236,60980.00158187724
A_M_1.9999999999999998_1.0_365,COM,1.65305,3.942804,1.674,4.06,1.374,62850.479976877235,60980.00158187724
A_M_1.9999999999999998_1.0_366,COM,1.4743,3.538488,1.685,4.74,2.352,62542.176821877234,60980.00158187724
A_M_1.9999999999999998_1.0_367,COM,0.876349,2.538596,1.613,1.39,0.485,61086.739000877235,60980.00158187724
A_M_1.9999999999999998_1.0_368,COM,1.771178,4.09589,1.646,4.805,2.823,63894.05525387724,60980.00158187724
A_M_1.9999999999999998_1.0_369,COM,0.766612,2.390171,0.325,1.941,4.849,62416.636588877234,60980.00158187724
A_M_1.9999999999999998_1.0_370,COM,0.97411,2.818826,0.502,1.11,3.591,64080.46143587724,60980.00158187724
A_M_1.9999999999999998_1.0_371,COM,1.560758,3.825571,1.34,2.779,4.385,64490.22480687724,60980.00158187724
A_M_1.9999999999999998_1.0_372,COM,1.602991,4.014071,1.142,4.511,1.357,63700.47572987724,60980.00158187724
A_M_1.9999999999999998_1.0_373,COM,2.961035,6.373553,0.969,3.164,5.338,61792.082836877235,60980.00158187724
A_M_1.9999999999999998_1.0_374,COM,1.391151,3.626902,0.453,1.564,5.11,62014.76395087724,60980.00158187724
A_M_1.9999999999999998_1.0_375,COM,0.963115,2.828212,2.488,2.972,1.991,63749.64887787724,60980.00158187724
A_M_1.9999999999999998_1.0_376,COM,1.07578,3.018554,1.23,2.431,4.325,63235.93417087724,60980.00158187724
A_M_1.9999999999999998_1.0_377,COM,0.581575,2.104017,0.909,3.429,2.952,63527.48937387724,60980.00158187724
A_M_1.9999999999999998_1.0_378,COM,0.849382,2.542477,0.675,3.879,3.7,63373.228276877235,60980.00158187724
A_M_1.9999999999999998_1.0_379,COM,0.668045,2.228445,0.375,4.012,2.239,61055.75869387724,60980.00158187724
A_M_1.9999999999999998_1.0_380,COM,1.121572,3.061299,2.143,2.438,0.17,64033.33368087724,60980.00158187724
A_M_1.9999999999999998_1.0_381,COM,0.390281,1.717126,1.942,2.815,3.997,62127.11900387724,60980.00158187724
A_M_1.9999999999999998_1.0_382,COM,0.152202,1.30037,2.425,0.318,0.108,61080.18870387724,60980.00158187724
A_M_1.9999999999999998_1.0_383,COM,0.189932,1.377219,1.617,0.685,4.096,61777.88501287724,60980.00158187724
A_M_1.9999999999999998_1.0_384,COM,2.090259,5.162386,1.648,5.19,2.338,62103.57369787724,60980.00158187724
A_M_1.9999999999999998_1.0_385,COM,0.496656,1.953514,2.37,5.4,3.386,63032.92387587724,60980.00158187724
A_M_1.9999999999999998_1.0_386,COM,0.141413,1.281544,0.435,0.099,6.076,64160.10793787724,60980.00158187724
A_M_1.9999999999999998_1.0_387,COM,0.315271,1.602689,2.492,3.317,3.503,63619.889897877234,60980.00158187724
A_M_1.9999999999999998_1.0_388,COM,1.176262,3.260113,0.917,4.84,0.839,63807.54811287724,60980.00158187724
A_M_1.9999999999999998_1.0_389,COM,0.915479,2.843712,2.317,3.934,4.836,61409.519073877236,60980.00158187724
A_M_1.9999999999999998_1.0_390,COM,0.75813,2.532653,1.726,1.138,4.521,64038.925108877236,60980.00158187724
A_M_1.9999999999999998_1.0_391,COM,0.522647,2.080469,2.04,0.584,5.353,63713.215728877236,60980.00158187724
A_M_1.9999999999999998_1.0_392,COM,1.529222,4.110029,1.744,1.492,3.775,63248.825895877235,60980.00158187724
A_M_1.9999999999999998_1.0_393,COM,1.454259,4.02818,1.502,1.234,3.215,61624.81352687724,60980.00158187724
A_M_1.9999999999999998_1.0_394,COM,1.325154,3.741222,2.256,4.692,3.784,64450.25037587724,60980.00158187724
A_M_1.9999999999999998_1.0_395,COM,1.264957,3.549254,1.103,1.424,6.26,61115.91377287724,60980.00158187724
A_M_1.9999999999999998_1.0_396,COM,0.641966,2.324347,1.49,4.593,5.295,61705.168573877236,60980.00158187724
A_M_1.9999999999999998_1.0_397,COM,2.413431,5.95676,1.868,1.891,2.957,61122.970969877235,60980.00158187724
A_M_1.9999999999999998_1.0_398,COM,1.450804,3.918592,1.434,3.904,3.052,63143.80081987724,60980.00158187724
A_M_1.9999999999999998_1.0_399,COM,0.555278,2.154803,1.772,5.188,3.45,64194.825231877236,60980.00158187724
A_M_1.9999999999999998_1.0_400,COM,1.482027,3.985667,1.083,4.928,5.789,62273.069853877234,60980.00158187724
A_M_1.9999999999999998_1.0_401,COM,2.308404,5.846257,0.911,1.969,4.856,63227.20593187724,60980.00158187724
A_M_1.9999999999999998_1.0_402,COM,0.981245,3.097239,0.145,3.79,2.488,64287.929960877234,60980.00158187724
A_M_1.9999999999999998_1.0_403,COM,1.195237,3.499279,2.018,3.765,1.174,61506.51385187724,60980.00158187724
A_M_1.9999999999999998_1.0_404,COM,1.22816,3.587275,2.897,2.588,2.811,61789.473850877235,60980.00158187724
A_M_1.9999999999999998_1.0_405,COM,0.891725,2.946736,1.406,5.214,5.754,61231.62052587724,60980.00158187724
A_M_1.9999999999999998_1.0_406,COM,0.374286,1.79912,0.628,0.699,2.706,61777.58497087724,60980.00158187724
A_M_1.9999999999999998_1.0_407,COM,0.352818,1.75566,0.853,6.203,4.547,63050.60409987724,60980.00158187724
A_M_1.9999999999999998_1.0_408,COM,1.242375,3.602083,2.082,5.034,1.632,64358.23241487724,60980.00158187724
A_M_1.9999999999999998_1.0_409,COM,1.404118,3.979859,0.952,4.104,3.226,61715.57458087724,60980.00158187724
A_M_1.9999999999999998_1.0_410,COM,1.625746,4.478066,0.972,5.709,3.774,63286.272766877235,60980.00158187724
A_M_1.9999999999999998_1.0_411,COM,1.360747,4.05872,1.13,1.725,1.754,61489.32272287724,60980.00158187724
A_M_1.9999999999999998_1.0_412,COM,1.787569,5.064394,2.186,0.85,3.995,62664.053927877234,60980.00158187724
A_M_1.9999999999999998_1.0_413,COM,0.891333,3.030866,1.683,2.217,4.883,61503.295482877234,60980.00158187724
A_M_1.9999999999999998_1.0_414,COM,0.739942,2.649779,1.328,5.067,3.474,64287.09451687724,60980.00158187724
A_M_1.9999999999999998_1.0_415,COM,0.583566,2.28033,2.48,3.853,3.984,63150.404215877235,60980.00158187724
A_M_1.9999999999999998_1.0_416,COM,1.489654,4.326678,1.581,2.657,1.841,64318.212266877235,60980.00158187724
A_M_1.9999999999999998_1.0_417,COM,1.61325,4.645176,1.45,2.298,4.312,63467.06260987724,60980.00158187724
A_M_1.9999999999999998_1.0_418,COM,0.812697,2.83584,2.465,2.705,2.826,61776.74623587724,60980.00158187724
A_M_1.9999999999999998_1.0_419,COM,1.164618,3.593115,1.434,4.143,4.187,63372.651058877236,60980.00158187724
A_M_1.9999999999999998_1.0_420,COM,0.985063,3.219857,1.214,5.382,2.846,63307.30443387724,60980.00158187724
A_M_1.9999999999999998_1.0_421,COM,0.644667,2.419202,2.514,5.978,0.615,61180.43709287724,60980.00158187724
A_M_1.9999999999999998_1.0_422,COM,1.445199,4.18367,1.144,5.372,3.107,62539.980537877236,60980.00158187724
A_M_1.9999999999999998_1.0_423,COM,1.27537,4.0407,2.108,5.235,1.786,62762.60904187724,60980.00158187724
A_M_1.9999999999999998_1.0_424,COM,0.726965,2.733018,2.01,4.524,1.922,62877.445415877235,60980.00158187724
A_M_1.9999999999999998_1.0_425,COM,1.159283,3.749906,1.642,2.431,0.603,63557.41400887724,60980.00158187724
A_M_1.9999999999999998_1.0_426,COM,0.945807,3.222655,2.974,3.081,0.486,61468.45784587724,60980.00158187724
A_M_1.9999999999999998_1.0_427,COM,0.712161,2.690516,1.235,1.329,0.603,61897.65543087724,60980.00158187724
A_M_1.9999999999999998_1.0_428,COM,2.305793,6.398883,0.362,1.079,5.241,61584.346700877235,60980.00158187724
A_M_1.9999999999999998_1.0_429,COM,0.842106,2.941388,2.304,0.675,4.03,64492.285407877236,60980.00158187724
A_M_1.9999999999999998_1.0_430,COM,1.267159,4.000189,1.887,0.217,2.887,64641.961043877236,60980.00158187724
A_M_1.9999999999999998_1.0_431,COM,1.591195,4.754661,0.493,2.326,1.195,64453.39684787724,60980.00158187724
A_M_1.9999999999999998_1.0_432,COM,1.455355,4.341561,2.796,1.003,4.409,63019.82174387724,60980.00158187724
A_M_1.9999999999999998_1.0_433,COM,0.697874,2.735671,1.102,4.789,0.0,62184.60236687724,60980.00158187724
A_M_1.9999999999999998_1.0_434,COM,1.604155,4.838954,0.898,6.0,2.365,63964.560961877236,60980.00158187724
A_M_1.9999999999999998_1.0_435,COM,0.864842,3.120662,0.195,5.192,1.399,62479.20148987724,60980.00158187724
A_M_1.9999999999999998_1.0_436,COM,1.802219,5.405912,2.097,5.597,2.102,63266.52030787724,60980.00158187724
A_M_1.9999999999999998_1.0_437,COM,0.210109,1.508071,2.66,5.364,5.718,64586.885623877235,60980.00158187724
A_M_1.9999999999999998_1.0_438,COM,0.851549,3.091035,1.921,0.547,2.781,61576.14887687724,60980.00158187724
A_M_1.9999999999999998_1.0_439,COM,0.980856,3.361436,1.965,3.658,3.898,61981.37493087724,60980.00158187724
A_M_1.9999999999999998_1.0_440,COM,0.852233,3.037995,1.825,5.566,5.284,61119.41661087724,60980.00158187724
A_M_1.9999999999999998_1.0_441,COM,0.933286,3.326127,2.07,1.676,5.362,62860.03508987724,60980.00158187724
A_M_1.9999999999999998_1.0_442,COM,1.315426,4.167194,1.291,1.143,3.512,64273.657351877235,60980.00158187724
A_M_1.9999999999999998_1.0_443,COM,1.432193,4.47324,2.037,4.852,2.576,64173.22792087724,60980.00158187724
A_M_1.9999999999999998_1.0_444,COM,1.016577,3.546863,0.32,5.637,3.851,63038.06994987724,60980.00158187724
A_M_1.9999999999999998_1.0_445,COM,0.229714,1.587248,2.503,2.404,3.05,62003.24110287724,60980.00158187724
A_M_1.9999999999999998_1.0_446,COM,0.446115,2.13663,2.294,5.849,3.064,62871.08542787724,60980.00158187724
A_M_1.9999999999999998_1.0_447,COM,1.026815,3.672501,1.659,1.701,2.66,63572.38510387724,60980.00158187724
A_M_1.9999999999999998_1.0_448,COM,1.013796,3.602193,2.654,4.153,2.351,62869.108825877236,60980.00158187724
A_M_1.9999999999999998_1.0_449,COM,1.388579,4.590801,2.645,2.535,2.504,62506.826153877235,60980.00158187724
A_M_1.9999999999999998_1.0_450,COM,0.890242,3.309343,2.314,1.39,4.919,64644.85906487724,60980.00158187724
A_M_1.9999999999999998_1.0_451,COM,1.001115,3.519981,1.587,2.993,3.951,62550.49245387724,60980.00158187724
A_M_1.9999999999999998_1.0_452,COM,0.4903,2.240973,1.603,1.526,4.342,62158.30054087724,60980.00158187724
A_M_1.9999999999999998_1.0_453,COM,1.309031,4.400814,1.848,3.636,4.168,62592.39212587724,60980.00158187724
A_M_1.9999999999999998_1.0_454,COM,1.285371,4.449165,1.324,4.375,1.038,61545.33316487724,60980.00158187724
A_M_1.9999999999999998_1.0_455,COM,1.526993,5.055775,0.612,1.328,4.756,61457.24505087724,60980.00158187724
A_M_1.9999999999999998_1.0_456,COM,1.39226,4.659322,1.633,3.779,4.419,61510.25370887724,60980.00158187724
A_M_1.9999999999999998_1.0_457,COM,0.819644,3.193873,2.178,3.513,3.923,62611.576088877235,60980.00158187724
A_M_1.9999999999999998_1.0_458,COM,0.425973,2.136255,2.416,5.003,2.411,62158.767995877235,60980.00158187724
A_M_1.9999999999999998_1.0_459,COM,0.64657,2.689478,1.063,1.606,4.543,64098.225486877236,60980.00158187724
A_M_1.9999999999999998_1.0_460,COM,2.159495,6.796706,1.236,5.167,2.413,61489.72210587724,60980.00158187724
A_M_1.9999999999999998_1.0_461,COM,0.255535,1.690038,2.026,0.866,2.328,64372.704141877235,60980.00158187724
A_M_1.9999999999999998_1.0_462,COM,1.754323,5.760528,1.315,4.083,5.343,63620.021929877235,60980.00158187724
A_M_1.9999999999999998_1.0_463,COM,1.084221,3.95891,1.153,4.711,3.529,62866.38789787724,60980.00158187724
A_M_1.9999999999999998_1.0_464,COM,1.819886,6.057074,1.549,5.176,2.897,60989.44005687724,60980.00158187724
A_M_1.9999999999999998_1.0_465,COM,1.296009,4.521076,1.348,5.207,4.37,63722.460932877235,60980.00158187724
A_M_1.9999999999999998_1.0_466,COM,1.023549,3.818542,0.771,3.232,3.742,62313.99827587724,60980.00158187724
A_M_1.9999999999999998_1.0_467,COM,0.330098,1.921733,1.707,0.588,3.501,64290.13779887724,60980.00158187724
A_M_1.9999999999999998_1.0_468,COM,0.721283,2.976047,0.467,4.407,2.499,62612.590296877235,60980.00158187724
A_M_1.9999999999999998_1.0_469,COM,0.210391,1.579019,2.172,1.772,0.72,64385.317173877236,60980.00158187724
A_M_1.9999999999999998_1.0_470,COM,0.707705,2.963047,0.675,1.857,4.908,64373.17439087724,60980.00158187724
A_M_1.9999999999999998_1.0_471,COM,0.099134,1.274276,0.485,4.937,2.923,61715.62014587724,60980.00158187724
A_M_1.9999999999999998_1.0_472,COM,1.182929,4.280353,0.594,0.847,5.46,61760.38299487724,60980.00158187724
A_M_1.9999999999999998_1.0_473,COM,0.332971,1.923616,1.529,6.089,2.681,63452.375050877235,60980.00158187724
A_M_1.9999999999999998_1.0_474,COM,1.652206,5.604764,2.086,1.813,3.723,62648.62461187724,60980.00158187724
A_M_1.9999999999999998_1.0_475,COM,0.902943,3.626603,2.796,5.258,2.676,64475.25304687724,60980.00158187724
A_M_1.9999999999999998_1.0_476,COM,1.427697,5.184447,1.828,1.733,0.819,61395.969466877235,60980.00158187724
A_M_1.9999999999999998_1.0_477,COM,0.914069,3.6063,2.244,0.758,3.532,63490.81270987724,60980.00158187724
A_M_1.9999999999999998_1.0_478,COM,0.775759,3.264566,1.608,0.289,2.878,62420.65714187724,60980.00158187724
A_M_1.9999999999999998_1.0_479,COM,2.544126,8.402055,2.449,3.626,3.908,61585.679815877236,60980.00158187724
A_M_1.9999999999999998_1.0_480,COM,1.549983,5.382866,1.416,6.061,3.013,62396.75657787724,60980.00158187724
A_M_1.9999999999999998_1.0_481,COM,0.632481,2.795536,2.196,1.373,6.265,64419.53209987724,60980.00158187724
A_M_1.9999999999999998_1.0_482,COM,1.906635,6.433893,1.076,5.046,1.55,61782.89193587724,60980.00158187724
A_M_1.9999999999999998_1.0_483,COM,0.744096,3.170507,2.504,5.247,2.675,63159.82088187724,60980.00158187724
A_M_1.9999999999999998_1.0_484,COM,1.536129,5.422159,2.295,5.821,2.645,63925.92274887724,60980.00158187724
A_M_1.9999999999999998_1.0_485,COM,1.062321,4.045857,2.733,0.423,4.865,63036.54072487724,60980.00158187724
A_M_1.9999999999999998_1.0_486,COM,1.45301,5.231442,0.656,1.046,2.311,64326.91099187724,60980.00158187724
A_M_1.9999999999999998_1.0_487,COM,1.008281,3.94869,1.772,1.236,5.387,62598.643100877234,60980.00158187724
A_M_1.9999999999999998_1.0_488,COM,1.300608,4.913997,2.437,5.467,2.74,61710.253184877234,60980.00158187724
A_M_1.9999999999999998_1.0_489,COM,1.316916,4.968776,2.556,5.787,3.12,64547.19981087724,60980.00158187724
A_M_1.9999999999999998_1.0_490,COM,1.316628,4.951478,1.951,4.849,1.611,63287.16193687724,60980.00158187724
A_M_1.9999999999999998_1.0_491,COM,0.830247,3.48699,1.856,2.962,3.339,61091.23100087724,60980.00158187724
A_M_1.9999999999999998_1.0_492,COM,1.224983,4.738462,2.006,2.89,3.721,63712.60006187724,60980.00158187724
A_M_1.9999999999999998_1.0_493,COM,1.520901,5.589361,2.671,0.094,4.021,62739.10396987724,60980.00158187724
A_M_1.9999999999999998_1.0_494,COM,1.261432,4.774716,2.602,1.584,4.515,62256.91836487724,60980.00158187724
A_M_1.9999999999999998_1.0_495,COM,0.840051,3.534252,0.822,3.851,3.308,61906.06769887724,60980.00158187724
A_M_1.9999999999999998_1.0_496,COM,1.101661,4.265105,1.073,1.974,4.433,63011.55394187724,60980.00158187724
A_M_1.9999999999999998_1.0_497,COM,0.747396,3.227917,1.413,4.294,3.925,61006.49719987724,60980.00158187724
A_M_1.9999999999999998_1.0_498,COM,0.373068,2.128277,1.362,3.947,2.327,62305.19794687724,60980.00158187724
A_M_1.9999999999999998_1.0_499,COM,1.280327,5.032802,1.783,4.949,2.591,61879.33663887724,60980.00158187724
A_M_1.9999999999999998_1.0_500,COM,1.066052,4.339113,2.318,2.392,1.105,62370.009228877236,60980.00158187724
A_M_1.9999999999999998_1.0_501,COM,0.648036,3.047941,1.122,5.085,1.879,61328.922204877235,60980.00158187724
A_M_1.9999999999999998_1.0_502,COM,1.012181,4.181558,1.329,1.838,1.519,62641.85951887724,60980.00158187724
A_M_1.9999999999999998_1.0_503,COM,4.650619,15.571977,1.88,0.26,3.517,63549.26843587724,60980.00158187724
A_M_1.9999999999999998_1.0_504,COM,1.593872,5.958418,1.774,4.339,2.464,63919.72187887724,60980.00158187724
A_M_1.9999999999999998_1.0_505,COM,1.234785,4.843615,1.381,2.716,3.136,61585.74378087724,60980.00158187724
A_M_1.9999999999999998_1.0_506,COM,0.769149,3.358468,2.158,1.758,3.861,63051.22745687724,60980.00158187724
A_M_1.9999999999999998_1.0_507,COM,0.299025,1.933973,1.524,4.804,4.077,63800.019908877235,60980.00158187724
A_M_1.9999999999999998_1.0_508,COM,0.892503,3.831993,0.998,3.388,1.938,60989.32567687724,60980.00158187724
A_M_1.9999999999999998_1.0_509,COM,0.963593,4.127345,1.243,3.2,3.156,64173.18199287724,60980.00158187724
A_M_1.9999999999999998_1.0_510,COM,1.289137,5.13198,1.986,1.449,3.553,64007.34230487724,60980.00158187724
A_M_1.9999999999999998_1.0_511,COM,0.058674,1.18798,0.95,6.007,4.473,61359.427382877235,60980.00158187724
A_M_1.9999999999999998_1.0_512,COM,1.305519,5.276766,1.755,4.848,4.143,61172.15101687724,60980.00158187724
A_M_1.9999999999999998_1.0_513,COM,1.826643,6.950394,1.067,1.449,5.0,63357.06803587724,60980.00158187724
A_M_1.9999999999999998_1.0_514,COM,0.026635,1.085484,2.29,0.698,5.118,62017.28070287724,60980.00158187724
A_M_1.9999999999999998_1.0_515,COM,1.125845,4.616515,0.719,4.56,4.506,61063.31871387724,60980.00158187724
A_M_1.9999999999999998_1.0_516,COM,2.481095,9.062548,2.411,2.723,2.58,64091.08188187724,60980.00158187724
A_M_1.9999999999999998_1.0_517,COM,7.058066,23.67439,1.689,2.258,2.601,63600.99679887724,60980.00158187724
A_M_1.9999999999999998_1.0_518,COM,2.066336,7.751964,0.868,5.903,2.947,61351.61248587724,60980.00158187724
A_M_1.9999999999999998_1.0_519,COM,1.573191,6.267009,2.018,5.497,2.716,61165.90265687724,60980.00158187724
A_M_1.9999999999999998_1.0_520,COM,0.171868,1.566385,0.764,5.293,1.978,64193.904902877235,60980.00158187724
A_M_1.9999999999999998_1.0_521,COM,1.412561,5.672461,0.78,1.955,3.93,61120.069662877235,60980.00158187724
A_M_1.9999999999999998_1.0_522,COM,1.758547,6.961708,1.448,1.546,4.696,63104.25715687724,60980.00158187724
A_M_1.9999999999999998_1.0_523,COM,1.369022,5.528304,0.571,1.672,4.9,61695.58432587724,60980.00158187724
A_M_1.9999999999999998_1.0_524,COM,1.882851,7.298926,2.399,5.386,5.526,63054.499445877234,60980.00158187724
A_M_1.9999999999999998_1.0_525,COM,2.262436,8.471633,0.698,0.485,2.757,61381.732831877234,60980.00158187724
A_M_1.9999999999999998_1.0_526,COM,1.209797,5.021353,2.422,1.892,2.109,62185.22540487724,60980.00158187724
A_M_1.9999999999999998_1.0_527,COM,33.757706,112.373069,1.745,1.729,4.357,61783.093045877235,60980.00158187724
A_M_1.9999999999999998_1.0_528,COM,1.395492,5.817515,0.58,1.802,4.292,63955.37265487724,60980.00158187724
A_M_1.9999999999999998_1.0_529,COM,1.446503,5.965205,1.691,1.359,4.89,62412.36565387724,60980.00158187724
A_M_1.9999999999999998_1.0_530,COM,1.086772,4.804145,1.723,4.957,2.336,63078.11491287724,60980.00158187724
A_M_1.9999999999999998_1.0_531,COM,1.021765,4.565419,1.571,5.69,4.85,64633.38174687724,60980.00158187724
A_M_1.9999999999999998_1.0_532,COM,5.42607,20.155477,3.106,2.597,5.989,63878.59909487724,60980.00158187724
A_M_1.9999999999999998_1.0_533,COM,2.632814,10.039147,2.358,3.47,1.114,62735.167713877236,60980.00158187724
A_M_1.9999999999999998_1.0_534,COM,0.953184,4.332122,1.016,4.728,1.902,62233.44636987724,60980.00158187724
A_M_1.9999999999999998_1.0_535,COM,1.258292,5.347361,1.046,0.584,2.979,61943.50096587724,60980.00158187724
A_M_1.9999999999999998_1.0_536,COM,0.407091,2.416325,1.281,0.939,3.125,62792.064484877235,60980.00158187724
A_M_1.9999999999999998_1.0_537,COM,1.422361,5.875718,2.725,0.122,2.475,62666.094119877234,60980.00158187724
A_M_1.9999999999999998_1.0_538,COM,0.906148,4.120104,2.312,4.448,4.902,62887.56325387724,60980.00158187724
A_M_1.9999999999999998_1.0_539,COM,0.408973,2.446214,0.362,3.773,2.026,60957.19670187724,60980.00158187724
A_M_1.9999999999999998_1.0_540,COM,1.353052,5.68926,1.66,1.678,2.518,64249.49997487724,60980.00158187724
A_M_1.9999999999999998_1.0_541,COM,1.27786,5.598654,1.484,1.003,2.472,61670.637689877236,60980.00158187724
A_M_1.9999999999999998_1.0_542,COM,1.363242,5.890314,1.371,5.521,1.98,64227.22760387724,60980.00158187724
A_M_1.9999999999999998_1.0_543,COM,1.02127,4.702933,1.177,4.882,4.543,64139.38860287724,60980.00158187724
A_M_1.9999999999999998_1.0_544,COM,1.42055,6.208845,2.837,5.56,5.203,62872.353599877235,60980.00158187724
A_M_1.9999999999999998_1.0_545,COM,0.14936,1.547182,1.377,4.458,5.162,63019.759997877234,60980.00158187724
A_M_1.9999999999999998_1.0_546,COM,1.470638,6.214382,1.551,4.216,3.368,63300.89352587724,60980.00158187724
A_M_1.9999999999999998_1.0_547,COM,0.649851,3.332314,1.713,1.115,5.33,63116.598139877235,60980.00158187724
A_M_1.9999999999999998_1.0_548,COM,0.725212,3.62421,2.061,4.915,1.294,61200.08794987724,60980.00158187724
A_M_1.9999999999999998_1.0_549,COM,0.617607,3.195948,1.565,1.307,3.312,64649.72924887724,60980.00158187724
A_M_1.9999999999999998_1.0_550,COM,1.43126,6.325781,2.082,1.935,5.484,64011.89431587724,60980.00158187724
A_M_1.9999999999999998_1.0_551,COM,1.073333,5.028608,0.115,3.59,2.781,64189.20138187724,60980.00158187724
A_M_1.9999999999999998_1.0_552,COM,0.275915,2.042342,2.349,5.851,3.158,64578.870558877235,60980.00158187724
A_M_1.9999999999999998_1.0_553,COM,1.699672,7.283927,1.77,0.178,5.068,62403.252155877235,60980.00158187724
A_M_1.9999999999999998_1.0_554,COM,0.977648,4.642729,0.436,0.333,5.804,64489.624229877234,60980.00158187724
A_M_1.9999999999999998_1.0_555,COM,1.607811,7.069262,1.303,6.237,5.893,62227.69479987724,60980.00158187724
A_M_1.9999999999999998_1.0_556,COM,1.159657,5.466526,1.039,4.215,2.049,61050.13280187724,60980.00158187724
A_M_1.9999999999999998_1.0_557,COM,1.014733,4.95098,2.006,5.574,2.505,62980.48954987724,60980.00158187724
A_M_1.9999999999999998_1.0_558,COM,0.82189,4.133603,2.151,4.463,4.789,62036.00979987724,60980.00158187724
A_M_1.9999999999999998_1.0_559,COM,1.227677,5.768254,0.984,5.41,5.829,61988.050923877236,60980.00158187724
A_M_1.9999999999999998_1.0_560,COM,1.021643,5.011784,0.77,2.902,3.419,62045.45434587724,60980.00158187724
A_M_1.9999999999999998_1.0_561,COM,4.714949,19.368286,1.52,4.511,1.214,61210.47600687724,60980.00158187724
A_M_1.9999999999999998_1.0_562,COM,1.904477,8.718576,2.135,1.343,4.007,62044.90691187724,60980.00158187724
A_M_1.9999999999999998_1.0_563,COM,1.238448,5.933848,1.994,0.837,5.011,62819.47964787724,60980.00158187724
A_M_1.9999999999999998_1.0_564,COM,0.245705,1.98397,1.525,1.474,1.642,61505.257206877235,60980.00158187724
A_M_1.9999999999999998_1.0_565,COM,1.410006,6.597565,1.851,5.033,2.324,63849.90775387724,60980.00158187724
A_M_1.9999999999999998_1.0_566,COM,1.332538,6.402583,2.228,1.135,4.345,61324.517326877234,60980.00158187724
A_M_1.9999999999999998_1.0_567,COM,0.925333,4.725029,1.416,0.978,4.01,62384.48804687724,60980.00158187724
A_M_1.9999999999999998_1.0_568,COM,0.952624,4.83474,0.858,0.054,3.534,63039.75601187724,60980.00158187724
A_M_1.9999999999999998_1.0_569,COM,1.26371,6.179289,0.515,4.864,1.774,63744.465272877234,60980.00158187724
A_M_1.9999999999999998_1.0_570,COM,1.266005,6.162968,1.162,0.443,2.336,61647.64569087724,60980.00158187724
A_M_1.9999999999999998_1.0_571,COM,2.146162,9.884314,1.582,4.567,4.047,61895.216197877235,60980.00158187724
A_M_1.9999999999999998_1.0_572,COM,0.955752,4.964697,1.995,5.526,2.576,63276.588832877234,60980.00158187724
A_M_1.9999999999999998_1.0_573,COM,1.168218,5.829804,1.804,1.148,4.602,61659.83786387724,60980.00158187724
A_M_1.9999999999999998_1.0_574,COM,1.263113,6.287076,1.163,0.763,5.109,64498.94255287724,60980.00158187724
A_M_1.9999999999999998_1.0_575,COM,1.85852,8.71777,2.74,3.769,1.341,63607.22489587724,60980.00158187724
A_M_1.9999999999999998_1.0_576,COM,1.240194,6.191768,0.947,4.647,3.86,60942.16472987724,60980.00158187724
A_M_1.9999999999999998_1.0_577,COM,0.715715,3.974624,1.183,5.968,3.237,61039.89563487724,60980.00158187724
A_M_1.9999999999999998_1.0_578,COM,1.877626,8.629731,1.336,1.318,4.557,63715.814566877234,60980.00158187724
A_M_1.9999999999999998_1.0_579,COM,0.874628,4.741132,2.497,0.675,5.114,61623.66819787724,60980.00158187724
A_M_1.9999999999999998_1.0_580,COM,0.218747,1.925842,0.658,1.037,5.668,62884.06954087724,60980.00158187724
A_M_1.9999999999999998_1.0_581,COM,1.199507,6.191683,2.68,3.84,1.465,64573.184476877235,60980.00158187724
A_M_1.9999999999999998_1.0_582,COM,1.335051,6.72959,1.859,4.92,2.663,61237.732057877234,60980.00158187724
A_M_1.9999999999999998_1.0_583,COM,1.220606,6.227007,1.139,4.653,1.363,64166.41432787724,60980.00158187724
A_M_1.9999999999999998_1.0_584,COM,1.615501,7.853616,1.219,1.791,2.063,61796.47553787724,60980.00158187724
A_M_1.9999999999999998_1.0_585,COM,0.551169,3.348885,2.373,4.433,1.883,63847.23972387724,60980.00158187724
A_M_1.9999999999999998_1.0_586,COM,1.706854,8.627855,2.629,2.819,0.218,63891.51913987724,60980.00158187724
A_M_1.9999999999999998_1.0_587,COM,0.737256,4.232931,1.077,0.861,2.362,63057.833421877236,60980.00158187724
A_M_1.9999999999999998_1.0_588,COM,0.501774,3.20253,0.784,4.523,1.671,64462.26426587724,60980.00158187724
A_M_1.9999999999999998_1.0_589,COM,2.47461,11.958304,1.826,1.637,3.666,62473.570198877234,60980.00158187724
A_M_1.9999999999999998_1.0_590,COM,1.501696,7.92075,1.834,1.45,4.227,62344.53836487724,60980.00158187724
A_M_1.9999999999999998_1.0_591,COM,0.981695,5.525409,0.889,4.927,4.179,63376.292365877234,60980.00158187724
A_M_1.9999999999999998_1.0_592,COM,1.379925,7.275992,0.772,6.215,0.7,63346.749425877235,60980.00158187724
A_M_1.9999999999999998_1.0_593,COM,0.523639,3.351773,0.899,4.683,4.098,61982.319877877235,60980.00158187724
A_M_1.9999999999999998_1.0_594,COM,1.472366,7.805462,2.646,1.933,5.188,64544.58306987724,60980.00158187724
A_M_1.9999999999999998_1.0_595,COM,1.426267,7.49243,1.251,5.381,3.298,63924.485970877235,60980.00158187724
A_M_1.9999999999999998_1.0_596,COM,0.817329,4.68768,1.348,2.229,4.407,62376.059973877236,60980.00158187724
A_M_1.9999999999999998_1.0_597,COM,1.026761,5.706163,1.612,2.884,3.339,62298.94101687724,60980.00158187724
A_M_1.9999999999999998_1.0_598,COM,1.125219,6.30821,0.511,3.943,2.77,61029.63688087724,60980.00158187724
A_M_1.9999999999999998_1.0_599,COM,1.495494,8.005561,1.028,6.215,3.025,61608.44645887724,60980.00158187724
A_M_1.9999999999999998_1.0_600,COM,1.436534,7.743472,2.015,3.908,4.449,62802.76255287724,60980.00158187724
A_M_1.9999999999999998_1.0_601,COM,1.351294,7.343576,1.049,4.443,4.46,61018.413178877236,60980.00158187724
A_M_1.9999999999999998_1.0_602,COM,0.623945,4.061258,1.211,1.705,1.718,63317.34975987724,60980.00158187724
A_M_1.9999999999999998_1.0_603,COM,1.325435,7.493341,0.269,1.449,4.534,62845.49632187724,60980.00158187724
A_M_1.9999999999999998_1.0_604,COM,0.56402,3.710687,1.013,2.667,3.792,64634.31984987724,60980.00158187724
A_M_1.9999999999999998_1.0_605,COM,1.339399,7.74943,2.191,5.25,2.348,63146.51836887724,60980.00158187724
A_M_1.9999999999999998_1.0_606,COM,0.088034,1.437998,1.706,4.321,4.18,61241.643295877235,60980.00158187724
A_M_1.9999999999999998_1.0_607,COM,0.641955,4.227466,1.824,1.556,2.527,62954.09397787724,60980.00158187724
A_M_1.9999999999999998_1.0_608,COM,1.301863,7.455067,1.501,1.443,4.745,63550.15969187724,60980.00158187724
A_M_1.9999999999999998_1.0_609,COM,0.835867,5.21024,2.312,1.404,4.996,64001.54023587724,60980.00158187724
A_M_1.9999999999999998_1.0_610,COM,0.823117,5.138977,1.768,1.112,4.716,63722.11670687724,60980.00158187724
A_M_1.9999999999999998_1.0_611,COM,1.081441,6.358723,1.223,1.924,4.504,63706.14352387724,60980.00158187724
A_M_1.9999999999999998_1.0_612,COM,1.682074,9.410807,1.153,3.117,3.941,62272.706765877236,60980.00158187724
A_M_1.9999999999999998_1.0_613,COM,1.645921,9.474607,2.065,2.758,3.652,61159.74285487724,60980.00158187724
A_M_1.9999999999999998_1.0_614,COM,0.727173,4.772215,2.07,1.171,5.537,61527.66466687724,60980.00158187724
A_M_1.9999999999999998_1.0_615,COM,3.911119,21.582844,2.891,3.259,3.628,61592.78954687724,60980.00158187724
A_M_1.9999999999999998_1.0_616,COM,1.411018,8.555344,0.307,4.346,2.27,63864.50888987724,60980.00158187724
A_M_1.9999999999999998_1.0_617,COM,1.529868,9.08834,2.047,2.114,4.068,62825.18071087724,60980.00158187724
A_M_1.9999999999999998_1.0_618,COM,0.916793,5.839704,1.271,3.347,3.764,61565.488011877234,60980.00158187724
A_M_1.9999999999999998_1.0_619,COM,0.62247,4.252533,1.452,1.235,5.23,62500.74968887724,60980.00158187724
A_M_1.9999999999999998_1.0_620,COM,0.231892,2.256443,1.405,1.145,4.95,61468.44791687724,60980.00158187724
A_M_1.9999999999999998_1.0_621,COM,0.76586,5.16778,1.14,3.729,3.326,61695.58513287724,60980.00158187724
A_M_1.9999999999999998_1.0_622,COM,1.894212,11.460915,0.75,5.294,4.812,61545.59278587724,60980.00158187724
A_M_1.9999999999999998_1.0_623,COM,1.491419,9.101499,0.996,5.425,1.507,63816.862887877236,60980.00158187724
A_M_1.9999999999999998_1.0_624,COM,1.115267,7.12219,1.511,4.189,1.691,64333.27812387724,60980.00158187724
A_M_1.9999999999999998_1.0_625,COM,1.628103,9.843635,1.231,4.699,1.998,62404.47099687724,60980.00158187724
A_M_1.9999999999999998_1.0_626,COM,1.107297,7.212186,1.168,4.325,3.946,62325.575098877234,60980.00158187724
A_M_1.9999999999999998_1.0_627,COM,0.304766,2.733106,0.154,4.05,2.981,63496.05346987724,60980.00158187724
A_M_1.9999999999999998_1.0_628,COM,1.022539,6.810978,1.512,3.95,3.058,63714.06057787724,60980.00158187724
A_M_1.9999999999999998_1.0_629,COM,0.299428,2.679004,0.81,6.027,0.319,64433.06733387724,60980.00158187724
A_M_1.9999999999999998_1.0_630,COM,1.676955,10.34357,1.301,4.834,0.058,61708.35212687724,60980.00158187724
A_M_1.9999999999999998_1.0_631,COM,0.855019,5.726908,2.209,5.037,2.192,61657.231803877236,60980.00158187724
A_M_1.9999999999999998_1.0_632,COM,1.301956,8.586786,2.176,3.329,3.367,62086.27539787724,60980.00158187724
A_M_1.9999999999999998_1.0_633,COM,1.216184,8.016394,1.484,2.488,3.706,61750.79519987724,60980.00158187724
A_M_1.9999999999999998_1.0_634,COM,1.733259,11.065992,0.485,3.528,2.8,62515.77296787724,60980.00158187724
A_M_1.9999999999999998_1.0_635,COM,0.706501,5.044548,2.151,4.961,2.079,64265.888630877234,60980.00158187724
A_M_1.9999999999999998_1.0_636,COM,0.943275,6.393538,2.102,4.41,1.487,63819.49587587724,60980.00158187724
A_M_1.9999999999999998_1.0_637,COM,0.405164,3.358425,0.419,4.1,3.164,63985.25310687724,60980.00158187724
A_M_1.9999999999999998_1.0_638,COM,0.512677,3.959968,2.724,2.064,5.623,63865.18891287724,60980.00158187724
A_M_1.9999999999999998_1.0_639,COM,1.347487,9.071874,2.035,5.54,3.207,64351.96756687724,60980.00158187724
A_M_1.9999999999999998_1.0_640,COM,1.444737,9.608367,0.663,3.905,2.354,61816.41896987724,60980.00158187724
A_M_1.9999999999999998_1.0_641,COM,0.14904,1.889949,1.727,0.453,4.298,64341.497645877236,60980.00158187724
A_M_1.9999999999999998_1.0_642,COM,1.002763,6.883912,1.152,3.812,3.264,63058.80450087724,60980.00158187724
A_M_1.9999999999999998_1.0_643,COM,1.486275,9.84235,0.546,5.094,0.642,64282.782177877234,60980.00158187724
A_M_1.9999999999999998_1.0_644,COM,1.583654,10.340333,0.968,1.003,5.385,62795.951992877235,60980.00158187724
A_M_1.9999999999999998_1.0_645,COM,1.30821,8.678206,2.427,6.015,2.821,63814.53733187724,60980.00158187724
A_M_1.9999999999999998_1.0_646,COM,2.01457,13.36533,0.828,1.455,1.988,62580.03114187724,60980.00158187724
A_M_1.9999999999999998_1.0_647,COM,1.118798,7.816418,2.443,2.96,0.181,64314.38759187724,60980.00158187724
A_M_1.9999999999999998_1.0_648,COM,0.879188,6.395466,1.727,4.735,1.678,63470.785899877235,60980.00158187724
A_M_1.9999999999999998_1.0_649,COM,1.211318,8.632937,2.81,1.272,4.445,62559.30926587724,60980.00158187724
A_M_1.9999999999999998_1.0_650,COM,0.368621,3.29198,1.089,4.372,1.794,61252.733695877236,60980.00158187724
A_M_1.9999999999999998_1.0_651,COM,0.134206,1.838076,0.611,1.718,5.168,62531.14601887724,60980.00158187724
A_M_1.9999999999999998_1.0_652,COM,1.175211,8.271183,1.614,4.525,2.391,63503.820266877236,60980.00158187724
A_M_1.9999999999999998_1.0_653,COM,1.052317,7.601793,1.301,2.396,3.564,62878.252843877235,60980.00158187724
A_M_1.9999999999999998_1.0_654,COM,0.809148,6.162646,2.12,4.281,1.244,61172.111446877236,60980.00158187724
A_M_1.9999999999999998_1.0_655,COM,0.407245,3.686021,1.698,4.825,4.301,64073.15627087724,60980.00158187724
A_M_1.9999999999999998_1.0_656,COM,1.102423,8.288896,0.7,1.501,1.951,63561.00578087724,60980.00158187724
A_M_1.9999999999999998_1.0_657,COM,1.261468,9.28169,1.474,5.103,3.084,64001.64519787724,60980.00158187724
A_M_1.9999999999999998_1.0_658,COM,1.327563,9.912417,1.606,4.295,4.433,61443.759678877235,60980.00158187724
A_M_1.9999999999999998_1.0_659,COM,4.509065,31.447461,2.292,4.924,2.629,63248.67040587724,60980.00158187724
A_M_1.9999999999999998_1.0_660,COM,1.460683,10.801306,1.065,5.37,2.139,64531.703219877236,60980.00158187724
A_M_1.9999999999999998_1.0_661,COM,0.843278,6.992959,2.582,4.885,1.7,64560.27679587724,60980.00158187724
A_M_1.9999999999999998_1.0_662,COM,1.028421,8.421554,0.549,2.147,4.137,61056.40865787724,60980.00158187724
A_M_1.9999999999999998_1.0_663,COM,1.93919,14.932532,0.971,1.349,4.546,61063.766493877236,60980.00158187724
A_M_1.9999999999999998_1.0_664,COM,2.418986,18.460629,1.559,4.802,1.531,64125.23845087724,60980.00158187724
A_M_1.9999999999999998_1.0_665,COM,1.216561,9.98457,0.743,2.89,3.913,62169.950659877235,60980.00158187724
A_M_1.9999999999999998_1.0_666,COM,0.884233,7.551299,1.936,0.092,3.216,64513.739258877235,60980.00158187724
A_M_1.9999999999999998_1.0_667,COM,3.005773,24.413005,2.188,6.196,2.752,63952.37775387724,60980.00158187724
A_M_1.9999999999999998_1.0_668,COM,1.404448,11.911078,0.819,2.042,4.075,62556.32461687724,60980.00158187724
A_M_1.9999999999999998_1.0_669,COM,0.556324,5.639038,2.41,2.339,3.326,62229.37641387724,60980.00158187724
A_M_1.9999999999999998_1.0_670,COM,1.35105,12.24654,2.99,1.074,4.597,62454.45471287724,60980.00158187724
A_M_1.9999999999999998_1.0_671,COM,0.380393,4.169713,1.665,4.285,1.891,62690.88714087724,60980.00158187724
A_M_1.9999999999999998_1.0_672,COM,1.308826,11.909752,2.285,4.186,4.167,64350.124274877235,60980.00158187724
A_M_1.9999999999999998_1.0_673,COM,1.434201,12.999208,2.359,1.878,4.4,61413.17015087724,60980.00158187724
A_M_1.9999999999999998_1.0_674,COM,0.276141,3.3462,2.841,1.852,5.834,64105.94792287724,60980.00158187724
A_M_1.9999999999999998_1.0_675,COM,1.452574,13.593732,2.147,1.822,4.753,63925.50427287724,60980.00158187724
A_M_1.9999999999999998_1.0_676,COM,1.572507,14.59852,1.859,5.904,2.661,62443.73366187724,60980.00158187724
A_M_1.9999999999999998_1.0_677,COM,0.886934,8.88969,1.464,6.035,2.746,62195.189395877234,60980.00158187724
A_M_1.9999999999999998_1.0_678,COM,0.989871,9.822595,0.277,1.835,4.067,63655.03120487724,60980.00158187724
A_M_1.9999999999999998_1.0_679,COM,0.614317,6.587157,1.972,1.729,4.309,64354.690260877236,60980.00158187724
A_M_1.9999999999999998_1.0_680,COM,0.754964,7.937697,0.167,1.972,4.354,61172.16814787724,60980.00158187724
A_M_1.9999999999999998_1.0_681,COM,1.040541,10.723691,2.734,5.51,2.223,61865.82927487724,60980.00158187724
A_M_1.9999999999999998_1.0_682,COM,0.649888,7.092137,1.381,2.046,4.301,61104.67960787724,60980.00158187724
A_M_1.9999999999999998_1.0_683,COM,1.629578,17.063947,1.105,1.583,4.207,64007.93992787724,60980.00158187724
A_M_1.9999999999999998_1.0_684,COM,1.144534,12.314993,1.924,1.888,4.42,62619.84995087724,60980.00158187724
A_M_1.9999999999999998_1.0_685,COM,1.839414,20.017342,1.71,5.333,2.336,61708.835392877234,60980.00158187724
A_M_1.9999999999999998_1.0_686,COM,0.972275,11.147623,0.322,1.326,2.054,60975.35713887724,60980.00158187724
A_M_1.9999999999999998_1.0_687,COM,3.037479,32.980751,2.672,4.993,2.054,61007.07113887724,60980.00158187724
A_M_1.9999999999999998_1.0_688,COM,1.661528,19.137635,1.066,4.741,2.11,61108.82206587724,60980.00158187724
A_M_1.9999999999999998_1.0_689,COM,1.279044,15.140685,2.136,1.049,4.097,64028.559367877235,60980.00158187724
