ObjID,H_g,u-r,g-r,i-r,z-r,y-r,GS
A_OB_1.7999999999999998_1.0_0,25.42,2.31,0.73,-0.33,-0.5,-0.68,0.15
A_OB_1.7999999999999998_1.0_1,24.73,2.31,0.73,-0.33,-0.5,-0.68,0.15
A_OB_1.7999999999999998_1.0_2,24.35,2.31,0.73,-0.33,-0.5,-0.68,0.15
A_OB_1.7999999999999998_1.0_3,24.32,2.31,0.73,-0.33,-0.5,-0.68,0.15
A_OB_1.7999999999999998_1.0_4,25.23,2.31,0.73,-0.33,-0.5,-0.68,0.15
A_OB_1.7999999999999998_1.0_5,25.3,2.31,0.73,-0.33,-0.5,-0.68,0.15
A_OB_1.7999999999999998_1.0_6,25.08,2.31,0.73,-0.33,-0.5,-0.68,0.15
A_OB_1.7999999999999998_1.0_7,24.83,2.31,0.73,-0.33,-0.5,-0.68,0.15
A_OB_1.7999999999999998_1.0_8,25.33,2.31,0.73,-0.33,-0.5,-0.68,0.15
A_OB_1.7999999999999998_1.0_9,24.85,2.31,0.73,-0.33,-0.5,-0.68,0.15
A_OB_1.7999999999999998_1.0_10,25.52,2.31,0.73,-0.33,-0.5,-0.68,0.15
A_OB_1.7999999999999998_1.0_11,24.33,2.31,0.73,-0.33,-0.5,-0.68,0.15
A_OB_1.7999999999999998_1.0_12,25.16,2.31,0.73,-0.33,-0.5,-0.68,0.15
A_OB_1.7999999999999998_1.0_13,23.51,2.31,0.73,-0.33,-0.5,-0.68,0.15
A_OB_1.7999999999999998_1.0_14,25.49,2.31,0.73,-0.33,-0.5,-0.68,0.15
A_OB_1.7999999999999998_1.0_15,23.29,2.31,0.73,-0.33,-0.5,-0.68,0.15
A_OB_1.7999999999999998_1.0_16,25.46,2.31,0.73,-0.33,-0.5,-0.68,0.15
A_OB_1.7999999999999998_1.0_17,25.34,2.31,0.73,-0.33,-0.5,-0.68,0.15
A_OB_1.7999999999999998_1.0_18,25.41,2.31,0.73,-0.33,-0.5,-0.68,0.15
A_OB_1.7999999999999998_1.0_19,25.35,2.31,0.73,-0.33,-0.5,-0.68,0.15
A_OB_1.7999999999999998_1.0_20,25.6,2.31,0.73,-0.33,-0.5,-0.68,0.15
A_OB_1.7999999999999998_1.0_21,23.34,2.31,0.73,-0.33,-0.5,-0.68,0.15
A_OB_1.7999999999999998_1.0_22,24.99,2.31,0.73,-0.33,-0.5,-0.68,0.15
A_OB_1.7999999999999998_1.0_23,24.91,2.31,0.73,-0.33,-0.5,-0.68,0.15
A_OB_1.7999999999999998_1.0_24,25.43,2.31,0.73,-0.33,-0.5,-0.68,0.15
A_OB_1.7999999999999998_1.0_25,25.59,2.31,0.73,-0.33,-0.5,-0.68,0.15
A_OB_1.7999999999999998_1.0_26,25.02,2.31,0.73,-0.33,-0.5,-0.68,0.15
A_OB_1.7999999999999998_1.0_27,24.9,2.31,0.73,-0.33,-0.5,-0.68,0.15
A_OB_1.7999999999999998_1.0_28,25.15,2.31,0.73,-0.33,-0.5,-0.68,0.15
A_OB_1.7999999999999998_1.0_29,23.6,2.31,0.73,-0.33,-0.5,-0.68,0.15
A_OB_1.7999999999999998_1.0_30,25.25,2.31,0.73,-0.33,-0.5,-0.68,0.15
A_OB_1.7999999999999998_1.0_31,24.29,2.31,0.73,-0.33,-0.5,-0.68,0.15
A_OB_1.7999999999999998_1.0_32,20.94,2.31,0.73,-0.33,-0.5,-0.68,0.15
A_OB_1.7999999999999998_1.0_33,23.3,2.31,0.73,-0.33,-0.5,-0.68,0.15
A_OB_1.7999999999999998_1.0_34,24.62,2.31,0.73,-0.33,-0.5,-0.68,0.15
A_OB_1.7999999999999998_1.0_35,25.62,2.31,0.73,-0.33,-0.5,-0.68,0.15
A_OB_1.7999999999999998_1.0_36,23.86,2.31,0.73,-0.33,-0.5,-0.68,0.15
A_OB_1.7999999999999998_1.0_37,24.36,2.31,0.73,-0.33,-0.5,-0.68,0.15
A_OB_1.7999999999999998_1.0_38,25.35,2.31,0.73,-0.33,-0.5,-0.68,0.15
A_OB_1.7999999999999998_1.0_39,19.68,2.31,0.73,-0.33,-0.5,-0.68,0.15
A_OB_1.7999999999999998_1.0_40,25.32,2.31,0.73,-0.33,-0.5,-0.68,0.15
A_OB_1.7999999999999998_1.0_41,25.38,2.31,0.73,-0.33,-0.5,-0.68,0.15
A_OB_1.7999999999999998_1.0_42,24.39,2.31,0.73,-0.33,-0.5,-0.68,0.15
A_OB_1.7999999999999998_1.0_43,24.39,2.31,0.73,-0.33,-0.5,-0.68,0.15
A_OB_1.7999999999999998_1.0_44,25.58,2.31,0.73,-0.33,-0.5,-0.68,0.15
A_OB_1.7999999999999998_1.0_45,25.03,2.31,0.73,-0.33,-0.5,-0.68,0.15
A_OB_1.7999999999999998_1.0_46,24.86,2.31,0.73,-0.33,-0.5,-0.68,0.15
A_OB_1.7999999999999998_1.0_47,25.44,2.31,0.73,-0.33,-0.5,-0.68,0.15
A_OB_1.7999999999999998_1.0_48,24.07,2.31,0.73,-0.33,-0.5,-0.68,0.15
A_OB_1.7999999999999998_1.0_49,24.31,2.31,0.73,-0.33,-0.5,-0.68,0.15
A_OB_1.7999999999999998_1.0_50,25.03,2.31,0.73,-0.33,-0.5,-0.68,0.15
A_OB_1.7999999999999998_1.0_51,24.61,2.31,0.73,-0.33,-0.5,-0.68,0.15
A_OB_1.7999999999999998_1.0_52,25.27,2.31,0.73,-0.33,-0.5,-0.68,0.15
A_OB_1.7999999999999998_1.0_53,24.94,2.31,0.73,-0.33,-0.5,-0.68,0.15
A_OB_1.7999999999999998_1.0_54,22.98,2.31,0.73,-0.33,-0.5,-0.68,0.15
A_OB_1.7999999999999998_1.0_55,25.04,2.31,0.73,-0.33,-0.5,-0.68,0.15
A_OB_1.7999999999999998_1.0_56,21.86,2.31,0.73,-0.33,-0.5,-0.68,0.15
A_OB_1.7999999999999998_1.0_57,24.57,2.31,0.73,-0.33,-0.5,-0.68,0.15
A_OB_1.7999999999999998_1.0_58,23.51,2.31,0.73,-0.33,-0.5,-0.68,0.15
A_OB_1.7999999999999998_1.0_59,20.16,2.31,0.73,-0.33,-0.5,-0.68,0.15
A_OB_1.7999999999999998_1.0_60,19.57,2.31,0.73,-0.33,-0.5,-0.68,0.15
A_OB_1.7999999999999998_1.0_61,22.83,2.31,0.73,-0.33,-0.5,-0.68,0.15
A_OB_1.7999999999999998_1.0_62,25.54,2.31,0.73,-0.33,-0.5,-0.68,0.15
A_OB_1.7999999999999998_1.0_63,23.11,2.31,0.73,-0.33,-0.5,-0.68,0.15
A_OB_1.7999999999999998_1.0_64,20.68,2.31,0.73,-0.33,-0.5,-0.68,0.15
A_OB_1.7999999999999998_1.0_65,23.08,2.31,0.73,-0.33,-0.5,-0.68,0.15
A_OB_1.7999999999999998_1.0_66,18.41,2.31,0.73,-0.33,-0.5,-0.68,0.15
A_OB_1.7999999999999998_1.0_67,25.14,2.31,0.73,-0.33,-0.5,-0.68,0.15
A_OB_1.7999999999999998_1.0_68,25.48,2.31,0.73,-0.33,-0.5,-0.68,0.15
A_OB_1.7999999999999998_1.0_69,25.33,2.31,0.73,-0.33,-0.5,-0.68,0.15
A_OB_1.7999999999999998_1.0_70,24.85,2.31,0.73,-0.33,-0.5,-0.68,0.15
A_OB_1.7999999999999998_1.0_71,25.55,2.31,0.73,-0.33,-0.5,-0.68,0.15
A_OB_1.7999999999999998_1.0_72,25.57,2.31,0.73,-0.33,-0.5,-0.68,0.15
A_OB_1.7999999999999998_1.0_73,24.4,2.31,0.73,-0.33,-0.5,-0.68,0.15
A_OB_1.7999999999999998_1.0_74,25.56,2.31,0.73,-0.33,-0.5,-0.68,0.15
A_OB_1.7999999999999998_1.0_75,20.13,2.31,0.73,-0.33,-0.5,-0.68,0.15
A_OB_1.7999999999999998_1.0_76,23.12,2.31,0.73,-0.33,-0.5,-0.68,0.15
A_OB_1.7999999999999998_1.0_77,22.78,2.31,0.73,-0.33,-0.5,-0.68,0.15
A_OB_1.7999999999999998_1.0_78,24.27,2.31,0.73,-0.33,-0.5,-0.68,0.15
A_OB_1.7999999999999998_1.0_79,24.89,2.31,0.73,-0.33,-0.5,-0.68,0.15
A_OB_1.7999999999999998_1.0_80,19.41,2.31,0.73,-0.33,-0.5,-0.68,0.15
A_OB_1.7999999999999998_1.0_81,25.6,2.31,0.73,-0.33,-0.5,-0.68,0.15
A_OB_1.7999999999999998_1.0_82,25.42,2.31,0.73,-0.33,-0.5,-0.68,0.15
A_OB_1.7999999999999998_1.0_83,24.25,2.31,0.73,-0.33,-0.5,-0.68,0.15
A_OB_1.7999999999999998_1.0_84,25.46,2.31,0.73,-0.33,-0.5,-0.68,0.15
A_OB_1.7999999999999998_1.0_85,23.08,2.31,0.73,-0.33,-0.5,-0.68,0.15
A_OB_1.7999999999999998_1.0_86,23.2,2.31,0.73,-0.33,-0.5,-0.68,0.15
A_OB_1.7999999999999998_1.0_87,24.94,2.31,0.73,-0.33,-0.5,-0.68,0.15
A_OB_1.7999999999999998_1.0_88,24.93,2.31,0.73,-0.33,-0.5,-0.68,0.15
A_OB_1.7999999999999998_1.0_89,22.1,2.31,0.73,-0.33,-0.5,-0.68,0.15
A_OB_1.7999999999999998_1.0_90,25.24,2.31,0.73,-0.33,-0.5,-0.68,0.15
A_OB_1.7999999999999998_1.0_91,22.57,2.31,0.73,-0.33,-0.5,-0.68,0.15
A_OB_1.7999999999999998_1.0_92,25.15,2.31,0.73,-0.33,-0.5,-0.68,0.15
A_OB_1.7999999999999998_1.0_93,23.67,2.31,0.73,-0.33,-0.5,-0.68,0.15
A_OB_1.7999999999999998_1.0_94,20.77,2.31,0.73,-0.33,-0.5,-0.68,0.15
A_OB_1.7999999999999998_1.0_95,20.27,2.31,0.73,-0.33,-0.5,-0.68,0.15
A_OB_1.7999999999999998_1.0_96,22.19,2.31,0.73,-0.33,-0.5,-0.68,0.15
A_OB_1.7999999999999998_1.0_97,24.82,2.31,0.73,-0.33,-0.5,-0.68,0.15
A_OB_1.7999999999999998_1.0_98,24.32,2.31,0.73,-0.33,-0.5,-0.68,0.15
A_OB_1.7999999999999998_1.0_99,24.3,2.31,0.73,-0.33,-0.5,-0.68,0.15
A_OB_1.7999999999999998_1.0_100,24.61,2.31,0.73,-0.33,-0.5,-0.68,0.15
A_OB_1.7999999999999998_1.0_101,24.46,2.31,0.73,-0.33,-0.5,-0.68,0.15
A_OB_1.7999999999999998_1.0_102,24.59,2.31,0.73,-0.33,-0.5,-0.68,0.15
A_OB_1.7999999999999998_1.0_103,25.46,2.31,0.73,-0.33,-0.5,-0.68,0.15
A_OB_1.7999999999999998_1.0_104,23.67,2.31,0.73,-0.33,-0.5,-0.68,0.15
A_OB_1.7999999999999998_1.0_105,24.4,2.31,0.73,-0.33,-0.5,-0.68,0.15
A_OB_1.7999999999999998_1.0_106,24.68,2.31,0.73,-0.33,-0.5,-0.68,0.15
A_OB_1.7999999999999998_1.0_107,25.11,2.31,0.73,-0.33,-0.5,-0.68,0.15
A_OB_1.7999999999999998_1.0_108,25.59,2.31,0.73,-0.33,-0.5,-0.68,0.15
A_OB_1.7999999999999998_1.0_109,25.15,2.31,0.73,-0.33,-0.5,-0.68,0.15
A_OB_1.7999999999999998_1.0_110,25.57,2.31,0.73,-0.33,-0.5,-0.68,0.15
A_OB_1.7999999999999998_1.0_111,21.35,2.31,0.73,-0.33,-0.5,-0.68,0.15
A_OB_1.7999999999999998_1.0_112,23.65,2.31,0.73,-0.33,-0.5,-0.68,0.15
A_OB_1.7999999999999998_1.0_113,22.21,2.31,0.73,-0.33,-0.5,-0.68,0.15
A_OB_1.7999999999999998_1.0_114,24.36,2.31,0.73,-0.33,-0.5,-0.68,0.15
A_OB_1.7999999999999998_1.0_115,25.24,2.31,0.73,-0.33,-0.5,-0.68,0.15
A_OB_1.7999999999999998_1.0_116,25.34,2.31,0.73,-0.33,-0.5,-0.68,0.15
A_OB_1.7999999999999998_1.0_117,24.49,2.31,0.73,-0.33,-0.5,-0.68,0.15
A_OB_1.7999999999999998_1.0_118,25.43,2.31,0.73,-0.33,-0.5,-0.68,0.15
A_OB_1.7999999999999998_1.0_119,21.75,2.31,0.73,-0.33,-0.5,-0.68,0.15
A_OB_1.7999999999999998_1.0_120,25.53,2.31,0.73,-0.33,-0.5,-0.68,0.15
A_OB_1.7999999999999998_1.0_121,23.22,2.31,0.73,-0.33,-0.5,-0.68,0.15
A_OB_1.7999999999999998_1.0_122,25.05,2.31,0.73,-0.33,-0.5,-0.68,0.15
A_OB_1.7999999999999998_1.0_123,20.17,2.31,0.73,-0.33,-0.5,-0.68,0.15
A_OB_1.7999999999999998_1.0_124,25.28,2.31,0.73,-0.33,-0.5,-0.68,0.15
A_OB_1.7999999999999998_1.0_125,25.52,2.31,0.73,-0.33,-0.5,-0.68,0.15
A_OB_1.7999999999999998_1.0_126,24.73,2.31,0.73,-0.33,-0.5,-0.68,0.15
A_OB_1.7999999999999998_1.0_127,25.44,2.31,0.73,-0.33,-0.5,-0.68,0.15
A_OB_1.7999999999999998_1.0_128,24.97,2.31,0.73,-0.33,-0.5,-0.68,0.15
A_OB_1.7999999999999998_1.0_129,25.16,2.31,0.73,-0.33,-0.5,-0.68,0.15
A_OB_1.7999999999999998_1.0_130,22.47,2.31,0.73,-0.33,-0.5,-0.68,0.15
A_OB_1.7999999999999998_1.0_131,20.51,2.31,0.73,-0.33,-0.5,-0.68,0.15
A_OB_1.7999999999999998_1.0_132,23.22,2.31,0.73,-0.33,-0.5,-0.68,0.15
A_OB_1.7999999999999998_1.0_133,25.16,2.31,0.73,-0.33,-0.5,-0.68,0.15
A_OB_1.7999999999999998_1.0_134,23.77,2.31,0.73,-0.33,-0.5,-0.68,0.15
A_OB_1.7999999999999998_1.0_135,25.36,2.31,0.73,-0.33,-0.5,-0.68,0.15
A_OB_1.7999999999999998_1.0_136,25.57,2.31,0.73,-0.33,-0.5,-0.68,0.15
A_OB_1.7999999999999998_1.0_137,24.2,2.31,0.73,-0.33,-0.5,-0.68,0.15
A_OB_1.7999999999999998_1.0_138,24.67,2.31,0.73,-0.33,-0.5,-0.68,0.15
A_OB_1.7999999999999998_1.0_139,23.74,2.31,0.73,-0.33,-0.5,-0.68,0.15
A_OB_1.7999999999999998_1.0_140,24.48,2.31,0.73,-0.33,-0.5,-0.68,0.15
A_OB_1.7999999999999998_1.0_141,23.33,2.31,0.73,-0.33,-0.5,-0.68,0.15
A_OB_1.7999999999999998_1.0_142,21.24,2.31,0.73,-0.33,-0.5,-0.68,0.15
A_OB_1.7999999999999998_1.0_143,25.21,2.31,0.73,-0.33,-0.5,-0.68,0.15
A_OB_1.7999999999999998_1.0_144,24.82,2.31,0.73,-0.33,-0.5,-0.68,0.15
A_OB_1.7999999999999998_1.0_145,25.34,2.31,0.73,-0.33,-0.5,-0.68,0.15
A_OB_1.7999999999999998_1.0_146,23.88,2.31,0.73,-0.33,-0.5,-0.68,0.15
A_OB_1.7999999999999998_1.0_147,23.67,2.31,0.73,-0.33,-0.5,-0.68,0.15
A_OB_1.7999999999999998_1.0_148,24.13,2.31,0.73,-0.33,-0.5,-0.68,0.15
A_OB_1.7999999999999998_1.0_149,25.31,2.31,0.73,-0.33,-0.5,-0.68,0.15
A_OB_1.7999999999999998_1.0_150,22.05,2.31,0.73,-0.33,-0.5,-0.68,0.15
A_OB_1.7999999999999998_1.0_151,21.67,2.31,0.73,-0.33,-0.5,-0.68,0.15
A_OB_1.7999999999999998_1.0_152,25.14,2.31,0.73,-0.33,-0.5,-0.68,0.15
A_OB_1.7999999999999998_1.0_153,23.19,2.31,0.73,-0.33,-0.5,-0.68,0.15
A_OB_1.7999999999999998_1.0_154,25.36,2.31,0.73,-0.33,-0.5,-0.68,0.15
A_OB_1.7999999999999998_1.0_155,25.52,2.31,0.73,-0.33,-0.5,-0.68,0.15
A_OB_1.7999999999999998_1.0_156,24.94,2.31,0.73,-0.33,-0.5,-0.68,0.15
A_OB_1.7999999999999998_1.0_157,25.4,2.31,0.73,-0.33,-0.5,-0.68,0.15
A_OB_1.7999999999999998_1.0_158,24.98,2.31,0.73,-0.33,-0.5,-0.68,0.15
A_OB_1.7999999999999998_1.0_159,25.35,2.31,0.73,-0.33,-0.5,-0.68,0.15
A_OB_1.7999999999999998_1.0_160,23.82,2.31,0.73,-0.33,-0.5,-0.68,0.15
A_OB_1.7999999999999998_1.0_161,24.54,2.31,0.73,-0.33,-0.5,-0.68,0.15
A_OB_1.7999999999999998_1.0_162,25.38,2.31,0.73,-0.33,-0.5,-0.68,0.15
A_OB_1.7999999999999998_1.0_163,23.67,2.31,0.73,-0.33,-0.5,-0.68,0.15
A_OB_1.7999999999999998_1.0_164,25.45,2.31,0.73,-0.33,-0.5,-0.68,0.15
A_OB_1.7999999999999998_1.0_165,24.2,2.31,0.73,-0.33,-0.5,-0.68,0.15
A_OB_1.7999999999999998_1.0_166,23.16,2.31,0.73,-0.33,-0.5,-0.68,0.15
A_OB_1.7999999999999998_1.0_167,21.75,2.31,0.73,-0.33,-0.5,-0.68,0.15
A_OB_1.7999999999999998_1.0_168,24.36,2.31,0.73,-0.33,-0.5,-0.68,0.15
A_OB_1.7999999999999998_1.0_169,25.32,2.31,0.73,-0.33,-0.5,-0.68,0.15
A_OB_1.7999999999999998_1.0_170,25.36,2.31,0.73,-0.33,-0.5,-0.68,0.15
A_OB_1.7999999999999998_1.0_171,25.37,2.31,0.73,-0.33,-0.5,-0.68,0.15
A_OB_1.7999999999999998_1.0_172,24.85,2.31,0.73,-0.33,-0.5,-0.68,0.15
A_OB_1.7999999999999998_1.0_173,22.8,2.31,0.73,-0.33,-0.5,-0.68,0.15
A_OB_1.7999999999999998_1.0_174,24.43,2.31,0.73,-0.33,-0.5,-0.68,0.15
A_OB_1.7999999999999998_1.0_175,25.44,2.31,0.73,-0.33,-0.5,-0.68,0.15
A_OB_1.7999999999999998_1.0_176,24.68,2.31,0.73,-0.33,-0.5,-0.68,0.15
A_OB_1.7999999999999998_1.0_177,25.01,2.31,0.73,-0.33,-0.5,-0.68,0.15
A_OB_1.7999999999999998_1.0_178,21.09,2.31,0.73,-0.33,-0.5,-0.68,0.15
A_OB_1.7999999999999998_1.0_179,25.5,2.31,0.73,-0.33,-0.5,-0.68,0.15
A_OB_1.7999999999999998_1.0_180,25.06,2.31,0.73,-0.33,-0.5,-0.68,0.15
A_OB_1.7999999999999998_1.0_181,24.87,2.31,0.73,-0.33,-0.5,-0.68,0.15
A_OB_1.7999999999999998_1.0_182,24.3,2.31,0.73,-0.33,-0.5,-0.68,0.15
A_OB_1.7999999999999998_1.0_183,25.4,2.31,0.73,-0.33,-0.5,-0.68,0.15
A_OB_1.7999999999999998_1.0_184,17.38,2.31,0.73,-0.33,-0.5,-0.68,0.15
A_OB_1.7999999999999998_1.0_185,25.36,2.31,0.73,-0.33,-0.5,-0.68,0.15
A_OB_1.7999999999999998_1.0_186,25.55,2.31,0.73,-0.33,-0.5,-0.68,0.15
A_OB_1.7999999999999998_1.0_187,24.14,2.31,0.73,-0.33,-0.5,-0.68,0.15
A_OB_1.7999999999999998_1.0_188,25.26,2.31,0.73,-0.33,-0.5,-0.68,0.15
A_OB_1.7999999999999998_1.0_189,14.09,2.31,0.73,-0.33,-0.5,-0.68,0.15
A_OB_1.7999999999999998_1.0_190,24.5,2.31,0.73,-0.33,-0.5,-0.68,0.15
A_OB_1.7999999999999998_1.0_191,24.77,2.31,0.73,-0.33,-0.5,-0.68,0.15
A_OB_1.7999999999999998_1.0_192,22.49,2.31,0.73,-0.33,-0.5,-0.68,0.15
A_OB_1.7999999999999998_1.0_193,23.55,2.31,0.73,-0.33,-0.5,-0.68,0.15
A_OB_1.7999999999999998_1.0_194,25.58,2.31,0.73,-0.33,-0.5,-0.68,0.15
A_OB_1.7999999999999998_1.0_195,25.31,2.31,0.73,-0.33,-0.5,-0.68,0.15
A_OB_1.7999999999999998_1.0_196,25.13,2.31,0.73,-0.33,-0.5,-0.68,0.15
A_OB_1.7999999999999998_1.0_197,23.65,2.31,0.73,-0.33,-0.5,-0.68,0.15
A_OB_1.7999999999999998_1.0_198,25.01,2.31,0.73,-0.33,-0.5,-0.68,0.15
A_OB_1.7999999999999998_1.0_199,25.13,2.31,0.73,-0.33,-0.5,-0.68,0.15
A_OB_1.7999999999999998_1.0_200,22.71,2.31,0.73,-0.33,-0.5,-0.68,0.15
A_OB_1.7999999999999998_1.0_201,25.58,2.31,0.73,-0.33,-0.5,-0.68,0.15
A_OB_1.7999999999999998_1.0_202,22.38,2.31,0.73,-0.33,-0.5,-0.68,0.15
A_OB_1.7999999999999998_1.0_203,24.73,2.31,0.73,-0.33,-0.5,-0.68,0.15
A_OB_1.7999999999999998_1.0_204,25.25,2.31,0.73,-0.33,-0.5,-0.68,0.15
A_OB_1.7999999999999998_1.0_205,25.14,2.31,0.73,-0.33,-0.5,-0.68,0.15
A_OB_1.7999999999999998_1.0_206,23.31,2.31,0.73,-0.33,-0.5,-0.68,0.15
A_OB_1.7999999999999998_1.0_207,23.02,2.31,0.73,-0.33,-0.5,-0.68,0.15
A_OB_1.7999999999999998_1.0_208,25.35,2.31,0.73,-0.33,-0.5,-0.68,0.15
A_OB_1.7999999999999998_1.0_209,21.92,2.31,0.73,-0.33,-0.5,-0.68,0.15
A_OB_1.7999999999999998_1.0_210,25.07,2.31,0.73,-0.33,-0.5,-0.68,0.15
A_OB_1.7999999999999998_1.0_211,24.91,2.31,0.73,-0.33,-0.5,-0.68,0.15
A_OB_1.7999999999999998_1.0_212,25.38,2.31,0.73,-0.33,-0.5,-0.68,0.15
A_OB_1.7999999999999998_1.0_213,24.55,2.31,0.73,-0.33,-0.5,-0.68,0.15
A_OB_1.7999999999999998_1.0_214,24.66,2.31,0.73,-0.33,-0.5,-0.68,0.15
A_OB_1.7999999999999998_1.0_215,25.06,2.31,0.73,-0.33,-0.5,-0.68,0.15
A_OB_1.7999999999999998_1.0_216,24.78,2.31,0.73,-0.33,-0.5,-0.68,0.15
A_OB_1.7999999999999998_1.0_217,25.12,2.31,0.73,-0.33,-0.5,-0.68,0.15
A_OB_1.7999999999999998_1.0_218,24.92,2.31,0.73,-0.33,-0.5,-0.68,0.15
A_OB_1.7999999999999998_1.0_219,20.96,2.31,0.73,-0.33,-0.5,-0.68,0.15
A_OB_1.7999999999999998_1.0_220,23.97,2.31,0.73,-0.33,-0.5,-0.68,0.15
A_OB_1.7999999999999998_1.0_221,23.02,2.31,0.73,-0.33,-0.5,-0.68,0.15
A_OB_1.7999999999999998_1.0_222,25.28,2.31,0.73,-0.33,-0.5,-0.68,0.15
A_OB_1.7999999999999998_1.0_223,23.16,2.31,0.73,-0.33,-0.5,-0.68,0.15
A_OB_1.7999999999999998_1.0_224,25.58,2.31,0.73,-0.33,-0.5,-0.68,0.15
A_OB_1.7999999999999998_1.0_225,24.27,2.31,0.73,-0.33,-0.5,-0.68,0.15
A_OB_1.7999999999999998_1.0_226,24.83,2.31,0.73,-0.33,-0.5,-0.68,0.15
A_OB_1.7999999999999998_1.0_227,24.0,2.31,0.73,-0.33,-0.5,-0.68,0.15
A_OB_1.7999999999999998_1.0_228,25.47,2.31,0.73,-0.33,-0.5,-0.68,0.15
A_OB_1.7999999999999998_1.0_229,25.17,2.31,0.73,-0.33,-0.5,-0.68,0.15
A_OB_1.7999999999999998_1.0_230,25.32,2.31,0.73,-0.33,-0.5,-0.68,0.15
A_OB_1.7999999999999998_1.0_231,24.88,2.31,0.73,-0.33,-0.5,-0.68,0.15
A_OB_1.7999999999999998_1.0_232,25.58,2.31,0.73,-0.33,-0.5,-0.68,0.15
A_OB_1.7999999999999998_1.0_233,23.11,2.31,0.73,-0.33,-0.5,-0.68,0.15
A_OB_1.7999999999999998_1.0_234,23.62,2.31,0.73,-0.33,-0.5,-0.68,0.15
A_OB_1.7999999999999998_1.0_235,24.45,2.31,0.73,-0.33,-0.5,-0.68,0.15
A_OB_1.7999999999999998_1.0_236,24.97,2.31,0.73,-0.33,-0.5,-0.68,0.15
A_OB_1.7999999999999998_1.0_237,21.88,2.31,0.73,-0.33,-0.5,-0.68,0.15
A_OB_1.7999999999999998_1.0_238,25.49,2.31,0.73,-0.33,-0.5,-0.68,0.15
A_OB_1.7999999999999998_1.0_239,25.17,2.31,0.73,-0.33,-0.5,-0.68,0.15
A_OB_1.7999999999999998_1.0_240,24.86,2.31,0.73,-0.33,-0.5,-0.68,0.15
A_OB_1.7999999999999998_1.0_241,25.47,2.31,0.73,-0.33,-0.5,-0.68,0.15
A_OB_1.7999999999999998_1.0_242,25.31,2.31,0.73,-0.33,-0.5,-0.68,0.15
A_OB_1.7999999999999998_1.0_243,22.82,2.31,0.73,-0.33,-0.5,-0.68,0.15
A_OB_1.7999999999999998_1.0_244,25.19,2.31,0.73,-0.33,-0.5,-0.68,0.15
A_OB_1.7999999999999998_1.0_245,24.59,2.31,0.73,-0.33,-0.5,-0.68,0.15
A_OB_1.7999999999999998_1.0_246,25.46,2.31,0.73,-0.33,-0.5,-0.68,0.15
A_OB_1.7999999999999998_1.0_247,25.04,2.31,0.73,-0.33,-0.5,-0.68,0.15
A_OB_1.7999999999999998_1.0_248,24.28,2.31,0.73,-0.33,-0.5,-0.68,0.15
A_OB_1.7999999999999998_1.0_249,24.92,2.31,0.73,-0.33,-0.5,-0.68,0.15
A_OB_1.7999999999999998_1.0_250,22.17,2.31,0.73,-0.33,-0.5,-0.68,0.15
A_OB_1.7999999999999998_1.0_251,24.07,2.31,0.73,-0.33,-0.5,-0.68,0.15
A_OB_1.7999999999999998_1.0_252,25.61,2.31,0.73,-0.33,-0.5,-0.68,0.15
A_OB_1.7999999999999998_1.0_253,24.99,2.31,0.73,-0.33,-0.5,-0.68,0.15
A_OB_1.7999999999999998_1.0_254,25.58,2.31,0.73,-0.33,-0.5,-0.68,0.15
A_OB_1.7999999999999998_1.0_255,25.08,2.31,0.73,-0.33,-0.5,-0.68,0.15
A_OB_1.7999999999999998_1.0_256,24.13,2.31,0.73,-0.33,-0.5,-0.68,0.15
A_OB_1.7999999999999998_1.0_257,20.71,2.31,0.73,-0.33,-0.5,-0.68,0.15
A_OB_1.7999999999999998_1.0_258,25.48,2.31,0.73,-0.33,-0.5,-0.68,0.15
A_OB_1.7999999999999998_1.0_259,24.56,2.31,0.73,-0.33,-0.5,-0.68,0.15
A_OB_1.7999999999999998_1.0_260,25.43,2.31,0.73,-0.33,-0.5,-0.68,0.15
A_OB_1.7999999999999998_1.0_261,24.53,2.31,0.73,-0.33,-0.5,-0.68,0.15
A_OB_1.7999999999999998_1.0_262,25.58,2.31,0.73,-0.33,-0.5,-0.68,0.15
A_OB_1.7999999999999998_1.0_263,23.32,2.31,0.73,-0.33,-0.5,-0.68,0.15
A_OB_1.7999999999999998_1.0_264,25.54,2.31,0.73,-0.33,-0.5,-0.68,0.15
A_OB_1.7999999999999998_1.0_265,24.51,2.31,0.73,-0.33,-0.5,-0.68,0.15
A_OB_1.7999999999999998_1.0_266,19.47,2.31,0.73,-0.33,-0.5,-0.68,0.15
A_OB_1.7999999999999998_1.0_267,24.97,2.31,0.73,-0.33,-0.5,-0.68,0.15
A_OB_1.7999999999999998_1.0_268,25.59,2.31,0.73,-0.33,-0.5,-0.68,0.15
A_OB_1.7999999999999998_1.0_269,14.2,2.31,0.73,-0.33,-0.5,-0.68,0.15
A_OB_1.7999999999999998_1.0_270,24.98,2.31,0.73,-0.33,-0.5,-0.68,0.15
A_OB_1.7999999999999998_1.0_271,24.57,2.31,0.73,-0.33,-0.5,-0.68,0.15
A_OB_1.7999999999999998_1.0_272,25.22,2.31,0.73,-0.33,-0.5,-0.68,0.15
A_OB_1.7999999999999998_1.0_273,23.8,2.31,0.73,-0.33,-0.5,-0.68,0.15
A_OB_1.7999999999999998_1.0_274,23.86,2.31,0.73,-0.33,-0.5,-0.68,0.15
A_OB_1.7999999999999998_1.0_275,24.45,2.31,0.73,-0.33,-0.5,-0.68,0.15
A_OB_1.7999999999999998_1.0_276,23.62,2.31,0.73,-0.33,-0.5,-0.68,0.15
A_OB_1.7999999999999998_1.0_277,23.69,2.31,0.73,-0.33,-0.5,-0.68,0.15
A_OB_1.7999999999999998_1.0_278,24.78,2.31,0.73,-0.33,-0.5,-0.68,0.15
A_OB_1.7999999999999998_1.0_279,25.27,2.31,0.73,-0.33,-0.5,-0.68,0.15
A_OB_1.7999999999999998_1.0_280,25.28,2.31,0.73,-0.33,-0.5,-0.68,0.15
A_OB_1.7999999999999998_1.0_281,23.62,2.31,0.73,-0.33,-0.5,-0.68,0.15
A_OB_1.7999999999999998_1.0_282,25.04,2.31,0.73,-0.33,-0.5,-0.68,0.15
A_OB_1.7999999999999998_1.0_283,25.59,2.31,0.73,-0.33,-0.5,-0.68,0.15
A_OB_1.7999999999999998_1.0_284,25.02,2.31,0.73,-0.33,-0.5,-0.68,0.15
A_OB_1.7999999999999998_1.0_285,24.26,2.31,0.73,-0.33,-0.5,-0.68,0.15
A_OB_1.7999999999999998_1.0_286,24.42,2.31,0.73,-0.33,-0.5,-0.68,0.15
A_OB_1.7999999999999998_1.0_287,24.51,2.31,0.73,-0.33,-0.5,-0.68,0.15
A_OB_1.7999999999999998_1.0_288,25.38,2.31,0.73,-0.33,-0.5,-0.68,0.15
A_OB_1.7999999999999998_1.0_289,25.23,2.31,0.73,-0.33,-0.5,-0.68,0.15
A_OB_1.7999999999999998_1.0_290,23.77,2.31,0.73,-0.33,-0.5,-0.68,0.15
A_OB_1.7999999999999998_1.0_291,24.0,2.31,0.73,-0.33,-0.5,-0.68,0.15
A_OB_1.7999999999999998_1.0_292,24.69,2.31,0.73,-0.33,-0.5,-0.68,0.15
A_OB_1.7999999999999998_1.0_293,24.03,2.31,0.73,-0.33,-0.5,-0.68,0.15
A_OB_1.7999999999999998_1.0_294,24.3,2.31,0.73,-0.33,-0.5,-0.68,0.15
A_OB_1.7999999999999998_1.0_295,24.27,2.31,0.73,-0.33,-0.5,-0.68,0.15
A_OB_1.7999999999999998_1.0_296,24.83,2.31,0.73,-0.33,-0.5,-0.68,0.15
A_OB_1.7999999999999998_1.0_297,24.9,2.31,0.73,-0.33,-0.5,-0.68,0.15
A_OB_1.7999999999999998_1.0_298,20.14,2.31,0.73,-0.33,-0.5,-0.68,0.15
A_OB_1.7999999999999998_1.0_299,19.95,2.31,0.73,-0.33,-0.5,-0.68,0.15
A_OB_1.7999999999999998_1.0_300,22.16,2.31,0.73,-0.33,-0.5,-0.68,0.15
A_OB_1.7999999999999998_1.0_301,24.06,2.31,0.73,-0.33,-0.5,-0.68,0.15
A_OB_1.7999999999999998_1.0_302,23.85,2.31,0.73,-0.33,-0.5,-0.68,0.15
A_OB_1.7999999999999998_1.0_303,24.31,2.31,0.73,-0.33,-0.5,-0.68,0.15
A_OB_1.7999999999999998_1.0_304,24.3,2.31,0.73,-0.33,-0.5,-0.68,0.15
A_OB_1.7999999999999998_1.0_305,25.3,2.31,0.73,-0.33,-0.5,-0.68,0.15
A_OB_1.7999999999999998_1.0_306,21.67,2.31,0.73,-0.33,-0.5,-0.68,0.15
A_OB_1.7999999999999998_1.0_307,25.16,2.31,0.73,-0.33,-0.5,-0.68,0.15
A_OB_1.7999999999999998_1.0_308,21.6,2.31,0.73,-0.33,-0.5,-0.68,0.15
A_OB_1.7999999999999998_1.0_309,23.42,2.31,0.73,-0.33,-0.5,-0.68,0.15
A_OB_1.7999999999999998_1.0_310,25.57,2.31,0.73,-0.33,-0.5,-0.68,0.15
A_OB_1.7999999999999998_1.0_311,25.31,2.31,0.73,-0.33,-0.5,-0.68,0.15
A_OB_1.7999999999999998_1.0_312,25.5,2.31,0.73,-0.33,-0.5,-0.68,0.15
A_OB_1.7999999999999998_1.0_313,24.83,2.31,0.73,-0.33,-0.5,-0.68,0.15
A_OB_1.7999999999999998_1.0_314,15.0,2.31,0.73,-0.33,-0.5,-0.68,0.15
A_OB_1.7999999999999998_1.0_315,25.06,2.31,0.73,-0.33,-0.5,-0.68,0.15
A_OB_1.7999999999999998_1.0_316,24.95,2.31,0.73,-0.33,-0.5,-0.68,0.15
A_OB_1.7999999999999998_1.0_317,23.4,2.31,0.73,-0.33,-0.5,-0.68,0.15
A_OB_1.7999999999999998_1.0_318,23.33,2.31,0.73,-0.33,-0.5,-0.68,0.15
A_OB_1.7999999999999998_1.0_319,24.3,2.31,0.73,-0.33,-0.5,-0.68,0.15
A_OB_1.7999999999999998_1.0_320,24.29,2.31,0.73,-0.33,-0.5,-0.68,0.15
A_OB_1.7999999999999998_1.0_321,24.66,2.31,0.73,-0.33,-0.5,-0.68,0.15
A_OB_1.7999999999999998_1.0_322,20.76,2.31,0.73,-0.33,-0.5,-0.68,0.15
A_OB_1.7999999999999998_1.0_323,23.95,2.31,0.73,-0.33,-0.5,-0.68,0.15
A_OB_1.7999999999999998_1.0_324,24.86,2.31,0.73,-0.33,-0.5,-0.68,0.15
A_OB_1.7999999999999998_1.0_325,25.26,2.31,0.73,-0.33,-0.5,-0.68,0.15
A_OB_1.7999999999999998_1.0_326,22.26,2.31,0.73,-0.33,-0.5,-0.68,0.15
A_OB_1.7999999999999998_1.0_327,23.23,2.31,0.73,-0.33,-0.5,-0.68,0.15
A_OB_1.7999999999999998_1.0_328,23.97,2.31,0.73,-0.33,-0.5,-0.68,0.15
A_OB_1.7999999999999998_1.0_329,24.84,2.31,0.73,-0.33,-0.5,-0.68,0.15
A_OB_1.7999999999999998_1.0_330,23.94,2.31,0.73,-0.33,-0.5,-0.68,0.15
A_OB_1.7999999999999998_1.0_331,23.89,2.31,0.73,-0.33,-0.5,-0.68,0.15
A_OB_1.7999999999999998_1.0_332,25.39,2.31,0.73,-0.33,-0.5,-0.68,0.15
A_OB_1.7999999999999998_1.0_333,23.03,2.31,0.73,-0.33,-0.5,-0.68,0.15
A_OB_1.7999999999999998_1.0_334,24.83,2.31,0.73,-0.33,-0.5,-0.68,0.15
A_OB_1.7999999999999998_1.0_335,22.3,2.31,0.73,-0.33,-0.5,-0.68,0.15
A_OB_1.7999999999999998_1.0_336,25.08,2.31,0.73,-0.33,-0.5,-0.68,0.15
A_OB_1.7999999999999998_1.0_337,25.49,2.31,0.73,-0.33,-0.5,-0.68,0.15
A_OB_1.7999999999999998_1.0_338,25.41,2.31,0.73,-0.33,-0.5,-0.68,0.15
A_OB_1.7999999999999998_1.0_339,21.26,2.31,0.73,-0.33,-0.5,-0.68,0.15
A_OB_1.7999999999999998_1.0_340,17.58,2.31,0.73,-0.33,-0.5,-0.68,0.15
A_OB_1.7999999999999998_1.0_341,22.39,2.31,0.73,-0.33,-0.5,-0.68,0.15
A_OB_1.7999999999999998_1.0_342,24.49,2.31,0.73,-0.33,-0.5,-0.68,0.15
A_OB_1.7999999999999998_1.0_343,24.36,2.31,0.73,-0.33,-0.5,-0.68,0.15
A_OB_1.7999999999999998_1.0_344,25.58,2.31,0.73,-0.33,-0.5,-0.68,0.15
A_OB_1.7999999999999998_1.0_345,24.34,2.31,0.73,-0.33,-0.5,-0.68,0.15
A_OB_1.7999999999999998_1.0_346,24.66,2.31,0.73,-0.33,-0.5,-0.68,0.15
A_OB_1.7999999999999998_1.0_347,25.56,2.31,0.73,-0.33,-0.5,-0.68,0.15
A_OB_1.7999999999999998_1.0_348,23.14,2.31,0.73,-0.33,-0.5,-0.68,0.15
A_OB_1.7999999999999998_1.0_349,24.81,2.31,0.73,-0.33,-0.5,-0.68,0.15
A_OB_1.7999999999999998_1.0_350,23.34,2.31,0.73,-0.33,-0.5,-0.68,0.15
A_OB_1.7999999999999998_1.0_351,25.28,2.31,0.73,-0.33,-0.5,-0.68,0.15
A_OB_1.7999999999999998_1.0_352,24.51,2.31,0.73,-0.33,-0.5,-0.68,0.15
A_OB_1.7999999999999998_1.0_353,23.7,2.31,0.73,-0.33,-0.5,-0.68,0.15
A_OB_1.7999999999999998_1.0_354,21.08,2.31,0.73,-0.33,-0.5,-0.68,0.15
A_OB_1.7999999999999998_1.0_355,23.73,2.31,0.73,-0.33,-0.5,-0.68,0.15
A_OB_1.7999999999999998_1.0_356,22.21,2.31,0.73,-0.33,-0.5,-0.68,0.15
A_OB_1.7999999999999998_1.0_357,20.96,2.31,0.73,-0.33,-0.5,-0.68,0.15
A_OB_1.7999999999999998_1.0_358,23.83,2.31,0.73,-0.33,-0.5,-0.68,0.15
A_OB_1.7999999999999998_1.0_359,25.56,2.31,0.73,-0.33,-0.5,-0.68,0.15
A_OB_1.7999999999999998_1.0_360,23.84,2.31,0.73,-0.33,-0.5,-0.68,0.15
A_OB_1.7999999999999998_1.0_361,23.8,2.31,0.73,-0.33,-0.5,-0.68,0.15
A_OB_1.7999999999999998_1.0_362,25.1,2.31,0.73,-0.33,-0.5,-0.68,0.15
A_OB_1.7999999999999998_1.0_363,20.72,2.31,0.73,-0.33,-0.5,-0.68,0.15
A_OB_1.7999999999999998_1.0_364,25.22,2.31,0.73,-0.33,-0.5,-0.68,0.15
A_OB_1.7999999999999998_1.0_365,25.43,2.31,0.73,-0.33,-0.5,-0.68,0.15
A_OB_1.7999999999999998_1.0_366,25.5,2.31,0.73,-0.33,-0.5,-0.68,0.15
A_OB_1.7999999999999998_1.0_367,25.34,2.31,0.73,-0.33,-0.5,-0.68,0.15
A_OB_1.7999999999999998_1.0_368,24.89,2.31,0.73,-0.33,-0.5,-0.68,0.15
A_OB_1.7999999999999998_1.0_369,23.67,2.31,0.73,-0.33,-0.5,-0.68,0.15
A_OB_1.7999999999999998_1.0_370,25.61,2.31,0.73,-0.33,-0.5,-0.68,0.15
A_OB_1.7999999999999998_1.0_371,25.08,2.31,0.73,-0.33,-0.5,-0.68,0.15
A_OB_1.7999999999999998_1.0_372,24.12,2.31,0.73,-0.33,-0.5,-0.68,0.15
A_OB_1.7999999999999998_1.0_373,25.51,2.31,0.73,-0.33,-0.5,-0.68,0.15
A_OB_1.7999999999999998_1.0_374,25.27,2.31,0.73,-0.33,-0.5,-0.68,0.15
A_OB_1.7999999999999998_1.0_375,24.92,2.31,0.73,-0.33,-0.5,-0.68,0.15
A_OB_1.7999999999999998_1.0_376,25.05,2.31,0.73,-0.33,-0.5,-0.68,0.15
A_OB_1.7999999999999998_1.0_377,24.49,2.31,0.73,-0.33,-0.5,-0.68,0.15
A_OB_1.7999999999999998_1.0_378,25.39,2.31,0.73,-0.33,-0.5,-0.68,0.15
A_OB_1.7999999999999998_1.0_379,25.28,2.31,0.73,-0.33,-0.5,-0.68,0.15
A_OB_1.7999999999999998_1.0_380,23.82,2.31,0.73,-0.33,-0.5,-0.68,0.15
A_OB_1.7999999999999998_1.0_381,24.95,2.31,0.73,-0.33,-0.5,-0.68,0.15
A_OB_1.7999999999999998_1.0_382,25.03,2.31,0.73,-0.33,-0.5,-0.68,0.15
A_OB_1.7999999999999998_1.0_383,24.71,2.31,0.73,-0.33,-0.5,-0.68,0.15
A_OB_1.7999999999999998_1.0_384,25.56,2.31,0.73,-0.33,-0.5,-0.68,0.15
A_OB_1.7999999999999998_1.0_385,24.44,2.31,0.73,-0.33,-0.5,-0.68,0.15
A_OB_1.7999999999999998_1.0_386,22.63,2.31,0.73,-0.33,-0.5,-0.68,0.15
A_OB_1.7999999999999998_1.0_387,23.9,2.31,0.73,-0.33,-0.5,-0.68,0.15
A_OB_1.7999999999999998_1.0_388,23.68,2.31,0.73,-0.33,-0.5,-0.68,0.15
A_OB_1.7999999999999998_1.0_389,25.31,2.31,0.73,-0.33,-0.5,-0.68,0.15
A_OB_1.7999999999999998_1.0_390,24.69,2.31,0.73,-0.33,-0.5,-0.68,0.15
A_OB_1.7999999999999998_1.0_391,21.27,2.31,0.73,-0.33,-0.5,-0.68,0.15
A_OB_1.7999999999999998_1.0_392,25.32,2.31,0.73,-0.33,-0.5,-0.68,0.15
A_OB_1.7999999999999998_1.0_393,23.4,2.31,0.73,-0.33,-0.5,-0.68,0.15
A_OB_1.7999999999999998_1.0_394,20.97,2.31,0.73,-0.33,-0.5,-0.68,0.15
A_OB_1.7999999999999998_1.0_395,21.31,2.31,0.73,-0.33,-0.5,-0.68,0.15
A_OB_1.7999999999999998_1.0_396,23.39,2.31,0.73,-0.33,-0.5,-0.68,0.15
A_OB_1.7999999999999998_1.0_397,23.61,2.31,0.73,-0.33,-0.5,-0.68,0.15
A_OB_1.7999999999999998_1.0_398,24.88,2.31,0.73,-0.33,-0.5,-0.68,0.15
A_OB_1.7999999999999998_1.0_399,24.19,2.31,0.73,-0.33,-0.5,-0.68,0.15
A_OB_1.7999999999999998_1.0_400,11.16,2.31,0.73,-0.33,-0.5,-0.68,0.15
A_OB_1.7999999999999998_1.0_401,24.86,2.31,0.73,-0.33,-0.5,-0.68,0.15
A_OB_1.7999999999999998_1.0_402,25.03,2.31,0.73,-0.33,-0.5,-0.68,0.15
A_OB_1.7999999999999998_1.0_403,25.54,2.31,0.73,-0.33,-0.5,-0.68,0.15
A_OB_1.7999999999999998_1.0_404,22.35,2.31,0.73,-0.33,-0.5,-0.68,0.15
A_OB_1.7999999999999998_1.0_405,24.2,2.31,0.73,-0.33,-0.5,-0.68,0.15
A_OB_1.7999999999999998_1.0_406,24.34,2.31,0.73,-0.33,-0.5,-0.68,0.15
A_OB_1.7999999999999998_1.0_407,25.35,2.31,0.73,-0.33,-0.5,-0.68,0.15
A_OB_1.7999999999999998_1.0_408,24.31,2.31,0.73,-0.33,-0.5,-0.68,0.15
A_OB_1.7999999999999998_1.0_409,23.1,2.31,0.73,-0.33,-0.5,-0.68,0.15
A_OB_1.7999999999999998_1.0_410,23.57,2.31,0.73,-0.33,-0.5,-0.68,0.15
A_OB_1.7999999999999998_1.0_411,20.31,2.31,0.73,-0.33,-0.5,-0.68,0.15
A_OB_1.7999999999999998_1.0_412,24.1,2.31,0.73,-0.33,-0.5,-0.68,0.15
A_OB_1.7999999999999998_1.0_413,25.5,2.31,0.73,-0.33,-0.5,-0.68,0.15
A_OB_1.7999999999999998_1.0_414,25.55,2.31,0.73,-0.33,-0.5,-0.68,0.15
A_OB_1.7999999999999998_1.0_415,23.01,2.31,0.73,-0.33,-0.5,-0.68,0.15
A_OB_1.7999999999999998_1.0_416,24.62,2.31,0.73,-0.33,-0.5,-0.68,0.15
A_OB_1.7999999999999998_1.0_417,25.32,2.31,0.73,-0.33,-0.5,-0.68,0.15
A_OB_1.7999999999999998_1.0_418,20.76,2.31,0.73,-0.33,-0.5,-0.68,0.15
A_OB_1.7999999999999998_1.0_419,24.31,2.31,0.73,-0.33,-0.5,-0.68,0.15
A_OB_1.7999999999999998_1.0_420,25.51,2.31,0.73,-0.33,-0.5,-0.68,0.15
A_OB_1.7999999999999998_1.0_421,20.98,2.31,0.73,-0.33,-0.5,-0.68,0.15
A_OB_1.7999999999999998_1.0_422,23.12,2.31,0.73,-0.33,-0.5,-0.68,0.15
A_OB_1.7999999999999998_1.0_423,24.88,2.31,0.73,-0.33,-0.5,-0.68,0.15
A_OB_1.7999999999999998_1.0_424,25.46,2.31,0.73,-0.33,-0.5,-0.68,0.15
A_OB_1.7999999999999998_1.0_425,23.18,2.31,0.73,-0.33,-0.5,-0.68,0.15
A_OB_1.7999999999999998_1.0_426,23.11,2.31,0.73,-0.33,-0.5,-0.68,0.15
A_OB_1.7999999999999998_1.0_427,23.41,2.31,0.73,-0.33,-0.5,-0.68,0.15
A_OB_1.7999999999999998_1.0_428,24.98,2.31,0.73,-0.33,-0.5,-0.68,0.15
A_OB_1.7999999999999998_1.0_429,25.1,2.31,0.73,-0.33,-0.5,-0.68,0.15
A_OB_1.7999999999999998_1.0_430,21.5,2.31,0.73,-0.33,-0.5,-0.68,0.15
A_OB_1.7999999999999998_1.0_431,24.77,2.31,0.73,-0.33,-0.5,-0.68,0.15
A_OB_1.7999999999999998_1.0_432,24.96,2.31,0.73,-0.33,-0.5,-0.68,0.15
A_OB_1.7999999999999998_1.0_433,25.02,2.31,0.73,-0.33,-0.5,-0.68,0.15
A_OB_1.7999999999999998_1.0_434,25.2,2.31,0.73,-0.33,-0.5,-0.68,0.15
A_OB_1.7999999999999998_1.0_435,24.08,2.31,0.73,-0.33,-0.5,-0.68,0.15
A_OB_1.7999999999999998_1.0_436,25.58,2.31,0.73,-0.33,-0.5,-0.68,0.15
A_OB_1.7999999999999998_1.0_437,24.48,2.31,0.73,-0.33,-0.5,-0.68,0.15
A_OB_1.7999999999999998_1.0_438,25.26,2.31,0.73,-0.33,-0.5,-0.68,0.15
A_OB_1.7999999999999998_1.0_439,25.43,2.31,0.73,-0.33,-0.5,-0.68,0.15
A_OB_1.7999999999999998_1.0_440,24.2,2.31,0.73,-0.33,-0.5,-0.68,0.15
A_OB_1.7999999999999998_1.0_441,25.19,2.31,0.73,-0.33,-0.5,-0.68,0.15
A_OB_1.7999999999999998_1.0_442,24.51,2.31,0.73,-0.33,-0.5,-0.68,0.15
A_OB_1.7999999999999998_1.0_443,24.83,2.31,0.73,-0.33,-0.5,-0.68,0.15
A_OB_1.7999999999999998_1.0_444,24.78,2.31,0.73,-0.33,-0.5,-0.68,0.15
A_OB_1.7999999999999998_1.0_445,25.54,2.31,0.73,-0.33,-0.5,-0.68,0.15
A_OB_1.7999999999999998_1.0_446,25.4,2.31,0.73,-0.33,-0.5,-0.68,0.15
A_OB_1.7999999999999998_1.0_447,22.95,2.31,0.73,-0.33,-0.5,-0.68,0.15
A_OB_1.7999999999999998_1.0_448,24.71,2.31,0.73,-0.33,-0.5,-0.68,0.15
A_OB_1.7999999999999998_1.0_449,25.11,2.31,0.73,-0.33,-0.5,-0.68,0.15
A_OB_1.7999999999999998_1.0_450,23.13,2.31,0.73,-0.33,-0.5,-0.68,0.15
A_OB_1.7999999999999998_1.0_451,19.84,2.31,0.73,-0.33,-0.5,-0.68,0.15
A_OB_1.7999999999999998_1.0_452,21.85,2.31,0.73,-0.33,-0.5,-0.68,0.15
A_OB_1.7999999999999998_1.0_453,12.16,2.31,0.73,-0.33,-0.5,-0.68,0.15
A_OB_1.7999999999999998_1.0_454,25.0,2.31,0.73,-0.33,-0.5,-0.68,0.15
A_OB_1.7999999999999998_1.0_455,18.91,2.31,0.73,-0.33,-0.5,-0.68,0.15
A_OB_1.7999999999999998_1.0_456,23.03,2.31,0.73,-0.33,-0.5,-0.68,0.15
A_OB_1.7999999999999998_1.0_457,25.57,2.31,0.73,-0.33,-0.5,-0.68,0.15
A_OB_1.7999999999999998_1.0_458,20.13,2.31,0.73,-0.33,-0.5,-0.68,0.15
A_OB_1.7999999999999998_1.0_459,25.42,2.31,0.73,-0.33,-0.5,-0.68,0.15
A_OB_1.7999999999999998_1.0_460,25.16,2.31,0.73,-0.33,-0.5,-0.68,0.15
A_OB_1.7999999999999998_1.0_461,24.46,2.31,0.73,-0.33,-0.5,-0.68,0.15
A_OB_1.7999999999999998_1.0_462,25.54,2.31,0.73,-0.33,-0.5,-0.68,0.15
A_OB_1.7999999999999998_1.0_463,25.6,2.31,0.73,-0.33,-0.5,-0.68,0.15
A_OB_1.7999999999999998_1.0_464,23.87,2.31,0.73,-0.33,-0.5,-0.68,0.15
A_OB_1.7999999999999998_1.0_465,24.27,2.31,0.73,-0.33,-0.5,-0.68,0.15
A_OB_1.7999999999999998_1.0_466,24.15,2.31,0.73,-0.33,-0.5,-0.68,0.15
A_OB_1.7999999999999998_1.0_467,23.89,2.31,0.73,-0.33,-0.5,-0.68,0.15
A_OB_1.7999999999999998_1.0_468,24.64,2.31,0.73,-0.33,-0.5,-0.68,0.15
A_OB_1.7999999999999998_1.0_469,22.45,2.31,0.73,-0.33,-0.5,-0.68,0.15
A_OB_1.7999999999999998_1.0_470,25.49,2.31,0.73,-0.33,-0.5,-0.68,0.15
A_OB_1.7999999999999998_1.0_471,24.86,2.31,0.73,-0.33,-0.5,-0.68,0.15
A_OB_1.7999999999999998_1.0_472,23.72,2.31,0.73,-0.33,-0.5,-0.68,0.15
A_OB_1.7999999999999998_1.0_473,24.7,2.31,0.73,-0.33,-0.5,-0.68,0.15
A_OB_1.7999999999999998_1.0_474,24.46,2.31,0.73,-0.33,-0.5,-0.68,0.15
A_OB_1.7999999999999998_1.0_475,23.83,2.31,0.73,-0.33,-0.5,-0.68,0.15
A_OB_1.7999999999999998_1.0_476,23.93,2.31,0.73,-0.33,-0.5,-0.68,0.15
A_OB_1.7999999999999998_1.0_477,24.42,2.31,0.73,-0.33,-0.5,-0.68,0.15
A_OB_1.7999999999999998_1.0_478,23.97,2.31,0.73,-0.33,-0.5,-0.68,0.15
