ObjID,FORMAT,q,e,inc,node,argPeri,t_p_MJD_TDB,epochMJD_TDB
A_OB_1.7999999999999998_1.0_0,COM,0.773459,1.000315,2.067,2.032,0.533,62282.343806,60796.001439
A_OB_1.7999999999999998_1.0_1,COM,0.683675,1.002225,2.538,4.355,1.906,61910.721963,60796.001439
A_OB_1.7999999999999998_1.0_2,COM,0.62138,1.004793,2.14,1.067,1.475,62214.233375,60796.001439
A_OB_1.7999999999999998_1.0_3,COM,1.354949,1.009597,1.957,5.275,0.31,62573.57819,60796.001439
A_OB_1.7999999999999998_1.0_4,COM,1.084288,1.011678,0.952,1.199,5.924,64416.610958,60796.001439
A_OB_1.7999999999999998_1.0_5,COM,0.718349,1.003864,1.74,0.69,6.109,64501.899553,60796.001439
A_OB_1.7999999999999998_1.0_6,COM,1.505597,1.011598,1.854,5.523,2.905,62318.159353,60796.001439
A_OB_1.7999999999999998_1.0_7,COM,0.561429,1.009907,2.47,3.091,3.852,62576.443638,60796.001439
A_OB_1.7999999999999998_1.0_8,COM,1.101701,1.014126,1.51,4.309,3.695,61752.582591,60796.001439
A_OB_1.7999999999999998_1.0_9,COM,1.302704,1.014814,2.056,1.339,0.06,61777.130545,60796.001439
A_OB_1.7999999999999998_1.0_10,COM,1.000914,1.020886,2.663,2.081,0.741,62417.532203,60796.001439
A_OB_1.7999999999999998_1.0_11,COM,0.303214,1.008523,2.291,0.362,6.086,61764.641893,60796.001439
A_OB_1.7999999999999998_1.0_12,COM,0.402934,1.008672,2.543,1.654,0.876,63194.078352,60796.001439
A_OB_1.7999999999999998_1.0_13,COM,0.415264,1.011017,1.846,2.128,4.281,64191.652296,60796.001439
A_OB_1.7999999999999998_1.0_14,COM,1.19208,1.034202,2.693,2.652,0.832,63763.882462,60796.001439
A_OB_1.7999999999999998_1.0_15,COM,0.682874,1.01736,1.438,4.446,4.76,62859.571942,60796.001439
A_OB_1.7999999999999998_1.0_16,COM,1.062343,1.027859,2.748,5.521,5.357,62716.966313,60796.001439
A_OB_1.7999999999999998_1.0_17,COM,0.769425,1.015312,1.825,0.19,3.904,62347.35595,60796.001439
A_OB_1.7999999999999998_1.0_18,COM,1.361646,1.047416,2.574,6.13,1.881,64247.514906,60796.001439
A_OB_1.7999999999999998_1.0_19,COM,0.570903,1.019839,1.626,5.567,3.885,62047.84947,60796.001439
A_OB_1.7999999999999998_1.0_20,COM,0.249332,1.009306,1.022,2.7,2.742,61298.995841,60796.001439
A_OB_1.7999999999999998_1.0_21,COM,1.659728,1.086986,0.807,1.76,2.888,61038.060582,60796.001439
A_OB_1.7999999999999998_1.0_22,COM,0.147608,1.007065,2.62,0.345,0.369,63515.309613,60796.001439
A_OB_1.7999999999999998_1.0_23,COM,0.152582,1.006979,1.206,2.279,4.921,62704.906097,60796.001439
A_OB_1.7999999999999998_1.0_24,COM,1.176052,1.064587,1.737,2.474,4.904,63233.855389,60796.001439
A_OB_1.7999999999999998_1.0_25,COM,0.819773,1.040348,1.495,0.02,3.342,61040.708338,60796.001439
A_OB_1.7999999999999998_1.0_26,COM,0.687901,1.030643,1.738,6.226,5.186,61645.093781,60796.001439
A_OB_1.7999999999999998_1.0_27,COM,1.140392,1.056485,1.84,0.293,4.638,62434.290187,60796.001439
A_OB_1.7999999999999998_1.0_28,COM,0.237159,1.011453,2.047,0.288,1.766,62688.075989,60796.001439
A_OB_1.7999999999999998_1.0_29,COM,0.766585,1.040504,2.209,5.652,0.874,62794.209823,60796.001439
A_OB_1.7999999999999998_1.0_30,COM,0.784108,1.039544,1.759,1.582,1.037,64171.215795,60796.001439
A_OB_1.7999999999999998_1.0_31,COM,0.904356,1.044864,1.859,3.42,2.6,60764.677144,60796.001439
A_OB_1.7999999999999998_1.0_32,COM,2.749026,1.148309,0.083,2.526,4.407,63582.163131,60796.001439
A_OB_1.7999999999999998_1.0_33,COM,1.355664,1.086172,1.007,1.782,5.816,63668.398772,60796.001439
A_OB_1.7999999999999998_1.0_34,COM,0.687725,1.046148,0.357,1.985,1.045,63740.917937,60796.001439
A_OB_1.7999999999999998_1.0_35,COM,0.499319,1.031082,1.343,1.613,1.501,61735.965638,60796.001439
A_OB_1.7999999999999998_1.0_36,COM,0.516667,1.033565,0.258,1.19,5.402,63908.850055,60796.001439
A_OB_1.7999999999999998_1.0_37,COM,1.260671,1.087688,1.495,4.377,4.449,61650.926537,60796.001439
A_OB_1.7999999999999998_1.0_38,COM,0.73139,1.050983,2.304,2.66,3.206,64354.477265,60796.001439
A_OB_1.7999999999999998_1.0_39,COM,1.330965,1.093115,2.117,2.366,4.11,61331.355662,60796.001439
A_OB_1.7999999999999998_1.0_40,COM,0.33745,1.020298,2.195,5.927,0.491,62501.67764,60796.001439
A_OB_1.7999999999999998_1.0_41,COM,0.158945,1.011533,1.188,1.292,4.425,61308.620512,60796.001439
A_OB_1.7999999999999998_1.0_42,COM,0.60073,1.034233,2.109,3.624,0.779,62556.335815,60796.001439
A_OB_1.7999999999999998_1.0_43,COM,1.147367,1.078225,2.247,5.586,4.482,61637.37395,60796.001439
A_OB_1.7999999999999998_1.0_44,COM,0.841707,1.053287,1.759,3.239,5.643,61803.73304,60796.001439
A_OB_1.7999999999999998_1.0_45,COM,1.326858,1.077315,0.301,1.529,4.597,64241.294264,60796.001439
A_OB_1.7999999999999998_1.0_46,COM,0.700431,1.042216,2.606,4.813,2.25,63905.688363,60796.001439
A_OB_1.7999999999999998_1.0_47,COM,0.188771,1.013563,2.895,3.167,1.153,63356.561517,60796.001439
A_OB_1.7999999999999998_1.0_48,COM,1.67194,1.115034,1.176,5.469,4.925,61312.421354,60796.001439
A_OB_1.7999999999999998_1.0_49,COM,0.031766,1.001824,1.083,5.029,3.3,62406.941357,60796.001439
A_OB_1.7999999999999998_1.0_50,COM,0.511129,1.034332,2.287,5.543,5.323,63225.891145,60796.001439
A_OB_1.7999999999999998_1.0_51,COM,0.082066,1.007092,1.161,3.456,3.364,62795.199102,60796.001439
A_OB_1.7999999999999998_1.0_52,COM,0.157619,1.014458,0.428,1.928,5.267,60849.219556,60796.001439
A_OB_1.7999999999999998_1.0_53,COM,1.252902,1.109784,1.52,5.559,3.673,62754.279901,60796.001439
A_OB_1.7999999999999998_1.0_54,COM,0.432841,1.039362,2.406,3.225,3.626,61877.444843,60796.001439
A_OB_1.7999999999999998_1.0_55,COM,0.06279,1.005811,2.034,5.721,6.224,61180.746649,60796.001439
A_OB_1.7999999999999998_1.0_56,COM,1.404688,1.107078,1.674,2.713,3.323,63517.398682,60796.001439
A_OB_1.7999999999999998_1.0_57,COM,0.473848,1.039063,1.643,2.715,1.808,63883.894671,60796.001439
A_OB_1.7999999999999998_1.0_58,COM,1.580675,1.140919,2.073,0.363,4.137,61980.330243,60796.001439
A_OB_1.7999999999999998_1.0_59,COM,2.107527,1.176421,1.146,2.751,4.019,61517.459982,60796.001439
A_OB_1.7999999999999998_1.0_60,COM,0.703782,1.062877,0.761,4.209,3.244,62821.163754,60796.001439
A_OB_1.7999999999999998_1.0_61,COM,0.187562,1.014821,1.068,3.254,4.766,61980.178605,60796.001439
A_OB_1.7999999999999998_1.0_62,COM,0.076759,1.005839,2.375,1.57,4.508,61932.168295,60796.001439
A_OB_1.7999999999999998_1.0_63,COM,0.165186,1.012659,1.416,3.816,3.505,62370.157307,60796.001439
A_OB_1.7999999999999998_1.0_64,COM,1.582665,1.133677,1.354,1.177,5.326,60734.912055,60796.001439
A_OB_1.7999999999999998_1.0_65,COM,1.679443,1.140348,2.382,5.989,3.574,61050.661248,60796.001439
A_OB_1.7999999999999998_1.0_66,COM,0.437333,1.038484,1.538,5.999,4.77,62176.859002,60796.001439
A_OB_1.7999999999999998_1.0_67,COM,0.759125,1.080943,1.485,1.63,5.448,62415.397474,60796.001439
A_OB_1.7999999999999998_1.0_68,COM,0.473773,1.047421,1.428,3.817,0.716,64274.021045,60796.001439
A_OB_1.7999999999999998_1.0_69,COM,0.081419,1.00785,1.03,4.625,4.015,63600.090136,60796.001439
A_OB_1.7999999999999998_1.0_70,COM,0.828065,1.08367,1.021,4.746,3.316,63817.945256,60796.001439
A_OB_1.7999999999999998_1.0_71,COM,1.145289,1.106835,0.807,3.189,1.006,61647.343746,60796.001439
A_OB_1.7999999999999998_1.0_72,COM,0.483578,1.046132,1.302,5.01,3.233,62487.593606,60796.001439
A_OB_1.7999999999999998_1.0_73,COM,1.520428,1.155716,0.555,5.752,0.819,62443.933625,60796.001439
A_OB_1.7999999999999998_1.0_74,COM,1.25618,1.136133,2.999,1.185,3.337,61317.148707,60796.001439
A_OB_1.7999999999999998_1.0_75,COM,0.137293,1.015682,2.202,0.83,5.126,63137.793259,60796.001439
A_OB_1.7999999999999998_1.0_76,COM,0.193892,1.018203,0.648,3.86,2.575,64175.425374,60796.001439
A_OB_1.7999999999999998_1.0_77,COM,0.759937,1.072,2.604,1.986,4.606,64284.739537,60796.001439
A_OB_1.7999999999999998_1.0_78,COM,0.313599,1.031539,1.386,3.428,4.199,63025.583809,60796.001439
A_OB_1.7999999999999998_1.0_79,COM,0.388129,1.038964,1.108,1.22,4.289,61307.29021,60796.001439
A_OB_1.7999999999999998_1.0_80,COM,2.507205,1.262959,2.296,5.059,2.899,60836.892548,60796.001439
A_OB_1.7999999999999998_1.0_81,COM,0.978539,1.094952,1.942,6.184,4.379,61797.564019,60796.001439
A_OB_1.7999999999999998_1.0_82,COM,1.421972,1.134794,1.569,0.199,4.695,64310.822672,60796.001439
A_OB_1.7999999999999998_1.0_83,COM,0.209444,1.028787,0.142,2.101,6.163,61582.906741,60796.001439
A_OB_1.7999999999999998_1.0_84,COM,1.214621,1.144433,2.825,3.817,5.129,63375.490182,60796.001439
A_OB_1.7999999999999998_1.0_85,COM,1.875517,1.219269,1.148,1.193,6.269,63564.481221,60796.001439
A_OB_1.7999999999999998_1.0_86,COM,1.882847,1.231818,1.782,0.929,5.858,63313.447816,60796.001439
A_OB_1.7999999999999998_1.0_87,COM,0.092408,1.010951,0.811,5.948,0.185,62028.553006,60796.001439
A_OB_1.7999999999999998_1.0_88,COM,1.193679,1.161297,1.638,2.264,3.674,63088.070154,60796.001439
A_OB_1.7999999999999998_1.0_89,COM,1.645784,1.209765,1.471,2.477,4.908,61650.142948,60796.001439
A_OB_1.7999999999999998_1.0_90,COM,1.439759,1.167369,1.013,5.17,3.21,63776.141366,60796.001439
A_OB_1.7999999999999998_1.0_91,COM,0.82003,1.100589,2.307,3.983,3.178,63033.246292,60796.001439
A_OB_1.7999999999999998_1.0_92,COM,1.306516,1.176027,1.758,3.383,2.364,63047.110682,60796.001439
A_OB_1.7999999999999998_1.0_93,COM,1.223076,1.163092,2.692,5.495,3.17,63101.899311,60796.001439
A_OB_1.7999999999999998_1.0_94,COM,1.723187,1.235116,2.674,5.379,4.104,61429.459149,60796.001439
A_OB_1.7999999999999998_1.0_95,COM,2.947657,1.378437,1.099,4.075,2.538,64201.825423,60796.001439
A_OB_1.7999999999999998_1.0_96,COM,1.50491,1.246369,1.702,6.209,2.777,63611.328292,60796.001439
A_OB_1.7999999999999998_1.0_97,COM,1.438721,1.231396,2.228,4.361,4.091,63136.274494,60796.001439
A_OB_1.7999999999999998_1.0_98,COM,1.313436,1.182443,2.741,0.764,5.185,61919.827086,60796.001439
A_OB_1.7999999999999998_1.0_99,COM,0.553067,1.090698,0.954,5.736,4.66,63286.061845,60796.001439
A_OB_1.7999999999999998_1.0_100,COM,0.565694,1.091037,0.641,5.787,1.704,61167.629863,60796.001439
A_OB_1.7999999999999998_1.0_101,COM,0.978022,1.151147,1.09,3.469,3.465,61530.0048,60796.001439
A_OB_1.7999999999999998_1.0_102,COM,0.726968,1.118686,0.189,1.493,4.164,62834.986505,60796.001439
A_OB_1.7999999999999998_1.0_103,COM,1.377387,1.224327,0.227,4.828,2.183,62155.509125,60796.001439
A_OB_1.7999999999999998_1.0_104,COM,0.257657,1.042282,1.734,4.565,3.093,63491.206908,60796.001439
A_OB_1.7999999999999998_1.0_105,COM,0.341067,1.052821,2.283,0.641,0.1,63782.529053,60796.001439
A_OB_1.7999999999999998_1.0_106,COM,1.164351,1.175659,1.064,4.688,3.733,62235.854365,60796.001439
A_OB_1.7999999999999998_1.0_107,COM,0.511277,1.072052,2.12,5.342,3.139,62113.118101,60796.001439
A_OB_1.7999999999999998_1.0_108,COM,1.087401,1.177955,1.786,2.801,4.068,61879.040313,60796.001439
A_OB_1.7999999999999998_1.0_109,COM,0.630591,1.096531,1.212,2.767,4.657,62406.701602,60796.001439
A_OB_1.7999999999999998_1.0_110,COM,1.357689,1.2043,2.85,2.471,0.699,62786.536033,60796.001439
A_OB_1.7999999999999998_1.0_111,COM,0.13066,1.01841,0.636,5.118,5.774,63687.755506,60796.001439
A_OB_1.7999999999999998_1.0_112,COM,0.320692,1.050861,0.96,3.722,2.72,61897.227926,60796.001439
A_OB_1.7999999999999998_1.0_113,COM,1.59025,1.236836,0.466,6.185,3.509,63017.409047,60796.001439
A_OB_1.7999999999999998_1.0_114,COM,0.060876,1.01053,0.959,2.306,4.537,64266.941577,60796.001439
A_OB_1.7999999999999998_1.0_115,COM,1.180903,1.210664,1.114,4.501,2.555,63655.856977,60796.001439
A_OB_1.7999999999999998_1.0_116,COM,1.455107,1.275739,1.522,0.539,3.485,63623.385518,60796.001439
A_OB_1.7999999999999998_1.0_117,COM,0.655858,1.122345,2.186,1.311,4.2,61576.703409,60796.001439
A_OB_1.7999999999999998_1.0_118,COM,0.375529,1.065952,1.088,6.133,5.35,64297.829642,60796.001439
A_OB_1.7999999999999998_1.0_119,COM,0.039929,1.00658,2.512,0.723,4.782,61839.320858,60796.001439
A_OB_1.7999999999999998_1.0_120,COM,1.379975,1.244631,2.685,4.722,5.731,62407.436925,60796.001439
A_OB_1.7999999999999998_1.0_121,COM,0.720841,1.12352,1.426,2.079,4.021,64287.843016,60796.001439
A_OB_1.7999999999999998_1.0_122,COM,1.010917,1.172903,0.151,4.842,5.103,61715.768576,60796.001439
A_OB_1.7999999999999998_1.0_123,COM,2.12446,1.395579,1.884,3.122,3.294,64210.147675,60796.001439
A_OB_1.7999999999999998_1.0_124,COM,1.166727,1.218883,1.131,1.079,4.478,62665.567864,60796.001439
A_OB_1.7999999999999998_1.0_125,COM,0.293325,1.05198,2.933,4.733,3.003,63297.328167,60796.001439
A_OB_1.7999999999999998_1.0_126,COM,0.839537,1.151755,1.854,1.062,4.385,60853.435687,60796.001439
A_OB_1.7999999999999998_1.0_127,COM,0.91548,1.173962,2.309,4.93,4.384,62202.603973,60796.001439
A_OB_1.7999999999999998_1.0_128,COM,0.6974,1.12812,1.961,0.477,5.321,61295.420053,60796.001439
A_OB_1.7999999999999998_1.0_129,COM,1.413735,1.276569,1.842,4.627,3.418,62428.69623,60796.001439
A_OB_1.7999999999999998_1.0_130,COM,1.030198,1.207001,1.099,1.468,3.191,61127.687547,60796.001439
A_OB_1.7999999999999998_1.0_131,COM,1.956021,1.385597,1.313,1.832,4.42,62211.855298,60796.001439
A_OB_1.7999999999999998_1.0_132,COM,1.190579,1.239231,0.942,4.605,2.515,63843.55497,60796.001439
A_OB_1.7999999999999998_1.0_133,COM,0.457088,1.101596,1.396,3.249,2.052,64428.556807,60796.001439
A_OB_1.7999999999999998_1.0_134,COM,1.151072,1.256167,0.744,1.207,4.267,64447.12021,60796.001439
A_OB_1.7999999999999998_1.0_135,COM,0.090479,1.020017,2.789,5.429,4.137,64058.623705,60796.001439
A_OB_1.7999999999999998_1.0_136,COM,0.748896,1.15203,0.752,1.625,0.037,63412.372682,60796.001439
A_OB_1.7999999999999998_1.0_137,COM,0.40997,1.082852,1.452,1.044,6.016,62890.715466,60796.001439
A_OB_1.7999999999999998_1.0_138,COM,1.331251,1.262137,1.799,2.334,5.09,63488.280688,60796.001439
A_OB_1.7999999999999998_1.0_139,COM,1.5099,1.32775,1.018,0.586,4.928,60790.449502,60796.001439
A_OB_1.7999999999999998_1.0_140,COM,1.428214,1.299942,1.883,5.742,4.244,62267.291577,60796.001439
A_OB_1.7999999999999998_1.0_141,COM,1.743351,1.357074,2.668,2.948,0.715,64206.613255,60796.001439
A_OB_1.7999999999999998_1.0_142,COM,1.794328,1.374182,1.308,1.312,3.936,63325.899279,60796.001439
A_OB_1.7999999999999998_1.0_143,COM,1.375673,1.350732,1.328,1.56,3.515,63130.011767,60796.001439
A_OB_1.7999999999999998_1.0_144,COM,0.957289,1.242126,0.98,0.754,4.391,60952.407706,60796.001439
A_OB_1.7999999999999998_1.0_145,COM,0.861584,1.215646,0.897,3.531,5.243,64154.682572,60796.001439
A_OB_1.7999999999999998_1.0_146,COM,0.430672,1.10063,2.03,1.347,4.36,64249.510894,60796.001439
A_OB_1.7999999999999998_1.0_147,COM,0.238801,1.059763,0.433,2.197,2.556,63411.339788,60796.001439
A_OB_1.7999999999999998_1.0_148,COM,1.08412,1.258521,2.105,1.473,4.224,61982.948924,60796.001439
A_OB_1.7999999999999998_1.0_149,COM,0.119915,1.027959,2.068,4.246,3.302,62519.067548,60796.001439
A_OB_1.7999999999999998_1.0_150,COM,0.583539,1.148264,1.203,2.689,4.943,62218.671768,60796.001439
A_OB_1.7999999999999998_1.0_151,COM,1.882792,1.428923,1.782,0.11,3.826,64203.320603,60796.001439
A_OB_1.7999999999999998_1.0_152,COM,1.005209,1.239432,1.289,5.44,2.631,61428.117161,60796.001439
A_OB_1.7999999999999998_1.0_153,COM,1.407406,1.316517,1.162,3.882,3.386,61361.59645,60796.001439
A_OB_1.7999999999999998_1.0_154,COM,0.510649,1.1251,0.499,2.913,3.535,60933.657474,60796.001439
A_OB_1.7999999999999998_1.0_155,COM,1.021892,1.229495,0.882,3.152,2.489,61466.922252,60796.001439
A_OB_1.7999999999999998_1.0_156,COM,0.056716,1.01426,1.662,1.772,5.446,63451.382591,60796.001439
A_OB_1.7999999999999998_1.0_157,COM,0.748996,1.191147,0.779,2.161,4.279,62940.149214,60796.001439
A_OB_1.7999999999999998_1.0_158,COM,0.450778,1.113376,0.495,5.285,0.839,61211.712653,60796.001439
A_OB_1.7999999999999998_1.0_159,COM,0.659909,1.168705,0.802,4.326,3.211,62594.578249,60796.001439
A_OB_1.7999999999999998_1.0_160,COM,1.330047,1.334762,0.167,2.371,5.087,61353.318659,60796.001439
A_OB_1.7999999999999998_1.0_161,COM,1.450195,1.346786,2.501,0.902,5.099,62635.675635,60796.001439
A_OB_1.7999999999999998_1.0_162,COM,1.351055,1.382469,1.011,1.909,4.326,63133.560261,60796.001439
A_OB_1.7999999999999998_1.0_163,COM,1.294603,1.373723,1.286,5.297,3.203,64285.559181,60796.001439
A_OB_1.7999999999999998_1.0_164,COM,1.012254,1.288867,1.969,4.891,2.498,61709.760011,60796.001439
A_OB_1.7999999999999998_1.0_165,COM,0.791413,1.215034,1.064,1.901,4.094,63355.288102,60796.001439
A_OB_1.7999999999999998_1.0_166,COM,1.246934,1.329522,1.475,2.946,2.398,61848.77937,60796.001439
A_OB_1.7999999999999998_1.0_167,COM,1.200494,1.325144,1.315,5.146,2.749,64470.895324,60796.001439
A_OB_1.7999999999999998_1.0_168,COM,0.713119,1.183851,1.904,0.437,3.449,60899.18894,60796.001439
A_OB_1.7999999999999998_1.0_169,COM,0.939306,1.253335,2.351,0.803,4.873,64073.171844,60796.001439
A_OB_1.7999999999999998_1.0_170,COM,0.086221,1.024004,2.443,1.355,5.269,61944.98388,60796.001439
A_OB_1.7999999999999998_1.0_171,COM,0.730487,1.1995,1.92,1.178,4.854,61006.045465,60796.001439
A_OB_1.7999999999999998_1.0_172,COM,0.845163,1.236857,0.421,2.236,5.085,61719.856393,60796.001439
A_OB_1.7999999999999998_1.0_173,COM,1.211383,1.325303,2.339,4.91,3.822,62289.195002,60796.001439
A_OB_1.7999999999999998_1.0_174,COM,1.508436,1.402638,1.826,2.16,2.469,63077.986895,60796.001439
A_OB_1.7999999999999998_1.0_175,COM,1.163904,1.314793,1.178,4.836,3.623,64319.286757,60796.001439
A_OB_1.7999999999999998_1.0_176,COM,1.232736,1.345465,1.938,4.711,3.257,63033.69471,60796.001439
A_OB_1.7999999999999998_1.0_177,COM,1.348504,1.372179,2.194,2.539,4.187,62898.151798,60796.001439
A_OB_1.7999999999999998_1.0_178,COM,0.659941,1.179822,1.13,5.289,3.762,62231.319635,60796.001439
A_OB_1.7999999999999998_1.0_179,COM,0.398051,1.106919,1.092,1.66,5.601,60883.417828,60796.001439
A_OB_1.7999999999999998_1.0_180,COM,1.393065,1.403587,1.552,6.268,4.276,62957.22499,60796.001439
A_OB_1.7999999999999998_1.0_181,COM,1.194705,1.38519,1.72,3.649,3.854,61119.723388,60796.001439
A_OB_1.7999999999999998_1.0_182,COM,0.402476,1.132035,1.05,0.814,4.807,64013.047295,60796.001439
A_OB_1.7999999999999998_1.0_183,COM,0.840459,1.247303,1.013,5.112,3.125,63239.500627,60796.001439
A_OB_1.7999999999999998_1.0_184,COM,2.855935,1.927498,2.079,3.946,4.661,62693.947865,60796.001439
A_OB_1.7999999999999998_1.0_185,COM,0.978229,1.315468,0.714,4.314,4.233,61217.073979,60796.001439
A_OB_1.7999999999999998_1.0_186,COM,1.375764,1.41002,1.637,5.377,3.095,62546.689223,60796.001439
A_OB_1.7999999999999998_1.0_187,COM,0.736665,1.217105,1.734,6.114,3.561,63934.749453,60796.001439
A_OB_1.7999999999999998_1.0_188,COM,1.015551,1.303677,2.017,5.898,2.896,64156.886416,60796.001439
A_OB_1.7999999999999998_1.0_189,COM,11.449914,4.594655,0.888,4.134,2.727,64065.611454,60796.001439
A_OB_1.7999999999999998_1.0_190,COM,1.073439,1.334382,1.404,4.475,4.096,60824.098307,60796.001439
A_OB_1.7999999999999998_1.0_191,COM,0.519563,1.170869,1.541,1.183,5.793,63212.033779,60796.001439
A_OB_1.7999999999999998_1.0_192,COM,0.238899,1.074388,2.077,6.203,4.429,61569.284187,60796.001439
A_OB_1.7999999999999998_1.0_193,COM,1.607824,1.48124,2.354,4.462,5.927,61876.090996,60796.001439
A_OB_1.7999999999999998_1.0_194,COM,1.300458,1.404805,1.384,6.252,5.268,61196.012804,60796.001439
A_OB_1.7999999999999998_1.0_195,COM,0.73459,1.231158,2.053,5.376,5.916,62981.422302,60796.001439
A_OB_1.7999999999999998_1.0_196,COM,0.813968,1.251633,2.427,4.493,2.823,62457.956137,60796.001439
A_OB_1.7999999999999998_1.0_197,COM,0.717193,1.22922,1.369,2.261,4.917,62546.490712,60796.001439
A_OB_1.7999999999999998_1.0_198,COM,1.126277,1.359686,2.004,1.958,4.423,62819.615844,60796.001439
A_OB_1.7999999999999998_1.0_199,COM,1.424384,1.524667,1.293,4.267,3.196,61761.174146,60796.001439
A_OB_1.7999999999999998_1.0_200,COM,0.076889,1.027642,1.801,5.685,5.788,63054.027771,60796.001439
A_OB_1.7999999999999998_1.0_201,COM,0.990134,1.351938,1.801,5.913,5.453,62784.928709,60796.001439
A_OB_1.7999999999999998_1.0_202,COM,1.076581,1.357978,1.838,1.46,4.336,61023.352793,60796.001439
A_OB_1.7999999999999998_1.0_203,COM,0.157809,1.056536,1.346,5.257,3.356,64305.664144,60796.001439
A_OB_1.7999999999999998_1.0_204,COM,0.145221,1.053041,1.786,0.824,5.459,62490.207819,60796.001439
A_OB_1.7999999999999998_1.0_205,COM,0.588575,1.203579,2.057,5.302,4.512,62089.536208,60796.001439
A_OB_1.7999999999999998_1.0_206,COM,1.13834,1.4108,0.73,1.596,4.782,64311.388257,60796.001439
A_OB_1.7999999999999998_1.0_207,COM,0.41444,1.150494,1.817,1.22,5.289,64183.519716,60796.001439
A_OB_1.7999999999999998_1.0_208,COM,1.219834,1.438538,1.503,5.328,4.01,62052.14227,60796.001439
A_OB_1.7999999999999998_1.0_209,COM,1.015344,1.361147,2.139,1.329,5.053,61706.530114,60796.001439
A_OB_1.7999999999999998_1.0_210,COM,0.195721,1.064815,1.483,0.617,4.742,61049.303051,60796.001439
A_OB_1.7999999999999998_1.0_211,COM,0.986099,1.344592,1.28,0.057,4.053,61809.094764,60796.001439
A_OB_1.7999999999999998_1.0_212,COM,1.165736,1.419301,1.788,0.676,2.585,61422.783421,60796.001439
A_OB_1.7999999999999998_1.0_213,COM,1.258626,1.447413,1.282,0.358,4.632,64252.962696,60796.001439
A_OB_1.7999999999999998_1.0_214,COM,1.274632,1.453506,1.798,3.642,1.722,61711.310125,60796.001439
A_OB_1.7999999999999998_1.0_215,COM,1.406281,1.465497,1.691,6.054,4.156,61413.665627,60796.001439
A_OB_1.7999999999999998_1.0_216,COM,1.257204,1.414229,2.421,0.392,5.738,62971.509239,60796.001439
A_OB_1.7999999999999998_1.0_217,COM,1.094634,1.438979,0.601,3.33,3.754,63025.539439,60796.001439
A_OB_1.7999999999999998_1.0_218,COM,0.346013,1.129864,1.592,4.298,3.959,64142.06648,60796.001439
A_OB_1.7999999999999998_1.0_219,COM,0.21391,1.086419,1.108,3.481,3.687,63156.283551,60796.001439
A_OB_1.7999999999999998_1.0_220,COM,0.615359,1.229555,0.832,3.628,3.548,63220.207888,60796.001439
A_OB_1.7999999999999998_1.0_221,COM,0.515031,1.208928,2.487,4.456,5.235,61654.729015,60796.001439
A_OB_1.7999999999999998_1.0_222,COM,0.219214,1.084029,1.413,4.474,2.517,61708.358739,60796.001439
A_OB_1.7999999999999998_1.0_223,COM,0.034588,1.013314,1.287,2.519,5.118,62583.256106,60796.001439
A_OB_1.7999999999999998_1.0_224,COM,0.149727,1.056124,0.974,2.961,4.901,62822.256279,60796.001439
A_OB_1.7999999999999998_1.0_225,COM,0.601646,1.225988,0.549,1.014,0.277,63393.946489,60796.001439
A_OB_1.7999999999999998_1.0_226,COM,0.420822,1.156335,1.386,4.439,3.642,61925.565838,60796.001439
A_OB_1.7999999999999998_1.0_227,COM,0.504834,1.189776,1.265,4.855,1.816,61931.713479,60796.001439
A_OB_1.7999999999999998_1.0_228,COM,1.404497,1.554467,2.509,4.273,1.361,63281.090402,60796.001439
A_OB_1.7999999999999998_1.0_229,COM,0.970603,1.37405,2.942,6.01,3.324,61494.577709,60796.001439
A_OB_1.7999999999999998_1.0_230,COM,1.290617,1.477811,1.789,4.192,3.521,61893.498418,60796.001439
A_OB_1.7999999999999998_1.0_231,COM,1.500227,1.553796,3.043,2.429,5.053,62762.84253,60796.001439
A_OB_1.7999999999999998_1.0_232,COM,0.190919,1.07603,1.235,2.023,5.349,64246.680196,60796.001439
A_OB_1.7999999999999998_1.0_233,COM,1.16599,1.45443,2.398,1.985,3.82,61553.604053,60796.001439
A_OB_1.7999999999999998_1.0_234,COM,0.951964,1.408113,1.977,5.962,4.208,64188.252571,60796.001439
A_OB_1.7999999999999998_1.0_235,COM,0.536352,1.240783,1.873,0.676,4.492,61514.951913,60796.001439
A_OB_1.7999999999999998_1.0_236,COM,1.100183,1.485136,2.896,1.414,5.981,62511.140326,60796.001439
A_OB_1.7999999999999998_1.0_237,COM,0.693316,1.299374,0.888,6.078,5.84,61313.191571,60796.001439
A_OB_1.7999999999999998_1.0_238,COM,0.229896,1.096734,1.705,1.619,5.435,62064.996575,60796.001439
A_OB_1.7999999999999998_1.0_239,COM,0.249964,1.11307,2.406,6.127,3.723,64325.019334,60796.001439
A_OB_1.7999999999999998_1.0_240,COM,0.144255,1.06313,1.628,4.864,2.877,62243.961132,60796.001439
A_OB_1.7999999999999998_1.0_241,COM,1.206629,1.504554,1.745,0.189,4.069,61329.573148,60796.001439
A_OB_1.7999999999999998_1.0_242,COM,1.303184,1.580784,1.524,3.896,3.476,63929.941126,60796.001439
A_OB_1.7999999999999998_1.0_243,COM,1.367801,1.6133,1.137,3.964,3.836,64440.704715,60796.001439
A_OB_1.7999999999999998_1.0_244,COM,0.150829,1.064218,2.014,0.566,5.052,61547.15995,60796.001439
A_OB_1.7999999999999998_1.0_245,COM,0.570467,1.253248,1.436,1.791,5.356,62905.824501,60796.001439
A_OB_1.7999999999999998_1.0_246,COM,0.648221,1.28645,0.964,2.863,4.236,64478.436653,60796.001439
A_OB_1.7999999999999998_1.0_247,COM,0.803169,1.362161,1.785,3.807,3.135,61578.732524,60796.001439
A_OB_1.7999999999999998_1.0_248,COM,1.398327,1.581065,2.143,5.801,3.532,63520.746045,60796.001439
A_OB_1.7999999999999998_1.0_249,COM,0.665162,1.29703,1.456,2.24,4.427,64411.817616,60796.001439
A_OB_1.7999999999999998_1.0_250,COM,1.300099,1.575775,1.894,1.445,4.773,62503.902088,60796.001439
A_OB_1.7999999999999998_1.0_251,COM,1.392219,1.620541,2.043,2.11,5.181,64042.036202,60796.001439
A_OB_1.7999999999999998_1.0_252,COM,0.896636,1.376838,1.67,4.072,2.369,62967.454343,60796.001439
A_OB_1.7999999999999998_1.0_253,COM,1.120933,1.501204,1.692,1.858,4.496,63440.015241,60796.001439
A_OB_1.7999999999999998_1.0_254,COM,0.884943,1.409168,1.543,1.752,4.63,61773.437418,60796.001439
A_OB_1.7999999999999998_1.0_255,COM,0.708569,1.344971,1.946,1.582,5.129,62724.417446,60796.001439
A_OB_1.7999999999999998_1.0_256,COM,0.768852,1.352691,2.502,0.519,3.597,60871.905196,60796.001439
A_OB_1.7999999999999998_1.0_257,COM,1.33486,1.667062,1.762,5.197,3.437,63391.607473,60796.001439
A_OB_1.7999999999999998_1.0_258,COM,0.255525,1.118746,1.134,2.546,3.818,60961.708554,60796.001439
A_OB_1.7999999999999998_1.0_259,COM,1.170684,1.557395,2.313,2.43,3.807,61111.026242,60796.001439
A_OB_1.7999999999999998_1.0_260,COM,1.080763,1.494577,1.784,4.647,4.177,63146.184363,60796.001439
A_OB_1.7999999999999998_1.0_261,COM,1.03795,1.519762,1.916,1.571,4.954,63979.799908,60796.001439
A_OB_1.7999999999999998_1.0_262,COM,0.150181,1.074011,1.627,4.229,3.353,61135.352392,60796.001439
A_OB_1.7999999999999998_1.0_263,COM,0.90178,1.429655,2.334,5.814,3.862,60941.411562,60796.001439
A_OB_1.7999999999999998_1.0_264,COM,0.424699,1.199588,2.507,2.382,5.25,61613.400498,60796.001439
A_OB_1.7999999999999998_1.0_265,COM,0.395355,1.183689,2.136,5.38,3.423,63998.851302,60796.001439
A_OB_1.7999999999999998_1.0_266,COM,2.39205,2.143135,1.749,4.574,3.114,61260.569655,60796.001439
A_OB_1.7999999999999998_1.0_267,COM,0.162278,1.081106,1.908,5.283,3.73,63194.708563,60796.001439
A_OB_1.7999999999999998_1.0_268,COM,0.481022,1.253152,2.577,5.479,2.743,63789.939333,60796.001439
A_OB_1.7999999999999998_1.0_269,COM,4.34367,3.187438,1.274,1.273,3.806,62783.987615,60796.001439
A_OB_1.7999999999999998_1.0_270,COM,0.734797,1.374266,0.831,3.447,3.624,62520.009368,60796.001439
A_OB_1.7999999999999998_1.0_271,COM,1.063014,1.538397,1.808,2.495,3.875,61555.81765,60796.001439
A_OB_1.7999999999999998_1.0_272,COM,0.594955,1.319042,1.321,2.107,4.282,60900.852491,60796.001439
A_OB_1.7999999999999998_1.0_273,COM,0.456444,1.249189,1.171,4.546,3.333,61220.460837,60796.001439
A_OB_1.7999999999999998_1.0_274,COM,0.950893,1.511772,0.427,3.616,2.99,61944.257266,60796.001439
A_OB_1.7999999999999998_1.0_275,COM,0.462133,1.243418,2.125,0.885,4.144,61356.213701,60796.001439
A_OB_1.7999999999999998_1.0_276,COM,1.66394,1.892438,0.579,2.508,3.089,64037.672354,60796.001439
A_OB_1.7999999999999998_1.0_277,COM,0.773557,1.407032,2.026,1.303,4.756,62468.954137,60796.001439
A_OB_1.7999999999999998_1.0_278,COM,1.510138,1.797582,2.202,1.424,4.708,62049.01063,60796.001439
A_OB_1.7999999999999998_1.0_279,COM,0.703794,1.367789,1.15,4.58,2.547,63484.377789,60796.001439
A_OB_1.7999999999999998_1.0_280,COM,0.579678,1.30755,0.809,3.274,3.736,61638.006888,60796.001439
A_OB_1.7999999999999998_1.0_281,COM,1.450919,1.765685,2.759,2.221,3.516,63618.5088,60796.001439
A_OB_1.7999999999999998_1.0_282,COM,0.129137,1.065202,1.285,3.675,3.796,61201.22469,60796.001439
A_OB_1.7999999999999998_1.0_283,COM,1.296612,1.727156,0.623,3.069,3.899,62003.284153,60796.001439
A_OB_1.7999999999999998_1.0_284,COM,1.118429,1.653312,2.281,0.568,4.354,63822.104943,60796.001439
A_OB_1.7999999999999998_1.0_285,COM,1.518921,1.899704,0.645,1.709,4.986,60864.762872,60796.001439
A_OB_1.7999999999999998_1.0_286,COM,1.019285,1.602339,1.871,4.905,2.833,63504.71207,60796.001439
A_OB_1.7999999999999998_1.0_287,COM,0.421838,1.252659,2.565,4.854,3.365,61030.942183,60796.001439
A_OB_1.7999999999999998_1.0_288,COM,1.350221,1.766979,1.519,4.654,3.743,61403.722963,60796.001439
A_OB_1.7999999999999998_1.0_289,COM,1.355685,1.792569,1.703,0.471,3.732,62092.452833,60796.001439
A_OB_1.7999999999999998_1.0_290,COM,1.628547,1.912334,0.628,1.479,5.296,62434.292534,60796.001439
A_OB_1.7999999999999998_1.0_291,COM,0.114106,1.06333,1.24,3.032,3.34,62354.223335,60796.001439
A_OB_1.7999999999999998_1.0_292,COM,0.476371,1.270746,1.995,2.44,3.901,63709.458789,60796.001439
A_OB_1.7999999999999998_1.0_293,COM,0.281065,1.164307,1.46,1.658,3.585,64336.884924,60796.001439
A_OB_1.7999999999999998_1.0_294,COM,0.632441,1.360689,1.148,1.921,4.728,62857.670103,60796.001439
A_OB_1.7999999999999998_1.0_295,COM,0.803077,1.444063,2.033,0.567,4.453,63017.649289,60796.001439
A_OB_1.7999999999999998_1.0_296,COM,0.799245,1.442603,1.776,2.766,2.517,63166.875289,60796.001439
A_OB_1.7999999999999998_1.0_297,COM,1.333791,1.765362,2.258,2.932,2.7,61706.388284,60796.001439
A_OB_1.7999999999999998_1.0_298,COM,2.911204,2.628749,1.414,4.261,4.775,61637.092846,60796.001439
A_OB_1.7999999999999998_1.0_299,COM,2.903978,2.765644,2.245,0.895,4.278,63453.211053,60796.001439
A_OB_1.7999999999999998_1.0_300,COM,2.177087,2.322794,0.752,4.311,2.856,63116.779006,60796.001439
A_OB_1.7999999999999998_1.0_301,COM,1.019196,1.652842,1.548,0.56,4.343,63580.005273,60796.001439
A_OB_1.7999999999999998_1.0_302,COM,0.993977,1.642019,1.245,1.946,3.916,62319.870653,60796.001439
A_OB_1.7999999999999998_1.0_303,COM,0.820478,1.532268,1.086,1.568,5.397,62760.146296,60796.001439
A_OB_1.7999999999999998_1.0_304,COM,1.20638,1.771928,1.792,4.295,2.692,62402.282329,60796.001439
A_OB_1.7999999999999998_1.0_305,COM,0.152145,1.091499,0.936,2.598,4.473,63392.601468,60796.001439
A_OB_1.7999999999999998_1.0_306,COM,1.640543,2.057393,1.233,1.912,3.88,62913.016698,60796.001439
A_OB_1.7999999999999998_1.0_307,COM,1.334271,1.826988,0.404,1.449,6.188,61197.373916,60796.001439
A_OB_1.7999999999999998_1.0_308,COM,0.917412,1.588852,1.543,5.511,2.36,63344.817954,60796.001439
A_OB_1.7999999999999998_1.0_309,COM,1.162349,1.7333,1.201,3.411,3.388,61949.394449,60796.001439
A_OB_1.7999999999999998_1.0_310,COM,1.094717,1.664119,1.428,2.405,4.003,63712.071116,60796.001439
A_OB_1.7999999999999998_1.0_311,COM,0.831873,1.538395,0.822,2.772,4.278,62006.777269,60796.001439
A_OB_1.7999999999999998_1.0_312,COM,1.257341,1.768532,0.597,2.604,4.199,61545.016478,60796.001439
A_OB_1.7999999999999998_1.0_313,COM,1.381545,1.843997,2.251,2.42,4.184,63715.733856,60796.001439
A_OB_1.7999999999999998_1.0_314,COM,4.17346,3.536173,2.101,5.981,4.869,63775.293961,60796.001439
A_OB_1.7999999999999998_1.0_315,COM,0.08668,1.052314,1.688,4.927,3.082,60798.439361,60796.001439
A_OB_1.7999999999999998_1.0_316,COM,0.500597,1.30239,1.041,1.402,5.262,61198.588902,60796.001439
A_OB_1.7999999999999998_1.0_317,COM,1.812805,2.123723,0.43,1.365,5.065,61622.895975,60796.001439
A_OB_1.7999999999999998_1.0_318,COM,1.274025,1.804714,1.053,3.454,2.965,63451.058246,60796.001439
A_OB_1.7999999999999998_1.0_319,COM,1.270027,1.803271,1.232,3.183,3.839,62429.988546,60796.001439
A_OB_1.7999999999999998_1.0_320,COM,1.34725,1.829507,1.871,5.334,4.097,64290.273471,60796.001439
A_OB_1.7999999999999998_1.0_321,COM,0.081432,1.050917,1.395,4.722,3.288,61841.70914,60796.001439
A_OB_1.7999999999999998_1.0_322,COM,2.42183,2.605048,0.459,6.127,0.899,62603.252407,60796.001439
A_OB_1.7999999999999998_1.0_323,COM,0.87457,1.602582,0.378,1.052,5.8,63019.753562,60796.001439
A_OB_1.7999999999999998_1.0_324,COM,0.60108,1.406234,0.532,0.529,5.322,60986.063203,60796.001439
A_OB_1.7999999999999998_1.0_325,COM,0.734594,1.499006,1.037,4.948,3.548,62724.333382,60796.001439
A_OB_1.7999999999999998_1.0_326,COM,1.109885,1.759452,2.105,6.023,3.772,61595.660674,60796.001439
A_OB_1.7999999999999998_1.0_327,COM,0.63594,1.417886,0.842,3.722,4.548,63153.145197,60796.001439
A_OB_1.7999999999999998_1.0_328,COM,1.049143,1.73182,1.571,1.644,4.03,63469.04873,60796.001439
A_OB_1.7999999999999998_1.0_329,COM,1.372403,1.952691,1.081,1.875,4.449,64074.698423,60796.001439
A_OB_1.7999999999999998_1.0_330,COM,0.91123,1.599068,1.265,1.185,3.674,64385.260305,60796.001439
A_OB_1.7999999999999998_1.0_331,COM,0.977856,1.652202,0.474,1.148,5.393,62485.380821,60796.001439
A_OB_1.7999999999999998_1.0_332,COM,1.188381,1.830869,1.661,4.695,2.582,62584.185168,60796.001439
A_OB_1.7999999999999998_1.0_333,COM,1.111212,1.840355,2.19,6.161,4.121,62652.089809,60796.001439
A_OB_1.7999999999999998_1.0_334,COM,0.020934,1.015597,1.963,5.047,3.582,64061.231688,60796.001439
A_OB_1.7999999999999998_1.0_335,COM,1.4482,2.043266,1.46,2.614,4.133,61796.886757,60796.001439
A_OB_1.7999999999999998_1.0_336,COM,0.517661,1.371303,0.366,1.945,3.84,62518.257962,60796.001439
A_OB_1.7999999999999998_1.0_337,COM,0.370376,1.275598,1.637,4.181,3.611,62107.500792,60796.001439
A_OB_1.7999999999999998_1.0_338,COM,0.075305,1.055762,0.228,4.662,3.726,64108.365243,60796.001439
A_OB_1.7999999999999998_1.0_339,COM,2.266552,2.627128,2.359,0.679,4.145,61476.485172,60796.001439
A_OB_1.7999999999999998_1.0_340,COM,1.96757,2.40212,0.988,5.662,4.938,62101.743245,60796.001439
A_OB_1.7999999999999998_1.0_341,COM,0.09076,1.067534,0.659,3.694,3.417,62183.995464,60796.001439
A_OB_1.7999999999999998_1.0_342,COM,0.499579,1.374982,1.123,2.174,5.028,63722.082985,60796.001439
A_OB_1.7999999999999998_1.0_343,COM,0.594096,1.449851,0.962,2.883,3.151,63223.365299,60796.001439
A_OB_1.7999999999999998_1.0_344,COM,0.931037,1.686678,2.102,1.206,4.593,63303.688832,60796.001439
A_OB_1.7999999999999998_1.0_345,COM,0.404497,1.308004,1.039,4.074,3.195,63793.642386,60796.001439
A_OB_1.7999999999999998_1.0_346,COM,0.264962,1.196143,1.598,3.836,3.521,64356.635925,60796.001439
A_OB_1.7999999999999998_1.0_347,COM,1.147534,1.818811,2.347,0.011,4.657,61620.91244,60796.001439
A_OB_1.7999999999999998_1.0_348,COM,1.098208,1.881003,2.29,5.862,3.06,61670.999794,60796.001439
A_OB_1.7999999999999998_1.0_349,COM,1.029855,1.830918,1.664,1.227,3.541,63118.612885,60796.001439
A_OB_1.7999999999999998_1.0_350,COM,1.518366,2.217684,0.384,3.811,2.451,63258.368773,60796.001439
A_OB_1.7999999999999998_1.0_351,COM,0.903908,1.717794,0.759,5.101,3.143,63582.708731,60796.001439
A_OB_1.7999999999999998_1.0_352,COM,1.370221,2.051292,0.841,4.26,2.681,62280.887734,60796.001439
A_OB_1.7999999999999998_1.0_353,COM,1.029348,1.824501,0.163,2.547,3.287,62584.449994,60796.001439
A_OB_1.7999999999999998_1.0_354,COM,0.294004,1.233626,1.868,1.176,5.245,64431.524246,60796.001439
A_OB_1.7999999999999998_1.0_355,COM,1.701721,2.311343,1.233,4.99,2.969,63836.825198,60796.001439
A_OB_1.7999999999999998_1.0_356,COM,1.119724,1.89483,2.231,5.028,2.725,61059.796976,60796.001439
A_OB_1.7999999999999998_1.0_357,COM,0.274987,1.212273,1.507,1.854,4.682,64381.750029,60796.001439
A_OB_1.7999999999999998_1.0_358,COM,1.210568,1.977265,1.269,4.758,3.164,62383.814448,60796.001439
A_OB_1.7999999999999998_1.0_359,COM,1.3182,2.016585,1.705,2.343,4.549,64429.759696,60796.001439
A_OB_1.7999999999999998_1.0_360,COM,0.243368,1.208743,2.451,6.195,4.228,62568.216704,60796.001439
A_OB_1.7999999999999998_1.0_361,COM,1.177704,1.976076,2.204,0.148,3.231,61367.799941,60796.001439
A_OB_1.7999999999999998_1.0_362,COM,0.656153,1.544076,1.319,4.716,2.953,63237.138512,60796.001439
A_OB_1.7999999999999998_1.0_363,COM,2.693365,3.246817,1.006,2.39,4.451,60815.605172,60796.001439
A_OB_1.7999999999999998_1.0_364,COM,1.320967,2.135348,1.964,4.091,3.749,64273.311968,60796.001439
A_OB_1.7999999999999998_1.0_365,COM,0.464652,1.409297,1.216,1.817,4.893,62584.369996,60796.001439
A_OB_1.7999999999999998_1.0_366,COM,1.388068,2.21823,1.485,2.335,4.057,63460.055044,60796.001439
A_OB_1.7999999999999998_1.0_367,COM,1.092057,1.922675,2.442,4.46,2.224,63398.679131,60796.001439
A_OB_1.7999999999999998_1.0_368,COM,0.795577,1.697008,1.996,5.18,2.387,60803.735034,60796.001439
A_OB_1.7999999999999998_1.0_369,COM,0.67003,1.55671,1.083,3.469,4.085,60943.659712,60796.001439
A_OB_1.7999999999999998_1.0_370,COM,1.240917,2.102555,0.457,0.91,6.127,63086.678229,60796.001439
A_OB_1.7999999999999998_1.0_371,COM,1.108945,2.042487,1.584,0.471,4.455,61894.318217,60796.001439
A_OB_1.7999999999999998_1.0_372,COM,1.685874,2.521244,1.266,4.523,2.917,61845.376266,60796.001439
A_OB_1.7999999999999998_1.0_373,COM,0.886535,1.831581,1.051,5.086,2.234,61292.866192,60796.001439
A_OB_1.7999999999999998_1.0_374,COM,1.194986,2.131066,0.331,1.791,4.897,62396.536507,60796.001439
A_OB_1.7999999999999998_1.0_375,COM,0.904464,1.849275,1.462,5.282,2.903,63748.171731,60796.001439
A_OB_1.7999999999999998_1.0_376,COM,1.481033,2.341814,2.149,1.617,4.143,63880.874996,60796.001439
A_OB_1.7999999999999998_1.0_377,COM,0.498672,1.486611,1.134,2.375,4.675,60956.774239,60796.001439
A_OB_1.7999999999999998_1.0_378,COM,1.423745,2.443681,1.063,4.546,2.984,63559.40781,60796.001439
A_OB_1.7999999999999998_1.0_379,COM,1.181894,2.172542,0.943,4.025,2.997,63515.905786,60796.001439
A_OB_1.7999999999999998_1.0_380,COM,1.765272,2.790262,2.251,0.181,3.647,64030.547341,60796.001439
A_OB_1.7999999999999998_1.0_381,COM,1.352289,2.314291,1.169,3.348,2.98,62552.114712,60796.001439
A_OB_1.7999999999999998_1.0_382,COM,1.283615,2.285882,1.569,4.57,1.412,62732.156784,60796.001439
A_OB_1.7999999999999998_1.0_383,COM,1.237202,2.258879,1.135,4.527,3.209,61173.978551,60796.001439
A_OB_1.7999999999999998_1.0_384,COM,0.334319,1.326719,0.813,4.304,3.783,63179.379554,60796.001439
A_OB_1.7999999999999998_1.0_385,COM,0.723939,1.726339,2.434,3.172,0.957,62892.777055,60796.001439
A_OB_1.7999999999999998_1.0_386,COM,0.446735,1.436637,1.027,0.072,4.801,64358.973176,60796.001439
A_OB_1.7999999999999998_1.0_387,COM,1.580052,2.519835,0.272,1.088,5.276,62322.780959,60796.001439
A_OB_1.7999999999999998_1.0_388,COM,0.129604,1.136078,2.623,5.654,4.429,62329.229769,60796.001439
A_OB_1.7999999999999998_1.0_389,COM,0.770679,1.827637,1.774,4.134,4.681,63632.137386,60796.001439
A_OB_1.7999999999999998_1.0_390,COM,1.576288,2.629359,2.658,5.075,2.597,63241.813554,60796.001439
A_OB_1.7999999999999998_1.0_391,COM,0.838686,1.886792,0.912,2.998,3.56,61367.379239,60796.001439
A_OB_1.7999999999999998_1.0_392,COM,1.296009,2.407986,1.69,1.933,4.494,60959.110627,60796.001439
A_OB_1.7999999999999998_1.0_393,COM,1.399358,2.432041,1.455,0.195,2.727,61068.572857,60796.001439
A_OB_1.7999999999999998_1.0_394,COM,1.864429,2.91297,0.774,2.398,3.768,63507.264047,60796.001439
A_OB_1.7999999999999998_1.0_395,COM,1.254316,2.317896,2.162,5.839,4.218,63024.710933,60796.001439
A_OB_1.7999999999999998_1.0_396,COM,1.565756,2.701699,1.25,2.007,3.872,63869.110263,60796.001439
A_OB_1.7999999999999998_1.0_397,COM,0.985508,2.01232,0.932,2.639,4.13,61199.606611,60796.001439
A_OB_1.7999999999999998_1.0_398,COM,0.770027,1.796421,2.671,5.393,2.781,60948.133411,60796.001439
A_OB_1.7999999999999998_1.0_399,COM,0.757072,1.876391,1.815,1.636,4.616,62230.070687,60796.001439
A_OB_1.7999999999999998_1.0_400,COM,21.538083,24.457714,1.574,0.01,4.015,63182.95462,60796.001439
A_OB_1.7999999999999998_1.0_401,COM,1.147007,2.278385,1.529,1.566,4.016,61629.86778,60796.001439
A_OB_1.7999999999999998_1.0_402,COM,1.176956,2.3201,2.504,4.714,2.396,61910.718875,60796.001439
A_OB_1.7999999999999998_1.0_403,COM,1.12094,2.346654,0.636,3.245,4.027,62469.951845,60796.001439
A_OB_1.7999999999999998_1.0_404,COM,1.215467,2.433523,1.592,1.374,3.635,62825.838463,60796.001439
A_OB_1.7999999999999998_1.0_405,COM,0.931454,2.081751,1.196,2.813,3.859,64300.003834,60796.001439
A_OB_1.7999999999999998_1.0_406,COM,0.465621,1.566364,1.376,2.064,5.031,64013.006474,60796.001439
A_OB_1.7999999999999998_1.0_407,COM,0.504674,1.618564,2.27,6.097,3.159,62706.41871,60796.001439
A_OB_1.7999999999999998_1.0_408,COM,1.103779,2.335659,1.723,4.454,2.541,61544.791057,60796.001439
A_OB_1.7999999999999998_1.0_409,COM,1.546232,2.887474,2.282,0.548,3.21,63434.359249,60796.001439
A_OB_1.7999999999999998_1.0_410,COM,1.473206,2.71953,1.564,4.814,2.394,64253.040026,60796.001439
A_OB_1.7999999999999998_1.0_411,COM,2.590742,4.164664,2.829,5.719,2.539,62222.289051,60796.001439
A_OB_1.7999999999999998_1.0_412,COM,0.559931,1.659855,1.886,4.919,2.97,63244.889656,60796.001439
A_OB_1.7999999999999998_1.0_413,COM,0.860369,2.028012,1.522,5.849,3.22,63893.938362,60796.001439
A_OB_1.7999999999999998_1.0_414,COM,0.490502,1.592814,1.198,4.116,3.059,62892.883774,60796.001439
A_OB_1.7999999999999998_1.0_415,COM,1.01381,2.310777,2.113,0.366,3.442,61045.43702,60796.001439
A_OB_1.7999999999999998_1.0_416,COM,0.430296,1.562141,1.613,4.976,3.561,63972.958661,60796.001439
A_OB_1.7999999999999998_1.0_417,COM,1.332231,2.657276,1.272,2.522,3.299,62516.829284,60796.001439
A_OB_1.7999999999999998_1.0_418,COM,1.998041,3.474039,1.608,4.711,1.717,63663.654733,60796.001439
A_OB_1.7999999999999998_1.0_419,COM,0.938433,2.226033,1.883,1.165,2.846,61114.652484,60796.001439
A_OB_1.7999999999999998_1.0_420,COM,0.858068,2.089197,0.7,2.721,4.345,63002.96412,60796.001439
A_OB_1.7999999999999998_1.0_421,COM,1.995608,3.616531,0.762,2.124,4.499,62553.158558,60796.001439
A_OB_1.7999999999999998_1.0_422,COM,0.116124,1.156254,1.301,1.949,4.853,63720.380894,60796.001439
A_OB_1.7999999999999998_1.0_423,COM,0.235273,1.323264,1.811,5.339,2.84,62546.396514,60796.001439
A_OB_1.7999999999999998_1.0_424,COM,1.174435,2.578991,2.126,0.789,4.027,61089.029066,60796.001439
A_OB_1.7999999999999998_1.0_425,COM,1.093495,2.51154,1.744,4.576,2.5,62427.692178,60796.001439
A_OB_1.7999999999999998_1.0_426,COM,1.925431,3.650817,0.91,1.614,3.658,63845.752388,60796.001439
A_OB_1.7999999999999998_1.0_427,COM,1.539839,3.092606,1.29,2.85,4.008,63622.512921,60796.001439
A_OB_1.7999999999999998_1.0_428,COM,1.358707,2.816908,0.56,2.685,3.962,62867.838341,60796.001439
A_OB_1.7999999999999998_1.0_429,COM,0.814006,2.111288,0.694,3.932,2.979,62201.824548,60796.001439
A_OB_1.7999999999999998_1.0_430,COM,2.05835,3.883364,1.225,1.445,4.328,62422.445958,60796.001439
A_OB_1.7999999999999998_1.0_431,COM,0.874399,2.253055,1.591,4.848,3.18,63883.733065,60796.001439
A_OB_1.7999999999999998_1.0_432,COM,0.207758,1.296522,2.475,1.545,4.838,62356.368768,60796.001439
A_OB_1.7999999999999998_1.0_433,COM,0.960973,2.404201,1.576,2.333,4.117,61684.220853,60796.001439
A_OB_1.7999999999999998_1.0_434,COM,1.162006,2.685823,1.271,1.508,5.023,62439.497967,60796.001439
A_OB_1.7999999999999998_1.0_435,COM,0.989525,2.485686,1.253,3.18,3.916,63049.889227,60796.001439
A_OB_1.7999999999999998_1.0_436,COM,0.437355,1.66057,2.334,0.43,3.694,60939.759825,60796.001439
A_OB_1.7999999999999998_1.0_437,COM,0.924748,2.425995,2.092,5.708,3.49,63438.81377,60796.001439
A_OB_1.7999999999999998_1.0_438,COM,0.256098,1.379187,2.564,4.691,2.912,62487.835249,60796.001439
A_OB_1.7999999999999998_1.0_439,COM,1.371918,3.102313,2.071,4.989,2.463,61533.789952,60796.001439
A_OB_1.7999999999999998_1.0_440,COM,1.46737,3.294456,0.708,3.258,3.785,64432.257228,60796.001439
A_OB_1.7999999999999998_1.0_441,COM,1.078721,2.697567,2.377,0.204,3.708,63163.696422,60796.001439
A_OB_1.7999999999999998_1.0_442,COM,1.454807,3.291887,2.352,5.173,3.005,61697.600673,60796.001439
A_OB_1.7999999999999998_1.0_443,COM,1.422337,3.31192,1.239,2.599,3.605,61805.355362,60796.001439
A_OB_1.7999999999999998_1.0_444,COM,1.324243,3.140284,1.543,5.321,3.799,63025.414795,60796.001439
A_OB_1.7999999999999998_1.0_445,COM,1.36002,3.164473,1.199,1.98,4.492,63238.712493,60796.001439
A_OB_1.7999999999999998_1.0_446,COM,1.215713,2.89709,1.218,4.431,2.649,63260.871644,60796.001439
A_OB_1.7999999999999998_1.0_447,COM,1.74008,3.727545,0.793,2.878,3.567,60866.810812,60796.001439
A_OB_1.7999999999999998_1.0_448,COM,1.015169,2.641268,0.637,5.51,4.131,60833.344804,60796.001439
A_OB_1.7999999999999998_1.0_449,COM,1.26989,3.169662,1.481,1.608,4.72,62121.809484,60796.001439
A_OB_1.7999999999999998_1.0_450,COM,1.173943,2.935761,1.825,3.968,2.409,62881.998015,60796.001439
A_OB_1.7999999999999998_1.0_451,COM,2.298828,5.142794,2.492,0.151,2.835,62287.391299,60796.001439
A_OB_1.7999999999999998_1.0_452,COM,1.229345,3.177127,1.976,5.084,2.756,64304.084442,60796.001439
A_OB_1.7999999999999998_1.0_453,COM,16.814115,30.971108,1.699,5.571,2.283,63910.311181,60796.001439
A_OB_1.7999999999999998_1.0_454,COM,1.339716,3.423492,1.59,4.932,2.476,60925.61666,60796.001439
A_OB_1.7999999999999998_1.0_455,COM,1.319756,3.302716,1.442,2.071,4.279,61163.677053,60796.001439
A_OB_1.7999999999999998_1.0_456,COM,1.971582,4.51649,2.656,6.044,3.702,63237.005706,60796.001439
A_OB_1.7999999999999998_1.0_457,COM,1.10032,3.024524,1.232,3.87,3.3,62755.036787,60796.001439
A_OB_1.7999999999999998_1.0_458,COM,2.434852,5.434389,1.566,1.619,4.147,64161.999705,60796.001439
A_OB_1.7999999999999998_1.0_459,COM,0.94717,2.877143,1.261,1.7,4.129,62780.620723,60796.001439
A_OB_1.7999999999999998_1.0_460,COM,1.417535,3.841569,1.542,2.045,4.231,61322.914687,60796.001439
A_OB_1.7999999999999998_1.0_461,COM,0.03047,1.061176,1.255,2.365,4.678,61515.515575,60796.001439
A_OB_1.7999999999999998_1.0_462,COM,0.52774,2.100753,2.641,0.187,3.704,62919.436423,60796.001439
A_OB_1.7999999999999998_1.0_463,COM,0.612871,2.262771,0.958,1.363,4.653,64413.930528,60796.001439
A_OB_1.7999999999999998_1.0_464,COM,1.492131,4.068612,2.997,0.73,3.529,62477.787452,60796.001439
A_OB_1.7999999999999998_1.0_465,COM,1.65769,4.493092,1.362,4.488,2.183,61453.755847,60796.001439
A_OB_1.7999999999999998_1.0_466,COM,0.993435,3.259097,2.098,5.128,2.574,61876.998101,60796.001439
A_OB_1.7999999999999998_1.0_467,COM,1.566175,4.480902,1.693,5.576,3.791,61874.658355,60796.001439
A_OB_1.7999999999999998_1.0_468,COM,1.227339,3.819137,2.364,5.578,2.119,62946.359219,60796.001439
A_OB_1.7999999999999998_1.0_469,COM,2.048185,5.760406,0.83,2.059,4.214,63067.809585,60796.001439
A_OB_1.7999999999999998_1.0_470,COM,0.931573,3.15631,1.257,1.9,4.522,61875.199945,60796.001439
A_OB_1.7999999999999998_1.0_471,COM,1.378928,4.3262,0.828,4.112,2.639,64134.648743,60796.001439
A_OB_1.7999999999999998_1.0_472,COM,1.54261,4.827942,1.688,1.693,4.296,61519.529694,60796.001439
A_OB_1.7999999999999998_1.0_473,COM,0.479118,2.199432,1.126,3.497,3.459,64215.879024,60796.001439
A_OB_1.7999999999999998_1.0_474,COM,1.106589,4.084521,0.724,3.83,2.33,64230.731771,60796.001439
A_OB_1.7999999999999998_1.0_475,COM,1.475154,5.340403,2.58,5.067,2.314,61764.124997,60796.001439
A_OB_1.7999999999999998_1.0_476,COM,1.507621,5.475075,1.433,4.937,2.212,63423.126436,60796.001439
A_OB_1.7999999999999998_1.0_477,COM,0.897544,4.29316,2.476,5.511,2.755,63891.870097,60796.001439
A_OB_1.7999999999999998_1.0_478,COM,1.108995,5.536439,1.261,4.767,2.242,60958.997733,60796.001439
