ObjID,H_g,u-r,g-r,i-r,z-r,y-r,GS
A_OB_1.9999999999999998_1.0_0,24.8,2.31,0.73,-0.33,-0.5,-0.68,0.15
A_OB_1.9999999999999998_1.0_1,19.78,2.31,0.73,-0.33,-0.5,-0.68,0.15
A_OB_1.9999999999999998_1.0_2,23.74,2.31,0.73,-0.33,-0.5,-0.68,0.15
A_OB_1.9999999999999998_1.0_3,24.84,2.31,0.73,-0.33,-0.5,-0.68,0.15
A_OB_1.9999999999999998_1.0_4,24.85,2.31,0.73,-0.33,-0.5,-0.68,0.15
A_OB_1.9999999999999998_1.0_5,24.05,2.31,0.73,-0.33,-0.5,-0.68,0.15
A_OB_1.9999999999999998_1.0_6,25.32,2.31,0.73,-0.33,-0.5,-0.68,0.15
A_OB_1.9999999999999998_1.0_7,19.83,2.31,0.73,-0.33,-0.5,-0.68,0.15
A_OB_1.9999999999999998_1.0_8,21.24,2.31,0.73,-0.33,-0.5,-0.68,0.15
A_OB_1.9999999999999998_1.0_9,24.8,2.31,0.73,-0.33,-0.5,-0.68,0.15
A_OB_1.9999999999999998_1.0_10,25.57,2.31,0.73,-0.33,-0.5,-0.68,0.15
A_OB_1.9999999999999998_1.0_11,25.12,2.31,0.73,-0.33,-0.5,-0.68,0.15
A_OB_1.9999999999999998_1.0_12,22.69,2.31,0.73,-0.33,-0.5,-0.68,0.15
A_OB_1.9999999999999998_1.0_13,25.05,2.31,0.73,-0.33,-0.5,-0.68,0.15
A_OB_1.9999999999999998_1.0_14,24.71,2.31,0.73,-0.33,-0.5,-0.68,0.15
A_OB_1.9999999999999998_1.0_15,24.76,2.31,0.73,-0.33,-0.5,-0.68,0.15
A_OB_1.9999999999999998_1.0_16,25.24,2.31,0.73,-0.33,-0.5,-0.68,0.15
A_OB_1.9999999999999998_1.0_17,23.45,2.31,0.73,-0.33,-0.5,-0.68,0.15
A_OB_1.9999999999999998_1.0_18,24.05,2.31,0.73,-0.33,-0.5,-0.68,0.15
A_OB_1.9999999999999998_1.0_19,25.44,2.31,0.73,-0.33,-0.5,-0.68,0.15
A_OB_1.9999999999999998_1.0_20,23.57,2.31,0.73,-0.33,-0.5,-0.68,0.15
A_OB_1.9999999999999998_1.0_21,24.17,2.31,0.73,-0.33,-0.5,-0.68,0.15
A_OB_1.9999999999999998_1.0_22,24.82,2.31,0.73,-0.33,-0.5,-0.68,0.15
A_OB_1.9999999999999998_1.0_23,25.21,2.31,0.73,-0.33,-0.5,-0.68,0.15
A_OB_1.9999999999999998_1.0_24,25.39,2.31,0.73,-0.33,-0.5,-0.68,0.15
A_OB_1.9999999999999998_1.0_25,25.47,2.31,0.73,-0.33,-0.5,-0.68,0.15
A_OB_1.9999999999999998_1.0_26,25.32,2.31,0.73,-0.33,-0.5,-0.68,0.15
A_OB_1.9999999999999998_1.0_27,25.52,2.31,0.73,-0.33,-0.5,-0.68,0.15
A_OB_1.9999999999999998_1.0_28,25.59,2.31,0.73,-0.33,-0.5,-0.68,0.15
A_OB_1.9999999999999998_1.0_29,25.4,2.31,0.73,-0.33,-0.5,-0.68,0.15
A_OB_1.9999999999999998_1.0_30,25.28,2.31,0.73,-0.33,-0.5,-0.68,0.15
A_OB_1.9999999999999998_1.0_31,25.25,2.31,0.73,-0.33,-0.5,-0.68,0.15
A_OB_1.9999999999999998_1.0_32,22.71,2.31,0.73,-0.33,-0.5,-0.68,0.15
A_OB_1.9999999999999998_1.0_33,24.37,2.31,0.73,-0.33,-0.5,-0.68,0.15
A_OB_1.9999999999999998_1.0_34,22.48,2.31,0.73,-0.33,-0.5,-0.68,0.15
A_OB_1.9999999999999998_1.0_35,25.45,2.31,0.73,-0.33,-0.5,-0.68,0.15
A_OB_1.9999999999999998_1.0_36,25.48,2.31,0.73,-0.33,-0.5,-0.68,0.15
A_OB_1.9999999999999998_1.0_37,25.42,2.31,0.73,-0.33,-0.5,-0.68,0.15
A_OB_1.9999999999999998_1.0_38,23.58,2.31,0.73,-0.33,-0.5,-0.68,0.15
A_OB_1.9999999999999998_1.0_39,24.88,2.31,0.73,-0.33,-0.5,-0.68,0.15
A_OB_1.9999999999999998_1.0_40,23.33,2.31,0.73,-0.33,-0.5,-0.68,0.15
A_OB_1.9999999999999998_1.0_41,24.39,2.31,0.73,-0.33,-0.5,-0.68,0.15
A_OB_1.9999999999999998_1.0_42,24.13,2.31,0.73,-0.33,-0.5,-0.68,0.15
A_OB_1.9999999999999998_1.0_43,24.68,2.31,0.73,-0.33,-0.5,-0.68,0.15
A_OB_1.9999999999999998_1.0_44,25.19,2.31,0.73,-0.33,-0.5,-0.68,0.15
A_OB_1.9999999999999998_1.0_45,25.34,2.31,0.73,-0.33,-0.5,-0.68,0.15
A_OB_1.9999999999999998_1.0_46,21.92,2.31,0.73,-0.33,-0.5,-0.68,0.15
A_OB_1.9999999999999998_1.0_47,25.27,2.31,0.73,-0.33,-0.5,-0.68,0.15
A_OB_1.9999999999999998_1.0_48,24.83,2.31,0.73,-0.33,-0.5,-0.68,0.15
A_OB_1.9999999999999998_1.0_49,24.41,2.31,0.73,-0.33,-0.5,-0.68,0.15
A_OB_1.9999999999999998_1.0_50,20.44,2.31,0.73,-0.33,-0.5,-0.68,0.15
A_OB_1.9999999999999998_1.0_51,25.58,2.31,0.73,-0.33,-0.5,-0.68,0.15
A_OB_1.9999999999999998_1.0_52,25.45,2.31,0.73,-0.33,-0.5,-0.68,0.15
A_OB_1.9999999999999998_1.0_53,25.48,2.31,0.73,-0.33,-0.5,-0.68,0.15
A_OB_1.9999999999999998_1.0_54,24.93,2.31,0.73,-0.33,-0.5,-0.68,0.15
A_OB_1.9999999999999998_1.0_55,24.67,2.31,0.73,-0.33,-0.5,-0.68,0.15
A_OB_1.9999999999999998_1.0_56,25.34,2.31,0.73,-0.33,-0.5,-0.68,0.15
A_OB_1.9999999999999998_1.0_57,22.36,2.31,0.73,-0.33,-0.5,-0.68,0.15
A_OB_1.9999999999999998_1.0_58,18.43,2.31,0.73,-0.33,-0.5,-0.68,0.15
A_OB_1.9999999999999998_1.0_59,25.23,2.31,0.73,-0.33,-0.5,-0.68,0.15
A_OB_1.9999999999999998_1.0_60,24.57,2.31,0.73,-0.33,-0.5,-0.68,0.15
A_OB_1.9999999999999998_1.0_61,25.34,2.31,0.73,-0.33,-0.5,-0.68,0.15
A_OB_1.9999999999999998_1.0_62,20.08,2.31,0.73,-0.33,-0.5,-0.68,0.15
A_OB_1.9999999999999998_1.0_63,22.21,2.31,0.73,-0.33,-0.5,-0.68,0.15
A_OB_1.9999999999999998_1.0_64,23.88,2.31,0.73,-0.33,-0.5,-0.68,0.15
A_OB_1.9999999999999998_1.0_65,24.63,2.31,0.73,-0.33,-0.5,-0.68,0.15
A_OB_1.9999999999999998_1.0_66,22.31,2.31,0.73,-0.33,-0.5,-0.68,0.15
A_OB_1.9999999999999998_1.0_67,25.27,2.31,0.73,-0.33,-0.5,-0.68,0.15
A_OB_1.9999999999999998_1.0_68,25.23,2.31,0.73,-0.33,-0.5,-0.68,0.15
A_OB_1.9999999999999998_1.0_69,24.06,2.31,0.73,-0.33,-0.5,-0.68,0.15
A_OB_1.9999999999999998_1.0_70,24.51,2.31,0.73,-0.33,-0.5,-0.68,0.15
A_OB_1.9999999999999998_1.0_71,24.28,2.31,0.73,-0.33,-0.5,-0.68,0.15
A_OB_1.9999999999999998_1.0_72,24.56,2.31,0.73,-0.33,-0.5,-0.68,0.15
A_OB_1.9999999999999998_1.0_73,25.06,2.31,0.73,-0.33,-0.5,-0.68,0.15
A_OB_1.9999999999999998_1.0_74,22.44,2.31,0.73,-0.33,-0.5,-0.68,0.15
A_OB_1.9999999999999998_1.0_75,25.08,2.31,0.73,-0.33,-0.5,-0.68,0.15
A_OB_1.9999999999999998_1.0_76,24.55,2.31,0.73,-0.33,-0.5,-0.68,0.15
A_OB_1.9999999999999998_1.0_77,24.84,2.31,0.73,-0.33,-0.5,-0.68,0.15
A_OB_1.9999999999999998_1.0_78,24.74,2.31,0.73,-0.33,-0.5,-0.68,0.15
A_OB_1.9999999999999998_1.0_79,21.84,2.31,0.73,-0.33,-0.5,-0.68,0.15
A_OB_1.9999999999999998_1.0_80,24.17,2.31,0.73,-0.33,-0.5,-0.68,0.15
A_OB_1.9999999999999998_1.0_81,25.06,2.31,0.73,-0.33,-0.5,-0.68,0.15
A_OB_1.9999999999999998_1.0_82,23.49,2.31,0.73,-0.33,-0.5,-0.68,0.15
A_OB_1.9999999999999998_1.0_83,24.93,2.31,0.73,-0.33,-0.5,-0.68,0.15
A_OB_1.9999999999999998_1.0_84,22.94,2.31,0.73,-0.33,-0.5,-0.68,0.15
A_OB_1.9999999999999998_1.0_85,25.39,2.31,0.73,-0.33,-0.5,-0.68,0.15
A_OB_1.9999999999999998_1.0_86,25.48,2.31,0.73,-0.33,-0.5,-0.68,0.15
A_OB_1.9999999999999998_1.0_87,24.44,2.31,0.73,-0.33,-0.5,-0.68,0.15
A_OB_1.9999999999999998_1.0_88,20.68,2.31,0.73,-0.33,-0.5,-0.68,0.15
A_OB_1.9999999999999998_1.0_89,24.64,2.31,0.73,-0.33,-0.5,-0.68,0.15
A_OB_1.9999999999999998_1.0_90,25.37,2.31,0.73,-0.33,-0.5,-0.68,0.15
A_OB_1.9999999999999998_1.0_91,25.4,2.31,0.73,-0.33,-0.5,-0.68,0.15
A_OB_1.9999999999999998_1.0_92,25.39,2.31,0.73,-0.33,-0.5,-0.68,0.15
A_OB_1.9999999999999998_1.0_93,24.35,2.31,0.73,-0.33,-0.5,-0.68,0.15
A_OB_1.9999999999999998_1.0_94,23.33,2.31,0.73,-0.33,-0.5,-0.68,0.15
A_OB_1.9999999999999998_1.0_95,25.57,2.31,0.73,-0.33,-0.5,-0.68,0.15
A_OB_1.9999999999999998_1.0_96,25.24,2.31,0.73,-0.33,-0.5,-0.68,0.15
A_OB_1.9999999999999998_1.0_97,24.7,2.31,0.73,-0.33,-0.5,-0.68,0.15
A_OB_1.9999999999999998_1.0_98,25.16,2.31,0.73,-0.33,-0.5,-0.68,0.15
A_OB_1.9999999999999998_1.0_99,22.81,2.31,0.73,-0.33,-0.5,-0.68,0.15
A_OB_1.9999999999999998_1.0_100,24.26,2.31,0.73,-0.33,-0.5,-0.68,0.15
A_OB_1.9999999999999998_1.0_101,23.96,2.31,0.73,-0.33,-0.5,-0.68,0.15
A_OB_1.9999999999999998_1.0_102,24.83,2.31,0.73,-0.33,-0.5,-0.68,0.15
A_OB_1.9999999999999998_1.0_103,19.87,2.31,0.73,-0.33,-0.5,-0.68,0.15
A_OB_1.9999999999999998_1.0_104,23.12,2.31,0.73,-0.33,-0.5,-0.68,0.15
A_OB_1.9999999999999998_1.0_105,24.72,2.31,0.73,-0.33,-0.5,-0.68,0.15
A_OB_1.9999999999999998_1.0_106,18.76,2.31,0.73,-0.33,-0.5,-0.68,0.15
A_OB_1.9999999999999998_1.0_107,24.76,2.31,0.73,-0.33,-0.5,-0.68,0.15
A_OB_1.9999999999999998_1.0_108,23.53,2.31,0.73,-0.33,-0.5,-0.68,0.15
A_OB_1.9999999999999998_1.0_109,25.55,2.31,0.73,-0.33,-0.5,-0.68,0.15
A_OB_1.9999999999999998_1.0_110,24.73,2.31,0.73,-0.33,-0.5,-0.68,0.15
A_OB_1.9999999999999998_1.0_111,25.47,2.31,0.73,-0.33,-0.5,-0.68,0.15
A_OB_1.9999999999999998_1.0_112,25.18,2.31,0.73,-0.33,-0.5,-0.68,0.15
A_OB_1.9999999999999998_1.0_113,24.49,2.31,0.73,-0.33,-0.5,-0.68,0.15
A_OB_1.9999999999999998_1.0_114,24.98,2.31,0.73,-0.33,-0.5,-0.68,0.15
A_OB_1.9999999999999998_1.0_115,24.65,2.31,0.73,-0.33,-0.5,-0.68,0.15
A_OB_1.9999999999999998_1.0_116,22.12,2.31,0.73,-0.33,-0.5,-0.68,0.15
A_OB_1.9999999999999998_1.0_117,24.52,2.31,0.73,-0.33,-0.5,-0.68,0.15
A_OB_1.9999999999999998_1.0_118,25.0,2.31,0.73,-0.33,-0.5,-0.68,0.15
A_OB_1.9999999999999998_1.0_119,25.12,2.31,0.73,-0.33,-0.5,-0.68,0.15
A_OB_1.9999999999999998_1.0_120,23.53,2.31,0.73,-0.33,-0.5,-0.68,0.15
A_OB_1.9999999999999998_1.0_121,24.7,2.31,0.73,-0.33,-0.5,-0.68,0.15
A_OB_1.9999999999999998_1.0_122,22.38,2.31,0.73,-0.33,-0.5,-0.68,0.15
A_OB_1.9999999999999998_1.0_123,25.46,2.31,0.73,-0.33,-0.5,-0.68,0.15
A_OB_1.9999999999999998_1.0_124,24.88,2.31,0.73,-0.33,-0.5,-0.68,0.15
A_OB_1.9999999999999998_1.0_125,22.88,2.31,0.73,-0.33,-0.5,-0.68,0.15
A_OB_1.9999999999999998_1.0_126,22.88,2.31,0.73,-0.33,-0.5,-0.68,0.15
A_OB_1.9999999999999998_1.0_127,24.03,2.31,0.73,-0.33,-0.5,-0.68,0.15
A_OB_1.9999999999999998_1.0_128,24.62,2.31,0.73,-0.33,-0.5,-0.68,0.15
A_OB_1.9999999999999998_1.0_129,25.27,2.31,0.73,-0.33,-0.5,-0.68,0.15
A_OB_1.9999999999999998_1.0_130,24.52,2.31,0.73,-0.33,-0.5,-0.68,0.15
A_OB_1.9999999999999998_1.0_131,24.5,2.31,0.73,-0.33,-0.5,-0.68,0.15
A_OB_1.9999999999999998_1.0_132,23.38,2.31,0.73,-0.33,-0.5,-0.68,0.15
A_OB_1.9999999999999998_1.0_133,25.5,2.31,0.73,-0.33,-0.5,-0.68,0.15
A_OB_1.9999999999999998_1.0_134,23.13,2.31,0.73,-0.33,-0.5,-0.68,0.15
A_OB_1.9999999999999998_1.0_135,25.4,2.31,0.73,-0.33,-0.5,-0.68,0.15
A_OB_1.9999999999999998_1.0_136,23.44,2.31,0.73,-0.33,-0.5,-0.68,0.15
A_OB_1.9999999999999998_1.0_137,21.95,2.31,0.73,-0.33,-0.5,-0.68,0.15
A_OB_1.9999999999999998_1.0_138,24.47,2.31,0.73,-0.33,-0.5,-0.68,0.15
A_OB_1.9999999999999998_1.0_139,24.11,2.31,0.73,-0.33,-0.5,-0.68,0.15
A_OB_1.9999999999999998_1.0_140,21.5,2.31,0.73,-0.33,-0.5,-0.68,0.15
A_OB_1.9999999999999998_1.0_141,24.79,2.31,0.73,-0.33,-0.5,-0.68,0.15
A_OB_1.9999999999999998_1.0_142,25.38,2.31,0.73,-0.33,-0.5,-0.68,0.15
A_OB_1.9999999999999998_1.0_143,25.5,2.31,0.73,-0.33,-0.5,-0.68,0.15
A_OB_1.9999999999999998_1.0_144,25.55,2.31,0.73,-0.33,-0.5,-0.68,0.15
A_OB_1.9999999999999998_1.0_145,24.56,2.31,0.73,-0.33,-0.5,-0.68,0.15
A_OB_1.9999999999999998_1.0_146,25.52,2.31,0.73,-0.33,-0.5,-0.68,0.15
A_OB_1.9999999999999998_1.0_147,25.11,2.31,0.73,-0.33,-0.5,-0.68,0.15
A_OB_1.9999999999999998_1.0_148,24.96,2.31,0.73,-0.33,-0.5,-0.68,0.15
A_OB_1.9999999999999998_1.0_149,24.07,2.31,0.73,-0.33,-0.5,-0.68,0.15
A_OB_1.9999999999999998_1.0_150,25.35,2.31,0.73,-0.33,-0.5,-0.68,0.15
A_OB_1.9999999999999998_1.0_151,24.66,2.31,0.73,-0.33,-0.5,-0.68,0.15
A_OB_1.9999999999999998_1.0_152,25.14,2.31,0.73,-0.33,-0.5,-0.68,0.15
A_OB_1.9999999999999998_1.0_153,22.15,2.31,0.73,-0.33,-0.5,-0.68,0.15
A_OB_1.9999999999999998_1.0_154,24.29,2.31,0.73,-0.33,-0.5,-0.68,0.15
A_OB_1.9999999999999998_1.0_155,23.5,2.31,0.73,-0.33,-0.5,-0.68,0.15
A_OB_1.9999999999999998_1.0_156,25.24,2.31,0.73,-0.33,-0.5,-0.68,0.15
A_OB_1.9999999999999998_1.0_157,24.6,2.31,0.73,-0.33,-0.5,-0.68,0.15
A_OB_1.9999999999999998_1.0_158,25.43,2.31,0.73,-0.33,-0.5,-0.68,0.15
A_OB_1.9999999999999998_1.0_159,25.54,2.31,0.73,-0.33,-0.5,-0.68,0.15
A_OB_1.9999999999999998_1.0_160,25.16,2.31,0.73,-0.33,-0.5,-0.68,0.15
A_OB_1.9999999999999998_1.0_161,24.31,2.31,0.73,-0.33,-0.5,-0.68,0.15
A_OB_1.9999999999999998_1.0_162,25.42,2.31,0.73,-0.33,-0.5,-0.68,0.15
A_OB_1.9999999999999998_1.0_163,24.15,2.31,0.73,-0.33,-0.5,-0.68,0.15
A_OB_1.9999999999999998_1.0_164,24.42,2.31,0.73,-0.33,-0.5,-0.68,0.15
A_OB_1.9999999999999998_1.0_165,21.46,2.31,0.73,-0.33,-0.5,-0.68,0.15
A_OB_1.9999999999999998_1.0_166,25.29,2.31,0.73,-0.33,-0.5,-0.68,0.15
A_OB_1.9999999999999998_1.0_167,24.62,2.31,0.73,-0.33,-0.5,-0.68,0.15
A_OB_1.9999999999999998_1.0_168,23.44,2.31,0.73,-0.33,-0.5,-0.68,0.15
A_OB_1.9999999999999998_1.0_169,19.38,2.31,0.73,-0.33,-0.5,-0.68,0.15
A_OB_1.9999999999999998_1.0_170,24.15,2.31,0.73,-0.33,-0.5,-0.68,0.15
A_OB_1.9999999999999998_1.0_171,25.47,2.31,0.73,-0.33,-0.5,-0.68,0.15
A_OB_1.9999999999999998_1.0_172,24.36,2.31,0.73,-0.33,-0.5,-0.68,0.15
A_OB_1.9999999999999998_1.0_173,25.1,2.31,0.73,-0.33,-0.5,-0.68,0.15
A_OB_1.9999999999999998_1.0_174,25.6,2.31,0.73,-0.33,-0.5,-0.68,0.15
A_OB_1.9999999999999998_1.0_175,24.19,2.31,0.73,-0.33,-0.5,-0.68,0.15
A_OB_1.9999999999999998_1.0_176,19.26,2.31,0.73,-0.33,-0.5,-0.68,0.15
A_OB_1.9999999999999998_1.0_177,25.19,2.31,0.73,-0.33,-0.5,-0.68,0.15
A_OB_1.9999999999999998_1.0_178,24.73,2.31,0.73,-0.33,-0.5,-0.68,0.15
A_OB_1.9999999999999998_1.0_179,24.15,2.31,0.73,-0.33,-0.5,-0.68,0.15
A_OB_1.9999999999999998_1.0_180,25.57,2.31,0.73,-0.33,-0.5,-0.68,0.15
A_OB_1.9999999999999998_1.0_181,20.61,2.31,0.73,-0.33,-0.5,-0.68,0.15
A_OB_1.9999999999999998_1.0_182,25.18,2.31,0.73,-0.33,-0.5,-0.68,0.15
A_OB_1.9999999999999998_1.0_183,25.56,2.31,0.73,-0.33,-0.5,-0.68,0.15
A_OB_1.9999999999999998_1.0_184,24.88,2.31,0.73,-0.33,-0.5,-0.68,0.15
A_OB_1.9999999999999998_1.0_185,23.35,2.31,0.73,-0.33,-0.5,-0.68,0.15
A_OB_1.9999999999999998_1.0_186,25.46,2.31,0.73,-0.33,-0.5,-0.68,0.15
A_OB_1.9999999999999998_1.0_187,25.07,2.31,0.73,-0.33,-0.5,-0.68,0.15
A_OB_1.9999999999999998_1.0_188,23.02,2.31,0.73,-0.33,-0.5,-0.68,0.15
A_OB_1.9999999999999998_1.0_189,25.5,2.31,0.73,-0.33,-0.5,-0.68,0.15
A_OB_1.9999999999999998_1.0_190,24.91,2.31,0.73,-0.33,-0.5,-0.68,0.15
A_OB_1.9999999999999998_1.0_191,25.02,2.31,0.73,-0.33,-0.5,-0.68,0.15
A_OB_1.9999999999999998_1.0_192,24.7,2.31,0.73,-0.33,-0.5,-0.68,0.15
A_OB_1.9999999999999998_1.0_193,24.13,2.31,0.73,-0.33,-0.5,-0.68,0.15
A_OB_1.9999999999999998_1.0_194,25.05,2.31,0.73,-0.33,-0.5,-0.68,0.15
A_OB_1.9999999999999998_1.0_195,24.36,2.31,0.73,-0.33,-0.5,-0.68,0.15
A_OB_1.9999999999999998_1.0_196,23.56,2.31,0.73,-0.33,-0.5,-0.68,0.15
A_OB_1.9999999999999998_1.0_197,23.84,2.31,0.73,-0.33,-0.5,-0.68,0.15
A_OB_1.9999999999999998_1.0_198,25.54,2.31,0.73,-0.33,-0.5,-0.68,0.15
A_OB_1.9999999999999998_1.0_199,23.86,2.31,0.73,-0.33,-0.5,-0.68,0.15
A_OB_1.9999999999999998_1.0_200,24.52,2.31,0.73,-0.33,-0.5,-0.68,0.15
A_OB_1.9999999999999998_1.0_201,23.49,2.31,0.73,-0.33,-0.5,-0.68,0.15
A_OB_1.9999999999999998_1.0_202,24.26,2.31,0.73,-0.33,-0.5,-0.68,0.15
A_OB_1.9999999999999998_1.0_203,25.51,2.31,0.73,-0.33,-0.5,-0.68,0.15
A_OB_1.9999999999999998_1.0_204,25.52,2.31,0.73,-0.33,-0.5,-0.68,0.15
A_OB_1.9999999999999998_1.0_205,25.36,2.31,0.73,-0.33,-0.5,-0.68,0.15
A_OB_1.9999999999999998_1.0_206,25.37,2.31,0.73,-0.33,-0.5,-0.68,0.15
A_OB_1.9999999999999998_1.0_207,23.98,2.31,0.73,-0.33,-0.5,-0.68,0.15
A_OB_1.9999999999999998_1.0_208,24.94,2.31,0.73,-0.33,-0.5,-0.68,0.15
A_OB_1.9999999999999998_1.0_209,24.07,2.31,0.73,-0.33,-0.5,-0.68,0.15
A_OB_1.9999999999999998_1.0_210,23.73,2.31,0.73,-0.33,-0.5,-0.68,0.15
A_OB_1.9999999999999998_1.0_211,24.78,2.31,0.73,-0.33,-0.5,-0.68,0.15
A_OB_1.9999999999999998_1.0_212,25.54,2.31,0.73,-0.33,-0.5,-0.68,0.15
A_OB_1.9999999999999998_1.0_213,23.86,2.31,0.73,-0.33,-0.5,-0.68,0.15
A_OB_1.9999999999999998_1.0_214,23.65,2.31,0.73,-0.33,-0.5,-0.68,0.15
A_OB_1.9999999999999998_1.0_215,22.9,2.31,0.73,-0.33,-0.5,-0.68,0.15
A_OB_1.9999999999999998_1.0_216,24.33,2.31,0.73,-0.33,-0.5,-0.68,0.15
A_OB_1.9999999999999998_1.0_217,23.98,2.31,0.73,-0.33,-0.5,-0.68,0.15
A_OB_1.9999999999999998_1.0_218,23.93,2.31,0.73,-0.33,-0.5,-0.68,0.15
A_OB_1.9999999999999998_1.0_219,21.56,2.31,0.73,-0.33,-0.5,-0.68,0.15
A_OB_1.9999999999999998_1.0_220,22.48,2.31,0.73,-0.33,-0.5,-0.68,0.15
A_OB_1.9999999999999998_1.0_221,25.5,2.31,0.73,-0.33,-0.5,-0.68,0.15
A_OB_1.9999999999999998_1.0_222,20.92,2.31,0.73,-0.33,-0.5,-0.68,0.15
A_OB_1.9999999999999998_1.0_223,24.88,2.31,0.73,-0.33,-0.5,-0.68,0.15
A_OB_1.9999999999999998_1.0_224,25.48,2.31,0.73,-0.33,-0.5,-0.68,0.15
A_OB_1.9999999999999998_1.0_225,25.06,2.31,0.73,-0.33,-0.5,-0.68,0.15
A_OB_1.9999999999999998_1.0_226,25.3,2.31,0.73,-0.33,-0.5,-0.68,0.15
A_OB_1.9999999999999998_1.0_227,23.22,2.31,0.73,-0.33,-0.5,-0.68,0.15
A_OB_1.9999999999999998_1.0_228,24.67,2.31,0.73,-0.33,-0.5,-0.68,0.15
A_OB_1.9999999999999998_1.0_229,24.05,2.31,0.73,-0.33,-0.5,-0.68,0.15
A_OB_1.9999999999999998_1.0_230,25.27,2.31,0.73,-0.33,-0.5,-0.68,0.15
A_OB_1.9999999999999998_1.0_231,24.39,2.31,0.73,-0.33,-0.5,-0.68,0.15
A_OB_1.9999999999999998_1.0_232,24.93,2.31,0.73,-0.33,-0.5,-0.68,0.15
A_OB_1.9999999999999998_1.0_233,24.47,2.31,0.73,-0.33,-0.5,-0.68,0.15
A_OB_1.9999999999999998_1.0_234,24.73,2.31,0.73,-0.33,-0.5,-0.68,0.15
A_OB_1.9999999999999998_1.0_235,25.1,2.31,0.73,-0.33,-0.5,-0.68,0.15
A_OB_1.9999999999999998_1.0_236,20.92,2.31,0.73,-0.33,-0.5,-0.68,0.15
A_OB_1.9999999999999998_1.0_237,24.16,2.31,0.73,-0.33,-0.5,-0.68,0.15
A_OB_1.9999999999999998_1.0_238,25.5,2.31,0.73,-0.33,-0.5,-0.68,0.15
A_OB_1.9999999999999998_1.0_239,25.0,2.31,0.73,-0.33,-0.5,-0.68,0.15
A_OB_1.9999999999999998_1.0_240,25.55,2.31,0.73,-0.33,-0.5,-0.68,0.15
A_OB_1.9999999999999998_1.0_241,24.51,2.31,0.73,-0.33,-0.5,-0.68,0.15
A_OB_1.9999999999999998_1.0_242,24.08,2.31,0.73,-0.33,-0.5,-0.68,0.15
A_OB_1.9999999999999998_1.0_243,24.48,2.31,0.73,-0.33,-0.5,-0.68,0.15
A_OB_1.9999999999999998_1.0_244,24.55,2.31,0.73,-0.33,-0.5,-0.68,0.15
A_OB_1.9999999999999998_1.0_245,24.07,2.31,0.73,-0.33,-0.5,-0.68,0.15
A_OB_1.9999999999999998_1.0_246,24.27,2.31,0.73,-0.33,-0.5,-0.68,0.15
A_OB_1.9999999999999998_1.0_247,22.66,2.31,0.73,-0.33,-0.5,-0.68,0.15
A_OB_1.9999999999999998_1.0_248,25.14,2.31,0.73,-0.33,-0.5,-0.68,0.15
A_OB_1.9999999999999998_1.0_249,24.96,2.31,0.73,-0.33,-0.5,-0.68,0.15
A_OB_1.9999999999999998_1.0_250,23.3,2.31,0.73,-0.33,-0.5,-0.68,0.15
A_OB_1.9999999999999998_1.0_251,25.06,2.31,0.73,-0.33,-0.5,-0.68,0.15
A_OB_1.9999999999999998_1.0_252,25.42,2.31,0.73,-0.33,-0.5,-0.68,0.15
A_OB_1.9999999999999998_1.0_253,24.75,2.31,0.73,-0.33,-0.5,-0.68,0.15
A_OB_1.9999999999999998_1.0_254,23.81,2.31,0.73,-0.33,-0.5,-0.68,0.15
A_OB_1.9999999999999998_1.0_255,24.21,2.31,0.73,-0.33,-0.5,-0.68,0.15
A_OB_1.9999999999999998_1.0_256,25.03,2.31,0.73,-0.33,-0.5,-0.68,0.15
A_OB_1.9999999999999998_1.0_257,21.1,2.31,0.73,-0.33,-0.5,-0.68,0.15
A_OB_1.9999999999999998_1.0_258,24.54,2.31,0.73,-0.33,-0.5,-0.68,0.15
A_OB_1.9999999999999998_1.0_259,24.84,2.31,0.73,-0.33,-0.5,-0.68,0.15
A_OB_1.9999999999999998_1.0_260,24.98,2.31,0.73,-0.33,-0.5,-0.68,0.15
A_OB_1.9999999999999998_1.0_261,25.58,2.31,0.73,-0.33,-0.5,-0.68,0.15
A_OB_1.9999999999999998_1.0_262,22.14,2.31,0.73,-0.33,-0.5,-0.68,0.15
A_OB_1.9999999999999998_1.0_263,23.76,2.31,0.73,-0.33,-0.5,-0.68,0.15
A_OB_1.9999999999999998_1.0_264,24.54,2.31,0.73,-0.33,-0.5,-0.68,0.15
A_OB_1.9999999999999998_1.0_265,23.94,2.31,0.73,-0.33,-0.5,-0.68,0.15
A_OB_1.9999999999999998_1.0_266,21.95,2.31,0.73,-0.33,-0.5,-0.68,0.15
A_OB_1.9999999999999998_1.0_267,25.27,2.31,0.73,-0.33,-0.5,-0.68,0.15
A_OB_1.9999999999999998_1.0_268,25.26,2.31,0.73,-0.33,-0.5,-0.68,0.15
A_OB_1.9999999999999998_1.0_269,25.12,2.31,0.73,-0.33,-0.5,-0.68,0.15
A_OB_1.9999999999999998_1.0_270,25.46,2.31,0.73,-0.33,-0.5,-0.68,0.15
A_OB_1.9999999999999998_1.0_271,23.96,2.31,0.73,-0.33,-0.5,-0.68,0.15
A_OB_1.9999999999999998_1.0_272,25.43,2.31,0.73,-0.33,-0.5,-0.68,0.15
A_OB_1.9999999999999998_1.0_273,24.16,2.31,0.73,-0.33,-0.5,-0.68,0.15
A_OB_1.9999999999999998_1.0_274,23.84,2.31,0.73,-0.33,-0.5,-0.68,0.15
A_OB_1.9999999999999998_1.0_275,20.39,2.31,0.73,-0.33,-0.5,-0.68,0.15
A_OB_1.9999999999999998_1.0_276,25.36,2.31,0.73,-0.33,-0.5,-0.68,0.15
A_OB_1.9999999999999998_1.0_277,24.75,2.31,0.73,-0.33,-0.5,-0.68,0.15
A_OB_1.9999999999999998_1.0_278,22.49,2.31,0.73,-0.33,-0.5,-0.68,0.15
A_OB_1.9999999999999998_1.0_279,24.97,2.31,0.73,-0.33,-0.5,-0.68,0.15
A_OB_1.9999999999999998_1.0_280,25.05,2.31,0.73,-0.33,-0.5,-0.68,0.15
A_OB_1.9999999999999998_1.0_281,24.96,2.31,0.73,-0.33,-0.5,-0.68,0.15
A_OB_1.9999999999999998_1.0_282,22.68,2.31,0.73,-0.33,-0.5,-0.68,0.15
A_OB_1.9999999999999998_1.0_283,22.56,2.31,0.73,-0.33,-0.5,-0.68,0.15
A_OB_1.9999999999999998_1.0_284,18.44,2.31,0.73,-0.33,-0.5,-0.68,0.15
A_OB_1.9999999999999998_1.0_285,24.8,2.31,0.73,-0.33,-0.5,-0.68,0.15
A_OB_1.9999999999999998_1.0_286,25.62,2.31,0.73,-0.33,-0.5,-0.68,0.15
A_OB_1.9999999999999998_1.0_287,25.19,2.31,0.73,-0.33,-0.5,-0.68,0.15
A_OB_1.9999999999999998_1.0_288,25.21,2.31,0.73,-0.33,-0.5,-0.68,0.15
A_OB_1.9999999999999998_1.0_289,21.65,2.31,0.73,-0.33,-0.5,-0.68,0.15
A_OB_1.9999999999999998_1.0_290,25.57,2.31,0.73,-0.33,-0.5,-0.68,0.15
A_OB_1.9999999999999998_1.0_291,23.6,2.31,0.73,-0.33,-0.5,-0.68,0.15
A_OB_1.9999999999999998_1.0_292,23.82,2.31,0.73,-0.33,-0.5,-0.68,0.15
A_OB_1.9999999999999998_1.0_293,25.5,2.31,0.73,-0.33,-0.5,-0.68,0.15
A_OB_1.9999999999999998_1.0_294,25.24,2.31,0.73,-0.33,-0.5,-0.68,0.15
A_OB_1.9999999999999998_1.0_295,25.52,2.31,0.73,-0.33,-0.5,-0.68,0.15
A_OB_1.9999999999999998_1.0_296,25.36,2.31,0.73,-0.33,-0.5,-0.68,0.15
A_OB_1.9999999999999998_1.0_297,25.61,2.31,0.73,-0.33,-0.5,-0.68,0.15
A_OB_1.9999999999999998_1.0_298,25.55,2.31,0.73,-0.33,-0.5,-0.68,0.15
A_OB_1.9999999999999998_1.0_299,23.87,2.31,0.73,-0.33,-0.5,-0.68,0.15
A_OB_1.9999999999999998_1.0_300,24.96,2.31,0.73,-0.33,-0.5,-0.68,0.15
A_OB_1.9999999999999998_1.0_301,22.48,2.31,0.73,-0.33,-0.5,-0.68,0.15
A_OB_1.9999999999999998_1.0_302,24.72,2.31,0.73,-0.33,-0.5,-0.68,0.15
A_OB_1.9999999999999998_1.0_303,22.45,2.31,0.73,-0.33,-0.5,-0.68,0.15
A_OB_1.9999999999999998_1.0_304,23.1,2.31,0.73,-0.33,-0.5,-0.68,0.15
A_OB_1.9999999999999998_1.0_305,22.87,2.31,0.73,-0.33,-0.5,-0.68,0.15
A_OB_1.9999999999999998_1.0_306,24.0,2.31,0.73,-0.33,-0.5,-0.68,0.15
A_OB_1.9999999999999998_1.0_307,22.1,2.31,0.73,-0.33,-0.5,-0.68,0.15
A_OB_1.9999999999999998_1.0_308,21.81,2.31,0.73,-0.33,-0.5,-0.68,0.15
A_OB_1.9999999999999998_1.0_309,24.7,2.31,0.73,-0.33,-0.5,-0.68,0.15
A_OB_1.9999999999999998_1.0_310,25.05,2.31,0.73,-0.33,-0.5,-0.68,0.15
A_OB_1.9999999999999998_1.0_311,21.91,2.31,0.73,-0.33,-0.5,-0.68,0.15
A_OB_1.9999999999999998_1.0_312,24.01,2.31,0.73,-0.33,-0.5,-0.68,0.15
A_OB_1.9999999999999998_1.0_313,24.84,2.31,0.73,-0.33,-0.5,-0.68,0.15
A_OB_1.9999999999999998_1.0_314,24.58,2.31,0.73,-0.33,-0.5,-0.68,0.15
A_OB_1.9999999999999998_1.0_315,25.22,2.31,0.73,-0.33,-0.5,-0.68,0.15
A_OB_1.9999999999999998_1.0_316,25.05,2.31,0.73,-0.33,-0.5,-0.68,0.15
A_OB_1.9999999999999998_1.0_317,24.26,2.31,0.73,-0.33,-0.5,-0.68,0.15
A_OB_1.9999999999999998_1.0_318,25.45,2.31,0.73,-0.33,-0.5,-0.68,0.15
A_OB_1.9999999999999998_1.0_319,21.74,2.31,0.73,-0.33,-0.5,-0.68,0.15
A_OB_1.9999999999999998_1.0_320,25.55,2.31,0.73,-0.33,-0.5,-0.68,0.15
A_OB_1.9999999999999998_1.0_321,24.85,2.31,0.73,-0.33,-0.5,-0.68,0.15
A_OB_1.9999999999999998_1.0_322,25.37,2.31,0.73,-0.33,-0.5,-0.68,0.15
A_OB_1.9999999999999998_1.0_323,24.4,2.31,0.73,-0.33,-0.5,-0.68,0.15
A_OB_1.9999999999999998_1.0_324,19.88,2.31,0.73,-0.33,-0.5,-0.68,0.15
A_OB_1.9999999999999998_1.0_325,24.22,2.31,0.73,-0.33,-0.5,-0.68,0.15
A_OB_1.9999999999999998_1.0_326,19.09,2.31,0.73,-0.33,-0.5,-0.68,0.15
A_OB_1.9999999999999998_1.0_327,24.08,2.31,0.73,-0.33,-0.5,-0.68,0.15
A_OB_1.9999999999999998_1.0_328,24.81,2.31,0.73,-0.33,-0.5,-0.68,0.15
A_OB_1.9999999999999998_1.0_329,22.35,2.31,0.73,-0.33,-0.5,-0.68,0.15
A_OB_1.9999999999999998_1.0_330,24.92,2.31,0.73,-0.33,-0.5,-0.68,0.15
A_OB_1.9999999999999998_1.0_331,25.54,2.31,0.73,-0.33,-0.5,-0.68,0.15
A_OB_1.9999999999999998_1.0_332,24.79,2.31,0.73,-0.33,-0.5,-0.68,0.15
A_OB_1.9999999999999998_1.0_333,24.77,2.31,0.73,-0.33,-0.5,-0.68,0.15
A_OB_1.9999999999999998_1.0_334,24.83,2.31,0.73,-0.33,-0.5,-0.68,0.15
A_OB_1.9999999999999998_1.0_335,25.11,2.31,0.73,-0.33,-0.5,-0.68,0.15
A_OB_1.9999999999999998_1.0_336,18.28,2.31,0.73,-0.33,-0.5,-0.68,0.15
A_OB_1.9999999999999998_1.0_337,25.23,2.31,0.73,-0.33,-0.5,-0.68,0.15
A_OB_1.9999999999999998_1.0_338,25.2,2.31,0.73,-0.33,-0.5,-0.68,0.15
A_OB_1.9999999999999998_1.0_339,21.19,2.31,0.73,-0.33,-0.5,-0.68,0.15
A_OB_1.9999999999999998_1.0_340,25.54,2.31,0.73,-0.33,-0.5,-0.68,0.15
A_OB_1.9999999999999998_1.0_341,24.92,2.31,0.73,-0.33,-0.5,-0.68,0.15
A_OB_1.9999999999999998_1.0_342,22.43,2.31,0.73,-0.33,-0.5,-0.68,0.15
A_OB_1.9999999999999998_1.0_343,25.43,2.31,0.73,-0.33,-0.5,-0.68,0.15
A_OB_1.9999999999999998_1.0_344,22.91,2.31,0.73,-0.33,-0.5,-0.68,0.15
A_OB_1.9999999999999998_1.0_345,22.28,2.31,0.73,-0.33,-0.5,-0.68,0.15
A_OB_1.9999999999999998_1.0_346,25.37,2.31,0.73,-0.33,-0.5,-0.68,0.15
A_OB_1.9999999999999998_1.0_347,24.97,2.31,0.73,-0.33,-0.5,-0.68,0.15
A_OB_1.9999999999999998_1.0_348,25.23,2.31,0.73,-0.33,-0.5,-0.68,0.15
A_OB_1.9999999999999998_1.0_349,25.47,2.31,0.73,-0.33,-0.5,-0.68,0.15
A_OB_1.9999999999999998_1.0_350,25.31,2.31,0.73,-0.33,-0.5,-0.68,0.15
A_OB_1.9999999999999998_1.0_351,24.53,2.31,0.73,-0.33,-0.5,-0.68,0.15
A_OB_1.9999999999999998_1.0_352,22.01,2.31,0.73,-0.33,-0.5,-0.68,0.15
A_OB_1.9999999999999998_1.0_353,25.09,2.31,0.73,-0.33,-0.5,-0.68,0.15
A_OB_1.9999999999999998_1.0_354,25.08,2.31,0.73,-0.33,-0.5,-0.68,0.15
A_OB_1.9999999999999998_1.0_355,25.52,2.31,0.73,-0.33,-0.5,-0.68,0.15
A_OB_1.9999999999999998_1.0_356,23.9,2.31,0.73,-0.33,-0.5,-0.68,0.15
A_OB_1.9999999999999998_1.0_357,25.33,2.31,0.73,-0.33,-0.5,-0.68,0.15
A_OB_1.9999999999999998_1.0_358,25.6,2.31,0.73,-0.33,-0.5,-0.68,0.15
A_OB_1.9999999999999998_1.0_359,25.45,2.31,0.73,-0.33,-0.5,-0.68,0.15
A_OB_1.9999999999999998_1.0_360,23.28,2.31,0.73,-0.33,-0.5,-0.68,0.15
A_OB_1.9999999999999998_1.0_361,22.56,2.31,0.73,-0.33,-0.5,-0.68,0.15
A_OB_1.9999999999999998_1.0_362,25.58,2.31,0.73,-0.33,-0.5,-0.68,0.15
A_OB_1.9999999999999998_1.0_363,24.32,2.31,0.73,-0.33,-0.5,-0.68,0.15
A_OB_1.9999999999999998_1.0_364,25.26,2.31,0.73,-0.33,-0.5,-0.68,0.15
A_OB_1.9999999999999998_1.0_365,25.59,2.31,0.73,-0.33,-0.5,-0.68,0.15
A_OB_1.9999999999999998_1.0_366,24.52,2.31,0.73,-0.33,-0.5,-0.68,0.15
A_OB_1.9999999999999998_1.0_367,23.66,2.31,0.73,-0.33,-0.5,-0.68,0.15
A_OB_1.9999999999999998_1.0_368,24.87,2.31,0.73,-0.33,-0.5,-0.68,0.15
A_OB_1.9999999999999998_1.0_369,24.73,2.31,0.73,-0.33,-0.5,-0.68,0.15
A_OB_1.9999999999999998_1.0_370,20.42,2.31,0.73,-0.33,-0.5,-0.68,0.15
A_OB_1.9999999999999998_1.0_371,25.22,2.31,0.73,-0.33,-0.5,-0.68,0.15
A_OB_1.9999999999999998_1.0_372,25.38,2.31,0.73,-0.33,-0.5,-0.68,0.15
A_OB_1.9999999999999998_1.0_373,25.23,2.31,0.73,-0.33,-0.5,-0.68,0.15
A_OB_1.9999999999999998_1.0_374,25.34,2.31,0.73,-0.33,-0.5,-0.68,0.15
A_OB_1.9999999999999998_1.0_375,22.36,2.31,0.73,-0.33,-0.5,-0.68,0.15
A_OB_1.9999999999999998_1.0_376,24.64,2.31,0.73,-0.33,-0.5,-0.68,0.15
A_OB_1.9999999999999998_1.0_377,23.87,2.31,0.73,-0.33,-0.5,-0.68,0.15
A_OB_1.9999999999999998_1.0_378,23.56,2.31,0.73,-0.33,-0.5,-0.68,0.15
A_OB_1.9999999999999998_1.0_379,24.54,2.31,0.73,-0.33,-0.5,-0.68,0.15
A_OB_1.9999999999999998_1.0_380,25.41,2.31,0.73,-0.33,-0.5,-0.68,0.15
A_OB_1.9999999999999998_1.0_381,24.72,2.31,0.73,-0.33,-0.5,-0.68,0.15
A_OB_1.9999999999999998_1.0_382,24.34,2.31,0.73,-0.33,-0.5,-0.68,0.15
A_OB_1.9999999999999998_1.0_383,22.66,2.31,0.73,-0.33,-0.5,-0.68,0.15
A_OB_1.9999999999999998_1.0_384,25.57,2.31,0.73,-0.33,-0.5,-0.68,0.15
A_OB_1.9999999999999998_1.0_385,24.58,2.31,0.73,-0.33,-0.5,-0.68,0.15
A_OB_1.9999999999999998_1.0_386,25.14,2.31,0.73,-0.33,-0.5,-0.68,0.15
A_OB_1.9999999999999998_1.0_387,23.08,2.31,0.73,-0.33,-0.5,-0.68,0.15
A_OB_1.9999999999999998_1.0_388,24.47,2.31,0.73,-0.33,-0.5,-0.68,0.15
A_OB_1.9999999999999998_1.0_389,24.72,2.31,0.73,-0.33,-0.5,-0.68,0.15
A_OB_1.9999999999999998_1.0_390,23.63,2.31,0.73,-0.33,-0.5,-0.68,0.15
A_OB_1.9999999999999998_1.0_391,25.14,2.31,0.73,-0.33,-0.5,-0.68,0.15
A_OB_1.9999999999999998_1.0_392,25.29,2.31,0.73,-0.33,-0.5,-0.68,0.15
A_OB_1.9999999999999998_1.0_393,25.06,2.31,0.73,-0.33,-0.5,-0.68,0.15
A_OB_1.9999999999999998_1.0_394,25.54,2.31,0.73,-0.33,-0.5,-0.68,0.15
A_OB_1.9999999999999998_1.0_395,25.55,2.31,0.73,-0.33,-0.5,-0.68,0.15
A_OB_1.9999999999999998_1.0_396,25.05,2.31,0.73,-0.33,-0.5,-0.68,0.15
A_OB_1.9999999999999998_1.0_397,24.15,2.31,0.73,-0.33,-0.5,-0.68,0.15
A_OB_1.9999999999999998_1.0_398,25.07,2.31,0.73,-0.33,-0.5,-0.68,0.15
A_OB_1.9999999999999998_1.0_399,23.36,2.31,0.73,-0.33,-0.5,-0.68,0.15
A_OB_1.9999999999999998_1.0_400,25.25,2.31,0.73,-0.33,-0.5,-0.68,0.15
A_OB_1.9999999999999998_1.0_401,23.93,2.31,0.73,-0.33,-0.5,-0.68,0.15
A_OB_1.9999999999999998_1.0_402,24.11,2.31,0.73,-0.33,-0.5,-0.68,0.15
A_OB_1.9999999999999998_1.0_403,21.04,2.31,0.73,-0.33,-0.5,-0.68,0.15
A_OB_1.9999999999999998_1.0_404,21.91,2.31,0.73,-0.33,-0.5,-0.68,0.15
A_OB_1.9999999999999998_1.0_405,24.81,2.31,0.73,-0.33,-0.5,-0.68,0.15
A_OB_1.9999999999999998_1.0_406,23.82,2.31,0.73,-0.33,-0.5,-0.68,0.15
A_OB_1.9999999999999998_1.0_407,25.06,2.31,0.73,-0.33,-0.5,-0.68,0.15
A_OB_1.9999999999999998_1.0_408,24.68,2.31,0.73,-0.33,-0.5,-0.68,0.15
A_OB_1.9999999999999998_1.0_409,25.57,2.31,0.73,-0.33,-0.5,-0.68,0.15
A_OB_1.9999999999999998_1.0_410,21.86,2.31,0.73,-0.33,-0.5,-0.68,0.15
A_OB_1.9999999999999998_1.0_411,24.8,2.31,0.73,-0.33,-0.5,-0.68,0.15
A_OB_1.9999999999999998_1.0_412,17.88,2.31,0.73,-0.33,-0.5,-0.68,0.15
A_OB_1.9999999999999998_1.0_413,22.99,2.31,0.73,-0.33,-0.5,-0.68,0.15
A_OB_1.9999999999999998_1.0_414,25.57,2.31,0.73,-0.33,-0.5,-0.68,0.15
A_OB_1.9999999999999998_1.0_415,25.56,2.31,0.73,-0.33,-0.5,-0.68,0.15
A_OB_1.9999999999999998_1.0_416,22.94,2.31,0.73,-0.33,-0.5,-0.68,0.15
A_OB_1.9999999999999998_1.0_417,24.42,2.31,0.73,-0.33,-0.5,-0.68,0.15
A_OB_1.9999999999999998_1.0_418,25.38,2.31,0.73,-0.33,-0.5,-0.68,0.15
A_OB_1.9999999999999998_1.0_419,24.05,2.31,0.73,-0.33,-0.5,-0.68,0.15
A_OB_1.9999999999999998_1.0_420,24.24,2.31,0.73,-0.33,-0.5,-0.68,0.15
A_OB_1.9999999999999998_1.0_421,25.48,2.31,0.73,-0.33,-0.5,-0.68,0.15
A_OB_1.9999999999999998_1.0_422,24.06,2.31,0.73,-0.33,-0.5,-0.68,0.15
A_OB_1.9999999999999998_1.0_423,25.0,2.31,0.73,-0.33,-0.5,-0.68,0.15
A_OB_1.9999999999999998_1.0_424,24.33,2.31,0.73,-0.33,-0.5,-0.68,0.15
A_OB_1.9999999999999998_1.0_425,25.21,2.31,0.73,-0.33,-0.5,-0.68,0.15
A_OB_1.9999999999999998_1.0_426,21.88,2.31,0.73,-0.33,-0.5,-0.68,0.15
A_OB_1.9999999999999998_1.0_427,25.35,2.31,0.73,-0.33,-0.5,-0.68,0.15
A_OB_1.9999999999999998_1.0_428,25.04,2.31,0.73,-0.33,-0.5,-0.68,0.15
A_OB_1.9999999999999998_1.0_429,25.56,2.31,0.73,-0.33,-0.5,-0.68,0.15
A_OB_1.9999999999999998_1.0_430,24.52,2.31,0.73,-0.33,-0.5,-0.68,0.15
A_OB_1.9999999999999998_1.0_431,24.65,2.31,0.73,-0.33,-0.5,-0.68,0.15
A_OB_1.9999999999999998_1.0_432,15.26,2.31,0.73,-0.33,-0.5,-0.68,0.15
A_OB_1.9999999999999998_1.0_433,23.17,2.31,0.73,-0.33,-0.5,-0.68,0.15
A_OB_1.9999999999999998_1.0_434,23.92,2.31,0.73,-0.33,-0.5,-0.68,0.15
A_OB_1.9999999999999998_1.0_435,24.48,2.31,0.73,-0.33,-0.5,-0.68,0.15
A_OB_1.9999999999999998_1.0_436,24.18,2.31,0.73,-0.33,-0.5,-0.68,0.15
A_OB_1.9999999999999998_1.0_437,25.2,2.31,0.73,-0.33,-0.5,-0.68,0.15
A_OB_1.9999999999999998_1.0_438,24.0,2.31,0.73,-0.33,-0.5,-0.68,0.15
A_OB_1.9999999999999998_1.0_439,25.34,2.31,0.73,-0.33,-0.5,-0.68,0.15
A_OB_1.9999999999999998_1.0_440,25.48,2.31,0.73,-0.33,-0.5,-0.68,0.15
A_OB_1.9999999999999998_1.0_441,23.41,2.31,0.73,-0.33,-0.5,-0.68,0.15
A_OB_1.9999999999999998_1.0_442,25.17,2.31,0.73,-0.33,-0.5,-0.68,0.15
A_OB_1.9999999999999998_1.0_443,24.03,2.31,0.73,-0.33,-0.5,-0.68,0.15
A_OB_1.9999999999999998_1.0_444,25.42,2.31,0.73,-0.33,-0.5,-0.68,0.15
A_OB_1.9999999999999998_1.0_445,24.92,2.31,0.73,-0.33,-0.5,-0.68,0.15
A_OB_1.9999999999999998_1.0_446,25.29,2.31,0.73,-0.33,-0.5,-0.68,0.15
A_OB_1.9999999999999998_1.0_447,25.59,2.31,0.73,-0.33,-0.5,-0.68,0.15
A_OB_1.9999999999999998_1.0_448,25.21,2.31,0.73,-0.33,-0.5,-0.68,0.15
A_OB_1.9999999999999998_1.0_449,24.78,2.31,0.73,-0.33,-0.5,-0.68,0.15
A_OB_1.9999999999999998_1.0_450,22.56,2.31,0.73,-0.33,-0.5,-0.68,0.15
A_OB_1.9999999999999998_1.0_451,25.31,2.31,0.73,-0.33,-0.5,-0.68,0.15
A_OB_1.9999999999999998_1.0_452,25.33,2.31,0.73,-0.33,-0.5,-0.68,0.15
A_OB_1.9999999999999998_1.0_453,25.32,2.31,0.73,-0.33,-0.5,-0.68,0.15
A_OB_1.9999999999999998_1.0_454,24.3,2.31,0.73,-0.33,-0.5,-0.68,0.15
A_OB_1.9999999999999998_1.0_455,25.59,2.31,0.73,-0.33,-0.5,-0.68,0.15
A_OB_1.9999999999999998_1.0_456,23.94,2.31,0.73,-0.33,-0.5,-0.68,0.15
A_OB_1.9999999999999998_1.0_457,22.3,2.31,0.73,-0.33,-0.5,-0.68,0.15
A_OB_1.9999999999999998_1.0_458,25.07,2.31,0.73,-0.33,-0.5,-0.68,0.15
A_OB_1.9999999999999998_1.0_459,24.19,2.31,0.73,-0.33,-0.5,-0.68,0.15
A_OB_1.9999999999999998_1.0_460,24.55,2.31,0.73,-0.33,-0.5,-0.68,0.15
A_OB_1.9999999999999998_1.0_461,23.81,2.31,0.73,-0.33,-0.5,-0.68,0.15
A_OB_1.9999999999999998_1.0_462,24.68,2.31,0.73,-0.33,-0.5,-0.68,0.15
A_OB_1.9999999999999998_1.0_463,24.94,2.31,0.73,-0.33,-0.5,-0.68,0.15
A_OB_1.9999999999999998_1.0_464,25.34,2.31,0.73,-0.33,-0.5,-0.68,0.15
A_OB_1.9999999999999998_1.0_465,23.92,2.31,0.73,-0.33,-0.5,-0.68,0.15
A_OB_1.9999999999999998_1.0_466,24.88,2.31,0.73,-0.33,-0.5,-0.68,0.15
A_OB_1.9999999999999998_1.0_467,25.23,2.31,0.73,-0.33,-0.5,-0.68,0.15
A_OB_1.9999999999999998_1.0_468,23.44,2.31,0.73,-0.33,-0.5,-0.68,0.15
A_OB_1.9999999999999998_1.0_469,21.72,2.31,0.73,-0.33,-0.5,-0.68,0.15
A_OB_1.9999999999999998_1.0_470,25.27,2.31,0.73,-0.33,-0.5,-0.68,0.15
A_OB_1.9999999999999998_1.0_471,24.38,2.31,0.73,-0.33,-0.5,-0.68,0.15
A_OB_1.9999999999999998_1.0_472,25.3,2.31,0.73,-0.33,-0.5,-0.68,0.15
A_OB_1.9999999999999998_1.0_473,24.82,2.31,0.73,-0.33,-0.5,-0.68,0.15
A_OB_1.9999999999999998_1.0_474,23.2,2.31,0.73,-0.33,-0.5,-0.68,0.15
A_OB_1.9999999999999998_1.0_475,25.09,2.31,0.73,-0.33,-0.5,-0.68,0.15
A_OB_1.9999999999999998_1.0_476,22.05,2.31,0.73,-0.33,-0.5,-0.68,0.15
A_OB_1.9999999999999998_1.0_477,23.82,2.31,0.73,-0.33,-0.5,-0.68,0.15
A_OB_1.9999999999999998_1.0_478,25.05,2.31,0.73,-0.33,-0.5,-0.68,0.15
A_OB_1.9999999999999998_1.0_479,22.11,2.31,0.73,-0.33,-0.5,-0.68,0.15
A_OB_1.9999999999999998_1.0_480,22.53,2.31,0.73,-0.33,-0.5,-0.68,0.15
A_OB_1.9999999999999998_1.0_481,24.19,2.31,0.73,-0.33,-0.5,-0.68,0.15
A_OB_1.9999999999999998_1.0_482,24.91,2.31,0.73,-0.33,-0.5,-0.68,0.15
A_OB_1.9999999999999998_1.0_483,25.29,2.31,0.73,-0.33,-0.5,-0.68,0.15
A_OB_1.9999999999999998_1.0_484,24.83,2.31,0.73,-0.33,-0.5,-0.68,0.15
A_OB_1.9999999999999998_1.0_485,25.04,2.31,0.73,-0.33,-0.5,-0.68,0.15
A_OB_1.9999999999999998_1.0_486,25.23,2.31,0.73,-0.33,-0.5,-0.68,0.15
A_OB_1.9999999999999998_1.0_487,23.4,2.31,0.73,-0.33,-0.5,-0.68,0.15
A_OB_1.9999999999999998_1.0_488,21.64,2.31,0.73,-0.33,-0.5,-0.68,0.15
A_OB_1.9999999999999998_1.0_489,23.06,2.31,0.73,-0.33,-0.5,-0.68,0.15
A_OB_1.9999999999999998_1.0_490,25.24,2.31,0.73,-0.33,-0.5,-0.68,0.15
A_OB_1.9999999999999998_1.0_491,25.21,2.31,0.73,-0.33,-0.5,-0.68,0.15
A_OB_1.9999999999999998_1.0_492,24.72,2.31,0.73,-0.33,-0.5,-0.68,0.15
A_OB_1.9999999999999998_1.0_493,24.54,2.31,0.73,-0.33,-0.5,-0.68,0.15
A_OB_1.9999999999999998_1.0_494,25.32,2.31,0.73,-0.33,-0.5,-0.68,0.15
A_OB_1.9999999999999998_1.0_495,19.24,2.31,0.73,-0.33,-0.5,-0.68,0.15
A_OB_1.9999999999999998_1.0_496,23.44,2.31,0.73,-0.33,-0.5,-0.68,0.15
A_OB_1.9999999999999998_1.0_497,25.47,2.31,0.73,-0.33,-0.5,-0.68,0.15
A_OB_1.9999999999999998_1.0_498,25.41,2.31,0.73,-0.33,-0.5,-0.68,0.15
A_OB_1.9999999999999998_1.0_499,24.37,2.31,0.73,-0.33,-0.5,-0.68,0.15
A_OB_1.9999999999999998_1.0_500,25.03,2.31,0.73,-0.33,-0.5,-0.68,0.15
A_OB_1.9999999999999998_1.0_501,25.26,2.31,0.73,-0.33,-0.5,-0.68,0.15
A_OB_1.9999999999999998_1.0_502,24.42,2.31,0.73,-0.33,-0.5,-0.68,0.15
A_OB_1.9999999999999998_1.0_503,24.1,2.31,0.73,-0.33,-0.5,-0.68,0.15
A_OB_1.9999999999999998_1.0_504,23.87,2.31,0.73,-0.33,-0.5,-0.68,0.15
A_OB_1.9999999999999998_1.0_505,25.38,2.31,0.73,-0.33,-0.5,-0.68,0.15
A_OB_1.9999999999999998_1.0_506,23.64,2.31,0.73,-0.33,-0.5,-0.68,0.15
A_OB_1.9999999999999998_1.0_507,21.64,2.31,0.73,-0.33,-0.5,-0.68,0.15
A_OB_1.9999999999999998_1.0_508,25.03,2.31,0.73,-0.33,-0.5,-0.68,0.15
A_OB_1.9999999999999998_1.0_509,24.24,2.31,0.73,-0.33,-0.5,-0.68,0.15
A_OB_1.9999999999999998_1.0_510,24.79,2.31,0.73,-0.33,-0.5,-0.68,0.15
A_OB_1.9999999999999998_1.0_511,20.43,2.31,0.73,-0.33,-0.5,-0.68,0.15
A_OB_1.9999999999999998_1.0_512,25.41,2.31,0.73,-0.33,-0.5,-0.68,0.15
A_OB_1.9999999999999998_1.0_513,24.45,2.31,0.73,-0.33,-0.5,-0.68,0.15
A_OB_1.9999999999999998_1.0_514,25.26,2.31,0.73,-0.33,-0.5,-0.68,0.15
A_OB_1.9999999999999998_1.0_515,25.41,2.31,0.73,-0.33,-0.5,-0.68,0.15
A_OB_1.9999999999999998_1.0_516,24.3,2.31,0.73,-0.33,-0.5,-0.68,0.15
A_OB_1.9999999999999998_1.0_517,25.05,2.31,0.73,-0.33,-0.5,-0.68,0.15
A_OB_1.9999999999999998_1.0_518,23.94,2.31,0.73,-0.33,-0.5,-0.68,0.15
A_OB_1.9999999999999998_1.0_519,25.17,2.31,0.73,-0.33,-0.5,-0.68,0.15
A_OB_1.9999999999999998_1.0_520,25.33,2.31,0.73,-0.33,-0.5,-0.68,0.15
A_OB_1.9999999999999998_1.0_521,24.99,2.31,0.73,-0.33,-0.5,-0.68,0.15
A_OB_1.9999999999999998_1.0_522,25.15,2.31,0.73,-0.33,-0.5,-0.68,0.15
A_OB_1.9999999999999998_1.0_523,25.18,2.31,0.73,-0.33,-0.5,-0.68,0.15
A_OB_1.9999999999999998_1.0_524,24.29,2.31,0.73,-0.33,-0.5,-0.68,0.15
A_OB_1.9999999999999998_1.0_525,25.54,2.31,0.73,-0.33,-0.5,-0.68,0.15
A_OB_1.9999999999999998_1.0_526,23.91,2.31,0.73,-0.33,-0.5,-0.68,0.15
A_OB_1.9999999999999998_1.0_527,25.16,2.31,0.73,-0.33,-0.5,-0.68,0.15
A_OB_1.9999999999999998_1.0_528,24.38,2.31,0.73,-0.33,-0.5,-0.68,0.15
A_OB_1.9999999999999998_1.0_529,25.58,2.31,0.73,-0.33,-0.5,-0.68,0.15
A_OB_1.9999999999999998_1.0_530,24.48,2.31,0.73,-0.33,-0.5,-0.68,0.15
A_OB_1.9999999999999998_1.0_531,25.34,2.31,0.73,-0.33,-0.5,-0.68,0.15
A_OB_1.9999999999999998_1.0_532,25.29,2.31,0.73,-0.33,-0.5,-0.68,0.15
A_OB_1.9999999999999998_1.0_533,25.05,2.31,0.73,-0.33,-0.5,-0.68,0.15
A_OB_1.9999999999999998_1.0_534,17.83,2.31,0.73,-0.33,-0.5,-0.68,0.15
A_OB_1.9999999999999998_1.0_535,25.51,2.31,0.73,-0.33,-0.5,-0.68,0.15
A_OB_1.9999999999999998_1.0_536,25.09,2.31,0.73,-0.33,-0.5,-0.68,0.15
A_OB_1.9999999999999998_1.0_537,23.55,2.31,0.73,-0.33,-0.5,-0.68,0.15
A_OB_1.9999999999999998_1.0_538,25.24,2.31,0.73,-0.33,-0.5,-0.68,0.15
A_OB_1.9999999999999998_1.0_539,25.5,2.31,0.73,-0.33,-0.5,-0.68,0.15
A_OB_1.9999999999999998_1.0_540,25.57,2.31,0.73,-0.33,-0.5,-0.68,0.15
A_OB_1.9999999999999998_1.0_541,25.34,2.31,0.73,-0.33,-0.5,-0.68,0.15
A_OB_1.9999999999999998_1.0_542,25.1,2.31,0.73,-0.33,-0.5,-0.68,0.15
A_OB_1.9999999999999998_1.0_543,25.06,2.31,0.73,-0.33,-0.5,-0.68,0.15
A_OB_1.9999999999999998_1.0_544,16.84,2.31,0.73,-0.33,-0.5,-0.68,0.15
A_OB_1.9999999999999998_1.0_545,24.27,2.31,0.73,-0.33,-0.5,-0.68,0.15
A_OB_1.9999999999999998_1.0_546,24.4,2.31,0.73,-0.33,-0.5,-0.68,0.15
A_OB_1.9999999999999998_1.0_547,25.54,2.31,0.73,-0.33,-0.5,-0.68,0.15
A_OB_1.9999999999999998_1.0_548,24.21,2.31,0.73,-0.33,-0.5,-0.68,0.15
A_OB_1.9999999999999998_1.0_549,25.48,2.31,0.73,-0.33,-0.5,-0.68,0.15
A_OB_1.9999999999999998_1.0_550,24.31,2.31,0.73,-0.33,-0.5,-0.68,0.15
A_OB_1.9999999999999998_1.0_551,24.79,2.31,0.73,-0.33,-0.5,-0.68,0.15
A_OB_1.9999999999999998_1.0_552,24.55,2.31,0.73,-0.33,-0.5,-0.68,0.15
A_OB_1.9999999999999998_1.0_553,24.55,2.31,0.73,-0.33,-0.5,-0.68,0.15
A_OB_1.9999999999999998_1.0_554,24.42,2.31,0.73,-0.33,-0.5,-0.68,0.15
A_OB_1.9999999999999998_1.0_555,25.5,2.31,0.73,-0.33,-0.5,-0.68,0.15
A_OB_1.9999999999999998_1.0_556,24.4,2.31,0.73,-0.33,-0.5,-0.68,0.15
A_OB_1.9999999999999998_1.0_557,24.06,2.31,0.73,-0.33,-0.5,-0.68,0.15
A_OB_1.9999999999999998_1.0_558,24.98,2.31,0.73,-0.33,-0.5,-0.68,0.15
A_OB_1.9999999999999998_1.0_559,23.73,2.31,0.73,-0.33,-0.5,-0.68,0.15
A_OB_1.9999999999999998_1.0_560,24.81,2.31,0.73,-0.33,-0.5,-0.68,0.15
A_OB_1.9999999999999998_1.0_561,22.07,2.31,0.73,-0.33,-0.5,-0.68,0.15
A_OB_1.9999999999999998_1.0_562,23.8,2.31,0.73,-0.33,-0.5,-0.68,0.15
A_OB_1.9999999999999998_1.0_563,24.22,2.31,0.73,-0.33,-0.5,-0.68,0.15
A_OB_1.9999999999999998_1.0_564,24.77,2.31,0.73,-0.33,-0.5,-0.68,0.15
A_OB_1.9999999999999998_1.0_565,24.6,2.31,0.73,-0.33,-0.5,-0.68,0.15
A_OB_1.9999999999999998_1.0_566,25.48,2.31,0.73,-0.33,-0.5,-0.68,0.15
A_OB_1.9999999999999998_1.0_567,18.53,2.31,0.73,-0.33,-0.5,-0.68,0.15
A_OB_1.9999999999999998_1.0_568,22.5,2.31,0.73,-0.33,-0.5,-0.68,0.15
A_OB_1.9999999999999998_1.0_569,24.61,2.31,0.73,-0.33,-0.5,-0.68,0.15
A_OB_1.9999999999999998_1.0_570,25.14,2.31,0.73,-0.33,-0.5,-0.68,0.15
A_OB_1.9999999999999998_1.0_571,24.38,2.31,0.73,-0.33,-0.5,-0.68,0.15
A_OB_1.9999999999999998_1.0_572,25.35,2.31,0.73,-0.33,-0.5,-0.68,0.15
A_OB_1.9999999999999998_1.0_573,24.69,2.31,0.73,-0.33,-0.5,-0.68,0.15
A_OB_1.9999999999999998_1.0_574,23.91,2.31,0.73,-0.33,-0.5,-0.68,0.15
A_OB_1.9999999999999998_1.0_575,20.37,2.31,0.73,-0.33,-0.5,-0.68,0.15
A_OB_1.9999999999999998_1.0_576,22.61,2.31,0.73,-0.33,-0.5,-0.68,0.15
A_OB_1.9999999999999998_1.0_577,25.19,2.31,0.73,-0.33,-0.5,-0.68,0.15
A_OB_1.9999999999999998_1.0_578,24.23,2.31,0.73,-0.33,-0.5,-0.68,0.15
A_OB_1.9999999999999998_1.0_579,24.1,2.31,0.73,-0.33,-0.5,-0.68,0.15
A_OB_1.9999999999999998_1.0_580,23.99,2.31,0.73,-0.33,-0.5,-0.68,0.15
A_OB_1.9999999999999998_1.0_581,24.8,2.31,0.73,-0.33,-0.5,-0.68,0.15
A_OB_1.9999999999999998_1.0_582,25.3,2.31,0.73,-0.33,-0.5,-0.68,0.15
A_OB_1.9999999999999998_1.0_583,23.38,2.31,0.73,-0.33,-0.5,-0.68,0.15
A_OB_1.9999999999999998_1.0_584,25.38,2.31,0.73,-0.33,-0.5,-0.68,0.15
A_OB_1.9999999999999998_1.0_585,24.28,2.31,0.73,-0.33,-0.5,-0.68,0.15
A_OB_1.9999999999999998_1.0_586,24.64,2.31,0.73,-0.33,-0.5,-0.68,0.15
A_OB_1.9999999999999998_1.0_587,24.66,2.31,0.73,-0.33,-0.5,-0.68,0.15
A_OB_1.9999999999999998_1.0_588,18.9,2.31,0.73,-0.33,-0.5,-0.68,0.15
A_OB_1.9999999999999998_1.0_589,25.41,2.31,0.73,-0.33,-0.5,-0.68,0.15
A_OB_1.9999999999999998_1.0_590,24.62,2.31,0.73,-0.33,-0.5,-0.68,0.15
A_OB_1.9999999999999998_1.0_591,23.89,2.31,0.73,-0.33,-0.5,-0.68,0.15
A_OB_1.9999999999999998_1.0_592,24.7,2.31,0.73,-0.33,-0.5,-0.68,0.15
A_OB_1.9999999999999998_1.0_593,24.85,2.31,0.73,-0.33,-0.5,-0.68,0.15
A_OB_1.9999999999999998_1.0_594,24.53,2.31,0.73,-0.33,-0.5,-0.68,0.15
A_OB_1.9999999999999998_1.0_595,24.7,2.31,0.73,-0.33,-0.5,-0.68,0.15
A_OB_1.9999999999999998_1.0_596,25.62,2.31,0.73,-0.33,-0.5,-0.68,0.15
A_OB_1.9999999999999998_1.0_597,22.58,2.31,0.73,-0.33,-0.5,-0.68,0.15
A_OB_1.9999999999999998_1.0_598,24.93,2.31,0.73,-0.33,-0.5,-0.68,0.15
A_OB_1.9999999999999998_1.0_599,23.2,2.31,0.73,-0.33,-0.5,-0.68,0.15
A_OB_1.9999999999999998_1.0_600,25.39,2.31,0.73,-0.33,-0.5,-0.68,0.15
A_OB_1.9999999999999998_1.0_601,24.16,2.31,0.73,-0.33,-0.5,-0.68,0.15
A_OB_1.9999999999999998_1.0_602,24.82,2.31,0.73,-0.33,-0.5,-0.68,0.15
A_OB_1.9999999999999998_1.0_603,24.82,2.31,0.73,-0.33,-0.5,-0.68,0.15
A_OB_1.9999999999999998_1.0_604,22.55,2.31,0.73,-0.33,-0.5,-0.68,0.15
A_OB_1.9999999999999998_1.0_605,24.73,2.31,0.73,-0.33,-0.5,-0.68,0.15
A_OB_1.9999999999999998_1.0_606,23.9,2.31,0.73,-0.33,-0.5,-0.68,0.15
A_OB_1.9999999999999998_1.0_607,23.9,2.31,0.73,-0.33,-0.5,-0.68,0.15
A_OB_1.9999999999999998_1.0_608,24.51,2.31,0.73,-0.33,-0.5,-0.68,0.15
A_OB_1.9999999999999998_1.0_609,23.58,2.31,0.73,-0.33,-0.5,-0.68,0.15
A_OB_1.9999999999999998_1.0_610,25.4,2.31,0.73,-0.33,-0.5,-0.68,0.15
A_OB_1.9999999999999998_1.0_611,25.47,2.31,0.73,-0.33,-0.5,-0.68,0.15
A_OB_1.9999999999999998_1.0_612,18.15,2.31,0.73,-0.33,-0.5,-0.68,0.15
A_OB_1.9999999999999998_1.0_613,19.29,2.31,0.73,-0.33,-0.5,-0.68,0.15
A_OB_1.9999999999999998_1.0_614,23.45,2.31,0.73,-0.33,-0.5,-0.68,0.15
A_OB_1.9999999999999998_1.0_615,25.48,2.31,0.73,-0.33,-0.5,-0.68,0.15
A_OB_1.9999999999999998_1.0_616,25.61,2.31,0.73,-0.33,-0.5,-0.68,0.15
A_OB_1.9999999999999998_1.0_617,21.64,2.31,0.73,-0.33,-0.5,-0.68,0.15
A_OB_1.9999999999999998_1.0_618,25.22,2.31,0.73,-0.33,-0.5,-0.68,0.15
A_OB_1.9999999999999998_1.0_619,25.47,2.31,0.73,-0.33,-0.5,-0.68,0.15
A_OB_1.9999999999999998_1.0_620,24.04,2.31,0.73,-0.33,-0.5,-0.68,0.15
A_OB_1.9999999999999998_1.0_621,25.1,2.31,0.73,-0.33,-0.5,-0.68,0.15
A_OB_1.9999999999999998_1.0_622,24.34,2.31,0.73,-0.33,-0.5,-0.68,0.15
A_OB_1.9999999999999998_1.0_623,24.9,2.31,0.73,-0.33,-0.5,-0.68,0.15
A_OB_1.9999999999999998_1.0_624,25.02,2.31,0.73,-0.33,-0.5,-0.68,0.15
A_OB_1.9999999999999998_1.0_625,23.85,2.31,0.73,-0.33,-0.5,-0.68,0.15
A_OB_1.9999999999999998_1.0_626,25.52,2.31,0.73,-0.33,-0.5,-0.68,0.15
A_OB_1.9999999999999998_1.0_627,24.72,2.31,0.73,-0.33,-0.5,-0.68,0.15
A_OB_1.9999999999999998_1.0_628,24.44,2.31,0.73,-0.33,-0.5,-0.68,0.15
A_OB_1.9999999999999998_1.0_629,25.3,2.31,0.73,-0.33,-0.5,-0.68,0.15
A_OB_1.9999999999999998_1.0_630,24.88,2.31,0.73,-0.33,-0.5,-0.68,0.15
A_OB_1.9999999999999998_1.0_631,24.27,2.31,0.73,-0.33,-0.5,-0.68,0.15
A_OB_1.9999999999999998_1.0_632,24.36,2.31,0.73,-0.33,-0.5,-0.68,0.15
A_OB_1.9999999999999998_1.0_633,25.05,2.31,0.73,-0.33,-0.5,-0.68,0.15
A_OB_1.9999999999999998_1.0_634,23.29,2.31,0.73,-0.33,-0.5,-0.68,0.15
A_OB_1.9999999999999998_1.0_635,25.02,2.31,0.73,-0.33,-0.5,-0.68,0.15
A_OB_1.9999999999999998_1.0_636,22.24,2.31,0.73,-0.33,-0.5,-0.68,0.15
A_OB_1.9999999999999998_1.0_637,25.13,2.31,0.73,-0.33,-0.5,-0.68,0.15
A_OB_1.9999999999999998_1.0_638,24.78,2.31,0.73,-0.33,-0.5,-0.68,0.15
A_OB_1.9999999999999998_1.0_639,23.53,2.31,0.73,-0.33,-0.5,-0.68,0.15
A_OB_1.9999999999999998_1.0_640,25.21,2.31,0.73,-0.33,-0.5,-0.68,0.15
A_OB_1.9999999999999998_1.0_641,23.65,2.31,0.73,-0.33,-0.5,-0.68,0.15
A_OB_1.9999999999999998_1.0_642,24.44,2.31,0.73,-0.33,-0.5,-0.68,0.15
A_OB_1.9999999999999998_1.0_643,25.57,2.31,0.73,-0.33,-0.5,-0.68,0.15
A_OB_1.9999999999999998_1.0_644,25.46,2.31,0.73,-0.33,-0.5,-0.68,0.15
A_OB_1.9999999999999998_1.0_645,25.01,2.31,0.73,-0.33,-0.5,-0.68,0.15
A_OB_1.9999999999999998_1.0_646,24.14,2.31,0.73,-0.33,-0.5,-0.68,0.15
A_OB_1.9999999999999998_1.0_647,21.74,2.31,0.73,-0.33,-0.5,-0.68,0.15
A_OB_1.9999999999999998_1.0_648,24.78,2.31,0.73,-0.33,-0.5,-0.68,0.15
A_OB_1.9999999999999998_1.0_649,25.42,2.31,0.73,-0.33,-0.5,-0.68,0.15
A_OB_1.9999999999999998_1.0_650,22.31,2.31,0.73,-0.33,-0.5,-0.68,0.15
A_OB_1.9999999999999998_1.0_651,23.84,2.31,0.73,-0.33,-0.5,-0.68,0.15
A_OB_1.9999999999999998_1.0_652,23.23,2.31,0.73,-0.33,-0.5,-0.68,0.15
A_OB_1.9999999999999998_1.0_653,21.91,2.31,0.73,-0.33,-0.5,-0.68,0.15
A_OB_1.9999999999999998_1.0_654,25.47,2.31,0.73,-0.33,-0.5,-0.68,0.15
A_OB_1.9999999999999998_1.0_655,24.79,2.31,0.73,-0.33,-0.5,-0.68,0.15
A_OB_1.9999999999999998_1.0_656,24.26,2.31,0.73,-0.33,-0.5,-0.68,0.15
A_OB_1.9999999999999998_1.0_657,24.68,2.31,0.73,-0.33,-0.5,-0.68,0.15
A_OB_1.9999999999999998_1.0_658,25.54,2.31,0.73,-0.33,-0.5,-0.68,0.15
A_OB_1.9999999999999998_1.0_659,24.99,2.31,0.73,-0.33,-0.5,-0.68,0.15
A_OB_1.9999999999999998_1.0_660,25.55,2.31,0.73,-0.33,-0.5,-0.68,0.15
A_OB_1.9999999999999998_1.0_661,24.17,2.31,0.73,-0.33,-0.5,-0.68,0.15
A_OB_1.9999999999999998_1.0_662,24.13,2.31,0.73,-0.33,-0.5,-0.68,0.15
A_OB_1.9999999999999998_1.0_663,24.32,2.31,0.73,-0.33,-0.5,-0.68,0.15
A_OB_1.9999999999999998_1.0_664,23.92,2.31,0.73,-0.33,-0.5,-0.68,0.15
A_OB_1.9999999999999998_1.0_665,24.81,2.31,0.73,-0.33,-0.5,-0.68,0.15
A_OB_1.9999999999999998_1.0_666,25.25,2.31,0.73,-0.33,-0.5,-0.68,0.15
A_OB_1.9999999999999998_1.0_667,25.26,2.31,0.73,-0.33,-0.5,-0.68,0.15
A_OB_1.9999999999999998_1.0_668,23.66,2.31,0.73,-0.33,-0.5,-0.68,0.15
A_OB_1.9999999999999998_1.0_669,24.27,2.31,0.73,-0.33,-0.5,-0.68,0.15
A_OB_1.9999999999999998_1.0_670,22.8,2.31,0.73,-0.33,-0.5,-0.68,0.15
A_OB_1.9999999999999998_1.0_671,22.0,2.31,0.73,-0.33,-0.5,-0.68,0.15
A_OB_1.9999999999999998_1.0_672,10.35,2.31,0.73,-0.33,-0.5,-0.68,0.15
A_OB_1.9999999999999998_1.0_673,23.5,2.31,0.73,-0.33,-0.5,-0.68,0.15
A_OB_1.9999999999999998_1.0_674,25.44,2.31,0.73,-0.33,-0.5,-0.68,0.15
A_OB_1.9999999999999998_1.0_675,24.96,2.31,0.73,-0.33,-0.5,-0.68,0.15
A_OB_1.9999999999999998_1.0_676,24.96,2.31,0.73,-0.33,-0.5,-0.68,0.15
A_OB_1.9999999999999998_1.0_677,25.18,2.31,0.73,-0.33,-0.5,-0.68,0.15
A_OB_1.9999999999999998_1.0_678,25.55,2.31,0.73,-0.33,-0.5,-0.68,0.15
A_OB_1.9999999999999998_1.0_679,25.37,2.31,0.73,-0.33,-0.5,-0.68,0.15
A_OB_1.9999999999999998_1.0_680,24.61,2.31,0.73,-0.33,-0.5,-0.68,0.15
A_OB_1.9999999999999998_1.0_681,24.44,2.31,0.73,-0.33,-0.5,-0.68,0.15
A_OB_1.9999999999999998_1.0_682,25.34,2.31,0.73,-0.33,-0.5,-0.68,0.15
A_OB_1.9999999999999998_1.0_683,22.14,2.31,0.73,-0.33,-0.5,-0.68,0.15
A_OB_1.9999999999999998_1.0_684,24.04,2.31,0.73,-0.33,-0.5,-0.68,0.15
A_OB_1.9999999999999998_1.0_685,25.48,2.31,0.73,-0.33,-0.5,-0.68,0.15
A_OB_1.9999999999999998_1.0_686,25.22,2.31,0.73,-0.33,-0.5,-0.68,0.15
A_OB_1.9999999999999998_1.0_687,24.69,2.31,0.73,-0.33,-0.5,-0.68,0.15
A_OB_1.9999999999999998_1.0_688,24.25,2.31,0.73,-0.33,-0.5,-0.68,0.15
A_OB_1.9999999999999998_1.0_689,24.24,2.31,0.73,-0.33,-0.5,-0.68,0.15
A_OB_1.9999999999999998_1.0_690,21.76,2.31,0.73,-0.33,-0.5,-0.68,0.15
A_OB_1.9999999999999998_1.0_691,25.06,2.31,0.73,-0.33,-0.5,-0.68,0.15
A_OB_1.9999999999999998_1.0_692,23.74,2.31,0.73,-0.33,-0.5,-0.68,0.15
A_OB_1.9999999999999998_1.0_693,25.25,2.31,0.73,-0.33,-0.5,-0.68,0.15
A_OB_1.9999999999999998_1.0_694,23.5,2.31,0.73,-0.33,-0.5,-0.68,0.15
A_OB_1.9999999999999998_1.0_695,23.84,2.31,0.73,-0.33,-0.5,-0.68,0.15
A_OB_1.9999999999999998_1.0_696,23.93,2.31,0.73,-0.33,-0.5,-0.68,0.15
A_OB_1.9999999999999998_1.0_697,22.83,2.31,0.73,-0.33,-0.5,-0.68,0.15
A_OB_1.9999999999999998_1.0_698,25.6,2.31,0.73,-0.33,-0.5,-0.68,0.15
A_OB_1.9999999999999998_1.0_699,22.88,2.31,0.73,-0.33,-0.5,-0.68,0.15
A_OB_1.9999999999999998_1.0_700,21.75,2.31,0.73,-0.33,-0.5,-0.68,0.15
A_OB_1.9999999999999998_1.0_701,25.36,2.31,0.73,-0.33,-0.5,-0.68,0.15
A_OB_1.9999999999999998_1.0_702,24.78,2.31,0.73,-0.33,-0.5,-0.68,0.15
A_OB_1.9999999999999998_1.0_703,25.3,2.31,0.73,-0.33,-0.5,-0.68,0.15
A_OB_1.9999999999999998_1.0_704,25.47,2.31,0.73,-0.33,-0.5,-0.68,0.15
A_OB_1.9999999999999998_1.0_705,25.48,2.31,0.73,-0.33,-0.5,-0.68,0.15
A_OB_1.9999999999999998_1.0_706,25.26,2.31,0.73,-0.33,-0.5,-0.68,0.15
A_OB_1.9999999999999998_1.0_707,23.42,2.31,0.73,-0.33,-0.5,-0.68,0.15
A_OB_1.9999999999999998_1.0_708,25.47,2.31,0.73,-0.33,-0.5,-0.68,0.15
A_OB_1.9999999999999998_1.0_709,23.71,2.31,0.73,-0.33,-0.5,-0.68,0.15
A_OB_1.9999999999999998_1.0_710,24.87,2.31,0.73,-0.33,-0.5,-0.68,0.15
A_OB_1.9999999999999998_1.0_711,25.31,2.31,0.73,-0.33,-0.5,-0.68,0.15
A_OB_1.9999999999999998_1.0_712,25.11,2.31,0.73,-0.33,-0.5,-0.68,0.15
A_OB_1.9999999999999998_1.0_713,25.03,2.31,0.73,-0.33,-0.5,-0.68,0.15
A_OB_1.9999999999999998_1.0_714,23.48,2.31,0.73,-0.33,-0.5,-0.68,0.15
A_OB_1.9999999999999998_1.0_715,20.72,2.31,0.73,-0.33,-0.5,-0.68,0.15
A_OB_1.9999999999999998_1.0_716,24.98,2.31,0.73,-0.33,-0.5,-0.68,0.15
A_OB_1.9999999999999998_1.0_717,20.57,2.31,0.73,-0.33,-0.5,-0.68,0.15
A_OB_1.9999999999999998_1.0_718,24.12,2.31,0.73,-0.33,-0.5,-0.68,0.15
A_OB_1.9999999999999998_1.0_719,22.36,2.31,0.73,-0.33,-0.5,-0.68,0.15
A_OB_1.9999999999999998_1.0_720,25.41,2.31,0.73,-0.33,-0.5,-0.68,0.15
A_OB_1.9999999999999998_1.0_721,24.29,2.31,0.73,-0.33,-0.5,-0.68,0.15
A_OB_1.9999999999999998_1.0_722,21.68,2.31,0.73,-0.33,-0.5,-0.68,0.15
A_OB_1.9999999999999998_1.0_723,25.48,2.31,0.73,-0.33,-0.5,-0.68,0.15
A_OB_1.9999999999999998_1.0_724,24.63,2.31,0.73,-0.33,-0.5,-0.68,0.15
A_OB_1.9999999999999998_1.0_725,24.26,2.31,0.73,-0.33,-0.5,-0.68,0.15
A_OB_1.9999999999999998_1.0_726,25.48,2.31,0.73,-0.33,-0.5,-0.68,0.15
A_OB_1.9999999999999998_1.0_727,23.77,2.31,0.73,-0.33,-0.5,-0.68,0.15
A_OB_1.9999999999999998_1.0_728,21.8,2.31,0.73,-0.33,-0.5,-0.68,0.15
A_OB_1.9999999999999998_1.0_729,19.4,2.31,0.73,-0.33,-0.5,-0.68,0.15
A_OB_1.9999999999999998_1.0_730,25.19,2.31,0.73,-0.33,-0.5,-0.68,0.15
A_OB_1.9999999999999998_1.0_731,24.11,2.31,0.73,-0.33,-0.5,-0.68,0.15
A_OB_1.9999999999999998_1.0_732,23.17,2.31,0.73,-0.33,-0.5,-0.68,0.15
A_OB_1.9999999999999998_1.0_733,25.47,2.31,0.73,-0.33,-0.5,-0.68,0.15
A_OB_1.9999999999999998_1.0_734,23.67,2.31,0.73,-0.33,-0.5,-0.68,0.15
A_OB_1.9999999999999998_1.0_735,21.44,2.31,0.73,-0.33,-0.5,-0.68,0.15
A_OB_1.9999999999999998_1.0_736,22.81,2.31,0.73,-0.33,-0.5,-0.68,0.15
A_OB_1.9999999999999998_1.0_737,23.71,2.31,0.73,-0.33,-0.5,-0.68,0.15
A_OB_1.9999999999999998_1.0_738,22.66,2.31,0.73,-0.33,-0.5,-0.68,0.15
A_OB_1.9999999999999998_1.0_739,23.94,2.31,0.73,-0.33,-0.5,-0.68,0.15
A_OB_1.9999999999999998_1.0_740,25.28,2.31,0.73,-0.33,-0.5,-0.68,0.15
A_OB_1.9999999999999998_1.0_741,25.28,2.31,0.73,-0.33,-0.5,-0.68,0.15
A_OB_1.9999999999999998_1.0_742,24.21,2.31,0.73,-0.33,-0.5,-0.68,0.15
A_OB_1.9999999999999998_1.0_743,24.92,2.31,0.73,-0.33,-0.5,-0.68,0.15
A_OB_1.9999999999999998_1.0_744,24.89,2.31,0.73,-0.33,-0.5,-0.68,0.15
A_OB_1.9999999999999998_1.0_745,25.32,2.31,0.73,-0.33,-0.5,-0.68,0.15
A_OB_1.9999999999999998_1.0_746,25.12,2.31,0.73,-0.33,-0.5,-0.68,0.15
A_OB_1.9999999999999998_1.0_747,21.28,2.31,0.73,-0.33,-0.5,-0.68,0.15
A_OB_1.9999999999999998_1.0_748,20.74,2.31,0.73,-0.33,-0.5,-0.68,0.15
A_OB_1.9999999999999998_1.0_749,25.34,2.31,0.73,-0.33,-0.5,-0.68,0.15
A_OB_1.9999999999999998_1.0_750,25.5,2.31,0.73,-0.33,-0.5,-0.68,0.15
A_OB_1.9999999999999998_1.0_751,24.24,2.31,0.73,-0.33,-0.5,-0.68,0.15
A_OB_1.9999999999999998_1.0_752,22.75,2.31,0.73,-0.33,-0.5,-0.68,0.15
A_OB_1.9999999999999998_1.0_753,23.94,2.31,0.73,-0.33,-0.5,-0.68,0.15
A_OB_1.9999999999999998_1.0_754,25.61,2.31,0.73,-0.33,-0.5,-0.68,0.15
A_OB_1.9999999999999998_1.0_755,24.61,2.31,0.73,-0.33,-0.5,-0.68,0.15
A_OB_1.9999999999999998_1.0_756,23.91,2.31,0.73,-0.33,-0.5,-0.68,0.15
A_OB_1.9999999999999998_1.0_757,23.87,2.31,0.73,-0.33,-0.5,-0.68,0.15
A_OB_1.9999999999999998_1.0_758,25.01,2.31,0.73,-0.33,-0.5,-0.68,0.15
A_OB_1.9999999999999998_1.0_759,25.6,2.31,0.73,-0.33,-0.5,-0.68,0.15
A_OB_1.9999999999999998_1.0_760,21.92,2.31,0.73,-0.33,-0.5,-0.68,0.15
A_OB_1.9999999999999998_1.0_761,25.33,2.31,0.73,-0.33,-0.5,-0.68,0.15
A_OB_1.9999999999999998_1.0_762,24.55,2.31,0.73,-0.33,-0.5,-0.68,0.15
A_OB_1.9999999999999998_1.0_763,23.3,2.31,0.73,-0.33,-0.5,-0.68,0.15
A_OB_1.9999999999999998_1.0_764,24.81,2.31,0.73,-0.33,-0.5,-0.68,0.15
A_OB_1.9999999999999998_1.0_765,20.25,2.31,0.73,-0.33,-0.5,-0.68,0.15
A_OB_1.9999999999999998_1.0_766,23.73,2.31,0.73,-0.33,-0.5,-0.68,0.15
A_OB_1.9999999999999998_1.0_767,24.22,2.31,0.73,-0.33,-0.5,-0.68,0.15
A_OB_1.9999999999999998_1.0_768,24.82,2.31,0.73,-0.33,-0.5,-0.68,0.15
