ObjID,H_g,u-r,g-r,i-r,z-r,y-r,GS
A_OB_2.1999999999999997_1.0_0,25.58,2.31,0.73,-0.33,-0.5,-0.68,0.15
A_OB_2.1999999999999997_1.0_1,24.85,2.31,0.73,-0.33,-0.5,-0.68,0.15
A_OB_2.1999999999999997_1.0_2,24.08,2.31,0.73,-0.33,-0.5,-0.68,0.15
A_OB_2.1999999999999997_1.0_3,25.4,2.31,0.73,-0.33,-0.5,-0.68,0.15
A_OB_2.1999999999999997_1.0_4,24.78,2.31,0.73,-0.33,-0.5,-0.68,0.15
A_OB_2.1999999999999997_1.0_5,24.47,2.31,0.73,-0.33,-0.5,-0.68,0.15
A_OB_2.1999999999999997_1.0_6,25.12,2.31,0.73,-0.33,-0.5,-0.68,0.15
A_OB_2.1999999999999997_1.0_7,19.39,2.31,0.73,-0.33,-0.5,-0.68,0.15
A_OB_2.1999999999999997_1.0_8,22.87,2.31,0.73,-0.33,-0.5,-0.68,0.15
A_OB_2.1999999999999997_1.0_9,22.35,2.31,0.73,-0.33,-0.5,-0.68,0.15
A_OB_2.1999999999999997_1.0_10,25.6,2.31,0.73,-0.33,-0.5,-0.68,0.15
A_OB_2.1999999999999997_1.0_11,25.42,2.31,0.73,-0.33,-0.5,-0.68,0.15
A_OB_2.1999999999999997_1.0_12,25.4,2.31,0.73,-0.33,-0.5,-0.68,0.15
A_OB_2.1999999999999997_1.0_13,22.82,2.31,0.73,-0.33,-0.5,-0.68,0.15
A_OB_2.1999999999999997_1.0_14,23.12,2.31,0.73,-0.33,-0.5,-0.68,0.15
A_OB_2.1999999999999997_1.0_15,24.92,2.31,0.73,-0.33,-0.5,-0.68,0.15
A_OB_2.1999999999999997_1.0_16,24.81,2.31,0.73,-0.33,-0.5,-0.68,0.15
A_OB_2.1999999999999997_1.0_17,24.59,2.31,0.73,-0.33,-0.5,-0.68,0.15
A_OB_2.1999999999999997_1.0_18,25.16,2.31,0.73,-0.33,-0.5,-0.68,0.15
A_OB_2.1999999999999997_1.0_19,25.11,2.31,0.73,-0.33,-0.5,-0.68,0.15
A_OB_2.1999999999999997_1.0_20,24.03,2.31,0.73,-0.33,-0.5,-0.68,0.15
A_OB_2.1999999999999997_1.0_21,24.39,2.31,0.73,-0.33,-0.5,-0.68,0.15
A_OB_2.1999999999999997_1.0_22,23.47,2.31,0.73,-0.33,-0.5,-0.68,0.15
A_OB_2.1999999999999997_1.0_23,24.4,2.31,0.73,-0.33,-0.5,-0.68,0.15
A_OB_2.1999999999999997_1.0_24,25.0,2.31,0.73,-0.33,-0.5,-0.68,0.15
A_OB_2.1999999999999997_1.0_25,25.4,2.31,0.73,-0.33,-0.5,-0.68,0.15
A_OB_2.1999999999999997_1.0_26,24.08,2.31,0.73,-0.33,-0.5,-0.68,0.15
A_OB_2.1999999999999997_1.0_27,24.57,2.31,0.73,-0.33,-0.5,-0.68,0.15
A_OB_2.1999999999999997_1.0_28,25.36,2.31,0.73,-0.33,-0.5,-0.68,0.15
A_OB_2.1999999999999997_1.0_29,24.61,2.31,0.73,-0.33,-0.5,-0.68,0.15
A_OB_2.1999999999999997_1.0_30,24.09,2.31,0.73,-0.33,-0.5,-0.68,0.15
A_OB_2.1999999999999997_1.0_31,25.21,2.31,0.73,-0.33,-0.5,-0.68,0.15
A_OB_2.1999999999999997_1.0_32,25.09,2.31,0.73,-0.33,-0.5,-0.68,0.15
A_OB_2.1999999999999997_1.0_33,25.22,2.31,0.73,-0.33,-0.5,-0.68,0.15
A_OB_2.1999999999999997_1.0_34,23.4,2.31,0.73,-0.33,-0.5,-0.68,0.15
A_OB_2.1999999999999997_1.0_35,25.26,2.31,0.73,-0.33,-0.5,-0.68,0.15
A_OB_2.1999999999999997_1.0_36,21.61,2.31,0.73,-0.33,-0.5,-0.68,0.15
A_OB_2.1999999999999997_1.0_37,25.32,2.31,0.73,-0.33,-0.5,-0.68,0.15
A_OB_2.1999999999999997_1.0_38,22.4,2.31,0.73,-0.33,-0.5,-0.68,0.15
A_OB_2.1999999999999997_1.0_39,25.21,2.31,0.73,-0.33,-0.5,-0.68,0.15
A_OB_2.1999999999999997_1.0_40,25.51,2.31,0.73,-0.33,-0.5,-0.68,0.15
A_OB_2.1999999999999997_1.0_41,24.85,2.31,0.73,-0.33,-0.5,-0.68,0.15
A_OB_2.1999999999999997_1.0_42,24.71,2.31,0.73,-0.33,-0.5,-0.68,0.15
A_OB_2.1999999999999997_1.0_43,24.3,2.31,0.73,-0.33,-0.5,-0.68,0.15
A_OB_2.1999999999999997_1.0_44,24.75,2.31,0.73,-0.33,-0.5,-0.68,0.15
A_OB_2.1999999999999997_1.0_45,25.36,2.31,0.73,-0.33,-0.5,-0.68,0.15
A_OB_2.1999999999999997_1.0_46,25.14,2.31,0.73,-0.33,-0.5,-0.68,0.15
A_OB_2.1999999999999997_1.0_47,22.26,2.31,0.73,-0.33,-0.5,-0.68,0.15
A_OB_2.1999999999999997_1.0_48,25.07,2.31,0.73,-0.33,-0.5,-0.68,0.15
A_OB_2.1999999999999997_1.0_49,24.83,2.31,0.73,-0.33,-0.5,-0.68,0.15
A_OB_2.1999999999999997_1.0_50,25.56,2.31,0.73,-0.33,-0.5,-0.68,0.15
A_OB_2.1999999999999997_1.0_51,22.77,2.31,0.73,-0.33,-0.5,-0.68,0.15
A_OB_2.1999999999999997_1.0_52,25.5,2.31,0.73,-0.33,-0.5,-0.68,0.15
A_OB_2.1999999999999997_1.0_53,25.52,2.31,0.73,-0.33,-0.5,-0.68,0.15
A_OB_2.1999999999999997_1.0_54,25.61,2.31,0.73,-0.33,-0.5,-0.68,0.15
A_OB_2.1999999999999997_1.0_55,25.36,2.31,0.73,-0.33,-0.5,-0.68,0.15
A_OB_2.1999999999999997_1.0_56,24.54,2.31,0.73,-0.33,-0.5,-0.68,0.15
A_OB_2.1999999999999997_1.0_57,24.26,2.31,0.73,-0.33,-0.5,-0.68,0.15
A_OB_2.1999999999999997_1.0_58,25.24,2.31,0.73,-0.33,-0.5,-0.68,0.15
A_OB_2.1999999999999997_1.0_59,25.5,2.31,0.73,-0.33,-0.5,-0.68,0.15
A_OB_2.1999999999999997_1.0_60,24.69,2.31,0.73,-0.33,-0.5,-0.68,0.15
A_OB_2.1999999999999997_1.0_61,22.98,2.31,0.73,-0.33,-0.5,-0.68,0.15
A_OB_2.1999999999999997_1.0_62,24.17,2.31,0.73,-0.33,-0.5,-0.68,0.15
A_OB_2.1999999999999997_1.0_63,25.2,2.31,0.73,-0.33,-0.5,-0.68,0.15
A_OB_2.1999999999999997_1.0_64,25.45,2.31,0.73,-0.33,-0.5,-0.68,0.15
A_OB_2.1999999999999997_1.0_65,25.35,2.31,0.73,-0.33,-0.5,-0.68,0.15
A_OB_2.1999999999999997_1.0_66,22.98,2.31,0.73,-0.33,-0.5,-0.68,0.15
A_OB_2.1999999999999997_1.0_67,23.42,2.31,0.73,-0.33,-0.5,-0.68,0.15
A_OB_2.1999999999999997_1.0_68,25.61,2.31,0.73,-0.33,-0.5,-0.68,0.15
A_OB_2.1999999999999997_1.0_69,24.12,2.31,0.73,-0.33,-0.5,-0.68,0.15
A_OB_2.1999999999999997_1.0_70,24.95,2.31,0.73,-0.33,-0.5,-0.68,0.15
A_OB_2.1999999999999997_1.0_71,25.0,2.31,0.73,-0.33,-0.5,-0.68,0.15
A_OB_2.1999999999999997_1.0_72,24.59,2.31,0.73,-0.33,-0.5,-0.68,0.15
A_OB_2.1999999999999997_1.0_73,25.59,2.31,0.73,-0.33,-0.5,-0.68,0.15
A_OB_2.1999999999999997_1.0_74,25.2,2.31,0.73,-0.33,-0.5,-0.68,0.15
A_OB_2.1999999999999997_1.0_75,23.62,2.31,0.73,-0.33,-0.5,-0.68,0.15
A_OB_2.1999999999999997_1.0_76,24.03,2.31,0.73,-0.33,-0.5,-0.68,0.15
A_OB_2.1999999999999997_1.0_77,24.82,2.31,0.73,-0.33,-0.5,-0.68,0.15
A_OB_2.1999999999999997_1.0_78,24.67,2.31,0.73,-0.33,-0.5,-0.68,0.15
A_OB_2.1999999999999997_1.0_79,25.11,2.31,0.73,-0.33,-0.5,-0.68,0.15
A_OB_2.1999999999999997_1.0_80,24.92,2.31,0.73,-0.33,-0.5,-0.68,0.15
A_OB_2.1999999999999997_1.0_81,25.33,2.31,0.73,-0.33,-0.5,-0.68,0.15
A_OB_2.1999999999999997_1.0_82,25.48,2.31,0.73,-0.33,-0.5,-0.68,0.15
A_OB_2.1999999999999997_1.0_83,24.78,2.31,0.73,-0.33,-0.5,-0.68,0.15
A_OB_2.1999999999999997_1.0_84,25.27,2.31,0.73,-0.33,-0.5,-0.68,0.15
A_OB_2.1999999999999997_1.0_85,24.05,2.31,0.73,-0.33,-0.5,-0.68,0.15
A_OB_2.1999999999999997_1.0_86,25.55,2.31,0.73,-0.33,-0.5,-0.68,0.15
A_OB_2.1999999999999997_1.0_87,24.42,2.31,0.73,-0.33,-0.5,-0.68,0.15
A_OB_2.1999999999999997_1.0_88,24.09,2.31,0.73,-0.33,-0.5,-0.68,0.15
A_OB_2.1999999999999997_1.0_89,25.03,2.31,0.73,-0.33,-0.5,-0.68,0.15
A_OB_2.1999999999999997_1.0_90,17.92,2.31,0.73,-0.33,-0.5,-0.68,0.15
A_OB_2.1999999999999997_1.0_91,25.16,2.31,0.73,-0.33,-0.5,-0.68,0.15
A_OB_2.1999999999999997_1.0_92,24.22,2.31,0.73,-0.33,-0.5,-0.68,0.15
A_OB_2.1999999999999997_1.0_93,24.48,2.31,0.73,-0.33,-0.5,-0.68,0.15
A_OB_2.1999999999999997_1.0_94,24.71,2.31,0.73,-0.33,-0.5,-0.68,0.15
A_OB_2.1999999999999997_1.0_95,24.72,2.31,0.73,-0.33,-0.5,-0.68,0.15
A_OB_2.1999999999999997_1.0_96,25.3,2.31,0.73,-0.33,-0.5,-0.68,0.15
A_OB_2.1999999999999997_1.0_97,24.7,2.31,0.73,-0.33,-0.5,-0.68,0.15
A_OB_2.1999999999999997_1.0_98,21.65,2.31,0.73,-0.33,-0.5,-0.68,0.15
A_OB_2.1999999999999997_1.0_99,25.16,2.31,0.73,-0.33,-0.5,-0.68,0.15
A_OB_2.1999999999999997_1.0_100,24.55,2.31,0.73,-0.33,-0.5,-0.68,0.15
A_OB_2.1999999999999997_1.0_101,22.11,2.31,0.73,-0.33,-0.5,-0.68,0.15
A_OB_2.1999999999999997_1.0_102,24.93,2.31,0.73,-0.33,-0.5,-0.68,0.15
A_OB_2.1999999999999997_1.0_103,24.76,2.31,0.73,-0.33,-0.5,-0.68,0.15
A_OB_2.1999999999999997_1.0_104,24.95,2.31,0.73,-0.33,-0.5,-0.68,0.15
A_OB_2.1999999999999997_1.0_105,24.17,2.31,0.73,-0.33,-0.5,-0.68,0.15
A_OB_2.1999999999999997_1.0_106,24.89,2.31,0.73,-0.33,-0.5,-0.68,0.15
A_OB_2.1999999999999997_1.0_107,24.73,2.31,0.73,-0.33,-0.5,-0.68,0.15
A_OB_2.1999999999999997_1.0_108,21.78,2.31,0.73,-0.33,-0.5,-0.68,0.15
A_OB_2.1999999999999997_1.0_109,22.34,2.31,0.73,-0.33,-0.5,-0.68,0.15
A_OB_2.1999999999999997_1.0_110,22.19,2.31,0.73,-0.33,-0.5,-0.68,0.15
A_OB_2.1999999999999997_1.0_111,25.12,2.31,0.73,-0.33,-0.5,-0.68,0.15
A_OB_2.1999999999999997_1.0_112,24.93,2.31,0.73,-0.33,-0.5,-0.68,0.15
A_OB_2.1999999999999997_1.0_113,25.52,2.31,0.73,-0.33,-0.5,-0.68,0.15
A_OB_2.1999999999999997_1.0_114,24.76,2.31,0.73,-0.33,-0.5,-0.68,0.15
A_OB_2.1999999999999997_1.0_115,25.16,2.31,0.73,-0.33,-0.5,-0.68,0.15
A_OB_2.1999999999999997_1.0_116,25.09,2.31,0.73,-0.33,-0.5,-0.68,0.15
A_OB_2.1999999999999997_1.0_117,23.97,2.31,0.73,-0.33,-0.5,-0.68,0.15
A_OB_2.1999999999999997_1.0_118,25.6,2.31,0.73,-0.33,-0.5,-0.68,0.15
A_OB_2.1999999999999997_1.0_119,24.48,2.31,0.73,-0.33,-0.5,-0.68,0.15
A_OB_2.1999999999999997_1.0_120,24.04,2.31,0.73,-0.33,-0.5,-0.68,0.15
A_OB_2.1999999999999997_1.0_121,25.35,2.31,0.73,-0.33,-0.5,-0.68,0.15
A_OB_2.1999999999999997_1.0_122,24.11,2.31,0.73,-0.33,-0.5,-0.68,0.15
A_OB_2.1999999999999997_1.0_123,24.83,2.31,0.73,-0.33,-0.5,-0.68,0.15
A_OB_2.1999999999999997_1.0_124,23.02,2.31,0.73,-0.33,-0.5,-0.68,0.15
A_OB_2.1999999999999997_1.0_125,24.3,2.31,0.73,-0.33,-0.5,-0.68,0.15
A_OB_2.1999999999999997_1.0_126,24.42,2.31,0.73,-0.33,-0.5,-0.68,0.15
A_OB_2.1999999999999997_1.0_127,24.29,2.31,0.73,-0.33,-0.5,-0.68,0.15
A_OB_2.1999999999999997_1.0_128,24.15,2.31,0.73,-0.33,-0.5,-0.68,0.15
A_OB_2.1999999999999997_1.0_129,24.93,2.31,0.73,-0.33,-0.5,-0.68,0.15
A_OB_2.1999999999999997_1.0_130,23.63,2.31,0.73,-0.33,-0.5,-0.68,0.15
A_OB_2.1999999999999997_1.0_131,24.44,2.31,0.73,-0.33,-0.5,-0.68,0.15
A_OB_2.1999999999999997_1.0_132,25.39,2.31,0.73,-0.33,-0.5,-0.68,0.15
A_OB_2.1999999999999997_1.0_133,24.52,2.31,0.73,-0.33,-0.5,-0.68,0.15
A_OB_2.1999999999999997_1.0_134,21.49,2.31,0.73,-0.33,-0.5,-0.68,0.15
A_OB_2.1999999999999997_1.0_135,21.3,2.31,0.73,-0.33,-0.5,-0.68,0.15
A_OB_2.1999999999999997_1.0_136,25.09,2.31,0.73,-0.33,-0.5,-0.68,0.15
A_OB_2.1999999999999997_1.0_137,25.47,2.31,0.73,-0.33,-0.5,-0.68,0.15
A_OB_2.1999999999999997_1.0_138,24.02,2.31,0.73,-0.33,-0.5,-0.68,0.15
A_OB_2.1999999999999997_1.0_139,21.36,2.31,0.73,-0.33,-0.5,-0.68,0.15
A_OB_2.1999999999999997_1.0_140,25.52,2.31,0.73,-0.33,-0.5,-0.68,0.15
A_OB_2.1999999999999997_1.0_141,25.32,2.31,0.73,-0.33,-0.5,-0.68,0.15
A_OB_2.1999999999999997_1.0_142,21.74,2.31,0.73,-0.33,-0.5,-0.68,0.15
A_OB_2.1999999999999997_1.0_143,25.57,2.31,0.73,-0.33,-0.5,-0.68,0.15
A_OB_2.1999999999999997_1.0_144,25.2,2.31,0.73,-0.33,-0.5,-0.68,0.15
A_OB_2.1999999999999997_1.0_145,24.67,2.31,0.73,-0.33,-0.5,-0.68,0.15
A_OB_2.1999999999999997_1.0_146,25.06,2.31,0.73,-0.33,-0.5,-0.68,0.15
A_OB_2.1999999999999997_1.0_147,23.54,2.31,0.73,-0.33,-0.5,-0.68,0.15
A_OB_2.1999999999999997_1.0_148,21.04,2.31,0.73,-0.33,-0.5,-0.68,0.15
A_OB_2.1999999999999997_1.0_149,24.19,2.31,0.73,-0.33,-0.5,-0.68,0.15
A_OB_2.1999999999999997_1.0_150,25.3,2.31,0.73,-0.33,-0.5,-0.68,0.15
A_OB_2.1999999999999997_1.0_151,25.1,2.31,0.73,-0.33,-0.5,-0.68,0.15
A_OB_2.1999999999999997_1.0_152,25.28,2.31,0.73,-0.33,-0.5,-0.68,0.15
A_OB_2.1999999999999997_1.0_153,25.42,2.31,0.73,-0.33,-0.5,-0.68,0.15
A_OB_2.1999999999999997_1.0_154,25.22,2.31,0.73,-0.33,-0.5,-0.68,0.15
A_OB_2.1999999999999997_1.0_155,23.39,2.31,0.73,-0.33,-0.5,-0.68,0.15
A_OB_2.1999999999999997_1.0_156,24.74,2.31,0.73,-0.33,-0.5,-0.68,0.15
A_OB_2.1999999999999997_1.0_157,24.86,2.31,0.73,-0.33,-0.5,-0.68,0.15
A_OB_2.1999999999999997_1.0_158,24.26,2.31,0.73,-0.33,-0.5,-0.68,0.15
A_OB_2.1999999999999997_1.0_159,22.98,2.31,0.73,-0.33,-0.5,-0.68,0.15
A_OB_2.1999999999999997_1.0_160,24.47,2.31,0.73,-0.33,-0.5,-0.68,0.15
A_OB_2.1999999999999997_1.0_161,25.19,2.31,0.73,-0.33,-0.5,-0.68,0.15
A_OB_2.1999999999999997_1.0_162,24.72,2.31,0.73,-0.33,-0.5,-0.68,0.15
A_OB_2.1999999999999997_1.0_163,25.19,2.31,0.73,-0.33,-0.5,-0.68,0.15
A_OB_2.1999999999999997_1.0_164,24.19,2.31,0.73,-0.33,-0.5,-0.68,0.15
A_OB_2.1999999999999997_1.0_165,24.26,2.31,0.73,-0.33,-0.5,-0.68,0.15
A_OB_2.1999999999999997_1.0_166,25.57,2.31,0.73,-0.33,-0.5,-0.68,0.15
A_OB_2.1999999999999997_1.0_167,24.9,2.31,0.73,-0.33,-0.5,-0.68,0.15
A_OB_2.1999999999999997_1.0_168,25.27,2.31,0.73,-0.33,-0.5,-0.68,0.15
A_OB_2.1999999999999997_1.0_169,23.5,2.31,0.73,-0.33,-0.5,-0.68,0.15
A_OB_2.1999999999999997_1.0_170,23.79,2.31,0.73,-0.33,-0.5,-0.68,0.15
A_OB_2.1999999999999997_1.0_171,24.71,2.31,0.73,-0.33,-0.5,-0.68,0.15
A_OB_2.1999999999999997_1.0_172,25.52,2.31,0.73,-0.33,-0.5,-0.68,0.15
A_OB_2.1999999999999997_1.0_173,24.46,2.31,0.73,-0.33,-0.5,-0.68,0.15
A_OB_2.1999999999999997_1.0_174,25.39,2.31,0.73,-0.33,-0.5,-0.68,0.15
A_OB_2.1999999999999997_1.0_175,25.39,2.31,0.73,-0.33,-0.5,-0.68,0.15
A_OB_2.1999999999999997_1.0_176,23.41,2.31,0.73,-0.33,-0.5,-0.68,0.15
A_OB_2.1999999999999997_1.0_177,25.56,2.31,0.73,-0.33,-0.5,-0.68,0.15
A_OB_2.1999999999999997_1.0_178,17.27,2.31,0.73,-0.33,-0.5,-0.68,0.15
A_OB_2.1999999999999997_1.0_179,24.29,2.31,0.73,-0.33,-0.5,-0.68,0.15
A_OB_2.1999999999999997_1.0_180,25.12,2.31,0.73,-0.33,-0.5,-0.68,0.15
A_OB_2.1999999999999997_1.0_181,23.0,2.31,0.73,-0.33,-0.5,-0.68,0.15
A_OB_2.1999999999999997_1.0_182,20.06,2.31,0.73,-0.33,-0.5,-0.68,0.15
A_OB_2.1999999999999997_1.0_183,25.53,2.31,0.73,-0.33,-0.5,-0.68,0.15
A_OB_2.1999999999999997_1.0_184,25.44,2.31,0.73,-0.33,-0.5,-0.68,0.15
A_OB_2.1999999999999997_1.0_185,22.81,2.31,0.73,-0.33,-0.5,-0.68,0.15
A_OB_2.1999999999999997_1.0_186,23.35,2.31,0.73,-0.33,-0.5,-0.68,0.15
A_OB_2.1999999999999997_1.0_187,25.12,2.31,0.73,-0.33,-0.5,-0.68,0.15
A_OB_2.1999999999999997_1.0_188,23.95,2.31,0.73,-0.33,-0.5,-0.68,0.15
A_OB_2.1999999999999997_1.0_189,25.22,2.31,0.73,-0.33,-0.5,-0.68,0.15
A_OB_2.1999999999999997_1.0_190,25.47,2.31,0.73,-0.33,-0.5,-0.68,0.15
A_OB_2.1999999999999997_1.0_191,25.08,2.31,0.73,-0.33,-0.5,-0.68,0.15
A_OB_2.1999999999999997_1.0_192,25.53,2.31,0.73,-0.33,-0.5,-0.68,0.15
A_OB_2.1999999999999997_1.0_193,25.04,2.31,0.73,-0.33,-0.5,-0.68,0.15
A_OB_2.1999999999999997_1.0_194,25.33,2.31,0.73,-0.33,-0.5,-0.68,0.15
A_OB_2.1999999999999997_1.0_195,24.75,2.31,0.73,-0.33,-0.5,-0.68,0.15
A_OB_2.1999999999999997_1.0_196,25.6,2.31,0.73,-0.33,-0.5,-0.68,0.15
A_OB_2.1999999999999997_1.0_197,25.51,2.31,0.73,-0.33,-0.5,-0.68,0.15
A_OB_2.1999999999999997_1.0_198,23.52,2.31,0.73,-0.33,-0.5,-0.68,0.15
A_OB_2.1999999999999997_1.0_199,25.6,2.31,0.73,-0.33,-0.5,-0.68,0.15
A_OB_2.1999999999999997_1.0_200,24.89,2.31,0.73,-0.33,-0.5,-0.68,0.15
A_OB_2.1999999999999997_1.0_201,24.04,2.31,0.73,-0.33,-0.5,-0.68,0.15
A_OB_2.1999999999999997_1.0_202,23.09,2.31,0.73,-0.33,-0.5,-0.68,0.15
A_OB_2.1999999999999997_1.0_203,24.74,2.31,0.73,-0.33,-0.5,-0.68,0.15
A_OB_2.1999999999999997_1.0_204,24.5,2.31,0.73,-0.33,-0.5,-0.68,0.15
A_OB_2.1999999999999997_1.0_205,24.99,2.31,0.73,-0.33,-0.5,-0.68,0.15
A_OB_2.1999999999999997_1.0_206,21.54,2.31,0.73,-0.33,-0.5,-0.68,0.15
A_OB_2.1999999999999997_1.0_207,25.41,2.31,0.73,-0.33,-0.5,-0.68,0.15
A_OB_2.1999999999999997_1.0_208,25.49,2.31,0.73,-0.33,-0.5,-0.68,0.15
A_OB_2.1999999999999997_1.0_209,22.12,2.31,0.73,-0.33,-0.5,-0.68,0.15
A_OB_2.1999999999999997_1.0_210,23.98,2.31,0.73,-0.33,-0.5,-0.68,0.15
A_OB_2.1999999999999997_1.0_211,25.45,2.31,0.73,-0.33,-0.5,-0.68,0.15
A_OB_2.1999999999999997_1.0_212,25.26,2.31,0.73,-0.33,-0.5,-0.68,0.15
A_OB_2.1999999999999997_1.0_213,23.33,2.31,0.73,-0.33,-0.5,-0.68,0.15
A_OB_2.1999999999999997_1.0_214,25.14,2.31,0.73,-0.33,-0.5,-0.68,0.15
A_OB_2.1999999999999997_1.0_215,22.16,2.31,0.73,-0.33,-0.5,-0.68,0.15
A_OB_2.1999999999999997_1.0_216,24.67,2.31,0.73,-0.33,-0.5,-0.68,0.15
A_OB_2.1999999999999997_1.0_217,23.91,2.31,0.73,-0.33,-0.5,-0.68,0.15
A_OB_2.1999999999999997_1.0_218,24.27,2.31,0.73,-0.33,-0.5,-0.68,0.15
A_OB_2.1999999999999997_1.0_219,24.18,2.31,0.73,-0.33,-0.5,-0.68,0.15
A_OB_2.1999999999999997_1.0_220,25.58,2.31,0.73,-0.33,-0.5,-0.68,0.15
A_OB_2.1999999999999997_1.0_221,25.41,2.31,0.73,-0.33,-0.5,-0.68,0.15
A_OB_2.1999999999999997_1.0_222,23.66,2.31,0.73,-0.33,-0.5,-0.68,0.15
A_OB_2.1999999999999997_1.0_223,23.77,2.31,0.73,-0.33,-0.5,-0.68,0.15
A_OB_2.1999999999999997_1.0_224,24.93,2.31,0.73,-0.33,-0.5,-0.68,0.15
A_OB_2.1999999999999997_1.0_225,24.02,2.31,0.73,-0.33,-0.5,-0.68,0.15
A_OB_2.1999999999999997_1.0_226,24.6,2.31,0.73,-0.33,-0.5,-0.68,0.15
A_OB_2.1999999999999997_1.0_227,20.38,2.31,0.73,-0.33,-0.5,-0.68,0.15
A_OB_2.1999999999999997_1.0_228,25.37,2.31,0.73,-0.33,-0.5,-0.68,0.15
A_OB_2.1999999999999997_1.0_229,23.71,2.31,0.73,-0.33,-0.5,-0.68,0.15
A_OB_2.1999999999999997_1.0_230,23.57,2.31,0.73,-0.33,-0.5,-0.68,0.15
A_OB_2.1999999999999997_1.0_231,25.03,2.31,0.73,-0.33,-0.5,-0.68,0.15
A_OB_2.1999999999999997_1.0_232,25.6,2.31,0.73,-0.33,-0.5,-0.68,0.15
A_OB_2.1999999999999997_1.0_233,20.11,2.31,0.73,-0.33,-0.5,-0.68,0.15
A_OB_2.1999999999999997_1.0_234,23.22,2.31,0.73,-0.33,-0.5,-0.68,0.15
A_OB_2.1999999999999997_1.0_235,22.94,2.31,0.73,-0.33,-0.5,-0.68,0.15
A_OB_2.1999999999999997_1.0_236,25.24,2.31,0.73,-0.33,-0.5,-0.68,0.15
A_OB_2.1999999999999997_1.0_237,22.02,2.31,0.73,-0.33,-0.5,-0.68,0.15
A_OB_2.1999999999999997_1.0_238,25.58,2.31,0.73,-0.33,-0.5,-0.68,0.15
A_OB_2.1999999999999997_1.0_239,21.74,2.31,0.73,-0.33,-0.5,-0.68,0.15
A_OB_2.1999999999999997_1.0_240,21.91,2.31,0.73,-0.33,-0.5,-0.68,0.15
A_OB_2.1999999999999997_1.0_241,24.73,2.31,0.73,-0.33,-0.5,-0.68,0.15
A_OB_2.1999999999999997_1.0_242,25.34,2.31,0.73,-0.33,-0.5,-0.68,0.15
A_OB_2.1999999999999997_1.0_243,25.19,2.31,0.73,-0.33,-0.5,-0.68,0.15
A_OB_2.1999999999999997_1.0_244,24.78,2.31,0.73,-0.33,-0.5,-0.68,0.15
A_OB_2.1999999999999997_1.0_245,25.45,2.31,0.73,-0.33,-0.5,-0.68,0.15
A_OB_2.1999999999999997_1.0_246,20.47,2.31,0.73,-0.33,-0.5,-0.68,0.15
A_OB_2.1999999999999997_1.0_247,25.22,2.31,0.73,-0.33,-0.5,-0.68,0.15
A_OB_2.1999999999999997_1.0_248,25.16,2.31,0.73,-0.33,-0.5,-0.68,0.15
A_OB_2.1999999999999997_1.0_249,25.27,2.31,0.73,-0.33,-0.5,-0.68,0.15
A_OB_2.1999999999999997_1.0_250,25.44,2.31,0.73,-0.33,-0.5,-0.68,0.15
A_OB_2.1999999999999997_1.0_251,22.23,2.31,0.73,-0.33,-0.5,-0.68,0.15
A_OB_2.1999999999999997_1.0_252,22.64,2.31,0.73,-0.33,-0.5,-0.68,0.15
A_OB_2.1999999999999997_1.0_253,23.47,2.31,0.73,-0.33,-0.5,-0.68,0.15
A_OB_2.1999999999999997_1.0_254,23.77,2.31,0.73,-0.33,-0.5,-0.68,0.15
A_OB_2.1999999999999997_1.0_255,25.4,2.31,0.73,-0.33,-0.5,-0.68,0.15
A_OB_2.1999999999999997_1.0_256,25.1,2.31,0.73,-0.33,-0.5,-0.68,0.15
A_OB_2.1999999999999997_1.0_257,24.17,2.31,0.73,-0.33,-0.5,-0.68,0.15
A_OB_2.1999999999999997_1.0_258,20.74,2.31,0.73,-0.33,-0.5,-0.68,0.15
A_OB_2.1999999999999997_1.0_259,24.26,2.31,0.73,-0.33,-0.5,-0.68,0.15
A_OB_2.1999999999999997_1.0_260,24.95,2.31,0.73,-0.33,-0.5,-0.68,0.15
A_OB_2.1999999999999997_1.0_261,24.12,2.31,0.73,-0.33,-0.5,-0.68,0.15
A_OB_2.1999999999999997_1.0_262,24.06,2.31,0.73,-0.33,-0.5,-0.68,0.15
A_OB_2.1999999999999997_1.0_263,24.73,2.31,0.73,-0.33,-0.5,-0.68,0.15
A_OB_2.1999999999999997_1.0_264,25.08,2.31,0.73,-0.33,-0.5,-0.68,0.15
A_OB_2.1999999999999997_1.0_265,25.09,2.31,0.73,-0.33,-0.5,-0.68,0.15
A_OB_2.1999999999999997_1.0_266,25.03,2.31,0.73,-0.33,-0.5,-0.68,0.15
A_OB_2.1999999999999997_1.0_267,24.78,2.31,0.73,-0.33,-0.5,-0.68,0.15
A_OB_2.1999999999999997_1.0_268,24.77,2.31,0.73,-0.33,-0.5,-0.68,0.15
A_OB_2.1999999999999997_1.0_269,25.53,2.31,0.73,-0.33,-0.5,-0.68,0.15
A_OB_2.1999999999999997_1.0_270,25.18,2.31,0.73,-0.33,-0.5,-0.68,0.15
A_OB_2.1999999999999997_1.0_271,24.72,2.31,0.73,-0.33,-0.5,-0.68,0.15
A_OB_2.1999999999999997_1.0_272,22.83,2.31,0.73,-0.33,-0.5,-0.68,0.15
A_OB_2.1999999999999997_1.0_273,25.17,2.31,0.73,-0.33,-0.5,-0.68,0.15
A_OB_2.1999999999999997_1.0_274,24.24,2.31,0.73,-0.33,-0.5,-0.68,0.15
A_OB_2.1999999999999997_1.0_275,25.39,2.31,0.73,-0.33,-0.5,-0.68,0.15
A_OB_2.1999999999999997_1.0_276,25.28,2.31,0.73,-0.33,-0.5,-0.68,0.15
A_OB_2.1999999999999997_1.0_277,25.35,2.31,0.73,-0.33,-0.5,-0.68,0.15
A_OB_2.1999999999999997_1.0_278,23.92,2.31,0.73,-0.33,-0.5,-0.68,0.15
A_OB_2.1999999999999997_1.0_279,25.32,2.31,0.73,-0.33,-0.5,-0.68,0.15
A_OB_2.1999999999999997_1.0_280,24.12,2.31,0.73,-0.33,-0.5,-0.68,0.15
A_OB_2.1999999999999997_1.0_281,25.21,2.31,0.73,-0.33,-0.5,-0.68,0.15
A_OB_2.1999999999999997_1.0_282,23.93,2.31,0.73,-0.33,-0.5,-0.68,0.15
A_OB_2.1999999999999997_1.0_283,24.08,2.31,0.73,-0.33,-0.5,-0.68,0.15
A_OB_2.1999999999999997_1.0_284,25.41,2.31,0.73,-0.33,-0.5,-0.68,0.15
A_OB_2.1999999999999997_1.0_285,24.92,2.31,0.73,-0.33,-0.5,-0.68,0.15
A_OB_2.1999999999999997_1.0_286,25.56,2.31,0.73,-0.33,-0.5,-0.68,0.15
A_OB_2.1999999999999997_1.0_287,24.56,2.31,0.73,-0.33,-0.5,-0.68,0.15
A_OB_2.1999999999999997_1.0_288,25.19,2.31,0.73,-0.33,-0.5,-0.68,0.15
A_OB_2.1999999999999997_1.0_289,24.71,2.31,0.73,-0.33,-0.5,-0.68,0.15
A_OB_2.1999999999999997_1.0_290,23.96,2.31,0.73,-0.33,-0.5,-0.68,0.15
A_OB_2.1999999999999997_1.0_291,24.39,2.31,0.73,-0.33,-0.5,-0.68,0.15
A_OB_2.1999999999999997_1.0_292,25.6,2.31,0.73,-0.33,-0.5,-0.68,0.15
A_OB_2.1999999999999997_1.0_293,25.13,2.31,0.73,-0.33,-0.5,-0.68,0.15
A_OB_2.1999999999999997_1.0_294,25.47,2.31,0.73,-0.33,-0.5,-0.68,0.15
A_OB_2.1999999999999997_1.0_295,23.46,2.31,0.73,-0.33,-0.5,-0.68,0.15
A_OB_2.1999999999999997_1.0_296,25.51,2.31,0.73,-0.33,-0.5,-0.68,0.15
A_OB_2.1999999999999997_1.0_297,24.9,2.31,0.73,-0.33,-0.5,-0.68,0.15
A_OB_2.1999999999999997_1.0_298,24.5,2.31,0.73,-0.33,-0.5,-0.68,0.15
A_OB_2.1999999999999997_1.0_299,24.59,2.31,0.73,-0.33,-0.5,-0.68,0.15
A_OB_2.1999999999999997_1.0_300,25.38,2.31,0.73,-0.33,-0.5,-0.68,0.15
A_OB_2.1999999999999997_1.0_301,23.87,2.31,0.73,-0.33,-0.5,-0.68,0.15
A_OB_2.1999999999999997_1.0_302,24.49,2.31,0.73,-0.33,-0.5,-0.68,0.15
A_OB_2.1999999999999997_1.0_303,25.54,2.31,0.73,-0.33,-0.5,-0.68,0.15
A_OB_2.1999999999999997_1.0_304,25.46,2.31,0.73,-0.33,-0.5,-0.68,0.15
A_OB_2.1999999999999997_1.0_305,25.2,2.31,0.73,-0.33,-0.5,-0.68,0.15
A_OB_2.1999999999999997_1.0_306,24.86,2.31,0.73,-0.33,-0.5,-0.68,0.15
A_OB_2.1999999999999997_1.0_307,24.56,2.31,0.73,-0.33,-0.5,-0.68,0.15
A_OB_2.1999999999999997_1.0_308,24.66,2.31,0.73,-0.33,-0.5,-0.68,0.15
A_OB_2.1999999999999997_1.0_309,24.78,2.31,0.73,-0.33,-0.5,-0.68,0.15
A_OB_2.1999999999999997_1.0_310,22.98,2.31,0.73,-0.33,-0.5,-0.68,0.15
A_OB_2.1999999999999997_1.0_311,25.52,2.31,0.73,-0.33,-0.5,-0.68,0.15
A_OB_2.1999999999999997_1.0_312,22.47,2.31,0.73,-0.33,-0.5,-0.68,0.15
A_OB_2.1999999999999997_1.0_313,20.24,2.31,0.73,-0.33,-0.5,-0.68,0.15
A_OB_2.1999999999999997_1.0_314,24.33,2.31,0.73,-0.33,-0.5,-0.68,0.15
A_OB_2.1999999999999997_1.0_315,24.83,2.31,0.73,-0.33,-0.5,-0.68,0.15
A_OB_2.1999999999999997_1.0_316,24.34,2.31,0.73,-0.33,-0.5,-0.68,0.15
A_OB_2.1999999999999997_1.0_317,24.45,2.31,0.73,-0.33,-0.5,-0.68,0.15
A_OB_2.1999999999999997_1.0_318,25.27,2.31,0.73,-0.33,-0.5,-0.68,0.15
A_OB_2.1999999999999997_1.0_319,24.63,2.31,0.73,-0.33,-0.5,-0.68,0.15
A_OB_2.1999999999999997_1.0_320,24.97,2.31,0.73,-0.33,-0.5,-0.68,0.15
A_OB_2.1999999999999997_1.0_321,23.05,2.31,0.73,-0.33,-0.5,-0.68,0.15
A_OB_2.1999999999999997_1.0_322,21.68,2.31,0.73,-0.33,-0.5,-0.68,0.15
A_OB_2.1999999999999997_1.0_323,25.36,2.31,0.73,-0.33,-0.5,-0.68,0.15
A_OB_2.1999999999999997_1.0_324,25.52,2.31,0.73,-0.33,-0.5,-0.68,0.15
A_OB_2.1999999999999997_1.0_325,25.0,2.31,0.73,-0.33,-0.5,-0.68,0.15
A_OB_2.1999999999999997_1.0_326,23.62,2.31,0.73,-0.33,-0.5,-0.68,0.15
A_OB_2.1999999999999997_1.0_327,25.06,2.31,0.73,-0.33,-0.5,-0.68,0.15
A_OB_2.1999999999999997_1.0_328,19.06,2.31,0.73,-0.33,-0.5,-0.68,0.15
A_OB_2.1999999999999997_1.0_329,25.5,2.31,0.73,-0.33,-0.5,-0.68,0.15
A_OB_2.1999999999999997_1.0_330,25.16,2.31,0.73,-0.33,-0.5,-0.68,0.15
A_OB_2.1999999999999997_1.0_331,24.81,2.31,0.73,-0.33,-0.5,-0.68,0.15
A_OB_2.1999999999999997_1.0_332,25.21,2.31,0.73,-0.33,-0.5,-0.68,0.15
A_OB_2.1999999999999997_1.0_333,24.26,2.31,0.73,-0.33,-0.5,-0.68,0.15
A_OB_2.1999999999999997_1.0_334,23.9,2.31,0.73,-0.33,-0.5,-0.68,0.15
A_OB_2.1999999999999997_1.0_335,25.52,2.31,0.73,-0.33,-0.5,-0.68,0.15
A_OB_2.1999999999999997_1.0_336,24.36,2.31,0.73,-0.33,-0.5,-0.68,0.15
A_OB_2.1999999999999997_1.0_337,25.56,2.31,0.73,-0.33,-0.5,-0.68,0.15
A_OB_2.1999999999999997_1.0_338,25.5,2.31,0.73,-0.33,-0.5,-0.68,0.15
A_OB_2.1999999999999997_1.0_339,24.8,2.31,0.73,-0.33,-0.5,-0.68,0.15
A_OB_2.1999999999999997_1.0_340,24.38,2.31,0.73,-0.33,-0.5,-0.68,0.15
A_OB_2.1999999999999997_1.0_341,25.37,2.31,0.73,-0.33,-0.5,-0.68,0.15
A_OB_2.1999999999999997_1.0_342,24.99,2.31,0.73,-0.33,-0.5,-0.68,0.15
A_OB_2.1999999999999997_1.0_343,23.49,2.31,0.73,-0.33,-0.5,-0.68,0.15
A_OB_2.1999999999999997_1.0_344,23.61,2.31,0.73,-0.33,-0.5,-0.68,0.15
A_OB_2.1999999999999997_1.0_345,25.31,2.31,0.73,-0.33,-0.5,-0.68,0.15
A_OB_2.1999999999999997_1.0_346,25.46,2.31,0.73,-0.33,-0.5,-0.68,0.15
A_OB_2.1999999999999997_1.0_347,24.21,2.31,0.73,-0.33,-0.5,-0.68,0.15
A_OB_2.1999999999999997_1.0_348,25.6,2.31,0.73,-0.33,-0.5,-0.68,0.15
A_OB_2.1999999999999997_1.0_349,20.47,2.31,0.73,-0.33,-0.5,-0.68,0.15
A_OB_2.1999999999999997_1.0_350,23.74,2.31,0.73,-0.33,-0.5,-0.68,0.15
A_OB_2.1999999999999997_1.0_351,25.37,2.31,0.73,-0.33,-0.5,-0.68,0.15
A_OB_2.1999999999999997_1.0_352,24.82,2.31,0.73,-0.33,-0.5,-0.68,0.15
A_OB_2.1999999999999997_1.0_353,23.93,2.31,0.73,-0.33,-0.5,-0.68,0.15
A_OB_2.1999999999999997_1.0_354,23.64,2.31,0.73,-0.33,-0.5,-0.68,0.15
A_OB_2.1999999999999997_1.0_355,25.61,2.31,0.73,-0.33,-0.5,-0.68,0.15
A_OB_2.1999999999999997_1.0_356,24.21,2.31,0.73,-0.33,-0.5,-0.68,0.15
A_OB_2.1999999999999997_1.0_357,23.56,2.31,0.73,-0.33,-0.5,-0.68,0.15
A_OB_2.1999999999999997_1.0_358,23.4,2.31,0.73,-0.33,-0.5,-0.68,0.15
A_OB_2.1999999999999997_1.0_359,23.01,2.31,0.73,-0.33,-0.5,-0.68,0.15
A_OB_2.1999999999999997_1.0_360,25.4,2.31,0.73,-0.33,-0.5,-0.68,0.15
A_OB_2.1999999999999997_1.0_361,24.58,2.31,0.73,-0.33,-0.5,-0.68,0.15
A_OB_2.1999999999999997_1.0_362,24.29,2.31,0.73,-0.33,-0.5,-0.68,0.15
A_OB_2.1999999999999997_1.0_363,24.72,2.31,0.73,-0.33,-0.5,-0.68,0.15
A_OB_2.1999999999999997_1.0_364,24.42,2.31,0.73,-0.33,-0.5,-0.68,0.15
A_OB_2.1999999999999997_1.0_365,24.58,2.31,0.73,-0.33,-0.5,-0.68,0.15
A_OB_2.1999999999999997_1.0_366,24.65,2.31,0.73,-0.33,-0.5,-0.68,0.15
A_OB_2.1999999999999997_1.0_367,25.4,2.31,0.73,-0.33,-0.5,-0.68,0.15
A_OB_2.1999999999999997_1.0_368,21.33,2.31,0.73,-0.33,-0.5,-0.68,0.15
A_OB_2.1999999999999997_1.0_369,25.49,2.31,0.73,-0.33,-0.5,-0.68,0.15
A_OB_2.1999999999999997_1.0_370,25.21,2.31,0.73,-0.33,-0.5,-0.68,0.15
A_OB_2.1999999999999997_1.0_371,25.27,2.31,0.73,-0.33,-0.5,-0.68,0.15
A_OB_2.1999999999999997_1.0_372,24.38,2.31,0.73,-0.33,-0.5,-0.68,0.15
A_OB_2.1999999999999997_1.0_373,25.46,2.31,0.73,-0.33,-0.5,-0.68,0.15
A_OB_2.1999999999999997_1.0_374,25.44,2.31,0.73,-0.33,-0.5,-0.68,0.15
A_OB_2.1999999999999997_1.0_375,24.84,2.31,0.73,-0.33,-0.5,-0.68,0.15
A_OB_2.1999999999999997_1.0_376,23.81,2.31,0.73,-0.33,-0.5,-0.68,0.15
A_OB_2.1999999999999997_1.0_377,25.08,2.31,0.73,-0.33,-0.5,-0.68,0.15
A_OB_2.1999999999999997_1.0_378,23.03,2.31,0.73,-0.33,-0.5,-0.68,0.15
A_OB_2.1999999999999997_1.0_379,25.58,2.31,0.73,-0.33,-0.5,-0.68,0.15
A_OB_2.1999999999999997_1.0_380,25.25,2.31,0.73,-0.33,-0.5,-0.68,0.15
A_OB_2.1999999999999997_1.0_381,24.58,2.31,0.73,-0.33,-0.5,-0.68,0.15
A_OB_2.1999999999999997_1.0_382,25.49,2.31,0.73,-0.33,-0.5,-0.68,0.15
A_OB_2.1999999999999997_1.0_383,24.75,2.31,0.73,-0.33,-0.5,-0.68,0.15
A_OB_2.1999999999999997_1.0_384,25.47,2.31,0.73,-0.33,-0.5,-0.68,0.15
A_OB_2.1999999999999997_1.0_385,22.83,2.31,0.73,-0.33,-0.5,-0.68,0.15
A_OB_2.1999999999999997_1.0_386,24.81,2.31,0.73,-0.33,-0.5,-0.68,0.15
A_OB_2.1999999999999997_1.0_387,23.81,2.31,0.73,-0.33,-0.5,-0.68,0.15
A_OB_2.1999999999999997_1.0_388,25.28,2.31,0.73,-0.33,-0.5,-0.68,0.15
A_OB_2.1999999999999997_1.0_389,24.94,2.31,0.73,-0.33,-0.5,-0.68,0.15
A_OB_2.1999999999999997_1.0_390,22.65,2.31,0.73,-0.33,-0.5,-0.68,0.15
A_OB_2.1999999999999997_1.0_391,19.83,2.31,0.73,-0.33,-0.5,-0.68,0.15
A_OB_2.1999999999999997_1.0_392,25.39,2.31,0.73,-0.33,-0.5,-0.68,0.15
A_OB_2.1999999999999997_1.0_393,25.3,2.31,0.73,-0.33,-0.5,-0.68,0.15
A_OB_2.1999999999999997_1.0_394,24.67,2.31,0.73,-0.33,-0.5,-0.68,0.15
A_OB_2.1999999999999997_1.0_395,24.08,2.31,0.73,-0.33,-0.5,-0.68,0.15
A_OB_2.1999999999999997_1.0_396,24.85,2.31,0.73,-0.33,-0.5,-0.68,0.15
A_OB_2.1999999999999997_1.0_397,24.73,2.31,0.73,-0.33,-0.5,-0.68,0.15
A_OB_2.1999999999999997_1.0_398,25.11,2.31,0.73,-0.33,-0.5,-0.68,0.15
A_OB_2.1999999999999997_1.0_399,24.72,2.31,0.73,-0.33,-0.5,-0.68,0.15
A_OB_2.1999999999999997_1.0_400,24.28,2.31,0.73,-0.33,-0.5,-0.68,0.15
A_OB_2.1999999999999997_1.0_401,25.55,2.31,0.73,-0.33,-0.5,-0.68,0.15
A_OB_2.1999999999999997_1.0_402,23.67,2.31,0.73,-0.33,-0.5,-0.68,0.15
A_OB_2.1999999999999997_1.0_403,24.49,2.31,0.73,-0.33,-0.5,-0.68,0.15
A_OB_2.1999999999999997_1.0_404,21.08,2.31,0.73,-0.33,-0.5,-0.68,0.15
A_OB_2.1999999999999997_1.0_405,25.21,2.31,0.73,-0.33,-0.5,-0.68,0.15
A_OB_2.1999999999999997_1.0_406,25.11,2.31,0.73,-0.33,-0.5,-0.68,0.15
A_OB_2.1999999999999997_1.0_407,24.35,2.31,0.73,-0.33,-0.5,-0.68,0.15
A_OB_2.1999999999999997_1.0_408,25.18,2.31,0.73,-0.33,-0.5,-0.68,0.15
A_OB_2.1999999999999997_1.0_409,25.35,2.31,0.73,-0.33,-0.5,-0.68,0.15
A_OB_2.1999999999999997_1.0_410,25.58,2.31,0.73,-0.33,-0.5,-0.68,0.15
A_OB_2.1999999999999997_1.0_411,25.5,2.31,0.73,-0.33,-0.5,-0.68,0.15
A_OB_2.1999999999999997_1.0_412,25.56,2.31,0.73,-0.33,-0.5,-0.68,0.15
A_OB_2.1999999999999997_1.0_413,24.61,2.31,0.73,-0.33,-0.5,-0.68,0.15
A_OB_2.1999999999999997_1.0_414,25.31,2.31,0.73,-0.33,-0.5,-0.68,0.15
A_OB_2.1999999999999997_1.0_415,24.57,2.31,0.73,-0.33,-0.5,-0.68,0.15
A_OB_2.1999999999999997_1.0_416,22.45,2.31,0.73,-0.33,-0.5,-0.68,0.15
A_OB_2.1999999999999997_1.0_417,23.39,2.31,0.73,-0.33,-0.5,-0.68,0.15
A_OB_2.1999999999999997_1.0_418,24.19,2.31,0.73,-0.33,-0.5,-0.68,0.15
A_OB_2.1999999999999997_1.0_419,24.72,2.31,0.73,-0.33,-0.5,-0.68,0.15
A_OB_2.1999999999999997_1.0_420,25.31,2.31,0.73,-0.33,-0.5,-0.68,0.15
A_OB_2.1999999999999997_1.0_421,24.56,2.31,0.73,-0.33,-0.5,-0.68,0.15
A_OB_2.1999999999999997_1.0_422,23.53,2.31,0.73,-0.33,-0.5,-0.68,0.15
A_OB_2.1999999999999997_1.0_423,25.21,2.31,0.73,-0.33,-0.5,-0.68,0.15
A_OB_2.1999999999999997_1.0_424,25.03,2.31,0.73,-0.33,-0.5,-0.68,0.15
A_OB_2.1999999999999997_1.0_425,25.24,2.31,0.73,-0.33,-0.5,-0.68,0.15
A_OB_2.1999999999999997_1.0_426,25.47,2.31,0.73,-0.33,-0.5,-0.68,0.15
A_OB_2.1999999999999997_1.0_427,24.13,2.31,0.73,-0.33,-0.5,-0.68,0.15
A_OB_2.1999999999999997_1.0_428,23.01,2.31,0.73,-0.33,-0.5,-0.68,0.15
A_OB_2.1999999999999997_1.0_429,19.98,2.31,0.73,-0.33,-0.5,-0.68,0.15
A_OB_2.1999999999999997_1.0_430,24.47,2.31,0.73,-0.33,-0.5,-0.68,0.15
A_OB_2.1999999999999997_1.0_431,24.4,2.31,0.73,-0.33,-0.5,-0.68,0.15
A_OB_2.1999999999999997_1.0_432,25.03,2.31,0.73,-0.33,-0.5,-0.68,0.15
A_OB_2.1999999999999997_1.0_433,25.46,2.31,0.73,-0.33,-0.5,-0.68,0.15
A_OB_2.1999999999999997_1.0_434,25.56,2.31,0.73,-0.33,-0.5,-0.68,0.15
A_OB_2.1999999999999997_1.0_435,24.59,2.31,0.73,-0.33,-0.5,-0.68,0.15
A_OB_2.1999999999999997_1.0_436,25.14,2.31,0.73,-0.33,-0.5,-0.68,0.15
A_OB_2.1999999999999997_1.0_437,25.49,2.31,0.73,-0.33,-0.5,-0.68,0.15
A_OB_2.1999999999999997_1.0_438,25.2,2.31,0.73,-0.33,-0.5,-0.68,0.15
A_OB_2.1999999999999997_1.0_439,22.96,2.31,0.73,-0.33,-0.5,-0.68,0.15
A_OB_2.1999999999999997_1.0_440,25.41,2.31,0.73,-0.33,-0.5,-0.68,0.15
A_OB_2.1999999999999997_1.0_441,25.23,2.31,0.73,-0.33,-0.5,-0.68,0.15
A_OB_2.1999999999999997_1.0_442,24.3,2.31,0.73,-0.33,-0.5,-0.68,0.15
A_OB_2.1999999999999997_1.0_443,24.68,2.31,0.73,-0.33,-0.5,-0.68,0.15
A_OB_2.1999999999999997_1.0_444,25.02,2.31,0.73,-0.33,-0.5,-0.68,0.15
A_OB_2.1999999999999997_1.0_445,20.66,2.31,0.73,-0.33,-0.5,-0.68,0.15
A_OB_2.1999999999999997_1.0_446,25.6,2.31,0.73,-0.33,-0.5,-0.68,0.15
A_OB_2.1999999999999997_1.0_447,25.56,2.31,0.73,-0.33,-0.5,-0.68,0.15
A_OB_2.1999999999999997_1.0_448,25.4,2.31,0.73,-0.33,-0.5,-0.68,0.15
A_OB_2.1999999999999997_1.0_449,24.4,2.31,0.73,-0.33,-0.5,-0.68,0.15
A_OB_2.1999999999999997_1.0_450,24.23,2.31,0.73,-0.33,-0.5,-0.68,0.15
A_OB_2.1999999999999997_1.0_451,25.31,2.31,0.73,-0.33,-0.5,-0.68,0.15
A_OB_2.1999999999999997_1.0_452,18.88,2.31,0.73,-0.33,-0.5,-0.68,0.15
A_OB_2.1999999999999997_1.0_453,23.28,2.31,0.73,-0.33,-0.5,-0.68,0.15
A_OB_2.1999999999999997_1.0_454,25.51,2.31,0.73,-0.33,-0.5,-0.68,0.15
A_OB_2.1999999999999997_1.0_455,21.99,2.31,0.73,-0.33,-0.5,-0.68,0.15
A_OB_2.1999999999999997_1.0_456,21.44,2.31,0.73,-0.33,-0.5,-0.68,0.15
A_OB_2.1999999999999997_1.0_457,24.09,2.31,0.73,-0.33,-0.5,-0.68,0.15
A_OB_2.1999999999999997_1.0_458,25.17,2.31,0.73,-0.33,-0.5,-0.68,0.15
A_OB_2.1999999999999997_1.0_459,24.58,2.31,0.73,-0.33,-0.5,-0.68,0.15
A_OB_2.1999999999999997_1.0_460,25.3,2.31,0.73,-0.33,-0.5,-0.68,0.15
A_OB_2.1999999999999997_1.0_461,24.03,2.31,0.73,-0.33,-0.5,-0.68,0.15
A_OB_2.1999999999999997_1.0_462,25.6,2.31,0.73,-0.33,-0.5,-0.68,0.15
A_OB_2.1999999999999997_1.0_463,25.57,2.31,0.73,-0.33,-0.5,-0.68,0.15
A_OB_2.1999999999999997_1.0_464,24.61,2.31,0.73,-0.33,-0.5,-0.68,0.15
A_OB_2.1999999999999997_1.0_465,25.56,2.31,0.73,-0.33,-0.5,-0.68,0.15
A_OB_2.1999999999999997_1.0_466,25.24,2.31,0.73,-0.33,-0.5,-0.68,0.15
A_OB_2.1999999999999997_1.0_467,23.49,2.31,0.73,-0.33,-0.5,-0.68,0.15
A_OB_2.1999999999999997_1.0_468,25.22,2.31,0.73,-0.33,-0.5,-0.68,0.15
A_OB_2.1999999999999997_1.0_469,23.89,2.31,0.73,-0.33,-0.5,-0.68,0.15
A_OB_2.1999999999999997_1.0_470,25.08,2.31,0.73,-0.33,-0.5,-0.68,0.15
A_OB_2.1999999999999997_1.0_471,25.51,2.31,0.73,-0.33,-0.5,-0.68,0.15
A_OB_2.1999999999999997_1.0_472,24.5,2.31,0.73,-0.33,-0.5,-0.68,0.15
A_OB_2.1999999999999997_1.0_473,23.92,2.31,0.73,-0.33,-0.5,-0.68,0.15
A_OB_2.1999999999999997_1.0_474,23.0,2.31,0.73,-0.33,-0.5,-0.68,0.15
A_OB_2.1999999999999997_1.0_475,24.99,2.31,0.73,-0.33,-0.5,-0.68,0.15
A_OB_2.1999999999999997_1.0_476,24.09,2.31,0.73,-0.33,-0.5,-0.68,0.15
A_OB_2.1999999999999997_1.0_477,25.33,2.31,0.73,-0.33,-0.5,-0.68,0.15
A_OB_2.1999999999999997_1.0_478,20.69,2.31,0.73,-0.33,-0.5,-0.68,0.15
A_OB_2.1999999999999997_1.0_479,25.54,2.31,0.73,-0.33,-0.5,-0.68,0.15
A_OB_2.1999999999999997_1.0_480,23.23,2.31,0.73,-0.33,-0.5,-0.68,0.15
A_OB_2.1999999999999997_1.0_481,23.91,2.31,0.73,-0.33,-0.5,-0.68,0.15
A_OB_2.1999999999999997_1.0_482,25.36,2.31,0.73,-0.33,-0.5,-0.68,0.15
A_OB_2.1999999999999997_1.0_483,24.14,2.31,0.73,-0.33,-0.5,-0.68,0.15
A_OB_2.1999999999999997_1.0_484,24.61,2.31,0.73,-0.33,-0.5,-0.68,0.15
A_OB_2.1999999999999997_1.0_485,25.6,2.31,0.73,-0.33,-0.5,-0.68,0.15
A_OB_2.1999999999999997_1.0_486,24.9,2.31,0.73,-0.33,-0.5,-0.68,0.15
A_OB_2.1999999999999997_1.0_487,23.29,2.31,0.73,-0.33,-0.5,-0.68,0.15
A_OB_2.1999999999999997_1.0_488,23.88,2.31,0.73,-0.33,-0.5,-0.68,0.15
A_OB_2.1999999999999997_1.0_489,25.16,2.31,0.73,-0.33,-0.5,-0.68,0.15
A_OB_2.1999999999999997_1.0_490,24.13,2.31,0.73,-0.33,-0.5,-0.68,0.15
A_OB_2.1999999999999997_1.0_491,25.5,2.31,0.73,-0.33,-0.5,-0.68,0.15
A_OB_2.1999999999999997_1.0_492,24.81,2.31,0.73,-0.33,-0.5,-0.68,0.15
A_OB_2.1999999999999997_1.0_493,24.78,2.31,0.73,-0.33,-0.5,-0.68,0.15
A_OB_2.1999999999999997_1.0_494,24.53,2.31,0.73,-0.33,-0.5,-0.68,0.15
A_OB_2.1999999999999997_1.0_495,25.44,2.31,0.73,-0.33,-0.5,-0.68,0.15
A_OB_2.1999999999999997_1.0_496,25.27,2.31,0.73,-0.33,-0.5,-0.68,0.15
A_OB_2.1999999999999997_1.0_497,24.97,2.31,0.73,-0.33,-0.5,-0.68,0.15
A_OB_2.1999999999999997_1.0_498,25.58,2.31,0.73,-0.33,-0.5,-0.68,0.15
A_OB_2.1999999999999997_1.0_499,24.67,2.31,0.73,-0.33,-0.5,-0.68,0.15
A_OB_2.1999999999999997_1.0_500,25.04,2.31,0.73,-0.33,-0.5,-0.68,0.15
A_OB_2.1999999999999997_1.0_501,24.79,2.31,0.73,-0.33,-0.5,-0.68,0.15
A_OB_2.1999999999999997_1.0_502,23.64,2.31,0.73,-0.33,-0.5,-0.68,0.15
A_OB_2.1999999999999997_1.0_503,23.23,2.31,0.73,-0.33,-0.5,-0.68,0.15
A_OB_2.1999999999999997_1.0_504,25.01,2.31,0.73,-0.33,-0.5,-0.68,0.15
A_OB_2.1999999999999997_1.0_505,25.3,2.31,0.73,-0.33,-0.5,-0.68,0.15
A_OB_2.1999999999999997_1.0_506,24.37,2.31,0.73,-0.33,-0.5,-0.68,0.15
A_OB_2.1999999999999997_1.0_507,23.58,2.31,0.73,-0.33,-0.5,-0.68,0.15
A_OB_2.1999999999999997_1.0_508,25.36,2.31,0.73,-0.33,-0.5,-0.68,0.15
A_OB_2.1999999999999997_1.0_509,24.66,2.31,0.73,-0.33,-0.5,-0.68,0.15
A_OB_2.1999999999999997_1.0_510,25.22,2.31,0.73,-0.33,-0.5,-0.68,0.15
A_OB_2.1999999999999997_1.0_511,25.15,2.31,0.73,-0.33,-0.5,-0.68,0.15
A_OB_2.1999999999999997_1.0_512,25.56,2.31,0.73,-0.33,-0.5,-0.68,0.15
A_OB_2.1999999999999997_1.0_513,21.39,2.31,0.73,-0.33,-0.5,-0.68,0.15
A_OB_2.1999999999999997_1.0_514,23.41,2.31,0.73,-0.33,-0.5,-0.68,0.15
A_OB_2.1999999999999997_1.0_515,23.8,2.31,0.73,-0.33,-0.5,-0.68,0.15
A_OB_2.1999999999999997_1.0_516,24.48,2.31,0.73,-0.33,-0.5,-0.68,0.15
A_OB_2.1999999999999997_1.0_517,25.11,2.31,0.73,-0.33,-0.5,-0.68,0.15
A_OB_2.1999999999999997_1.0_518,25.52,2.31,0.73,-0.33,-0.5,-0.68,0.15
A_OB_2.1999999999999997_1.0_519,25.58,2.31,0.73,-0.33,-0.5,-0.68,0.15
A_OB_2.1999999999999997_1.0_520,25.61,2.31,0.73,-0.33,-0.5,-0.68,0.15
A_OB_2.1999999999999997_1.0_521,25.57,2.31,0.73,-0.33,-0.5,-0.68,0.15
A_OB_2.1999999999999997_1.0_522,25.41,2.31,0.73,-0.33,-0.5,-0.68,0.15
A_OB_2.1999999999999997_1.0_523,23.55,2.31,0.73,-0.33,-0.5,-0.68,0.15
A_OB_2.1999999999999997_1.0_524,24.32,2.31,0.73,-0.33,-0.5,-0.68,0.15
A_OB_2.1999999999999997_1.0_525,23.32,2.31,0.73,-0.33,-0.5,-0.68,0.15
A_OB_2.1999999999999997_1.0_526,25.54,2.31,0.73,-0.33,-0.5,-0.68,0.15
A_OB_2.1999999999999997_1.0_527,25.25,2.31,0.73,-0.33,-0.5,-0.68,0.15
A_OB_2.1999999999999997_1.0_528,25.04,2.31,0.73,-0.33,-0.5,-0.68,0.15
A_OB_2.1999999999999997_1.0_529,25.57,2.31,0.73,-0.33,-0.5,-0.68,0.15
A_OB_2.1999999999999997_1.0_530,25.57,2.31,0.73,-0.33,-0.5,-0.68,0.15
A_OB_2.1999999999999997_1.0_531,23.3,2.31,0.73,-0.33,-0.5,-0.68,0.15
A_OB_2.1999999999999997_1.0_532,24.94,2.31,0.73,-0.33,-0.5,-0.68,0.15
A_OB_2.1999999999999997_1.0_533,21.84,2.31,0.73,-0.33,-0.5,-0.68,0.15
A_OB_2.1999999999999997_1.0_534,24.73,2.31,0.73,-0.33,-0.5,-0.68,0.15
A_OB_2.1999999999999997_1.0_535,24.21,2.31,0.73,-0.33,-0.5,-0.68,0.15
A_OB_2.1999999999999997_1.0_536,24.72,2.31,0.73,-0.33,-0.5,-0.68,0.15
A_OB_2.1999999999999997_1.0_537,23.54,2.31,0.73,-0.33,-0.5,-0.68,0.15
A_OB_2.1999999999999997_1.0_538,23.15,2.31,0.73,-0.33,-0.5,-0.68,0.15
A_OB_2.1999999999999997_1.0_539,24.66,2.31,0.73,-0.33,-0.5,-0.68,0.15
A_OB_2.1999999999999997_1.0_540,22.05,2.31,0.73,-0.33,-0.5,-0.68,0.15
A_OB_2.1999999999999997_1.0_541,25.13,2.31,0.73,-0.33,-0.5,-0.68,0.15
A_OB_2.1999999999999997_1.0_542,25.57,2.31,0.73,-0.33,-0.5,-0.68,0.15
A_OB_2.1999999999999997_1.0_543,24.67,2.31,0.73,-0.33,-0.5,-0.68,0.15
A_OB_2.1999999999999997_1.0_544,24.71,2.31,0.73,-0.33,-0.5,-0.68,0.15
A_OB_2.1999999999999997_1.0_545,23.63,2.31,0.73,-0.33,-0.5,-0.68,0.15
A_OB_2.1999999999999997_1.0_546,24.46,2.31,0.73,-0.33,-0.5,-0.68,0.15
A_OB_2.1999999999999997_1.0_547,25.08,2.31,0.73,-0.33,-0.5,-0.68,0.15
A_OB_2.1999999999999997_1.0_548,23.72,2.31,0.73,-0.33,-0.5,-0.68,0.15
A_OB_2.1999999999999997_1.0_549,22.02,2.31,0.73,-0.33,-0.5,-0.68,0.15
A_OB_2.1999999999999997_1.0_550,25.17,2.31,0.73,-0.33,-0.5,-0.68,0.15
A_OB_2.1999999999999997_1.0_551,25.41,2.31,0.73,-0.33,-0.5,-0.68,0.15
A_OB_2.1999999999999997_1.0_552,25.47,2.31,0.73,-0.33,-0.5,-0.68,0.15
A_OB_2.1999999999999997_1.0_553,24.75,2.31,0.73,-0.33,-0.5,-0.68,0.15
A_OB_2.1999999999999997_1.0_554,24.64,2.31,0.73,-0.33,-0.5,-0.68,0.15
A_OB_2.1999999999999997_1.0_555,23.14,2.31,0.73,-0.33,-0.5,-0.68,0.15
A_OB_2.1999999999999997_1.0_556,25.4,2.31,0.73,-0.33,-0.5,-0.68,0.15
A_OB_2.1999999999999997_1.0_557,24.51,2.31,0.73,-0.33,-0.5,-0.68,0.15
A_OB_2.1999999999999997_1.0_558,20.34,2.31,0.73,-0.33,-0.5,-0.68,0.15
A_OB_2.1999999999999997_1.0_559,24.2,2.31,0.73,-0.33,-0.5,-0.68,0.15
A_OB_2.1999999999999997_1.0_560,25.26,2.31,0.73,-0.33,-0.5,-0.68,0.15
A_OB_2.1999999999999997_1.0_561,24.91,2.31,0.73,-0.33,-0.5,-0.68,0.15
A_OB_2.1999999999999997_1.0_562,23.5,2.31,0.73,-0.33,-0.5,-0.68,0.15
A_OB_2.1999999999999997_1.0_563,25.57,2.31,0.73,-0.33,-0.5,-0.68,0.15
A_OB_2.1999999999999997_1.0_564,22.57,2.31,0.73,-0.33,-0.5,-0.68,0.15
A_OB_2.1999999999999997_1.0_565,22.3,2.31,0.73,-0.33,-0.5,-0.68,0.15
A_OB_2.1999999999999997_1.0_566,23.22,2.31,0.73,-0.33,-0.5,-0.68,0.15
A_OB_2.1999999999999997_1.0_567,25.42,2.31,0.73,-0.33,-0.5,-0.68,0.15
A_OB_2.1999999999999997_1.0_568,25.13,2.31,0.73,-0.33,-0.5,-0.68,0.15
A_OB_2.1999999999999997_1.0_569,25.12,2.31,0.73,-0.33,-0.5,-0.68,0.15
A_OB_2.1999999999999997_1.0_570,25.54,2.31,0.73,-0.33,-0.5,-0.68,0.15
A_OB_2.1999999999999997_1.0_571,25.08,2.31,0.73,-0.33,-0.5,-0.68,0.15
A_OB_2.1999999999999997_1.0_572,25.59,2.31,0.73,-0.33,-0.5,-0.68,0.15
A_OB_2.1999999999999997_1.0_573,23.24,2.31,0.73,-0.33,-0.5,-0.68,0.15
A_OB_2.1999999999999997_1.0_574,25.51,2.31,0.73,-0.33,-0.5,-0.68,0.15
A_OB_2.1999999999999997_1.0_575,24.02,2.31,0.73,-0.33,-0.5,-0.68,0.15
A_OB_2.1999999999999997_1.0_576,25.47,2.31,0.73,-0.33,-0.5,-0.68,0.15
A_OB_2.1999999999999997_1.0_577,25.57,2.31,0.73,-0.33,-0.5,-0.68,0.15
A_OB_2.1999999999999997_1.0_578,25.46,2.31,0.73,-0.33,-0.5,-0.68,0.15
A_OB_2.1999999999999997_1.0_579,25.5,2.31,0.73,-0.33,-0.5,-0.68,0.15
A_OB_2.1999999999999997_1.0_580,25.16,2.31,0.73,-0.33,-0.5,-0.68,0.15
A_OB_2.1999999999999997_1.0_581,24.0,2.31,0.73,-0.33,-0.5,-0.68,0.15
A_OB_2.1999999999999997_1.0_582,24.57,2.31,0.73,-0.33,-0.5,-0.68,0.15
A_OB_2.1999999999999997_1.0_583,25.07,2.31,0.73,-0.33,-0.5,-0.68,0.15
A_OB_2.1999999999999997_1.0_584,24.68,2.31,0.73,-0.33,-0.5,-0.68,0.15
A_OB_2.1999999999999997_1.0_585,25.24,2.31,0.73,-0.33,-0.5,-0.68,0.15
A_OB_2.1999999999999997_1.0_586,25.09,2.31,0.73,-0.33,-0.5,-0.68,0.15
A_OB_2.1999999999999997_1.0_587,25.6,2.31,0.73,-0.33,-0.5,-0.68,0.15
A_OB_2.1999999999999997_1.0_588,24.73,2.31,0.73,-0.33,-0.5,-0.68,0.15
A_OB_2.1999999999999997_1.0_589,23.89,2.31,0.73,-0.33,-0.5,-0.68,0.15
A_OB_2.1999999999999997_1.0_590,24.99,2.31,0.73,-0.33,-0.5,-0.68,0.15
A_OB_2.1999999999999997_1.0_591,25.23,2.31,0.73,-0.33,-0.5,-0.68,0.15
A_OB_2.1999999999999997_1.0_592,25.53,2.31,0.73,-0.33,-0.5,-0.68,0.15
A_OB_2.1999999999999997_1.0_593,23.88,2.31,0.73,-0.33,-0.5,-0.68,0.15
A_OB_2.1999999999999997_1.0_594,24.6,2.31,0.73,-0.33,-0.5,-0.68,0.15
A_OB_2.1999999999999997_1.0_595,23.73,2.31,0.73,-0.33,-0.5,-0.68,0.15
A_OB_2.1999999999999997_1.0_596,24.41,2.31,0.73,-0.33,-0.5,-0.68,0.15
A_OB_2.1999999999999997_1.0_597,21.17,2.31,0.73,-0.33,-0.5,-0.68,0.15
A_OB_2.1999999999999997_1.0_598,25.29,2.31,0.73,-0.33,-0.5,-0.68,0.15
A_OB_2.1999999999999997_1.0_599,25.34,2.31,0.73,-0.33,-0.5,-0.68,0.15
A_OB_2.1999999999999997_1.0_600,25.42,2.31,0.73,-0.33,-0.5,-0.68,0.15
A_OB_2.1999999999999997_1.0_601,25.05,2.31,0.73,-0.33,-0.5,-0.68,0.15
A_OB_2.1999999999999997_1.0_602,24.82,2.31,0.73,-0.33,-0.5,-0.68,0.15
A_OB_2.1999999999999997_1.0_603,24.69,2.31,0.73,-0.33,-0.5,-0.68,0.15
A_OB_2.1999999999999997_1.0_604,22.9,2.31,0.73,-0.33,-0.5,-0.68,0.15
A_OB_2.1999999999999997_1.0_605,25.31,2.31,0.73,-0.33,-0.5,-0.68,0.15
A_OB_2.1999999999999997_1.0_606,25.51,2.31,0.73,-0.33,-0.5,-0.68,0.15
A_OB_2.1999999999999997_1.0_607,25.06,2.31,0.73,-0.33,-0.5,-0.68,0.15
A_OB_2.1999999999999997_1.0_608,25.43,2.31,0.73,-0.33,-0.5,-0.68,0.15
A_OB_2.1999999999999997_1.0_609,24.67,2.31,0.73,-0.33,-0.5,-0.68,0.15
A_OB_2.1999999999999997_1.0_610,24.39,2.31,0.73,-0.33,-0.5,-0.68,0.15
A_OB_2.1999999999999997_1.0_611,24.96,2.31,0.73,-0.33,-0.5,-0.68,0.15
A_OB_2.1999999999999997_1.0_612,21.8,2.31,0.73,-0.33,-0.5,-0.68,0.15
A_OB_2.1999999999999997_1.0_613,24.57,2.31,0.73,-0.33,-0.5,-0.68,0.15
A_OB_2.1999999999999997_1.0_614,25.09,2.31,0.73,-0.33,-0.5,-0.68,0.15
A_OB_2.1999999999999997_1.0_615,25.55,2.31,0.73,-0.33,-0.5,-0.68,0.15
A_OB_2.1999999999999997_1.0_616,24.2,2.31,0.73,-0.33,-0.5,-0.68,0.15
A_OB_2.1999999999999997_1.0_617,24.56,2.31,0.73,-0.33,-0.5,-0.68,0.15
A_OB_2.1999999999999997_1.0_618,23.84,2.31,0.73,-0.33,-0.5,-0.68,0.15
A_OB_2.1999999999999997_1.0_619,22.47,2.31,0.73,-0.33,-0.5,-0.68,0.15
A_OB_2.1999999999999997_1.0_620,24.68,2.31,0.73,-0.33,-0.5,-0.68,0.15
A_OB_2.1999999999999997_1.0_621,23.95,2.31,0.73,-0.33,-0.5,-0.68,0.15
A_OB_2.1999999999999997_1.0_622,24.33,2.31,0.73,-0.33,-0.5,-0.68,0.15
A_OB_2.1999999999999997_1.0_623,25.38,2.31,0.73,-0.33,-0.5,-0.68,0.15
A_OB_2.1999999999999997_1.0_624,24.96,2.31,0.73,-0.33,-0.5,-0.68,0.15
A_OB_2.1999999999999997_1.0_625,22.91,2.31,0.73,-0.33,-0.5,-0.68,0.15
A_OB_2.1999999999999997_1.0_626,17.5,2.31,0.73,-0.33,-0.5,-0.68,0.15
A_OB_2.1999999999999997_1.0_627,23.88,2.31,0.73,-0.33,-0.5,-0.68,0.15
A_OB_2.1999999999999997_1.0_628,25.47,2.31,0.73,-0.33,-0.5,-0.68,0.15
A_OB_2.1999999999999997_1.0_629,20.44,2.31,0.73,-0.33,-0.5,-0.68,0.15
A_OB_2.1999999999999997_1.0_630,24.68,2.31,0.73,-0.33,-0.5,-0.68,0.15
A_OB_2.1999999999999997_1.0_631,23.97,2.31,0.73,-0.33,-0.5,-0.68,0.15
A_OB_2.1999999999999997_1.0_632,25.34,2.31,0.73,-0.33,-0.5,-0.68,0.15
A_OB_2.1999999999999997_1.0_633,25.53,2.31,0.73,-0.33,-0.5,-0.68,0.15
A_OB_2.1999999999999997_1.0_634,23.28,2.31,0.73,-0.33,-0.5,-0.68,0.15
A_OB_2.1999999999999997_1.0_635,19.3,2.31,0.73,-0.33,-0.5,-0.68,0.15
A_OB_2.1999999999999997_1.0_636,23.44,2.31,0.73,-0.33,-0.5,-0.68,0.15
A_OB_2.1999999999999997_1.0_637,25.17,2.31,0.73,-0.33,-0.5,-0.68,0.15
A_OB_2.1999999999999997_1.0_638,24.46,2.31,0.73,-0.33,-0.5,-0.68,0.15
A_OB_2.1999999999999997_1.0_639,25.36,2.31,0.73,-0.33,-0.5,-0.68,0.15
A_OB_2.1999999999999997_1.0_640,24.19,2.31,0.73,-0.33,-0.5,-0.68,0.15
A_OB_2.1999999999999997_1.0_641,24.4,2.31,0.73,-0.33,-0.5,-0.68,0.15
A_OB_2.1999999999999997_1.0_642,24.78,2.31,0.73,-0.33,-0.5,-0.68,0.15
A_OB_2.1999999999999997_1.0_643,24.66,2.31,0.73,-0.33,-0.5,-0.68,0.15
A_OB_2.1999999999999997_1.0_644,24.21,2.31,0.73,-0.33,-0.5,-0.68,0.15
A_OB_2.1999999999999997_1.0_645,25.47,2.31,0.73,-0.33,-0.5,-0.68,0.15
A_OB_2.1999999999999997_1.0_646,22.58,2.31,0.73,-0.33,-0.5,-0.68,0.15
A_OB_2.1999999999999997_1.0_647,24.93,2.31,0.73,-0.33,-0.5,-0.68,0.15
A_OB_2.1999999999999997_1.0_648,25.31,2.31,0.73,-0.33,-0.5,-0.68,0.15
A_OB_2.1999999999999997_1.0_649,25.32,2.31,0.73,-0.33,-0.5,-0.68,0.15
A_OB_2.1999999999999997_1.0_650,25.49,2.31,0.73,-0.33,-0.5,-0.68,0.15
A_OB_2.1999999999999997_1.0_651,21.37,2.31,0.73,-0.33,-0.5,-0.68,0.15
A_OB_2.1999999999999997_1.0_652,25.3,2.31,0.73,-0.33,-0.5,-0.68,0.15
A_OB_2.1999999999999997_1.0_653,25.27,2.31,0.73,-0.33,-0.5,-0.68,0.15
A_OB_2.1999999999999997_1.0_654,24.37,2.31,0.73,-0.33,-0.5,-0.68,0.15
A_OB_2.1999999999999997_1.0_655,23.85,2.31,0.73,-0.33,-0.5,-0.68,0.15
A_OB_2.1999999999999997_1.0_656,23.64,2.31,0.73,-0.33,-0.5,-0.68,0.15
A_OB_2.1999999999999997_1.0_657,25.22,2.31,0.73,-0.33,-0.5,-0.68,0.15
A_OB_2.1999999999999997_1.0_658,24.46,2.31,0.73,-0.33,-0.5,-0.68,0.15
A_OB_2.1999999999999997_1.0_659,25.08,2.31,0.73,-0.33,-0.5,-0.68,0.15
A_OB_2.1999999999999997_1.0_660,22.59,2.31,0.73,-0.33,-0.5,-0.68,0.15
A_OB_2.1999999999999997_1.0_661,24.95,2.31,0.73,-0.33,-0.5,-0.68,0.15
A_OB_2.1999999999999997_1.0_662,23.29,2.31,0.73,-0.33,-0.5,-0.68,0.15
A_OB_2.1999999999999997_1.0_663,25.51,2.31,0.73,-0.33,-0.5,-0.68,0.15
A_OB_2.1999999999999997_1.0_664,25.18,2.31,0.73,-0.33,-0.5,-0.68,0.15
A_OB_2.1999999999999997_1.0_665,19.47,2.31,0.73,-0.33,-0.5,-0.68,0.15
A_OB_2.1999999999999997_1.0_666,24.79,2.31,0.73,-0.33,-0.5,-0.68,0.15
A_OB_2.1999999999999997_1.0_667,25.22,2.31,0.73,-0.33,-0.5,-0.68,0.15
A_OB_2.1999999999999997_1.0_668,24.85,2.31,0.73,-0.33,-0.5,-0.68,0.15
A_OB_2.1999999999999997_1.0_669,25.33,2.31,0.73,-0.33,-0.5,-0.68,0.15
A_OB_2.1999999999999997_1.0_670,24.24,2.31,0.73,-0.33,-0.5,-0.68,0.15
A_OB_2.1999999999999997_1.0_671,24.28,2.31,0.73,-0.33,-0.5,-0.68,0.15
A_OB_2.1999999999999997_1.0_672,25.42,2.31,0.73,-0.33,-0.5,-0.68,0.15
A_OB_2.1999999999999997_1.0_673,23.82,2.31,0.73,-0.33,-0.5,-0.68,0.15
A_OB_2.1999999999999997_1.0_674,21.69,2.31,0.73,-0.33,-0.5,-0.68,0.15
A_OB_2.1999999999999997_1.0_675,23.46,2.31,0.73,-0.33,-0.5,-0.68,0.15
A_OB_2.1999999999999997_1.0_676,24.98,2.31,0.73,-0.33,-0.5,-0.68,0.15
A_OB_2.1999999999999997_1.0_677,24.95,2.31,0.73,-0.33,-0.5,-0.68,0.15
A_OB_2.1999999999999997_1.0_678,24.82,2.31,0.73,-0.33,-0.5,-0.68,0.15
A_OB_2.1999999999999997_1.0_679,25.49,2.31,0.73,-0.33,-0.5,-0.68,0.15
A_OB_2.1999999999999997_1.0_680,25.47,2.31,0.73,-0.33,-0.5,-0.68,0.15
A_OB_2.1999999999999997_1.0_681,25.5,2.31,0.73,-0.33,-0.5,-0.68,0.15
A_OB_2.1999999999999997_1.0_682,25.2,2.31,0.73,-0.33,-0.5,-0.68,0.15
A_OB_2.1999999999999997_1.0_683,24.27,2.31,0.73,-0.33,-0.5,-0.68,0.15
A_OB_2.1999999999999997_1.0_684,25.24,2.31,0.73,-0.33,-0.5,-0.68,0.15
A_OB_2.1999999999999997_1.0_685,24.65,2.31,0.73,-0.33,-0.5,-0.68,0.15
A_OB_2.1999999999999997_1.0_686,25.04,2.31,0.73,-0.33,-0.5,-0.68,0.15
A_OB_2.1999999999999997_1.0_687,21.41,2.31,0.73,-0.33,-0.5,-0.68,0.15
A_OB_2.1999999999999997_1.0_688,24.19,2.31,0.73,-0.33,-0.5,-0.68,0.15
A_OB_2.1999999999999997_1.0_689,24.5,2.31,0.73,-0.33,-0.5,-0.68,0.15
A_OB_2.1999999999999997_1.0_690,25.13,2.31,0.73,-0.33,-0.5,-0.68,0.15
A_OB_2.1999999999999997_1.0_691,25.01,2.31,0.73,-0.33,-0.5,-0.68,0.15
A_OB_2.1999999999999997_1.0_692,25.42,2.31,0.73,-0.33,-0.5,-0.68,0.15
A_OB_2.1999999999999997_1.0_693,24.39,2.31,0.73,-0.33,-0.5,-0.68,0.15
A_OB_2.1999999999999997_1.0_694,23.43,2.31,0.73,-0.33,-0.5,-0.68,0.15
A_OB_2.1999999999999997_1.0_695,25.44,2.31,0.73,-0.33,-0.5,-0.68,0.15
A_OB_2.1999999999999997_1.0_696,24.51,2.31,0.73,-0.33,-0.5,-0.68,0.15
A_OB_2.1999999999999997_1.0_697,25.51,2.31,0.73,-0.33,-0.5,-0.68,0.15
A_OB_2.1999999999999997_1.0_698,24.82,2.31,0.73,-0.33,-0.5,-0.68,0.15
A_OB_2.1999999999999997_1.0_699,23.42,2.31,0.73,-0.33,-0.5,-0.68,0.15
A_OB_2.1999999999999997_1.0_700,25.52,2.31,0.73,-0.33,-0.5,-0.68,0.15
A_OB_2.1999999999999997_1.0_701,25.23,2.31,0.73,-0.33,-0.5,-0.68,0.15
A_OB_2.1999999999999997_1.0_702,22.91,2.31,0.73,-0.33,-0.5,-0.68,0.15
A_OB_2.1999999999999997_1.0_703,24.44,2.31,0.73,-0.33,-0.5,-0.68,0.15
A_OB_2.1999999999999997_1.0_704,24.99,2.31,0.73,-0.33,-0.5,-0.68,0.15
A_OB_2.1999999999999997_1.0_705,23.06,2.31,0.73,-0.33,-0.5,-0.68,0.15
A_OB_2.1999999999999997_1.0_706,24.81,2.31,0.73,-0.33,-0.5,-0.68,0.15
A_OB_2.1999999999999997_1.0_707,25.46,2.31,0.73,-0.33,-0.5,-0.68,0.15
A_OB_2.1999999999999997_1.0_708,24.92,2.31,0.73,-0.33,-0.5,-0.68,0.15
A_OB_2.1999999999999997_1.0_709,25.04,2.31,0.73,-0.33,-0.5,-0.68,0.15
A_OB_2.1999999999999997_1.0_710,25.03,2.31,0.73,-0.33,-0.5,-0.68,0.15
A_OB_2.1999999999999997_1.0_711,23.81,2.31,0.73,-0.33,-0.5,-0.68,0.15
A_OB_2.1999999999999997_1.0_712,25.32,2.31,0.73,-0.33,-0.5,-0.68,0.15
A_OB_2.1999999999999997_1.0_713,24.67,2.31,0.73,-0.33,-0.5,-0.68,0.15
A_OB_2.1999999999999997_1.0_714,25.23,2.31,0.73,-0.33,-0.5,-0.68,0.15
A_OB_2.1999999999999997_1.0_715,24.61,2.31,0.73,-0.33,-0.5,-0.68,0.15
A_OB_2.1999999999999997_1.0_716,25.5,2.31,0.73,-0.33,-0.5,-0.68,0.15
A_OB_2.1999999999999997_1.0_717,21.96,2.31,0.73,-0.33,-0.5,-0.68,0.15
A_OB_2.1999999999999997_1.0_718,24.52,2.31,0.73,-0.33,-0.5,-0.68,0.15
A_OB_2.1999999999999997_1.0_719,24.65,2.31,0.73,-0.33,-0.5,-0.68,0.15
A_OB_2.1999999999999997_1.0_720,25.39,2.31,0.73,-0.33,-0.5,-0.68,0.15
A_OB_2.1999999999999997_1.0_721,24.73,2.31,0.73,-0.33,-0.5,-0.68,0.15
A_OB_2.1999999999999997_1.0_722,23.84,2.31,0.73,-0.33,-0.5,-0.68,0.15
A_OB_2.1999999999999997_1.0_723,24.92,2.31,0.73,-0.33,-0.5,-0.68,0.15
A_OB_2.1999999999999997_1.0_724,25.46,2.31,0.73,-0.33,-0.5,-0.68,0.15
A_OB_2.1999999999999997_1.0_725,25.41,2.31,0.73,-0.33,-0.5,-0.68,0.15
A_OB_2.1999999999999997_1.0_726,24.37,2.31,0.73,-0.33,-0.5,-0.68,0.15
A_OB_2.1999999999999997_1.0_727,23.72,2.31,0.73,-0.33,-0.5,-0.68,0.15
A_OB_2.1999999999999997_1.0_728,25.21,2.31,0.73,-0.33,-0.5,-0.68,0.15
A_OB_2.1999999999999997_1.0_729,21.11,2.31,0.73,-0.33,-0.5,-0.68,0.15
A_OB_2.1999999999999997_1.0_730,23.05,2.31,0.73,-0.33,-0.5,-0.68,0.15
A_OB_2.1999999999999997_1.0_731,24.77,2.31,0.73,-0.33,-0.5,-0.68,0.15
A_OB_2.1999999999999997_1.0_732,23.81,2.31,0.73,-0.33,-0.5,-0.68,0.15
A_OB_2.1999999999999997_1.0_733,25.02,2.31,0.73,-0.33,-0.5,-0.68,0.15
A_OB_2.1999999999999997_1.0_734,25.09,2.31,0.73,-0.33,-0.5,-0.68,0.15
A_OB_2.1999999999999997_1.0_735,24.37,2.31,0.73,-0.33,-0.5,-0.68,0.15
A_OB_2.1999999999999997_1.0_736,25.4,2.31,0.73,-0.33,-0.5,-0.68,0.15
A_OB_2.1999999999999997_1.0_737,24.37,2.31,0.73,-0.33,-0.5,-0.68,0.15
A_OB_2.1999999999999997_1.0_738,24.27,2.31,0.73,-0.33,-0.5,-0.68,0.15
A_OB_2.1999999999999997_1.0_739,25.6,2.31,0.73,-0.33,-0.5,-0.68,0.15
A_OB_2.1999999999999997_1.0_740,23.17,2.31,0.73,-0.33,-0.5,-0.68,0.15
A_OB_2.1999999999999997_1.0_741,25.29,2.31,0.73,-0.33,-0.5,-0.68,0.15
A_OB_2.1999999999999997_1.0_742,25.45,2.31,0.73,-0.33,-0.5,-0.68,0.15
A_OB_2.1999999999999997_1.0_743,25.58,2.31,0.73,-0.33,-0.5,-0.68,0.15
A_OB_2.1999999999999997_1.0_744,24.94,2.31,0.73,-0.33,-0.5,-0.68,0.15
A_OB_2.1999999999999997_1.0_745,25.47,2.31,0.73,-0.33,-0.5,-0.68,0.15
A_OB_2.1999999999999997_1.0_746,25.34,2.31,0.73,-0.33,-0.5,-0.68,0.15
A_OB_2.1999999999999997_1.0_747,25.34,2.31,0.73,-0.33,-0.5,-0.68,0.15
A_OB_2.1999999999999997_1.0_748,25.06,2.31,0.73,-0.33,-0.5,-0.68,0.15
A_OB_2.1999999999999997_1.0_749,24.64,2.31,0.73,-0.33,-0.5,-0.68,0.15
A_OB_2.1999999999999997_1.0_750,23.6,2.31,0.73,-0.33,-0.5,-0.68,0.15
A_OB_2.1999999999999997_1.0_751,24.88,2.31,0.73,-0.33,-0.5,-0.68,0.15
A_OB_2.1999999999999997_1.0_752,24.69,2.31,0.73,-0.33,-0.5,-0.68,0.15
A_OB_2.1999999999999997_1.0_753,25.58,2.31,0.73,-0.33,-0.5,-0.68,0.15
A_OB_2.1999999999999997_1.0_754,24.85,2.31,0.73,-0.33,-0.5,-0.68,0.15
A_OB_2.1999999999999997_1.0_755,24.93,2.31,0.73,-0.33,-0.5,-0.68,0.15
A_OB_2.1999999999999997_1.0_756,23.7,2.31,0.73,-0.33,-0.5,-0.68,0.15
A_OB_2.1999999999999997_1.0_757,23.46,2.31,0.73,-0.33,-0.5,-0.68,0.15
A_OB_2.1999999999999997_1.0_758,24.0,2.31,0.73,-0.33,-0.5,-0.68,0.15
A_OB_2.1999999999999997_1.0_759,23.45,2.31,0.73,-0.33,-0.5,-0.68,0.15
A_OB_2.1999999999999997_1.0_760,25.05,2.31,0.73,-0.33,-0.5,-0.68,0.15
A_OB_2.1999999999999997_1.0_761,25.6,2.31,0.73,-0.33,-0.5,-0.68,0.15
A_OB_2.1999999999999997_1.0_762,25.12,2.31,0.73,-0.33,-0.5,-0.68,0.15
A_OB_2.1999999999999997_1.0_763,24.48,2.31,0.73,-0.33,-0.5,-0.68,0.15
A_OB_2.1999999999999997_1.0_764,22.6,2.31,0.73,-0.33,-0.5,-0.68,0.15
A_OB_2.1999999999999997_1.0_765,25.62,2.31,0.73,-0.33,-0.5,-0.68,0.15
A_OB_2.1999999999999997_1.0_766,22.63,2.31,0.73,-0.33,-0.5,-0.68,0.15
A_OB_2.1999999999999997_1.0_767,24.67,2.31,0.73,-0.33,-0.5,-0.68,0.15
A_OB_2.1999999999999997_1.0_768,23.69,2.31,0.73,-0.33,-0.5,-0.68,0.15
A_OB_2.1999999999999997_1.0_769,24.85,2.31,0.73,-0.33,-0.5,-0.68,0.15
A_OB_2.1999999999999997_1.0_770,19.27,2.31,0.73,-0.33,-0.5,-0.68,0.15
A_OB_2.1999999999999997_1.0_771,25.56,2.31,0.73,-0.33,-0.5,-0.68,0.15
A_OB_2.1999999999999997_1.0_772,25.42,2.31,0.73,-0.33,-0.5,-0.68,0.15
A_OB_2.1999999999999997_1.0_773,25.04,2.31,0.73,-0.33,-0.5,-0.68,0.15
A_OB_2.1999999999999997_1.0_774,24.71,2.31,0.73,-0.33,-0.5,-0.68,0.15
A_OB_2.1999999999999997_1.0_775,23.54,2.31,0.73,-0.33,-0.5,-0.68,0.15
A_OB_2.1999999999999997_1.0_776,23.43,2.31,0.73,-0.33,-0.5,-0.68,0.15
A_OB_2.1999999999999997_1.0_777,25.25,2.31,0.73,-0.33,-0.5,-0.68,0.15
A_OB_2.1999999999999997_1.0_778,24.3,2.31,0.73,-0.33,-0.5,-0.68,0.15
A_OB_2.1999999999999997_1.0_779,22.33,2.31,0.73,-0.33,-0.5,-0.68,0.15
A_OB_2.1999999999999997_1.0_780,23.1,2.31,0.73,-0.33,-0.5,-0.68,0.15
A_OB_2.1999999999999997_1.0_781,23.21,2.31,0.73,-0.33,-0.5,-0.68,0.15
A_OB_2.1999999999999997_1.0_782,23.94,2.31,0.73,-0.33,-0.5,-0.68,0.15
A_OB_2.1999999999999997_1.0_783,23.42,2.31,0.73,-0.33,-0.5,-0.68,0.15
A_OB_2.1999999999999997_1.0_784,24.32,2.31,0.73,-0.33,-0.5,-0.68,0.15
A_OB_2.1999999999999997_1.0_785,25.61,2.31,0.73,-0.33,-0.5,-0.68,0.15
A_OB_2.1999999999999997_1.0_786,25.08,2.31,0.73,-0.33,-0.5,-0.68,0.15
A_OB_2.1999999999999997_1.0_787,25.62,2.31,0.73,-0.33,-0.5,-0.68,0.15
A_OB_2.1999999999999997_1.0_788,25.25,2.31,0.73,-0.33,-0.5,-0.68,0.15
A_OB_2.1999999999999997_1.0_789,24.96,2.31,0.73,-0.33,-0.5,-0.68,0.15
A_OB_2.1999999999999997_1.0_790,25.6,2.31,0.73,-0.33,-0.5,-0.68,0.15
A_OB_2.1999999999999997_1.0_791,22.54,2.31,0.73,-0.33,-0.5,-0.68,0.15
A_OB_2.1999999999999997_1.0_792,21.92,2.31,0.73,-0.33,-0.5,-0.68,0.15
A_OB_2.1999999999999997_1.0_793,20.67,2.31,0.73,-0.33,-0.5,-0.68,0.15
A_OB_2.1999999999999997_1.0_794,24.93,2.31,0.73,-0.33,-0.5,-0.68,0.15
A_OB_2.1999999999999997_1.0_795,24.73,2.31,0.73,-0.33,-0.5,-0.68,0.15
A_OB_2.1999999999999997_1.0_796,24.59,2.31,0.73,-0.33,-0.5,-0.68,0.15
A_OB_2.1999999999999997_1.0_797,24.2,2.31,0.73,-0.33,-0.5,-0.68,0.15
A_OB_2.1999999999999997_1.0_798,25.11,2.31,0.73,-0.33,-0.5,-0.68,0.15
A_OB_2.1999999999999997_1.0_799,25.39,2.31,0.73,-0.33,-0.5,-0.68,0.15
A_OB_2.1999999999999997_1.0_800,25.12,2.31,0.73,-0.33,-0.5,-0.68,0.15
A_OB_2.1999999999999997_1.0_801,24.38,2.31,0.73,-0.33,-0.5,-0.68,0.15
A_OB_2.1999999999999997_1.0_802,25.1,2.31,0.73,-0.33,-0.5,-0.68,0.15
A_OB_2.1999999999999997_1.0_803,24.94,2.31,0.73,-0.33,-0.5,-0.68,0.15
A_OB_2.1999999999999997_1.0_804,24.57,2.31,0.73,-0.33,-0.5,-0.68,0.15
A_OB_2.1999999999999997_1.0_805,25.51,2.31,0.73,-0.33,-0.5,-0.68,0.15
A_OB_2.1999999999999997_1.0_806,23.07,2.31,0.73,-0.33,-0.5,-0.68,0.15
A_OB_2.1999999999999997_1.0_807,24.92,2.31,0.73,-0.33,-0.5,-0.68,0.15
A_OB_2.1999999999999997_1.0_808,23.63,2.31,0.73,-0.33,-0.5,-0.68,0.15
A_OB_2.1999999999999997_1.0_809,25.25,2.31,0.73,-0.33,-0.5,-0.68,0.15
A_OB_2.1999999999999997_1.0_810,23.61,2.31,0.73,-0.33,-0.5,-0.68,0.15
A_OB_2.1999999999999997_1.0_811,24.15,2.31,0.73,-0.33,-0.5,-0.68,0.15
A_OB_2.1999999999999997_1.0_812,22.71,2.31,0.73,-0.33,-0.5,-0.68,0.15
A_OB_2.1999999999999997_1.0_813,25.47,2.31,0.73,-0.33,-0.5,-0.68,0.15
A_OB_2.1999999999999997_1.0_814,23.52,2.31,0.73,-0.33,-0.5,-0.68,0.15
A_OB_2.1999999999999997_1.0_815,23.91,2.31,0.73,-0.33,-0.5,-0.68,0.15
A_OB_2.1999999999999997_1.0_816,23.86,2.31,0.73,-0.33,-0.5,-0.68,0.15
A_OB_2.1999999999999997_1.0_817,24.82,2.31,0.73,-0.33,-0.5,-0.68,0.15
A_OB_2.1999999999999997_1.0_818,25.18,2.31,0.73,-0.33,-0.5,-0.68,0.15
A_OB_2.1999999999999997_1.0_819,22.45,2.31,0.73,-0.33,-0.5,-0.68,0.15
A_OB_2.1999999999999997_1.0_820,25.56,2.31,0.73,-0.33,-0.5,-0.68,0.15
A_OB_2.1999999999999997_1.0_821,24.99,2.31,0.73,-0.33,-0.5,-0.68,0.15
A_OB_2.1999999999999997_1.0_822,25.17,2.31,0.73,-0.33,-0.5,-0.68,0.15
A_OB_2.1999999999999997_1.0_823,24.53,2.31,0.73,-0.33,-0.5,-0.68,0.15
A_OB_2.1999999999999997_1.0_824,25.38,2.31,0.73,-0.33,-0.5,-0.68,0.15
A_OB_2.1999999999999997_1.0_825,24.77,2.31,0.73,-0.33,-0.5,-0.68,0.15
A_OB_2.1999999999999997_1.0_826,22.71,2.31,0.73,-0.33,-0.5,-0.68,0.15
A_OB_2.1999999999999997_1.0_827,23.13,2.31,0.73,-0.33,-0.5,-0.68,0.15
A_OB_2.1999999999999997_1.0_828,25.56,2.31,0.73,-0.33,-0.5,-0.68,0.15
A_OB_2.1999999999999997_1.0_829,24.54,2.31,0.73,-0.33,-0.5,-0.68,0.15
A_OB_2.1999999999999997_1.0_830,25.56,2.31,0.73,-0.33,-0.5,-0.68,0.15
A_OB_2.1999999999999997_1.0_831,22.3,2.31,0.73,-0.33,-0.5,-0.68,0.15
A_OB_2.1999999999999997_1.0_832,25.13,2.31,0.73,-0.33,-0.5,-0.68,0.15
A_OB_2.1999999999999997_1.0_833,25.54,2.31,0.73,-0.33,-0.5,-0.68,0.15
A_OB_2.1999999999999997_1.0_834,25.3,2.31,0.73,-0.33,-0.5,-0.68,0.15
A_OB_2.1999999999999997_1.0_835,25.08,2.31,0.73,-0.33,-0.5,-0.68,0.15
A_OB_2.1999999999999997_1.0_836,22.72,2.31,0.73,-0.33,-0.5,-0.68,0.15
A_OB_2.1999999999999997_1.0_837,23.06,2.31,0.73,-0.33,-0.5,-0.68,0.15
A_OB_2.1999999999999997_1.0_838,24.65,2.31,0.73,-0.33,-0.5,-0.68,0.15
A_OB_2.1999999999999997_1.0_839,25.39,2.31,0.73,-0.33,-0.5,-0.68,0.15
A_OB_2.1999999999999997_1.0_840,24.95,2.31,0.73,-0.33,-0.5,-0.68,0.15
A_OB_2.1999999999999997_1.0_841,25.58,2.31,0.73,-0.33,-0.5,-0.68,0.15
A_OB_2.1999999999999997_1.0_842,24.87,2.31,0.73,-0.33,-0.5,-0.68,0.15
A_OB_2.1999999999999997_1.0_843,20.87,2.31,0.73,-0.33,-0.5,-0.68,0.15
A_OB_2.1999999999999997_1.0_844,25.56,2.31,0.73,-0.33,-0.5,-0.68,0.15
A_OB_2.1999999999999997_1.0_845,24.63,2.31,0.73,-0.33,-0.5,-0.68,0.15
A_OB_2.1999999999999997_1.0_846,25.29,2.31,0.73,-0.33,-0.5,-0.68,0.15
A_OB_2.1999999999999997_1.0_847,25.32,2.31,0.73,-0.33,-0.5,-0.68,0.15
A_OB_2.1999999999999997_1.0_848,25.6,2.31,0.73,-0.33,-0.5,-0.68,0.15
A_OB_2.1999999999999997_1.0_849,24.93,2.31,0.73,-0.33,-0.5,-0.68,0.15
A_OB_2.1999999999999997_1.0_850,22.09,2.31,0.73,-0.33,-0.5,-0.68,0.15
A_OB_2.1999999999999997_1.0_851,24.13,2.31,0.73,-0.33,-0.5,-0.68,0.15
A_OB_2.1999999999999997_1.0_852,25.55,2.31,0.73,-0.33,-0.5,-0.68,0.15
A_OB_2.1999999999999997_1.0_853,25.37,2.31,0.73,-0.33,-0.5,-0.68,0.15
A_OB_2.1999999999999997_1.0_854,24.66,2.31,0.73,-0.33,-0.5,-0.68,0.15
A_OB_2.1999999999999997_1.0_855,24.56,2.31,0.73,-0.33,-0.5,-0.68,0.15
A_OB_2.1999999999999997_1.0_856,22.67,2.31,0.73,-0.33,-0.5,-0.68,0.15
A_OB_2.1999999999999997_1.0_857,25.11,2.31,0.73,-0.33,-0.5,-0.68,0.15
A_OB_2.1999999999999997_1.0_858,25.05,2.31,0.73,-0.33,-0.5,-0.68,0.15
A_OB_2.1999999999999997_1.0_859,22.66,2.31,0.73,-0.33,-0.5,-0.68,0.15
A_OB_2.1999999999999997_1.0_860,25.35,2.31,0.73,-0.33,-0.5,-0.68,0.15
A_OB_2.1999999999999997_1.0_861,24.75,2.31,0.73,-0.33,-0.5,-0.68,0.15
A_OB_2.1999999999999997_1.0_862,25.23,2.31,0.73,-0.33,-0.5,-0.68,0.15
A_OB_2.1999999999999997_1.0_863,24.51,2.31,0.73,-0.33,-0.5,-0.68,0.15
A_OB_2.1999999999999997_1.0_864,24.15,2.31,0.73,-0.33,-0.5,-0.68,0.15
A_OB_2.1999999999999997_1.0_865,25.23,2.31,0.73,-0.33,-0.5,-0.68,0.15
A_OB_2.1999999999999997_1.0_866,25.26,2.31,0.73,-0.33,-0.5,-0.68,0.15
A_OB_2.1999999999999997_1.0_867,25.03,2.31,0.73,-0.33,-0.5,-0.68,0.15
A_OB_2.1999999999999997_1.0_868,16.71,2.31,0.73,-0.33,-0.5,-0.68,0.15
A_OB_2.1999999999999997_1.0_869,24.78,2.31,0.73,-0.33,-0.5,-0.68,0.15
A_OB_2.1999999999999997_1.0_870,24.86,2.31,0.73,-0.33,-0.5,-0.68,0.15
A_OB_2.1999999999999997_1.0_871,24.55,2.31,0.73,-0.33,-0.5,-0.68,0.15
A_OB_2.1999999999999997_1.0_872,23.86,2.31,0.73,-0.33,-0.5,-0.68,0.15
A_OB_2.1999999999999997_1.0_873,25.39,2.31,0.73,-0.33,-0.5,-0.68,0.15
A_OB_2.1999999999999997_1.0_874,25.2,2.31,0.73,-0.33,-0.5,-0.68,0.15
A_OB_2.1999999999999997_1.0_875,25.61,2.31,0.73,-0.33,-0.5,-0.68,0.15
A_OB_2.1999999999999997_1.0_876,25.34,2.31,0.73,-0.33,-0.5,-0.68,0.15
A_OB_2.1999999999999997_1.0_877,25.58,2.31,0.73,-0.33,-0.5,-0.68,0.15
A_OB_2.1999999999999997_1.0_878,24.84,2.31,0.73,-0.33,-0.5,-0.68,0.15
A_OB_2.1999999999999997_1.0_879,24.37,2.31,0.73,-0.33,-0.5,-0.68,0.15
A_OB_2.1999999999999997_1.0_880,25.6,2.31,0.73,-0.33,-0.5,-0.68,0.15
A_OB_2.1999999999999997_1.0_881,24.44,2.31,0.73,-0.33,-0.5,-0.68,0.15
A_OB_2.1999999999999997_1.0_882,24.72,2.31,0.73,-0.33,-0.5,-0.68,0.15
A_OB_2.1999999999999997_1.0_883,23.31,2.31,0.73,-0.33,-0.5,-0.68,0.15
A_OB_2.1999999999999997_1.0_884,22.53,2.31,0.73,-0.33,-0.5,-0.68,0.15
A_OB_2.1999999999999997_1.0_885,25.1,2.31,0.73,-0.33,-0.5,-0.68,0.15
A_OB_2.1999999999999997_1.0_886,24.48,2.31,0.73,-0.33,-0.5,-0.68,0.15
A_OB_2.1999999999999997_1.0_887,24.27,2.31,0.73,-0.33,-0.5,-0.68,0.15
A_OB_2.1999999999999997_1.0_888,22.43,2.31,0.73,-0.33,-0.5,-0.68,0.15
A_OB_2.1999999999999997_1.0_889,24.12,2.31,0.73,-0.33,-0.5,-0.68,0.15
A_OB_2.1999999999999997_1.0_890,24.58,2.31,0.73,-0.33,-0.5,-0.68,0.15
A_OB_2.1999999999999997_1.0_891,25.4,2.31,0.73,-0.33,-0.5,-0.68,0.15
A_OB_2.1999999999999997_1.0_892,25.42,2.31,0.73,-0.33,-0.5,-0.68,0.15
A_OB_2.1999999999999997_1.0_893,25.33,2.31,0.73,-0.33,-0.5,-0.68,0.15
A_OB_2.1999999999999997_1.0_894,24.4,2.31,0.73,-0.33,-0.5,-0.68,0.15
A_OB_2.1999999999999997_1.0_895,24.62,2.31,0.73,-0.33,-0.5,-0.68,0.15
A_OB_2.1999999999999997_1.0_896,25.46,2.31,0.73,-0.33,-0.5,-0.68,0.15
A_OB_2.1999999999999997_1.0_897,24.33,2.31,0.73,-0.33,-0.5,-0.68,0.15
A_OB_2.1999999999999997_1.0_898,25.49,2.31,0.73,-0.33,-0.5,-0.68,0.15
A_OB_2.1999999999999997_1.0_899,24.36,2.31,0.73,-0.33,-0.5,-0.68,0.15
A_OB_2.1999999999999997_1.0_900,25.36,2.31,0.73,-0.33,-0.5,-0.68,0.15
A_OB_2.1999999999999997_1.0_901,25.21,2.31,0.73,-0.33,-0.5,-0.68,0.15
A_OB_2.1999999999999997_1.0_902,25.35,2.31,0.73,-0.33,-0.5,-0.68,0.15
A_OB_2.1999999999999997_1.0_903,25.54,2.31,0.73,-0.33,-0.5,-0.68,0.15
A_OB_2.1999999999999997_1.0_904,19.07,2.31,0.73,-0.33,-0.5,-0.68,0.15
A_OB_2.1999999999999997_1.0_905,25.01,2.31,0.73,-0.33,-0.5,-0.68,0.15
A_OB_2.1999999999999997_1.0_906,24.92,2.31,0.73,-0.33,-0.5,-0.68,0.15
A_OB_2.1999999999999997_1.0_907,23.68,2.31,0.73,-0.33,-0.5,-0.68,0.15
A_OB_2.1999999999999997_1.0_908,25.32,2.31,0.73,-0.33,-0.5,-0.68,0.15
A_OB_2.1999999999999997_1.0_909,22.73,2.31,0.73,-0.33,-0.5,-0.68,0.15
A_OB_2.1999999999999997_1.0_910,24.14,2.31,0.73,-0.33,-0.5,-0.68,0.15
A_OB_2.1999999999999997_1.0_911,24.17,2.31,0.73,-0.33,-0.5,-0.68,0.15
A_OB_2.1999999999999997_1.0_912,24.14,2.31,0.73,-0.33,-0.5,-0.68,0.15
A_OB_2.1999999999999997_1.0_913,24.12,2.31,0.73,-0.33,-0.5,-0.68,0.15
A_OB_2.1999999999999997_1.0_914,25.02,2.31,0.73,-0.33,-0.5,-0.68,0.15
A_OB_2.1999999999999997_1.0_915,19.34,2.31,0.73,-0.33,-0.5,-0.68,0.15
A_OB_2.1999999999999997_1.0_916,21.92,2.31,0.73,-0.33,-0.5,-0.68,0.15
A_OB_2.1999999999999997_1.0_917,24.62,2.31,0.73,-0.33,-0.5,-0.68,0.15
A_OB_2.1999999999999997_1.0_918,24.33,2.31,0.73,-0.33,-0.5,-0.68,0.15
A_OB_2.1999999999999997_1.0_919,25.52,2.31,0.73,-0.33,-0.5,-0.68,0.15
A_OB_2.1999999999999997_1.0_920,25.27,2.31,0.73,-0.33,-0.5,-0.68,0.15
A_OB_2.1999999999999997_1.0_921,25.02,2.31,0.73,-0.33,-0.5,-0.68,0.15
A_OB_2.1999999999999997_1.0_922,25.1,2.31,0.73,-0.33,-0.5,-0.68,0.15
A_OB_2.1999999999999997_1.0_923,22.18,2.31,0.73,-0.33,-0.5,-0.68,0.15
A_OB_2.1999999999999997_1.0_924,23.47,2.31,0.73,-0.33,-0.5,-0.68,0.15
A_OB_2.1999999999999997_1.0_925,24.51,2.31,0.73,-0.33,-0.5,-0.68,0.15
A_OB_2.1999999999999997_1.0_926,25.19,2.31,0.73,-0.33,-0.5,-0.68,0.15
A_OB_2.1999999999999997_1.0_927,24.78,2.31,0.73,-0.33,-0.5,-0.68,0.15
A_OB_2.1999999999999997_1.0_928,22.81,2.31,0.73,-0.33,-0.5,-0.68,0.15
A_OB_2.1999999999999997_1.0_929,24.9,2.31,0.73,-0.33,-0.5,-0.68,0.15
A_OB_2.1999999999999997_1.0_930,25.47,2.31,0.73,-0.33,-0.5,-0.68,0.15
A_OB_2.1999999999999997_1.0_931,21.31,2.31,0.73,-0.33,-0.5,-0.68,0.15
A_OB_2.1999999999999997_1.0_932,24.47,2.31,0.73,-0.33,-0.5,-0.68,0.15
A_OB_2.1999999999999997_1.0_933,24.84,2.31,0.73,-0.33,-0.5,-0.68,0.15
A_OB_2.1999999999999997_1.0_934,24.34,2.31,0.73,-0.33,-0.5,-0.68,0.15
A_OB_2.1999999999999997_1.0_935,24.28,2.31,0.73,-0.33,-0.5,-0.68,0.15
A_OB_2.1999999999999997_1.0_936,24.02,2.31,0.73,-0.33,-0.5,-0.68,0.15
A_OB_2.1999999999999997_1.0_937,25.41,2.31,0.73,-0.33,-0.5,-0.68,0.15
A_OB_2.1999999999999997_1.0_938,25.55,2.31,0.73,-0.33,-0.5,-0.68,0.15
A_OB_2.1999999999999997_1.0_939,25.03,2.31,0.73,-0.33,-0.5,-0.68,0.15
A_OB_2.1999999999999997_1.0_940,24.81,2.31,0.73,-0.33,-0.5,-0.68,0.15
A_OB_2.1999999999999997_1.0_941,25.48,2.31,0.73,-0.33,-0.5,-0.68,0.15
A_OB_2.1999999999999997_1.0_942,25.23,2.31,0.73,-0.33,-0.5,-0.68,0.15
A_OB_2.1999999999999997_1.0_943,24.64,2.31,0.73,-0.33,-0.5,-0.68,0.15
A_OB_2.1999999999999997_1.0_944,21.95,2.31,0.73,-0.33,-0.5,-0.68,0.15
A_OB_2.1999999999999997_1.0_945,25.09,2.31,0.73,-0.33,-0.5,-0.68,0.15
A_OB_2.1999999999999997_1.0_946,24.78,2.31,0.73,-0.33,-0.5,-0.68,0.15
A_OB_2.1999999999999997_1.0_947,22.82,2.31,0.73,-0.33,-0.5,-0.68,0.15
A_OB_2.1999999999999997_1.0_948,21.66,2.31,0.73,-0.33,-0.5,-0.68,0.15
A_OB_2.1999999999999997_1.0_949,25.29,2.31,0.73,-0.33,-0.5,-0.68,0.15
A_OB_2.1999999999999997_1.0_950,25.22,2.31,0.73,-0.33,-0.5,-0.68,0.15
A_OB_2.1999999999999997_1.0_951,24.06,2.31,0.73,-0.33,-0.5,-0.68,0.15
A_OB_2.1999999999999997_1.0_952,23.86,2.31,0.73,-0.33,-0.5,-0.68,0.15
A_OB_2.1999999999999997_1.0_953,25.19,2.31,0.73,-0.33,-0.5,-0.68,0.15
A_OB_2.1999999999999997_1.0_954,25.61,2.31,0.73,-0.33,-0.5,-0.68,0.15
A_OB_2.1999999999999997_1.0_955,25.52,2.31,0.73,-0.33,-0.5,-0.68,0.15
A_OB_2.1999999999999997_1.0_956,25.15,2.31,0.73,-0.33,-0.5,-0.68,0.15
A_OB_2.1999999999999997_1.0_957,24.12,2.31,0.73,-0.33,-0.5,-0.68,0.15
A_OB_2.1999999999999997_1.0_958,23.41,2.31,0.73,-0.33,-0.5,-0.68,0.15
A_OB_2.1999999999999997_1.0_959,23.54,2.31,0.73,-0.33,-0.5,-0.68,0.15
A_OB_2.1999999999999997_1.0_960,24.68,2.31,0.73,-0.33,-0.5,-0.68,0.15
A_OB_2.1999999999999997_1.0_961,24.45,2.31,0.73,-0.33,-0.5,-0.68,0.15
A_OB_2.1999999999999997_1.0_962,24.56,2.31,0.73,-0.33,-0.5,-0.68,0.15
A_OB_2.1999999999999997_1.0_963,24.04,2.31,0.73,-0.33,-0.5,-0.68,0.15
A_OB_2.1999999999999997_1.0_964,23.53,2.31,0.73,-0.33,-0.5,-0.68,0.15
A_OB_2.1999999999999997_1.0_965,24.59,2.31,0.73,-0.33,-0.5,-0.68,0.15
A_OB_2.1999999999999997_1.0_966,25.09,2.31,0.73,-0.33,-0.5,-0.68,0.15
A_OB_2.1999999999999997_1.0_967,24.59,2.31,0.73,-0.33,-0.5,-0.68,0.15
A_OB_2.1999999999999997_1.0_968,24.26,2.31,0.73,-0.33,-0.5,-0.68,0.15
A_OB_2.1999999999999997_1.0_969,24.98,2.31,0.73,-0.33,-0.5,-0.68,0.15
A_OB_2.1999999999999997_1.0_970,24.46,2.31,0.73,-0.33,-0.5,-0.68,0.15
A_OB_2.1999999999999997_1.0_971,24.97,2.31,0.73,-0.33,-0.5,-0.68,0.15
A_OB_2.1999999999999997_1.0_972,25.53,2.31,0.73,-0.33,-0.5,-0.68,0.15
A_OB_2.1999999999999997_1.0_973,24.67,2.31,0.73,-0.33,-0.5,-0.68,0.15
A_OB_2.1999999999999997_1.0_974,24.52,2.31,0.73,-0.33,-0.5,-0.68,0.15
A_OB_2.1999999999999997_1.0_975,23.35,2.31,0.73,-0.33,-0.5,-0.68,0.15
A_OB_2.1999999999999997_1.0_976,25.43,2.31,0.73,-0.33,-0.5,-0.68,0.15
A_OB_2.1999999999999997_1.0_977,25.61,2.31,0.73,-0.33,-0.5,-0.68,0.15
A_OB_2.1999999999999997_1.0_978,21.96,2.31,0.73,-0.33,-0.5,-0.68,0.15
A_OB_2.1999999999999997_1.0_979,24.34,2.31,0.73,-0.33,-0.5,-0.68,0.15
A_OB_2.1999999999999997_1.0_980,24.86,2.31,0.73,-0.33,-0.5,-0.68,0.15
A_OB_2.1999999999999997_1.0_981,24.77,2.31,0.73,-0.33,-0.5,-0.68,0.15
A_OB_2.1999999999999997_1.0_982,25.32,2.31,0.73,-0.33,-0.5,-0.68,0.15
A_OB_2.1999999999999997_1.0_983,25.54,2.31,0.73,-0.33,-0.5,-0.68,0.15
A_OB_2.1999999999999997_1.0_984,24.38,2.31,0.73,-0.33,-0.5,-0.68,0.15
A_OB_2.1999999999999997_1.0_985,25.17,2.31,0.73,-0.33,-0.5,-0.68,0.15
A_OB_2.1999999999999997_1.0_986,24.39,2.31,0.73,-0.33,-0.5,-0.68,0.15
A_OB_2.1999999999999997_1.0_987,19.05,2.31,0.73,-0.33,-0.5,-0.68,0.15
A_OB_2.1999999999999997_1.0_988,22.47,2.31,0.73,-0.33,-0.5,-0.68,0.15
A_OB_2.1999999999999997_1.0_989,25.13,2.31,0.73,-0.33,-0.5,-0.68,0.15
A_OB_2.1999999999999997_1.0_990,24.72,2.31,0.73,-0.33,-0.5,-0.68,0.15
A_OB_2.1999999999999997_1.0_991,23.02,2.31,0.73,-0.33,-0.5,-0.68,0.15
A_OB_2.1999999999999997_1.0_992,24.26,2.31,0.73,-0.33,-0.5,-0.68,0.15
A_OB_2.1999999999999997_1.0_993,25.2,2.31,0.73,-0.33,-0.5,-0.68,0.15
A_OB_2.1999999999999997_1.0_994,24.43,2.31,0.73,-0.33,-0.5,-0.68,0.15
A_OB_2.1999999999999997_1.0_995,25.51,2.31,0.73,-0.33,-0.5,-0.68,0.15
A_OB_2.1999999999999997_1.0_996,24.69,2.31,0.73,-0.33,-0.5,-0.68,0.15
A_OB_2.1999999999999997_1.0_997,22.87,2.31,0.73,-0.33,-0.5,-0.68,0.15
A_OB_2.1999999999999997_1.0_998,25.05,2.31,0.73,-0.33,-0.5,-0.68,0.15
A_OB_2.1999999999999997_1.0_999,23.11,2.31,0.73,-0.33,-0.5,-0.68,0.15
A_OB_2.1999999999999997_1.0_1000,24.3,2.31,0.73,-0.33,-0.5,-0.68,0.15
A_OB_2.1999999999999997_1.0_1001,23.94,2.31,0.73,-0.33,-0.5,-0.68,0.15
A_OB_2.1999999999999997_1.0_1002,25.58,2.31,0.73,-0.33,-0.5,-0.68,0.15
A_OB_2.1999999999999997_1.0_1003,25.49,2.31,0.73,-0.33,-0.5,-0.68,0.15
A_OB_2.1999999999999997_1.0_1004,24.79,2.31,0.73,-0.33,-0.5,-0.68,0.15
A_OB_2.1999999999999997_1.0_1005,23.97,2.31,0.73,-0.33,-0.5,-0.68,0.15
A_OB_2.1999999999999997_1.0_1006,23.74,2.31,0.73,-0.33,-0.5,-0.68,0.15
A_OB_2.1999999999999997_1.0_1007,25.35,2.31,0.73,-0.33,-0.5,-0.68,0.15
A_OB_2.1999999999999997_1.0_1008,22.21,2.31,0.73,-0.33,-0.5,-0.68,0.15
A_OB_2.1999999999999997_1.0_1009,25.23,2.31,0.73,-0.33,-0.5,-0.68,0.15
A_OB_2.1999999999999997_1.0_1010,23.7,2.31,0.73,-0.33,-0.5,-0.68,0.15
A_OB_2.1999999999999997_1.0_1011,24.67,2.31,0.73,-0.33,-0.5,-0.68,0.15
A_OB_2.1999999999999997_1.0_1012,24.4,2.31,0.73,-0.33,-0.5,-0.68,0.15
A_OB_2.1999999999999997_1.0_1013,24.1,2.31,0.73,-0.33,-0.5,-0.68,0.15
A_OB_2.1999999999999997_1.0_1014,25.0,2.31,0.73,-0.33,-0.5,-0.68,0.15
A_OB_2.1999999999999997_1.0_1015,25.42,2.31,0.73,-0.33,-0.5,-0.68,0.15
A_OB_2.1999999999999997_1.0_1016,24.99,2.31,0.73,-0.33,-0.5,-0.68,0.15
A_OB_2.1999999999999997_1.0_1017,23.81,2.31,0.73,-0.33,-0.5,-0.68,0.15
A_OB_2.1999999999999997_1.0_1018,22.75,2.31,0.73,-0.33,-0.5,-0.68,0.15
A_OB_2.1999999999999997_1.0_1019,25.5,2.31,0.73,-0.33,-0.5,-0.68,0.15
A_OB_2.1999999999999997_1.0_1020,24.94,2.31,0.73,-0.33,-0.5,-0.68,0.15
A_OB_2.1999999999999997_1.0_1021,19.77,2.31,0.73,-0.33,-0.5,-0.68,0.15
A_OB_2.1999999999999997_1.0_1022,24.96,2.31,0.73,-0.33,-0.5,-0.68,0.15
A_OB_2.1999999999999997_1.0_1023,22.46,2.31,0.73,-0.33,-0.5,-0.68,0.15
A_OB_2.1999999999999997_1.0_1024,25.13,2.31,0.73,-0.33,-0.5,-0.68,0.15
A_OB_2.1999999999999997_1.0_1025,23.42,2.31,0.73,-0.33,-0.5,-0.68,0.15
A_OB_2.1999999999999997_1.0_1026,24.19,2.31,0.73,-0.33,-0.5,-0.68,0.15
A_OB_2.1999999999999997_1.0_1027,22.14,2.31,0.73,-0.33,-0.5,-0.68,0.15
A_OB_2.1999999999999997_1.0_1028,25.02,2.31,0.73,-0.33,-0.5,-0.68,0.15
A_OB_2.1999999999999997_1.0_1029,24.0,2.31,0.73,-0.33,-0.5,-0.68,0.15
A_OB_2.1999999999999997_1.0_1030,22.27,2.31,0.73,-0.33,-0.5,-0.68,0.15
A_OB_2.1999999999999997_1.0_1031,24.48,2.31,0.73,-0.33,-0.5,-0.68,0.15
A_OB_2.1999999999999997_1.0_1032,24.96,2.31,0.73,-0.33,-0.5,-0.68,0.15
A_OB_2.1999999999999997_1.0_1033,25.15,2.31,0.73,-0.33,-0.5,-0.68,0.15
A_OB_2.1999999999999997_1.0_1034,22.58,2.31,0.73,-0.33,-0.5,-0.68,0.15
A_OB_2.1999999999999997_1.0_1035,22.91,2.31,0.73,-0.33,-0.5,-0.68,0.15
A_OB_2.1999999999999997_1.0_1036,23.02,2.31,0.73,-0.33,-0.5,-0.68,0.15
A_OB_2.1999999999999997_1.0_1037,24.83,2.31,0.73,-0.33,-0.5,-0.68,0.15
A_OB_2.1999999999999997_1.0_1038,21.95,2.31,0.73,-0.33,-0.5,-0.68,0.15
A_OB_2.1999999999999997_1.0_1039,24.86,2.31,0.73,-0.33,-0.5,-0.68,0.15
A_OB_2.1999999999999997_1.0_1040,25.08,2.31,0.73,-0.33,-0.5,-0.68,0.15
A_OB_2.1999999999999997_1.0_1041,21.51,2.31,0.73,-0.33,-0.5,-0.68,0.15
A_OB_2.1999999999999997_1.0_1042,22.96,2.31,0.73,-0.33,-0.5,-0.68,0.15
A_OB_2.1999999999999997_1.0_1043,23.02,2.31,0.73,-0.33,-0.5,-0.68,0.15
A_OB_2.1999999999999997_1.0_1044,24.98,2.31,0.73,-0.33,-0.5,-0.68,0.15
A_OB_2.1999999999999997_1.0_1045,23.22,2.31,0.73,-0.33,-0.5,-0.68,0.15
A_OB_2.1999999999999997_1.0_1046,25.16,2.31,0.73,-0.33,-0.5,-0.68,0.15
A_OB_2.1999999999999997_1.0_1047,24.98,2.31,0.73,-0.33,-0.5,-0.68,0.15
A_OB_2.1999999999999997_1.0_1048,24.7,2.31,0.73,-0.33,-0.5,-0.68,0.15
A_OB_2.1999999999999997_1.0_1049,22.85,2.31,0.73,-0.33,-0.5,-0.68,0.15
A_OB_2.1999999999999997_1.0_1050,25.17,2.31,0.73,-0.33,-0.5,-0.68,0.15
A_OB_2.1999999999999997_1.0_1051,23.3,2.31,0.73,-0.33,-0.5,-0.68,0.15
A_OB_2.1999999999999997_1.0_1052,23.39,2.31,0.73,-0.33,-0.5,-0.68,0.15
A_OB_2.1999999999999997_1.0_1053,24.63,2.31,0.73,-0.33,-0.5,-0.68,0.15
A_OB_2.1999999999999997_1.0_1054,25.04,2.31,0.73,-0.33,-0.5,-0.68,0.15
A_OB_2.1999999999999997_1.0_1055,24.24,2.31,0.73,-0.33,-0.5,-0.68,0.15
A_OB_2.1999999999999997_1.0_1056,25.34,2.31,0.73,-0.33,-0.5,-0.68,0.15
A_OB_2.1999999999999997_1.0_1057,25.43,2.31,0.73,-0.33,-0.5,-0.68,0.15
A_OB_2.1999999999999997_1.0_1058,24.45,2.31,0.73,-0.33,-0.5,-0.68,0.15
A_OB_2.1999999999999997_1.0_1059,23.76,2.31,0.73,-0.33,-0.5,-0.68,0.15
A_OB_2.1999999999999997_1.0_1060,25.36,2.31,0.73,-0.33,-0.5,-0.68,0.15
A_OB_2.1999999999999997_1.0_1061,21.48,2.31,0.73,-0.33,-0.5,-0.68,0.15
A_OB_2.1999999999999997_1.0_1062,25.54,2.31,0.73,-0.33,-0.5,-0.68,0.15
A_OB_2.1999999999999997_1.0_1063,23.29,2.31,0.73,-0.33,-0.5,-0.68,0.15
A_OB_2.1999999999999997_1.0_1064,23.88,2.31,0.73,-0.33,-0.5,-0.68,0.15
A_OB_2.1999999999999997_1.0_1065,25.23,2.31,0.73,-0.33,-0.5,-0.68,0.15
A_OB_2.1999999999999997_1.0_1066,25.26,2.31,0.73,-0.33,-0.5,-0.68,0.15
A_OB_2.1999999999999997_1.0_1067,24.43,2.31,0.73,-0.33,-0.5,-0.68,0.15
A_OB_2.1999999999999997_1.0_1068,25.51,2.31,0.73,-0.33,-0.5,-0.68,0.15
A_OB_2.1999999999999997_1.0_1069,24.33,2.31,0.73,-0.33,-0.5,-0.68,0.15
A_OB_2.1999999999999997_1.0_1070,25.5,2.31,0.73,-0.33,-0.5,-0.68,0.15
A_OB_2.1999999999999997_1.0_1071,25.33,2.31,0.73,-0.33,-0.5,-0.68,0.15
A_OB_2.1999999999999997_1.0_1072,25.39,2.31,0.73,-0.33,-0.5,-0.68,0.15
A_OB_2.1999999999999997_1.0_1073,24.96,2.31,0.73,-0.33,-0.5,-0.68,0.15
A_OB_2.1999999999999997_1.0_1074,25.11,2.31,0.73,-0.33,-0.5,-0.68,0.15
A_OB_2.1999999999999997_1.0_1075,24.59,2.31,0.73,-0.33,-0.5,-0.68,0.15
A_OB_2.1999999999999997_1.0_1076,24.62,2.31,0.73,-0.33,-0.5,-0.68,0.15
A_OB_2.1999999999999997_1.0_1077,24.02,2.31,0.73,-0.33,-0.5,-0.68,0.15
A_OB_2.1999999999999997_1.0_1078,21.85,2.31,0.73,-0.33,-0.5,-0.68,0.15
A_OB_2.1999999999999997_1.0_1079,24.83,2.31,0.73,-0.33,-0.5,-0.68,0.15
A_OB_2.1999999999999997_1.0_1080,25.15,2.31,0.73,-0.33,-0.5,-0.68,0.15
A_OB_2.1999999999999997_1.0_1081,24.23,2.31,0.73,-0.33,-0.5,-0.68,0.15
A_OB_2.1999999999999997_1.0_1082,24.41,2.31,0.73,-0.33,-0.5,-0.68,0.15
A_OB_2.1999999999999997_1.0_1083,23.65,2.31,0.73,-0.33,-0.5,-0.68,0.15
A_OB_2.1999999999999997_1.0_1084,25.25,2.31,0.73,-0.33,-0.5,-0.68,0.15
A_OB_2.1999999999999997_1.0_1085,24.96,2.31,0.73,-0.33,-0.5,-0.68,0.15
A_OB_2.1999999999999997_1.0_1086,24.74,2.31,0.73,-0.33,-0.5,-0.68,0.15
A_OB_2.1999999999999997_1.0_1087,23.84,2.31,0.73,-0.33,-0.5,-0.68,0.15
A_OB_2.1999999999999997_1.0_1088,23.67,2.31,0.73,-0.33,-0.5,-0.68,0.15
A_OB_2.1999999999999997_1.0_1089,22.83,2.31,0.73,-0.33,-0.5,-0.68,0.15
A_OB_2.1999999999999997_1.0_1090,24.76,2.31,0.73,-0.33,-0.5,-0.68,0.15
A_OB_2.1999999999999997_1.0_1091,23.95,2.31,0.73,-0.33,-0.5,-0.68,0.15
A_OB_2.1999999999999997_1.0_1092,23.94,2.31,0.73,-0.33,-0.5,-0.68,0.15
A_OB_2.1999999999999997_1.0_1093,23.23,2.31,0.73,-0.33,-0.5,-0.68,0.15
A_OB_2.1999999999999997_1.0_1094,22.6,2.31,0.73,-0.33,-0.5,-0.68,0.15
A_OB_2.1999999999999997_1.0_1095,24.55,2.31,0.73,-0.33,-0.5,-0.68,0.15
A_OB_2.1999999999999997_1.0_1096,25.34,2.31,0.73,-0.33,-0.5,-0.68,0.15
A_OB_2.1999999999999997_1.0_1097,25.42,2.31,0.73,-0.33,-0.5,-0.68,0.15
A_OB_2.1999999999999997_1.0_1098,25.49,2.31,0.73,-0.33,-0.5,-0.68,0.15
A_OB_2.1999999999999997_1.0_1099,24.9,2.31,0.73,-0.33,-0.5,-0.68,0.15
A_OB_2.1999999999999997_1.0_1100,24.5,2.31,0.73,-0.33,-0.5,-0.68,0.15
A_OB_2.1999999999999997_1.0_1101,24.4,2.31,0.73,-0.33,-0.5,-0.68,0.15
A_OB_2.1999999999999997_1.0_1102,24.89,2.31,0.73,-0.33,-0.5,-0.68,0.15
A_OB_2.1999999999999997_1.0_1103,24.71,2.31,0.73,-0.33,-0.5,-0.68,0.15
A_OB_2.1999999999999997_1.0_1104,24.88,2.31,0.73,-0.33,-0.5,-0.68,0.15
A_OB_2.1999999999999997_1.0_1105,25.49,2.31,0.73,-0.33,-0.5,-0.68,0.15
A_OB_2.1999999999999997_1.0_1106,23.81,2.31,0.73,-0.33,-0.5,-0.68,0.15
A_OB_2.1999999999999997_1.0_1107,25.08,2.31,0.73,-0.33,-0.5,-0.68,0.15
A_OB_2.1999999999999997_1.0_1108,24.64,2.31,0.73,-0.33,-0.5,-0.68,0.15
A_OB_2.1999999999999997_1.0_1109,24.85,2.31,0.73,-0.33,-0.5,-0.68,0.15
A_OB_2.1999999999999997_1.0_1110,24.44,2.31,0.73,-0.33,-0.5,-0.68,0.15
A_OB_2.1999999999999997_1.0_1111,25.58,2.31,0.73,-0.33,-0.5,-0.68,0.15
A_OB_2.1999999999999997_1.0_1112,25.4,2.31,0.73,-0.33,-0.5,-0.68,0.15
A_OB_2.1999999999999997_1.0_1113,23.51,2.31,0.73,-0.33,-0.5,-0.68,0.15
A_OB_2.1999999999999997_1.0_1114,24.52,2.31,0.73,-0.33,-0.5,-0.68,0.15
A_OB_2.1999999999999997_1.0_1115,24.42,2.31,0.73,-0.33,-0.5,-0.68,0.15
A_OB_2.1999999999999997_1.0_1116,25.42,2.31,0.73,-0.33,-0.5,-0.68,0.15
A_OB_2.1999999999999997_1.0_1117,24.97,2.31,0.73,-0.33,-0.5,-0.68,0.15
A_OB_2.1999999999999997_1.0_1118,24.35,2.31,0.73,-0.33,-0.5,-0.68,0.15
A_OB_2.1999999999999997_1.0_1119,20.85,2.31,0.73,-0.33,-0.5,-0.68,0.15
A_OB_2.1999999999999997_1.0_1120,23.55,2.31,0.73,-0.33,-0.5,-0.68,0.15
A_OB_2.1999999999999997_1.0_1121,24.71,2.31,0.73,-0.33,-0.5,-0.68,0.15
A_OB_2.1999999999999997_1.0_1122,25.31,2.31,0.73,-0.33,-0.5,-0.68,0.15
A_OB_2.1999999999999997_1.0_1123,24.56,2.31,0.73,-0.33,-0.5,-0.68,0.15
A_OB_2.1999999999999997_1.0_1124,25.07,2.31,0.73,-0.33,-0.5,-0.68,0.15
A_OB_2.1999999999999997_1.0_1125,20.88,2.31,0.73,-0.33,-0.5,-0.68,0.15
A_OB_2.1999999999999997_1.0_1126,24.63,2.31,0.73,-0.33,-0.5,-0.68,0.15
A_OB_2.1999999999999997_1.0_1127,25.08,2.31,0.73,-0.33,-0.5,-0.68,0.15
A_OB_2.1999999999999997_1.0_1128,25.26,2.31,0.73,-0.33,-0.5,-0.68,0.15
A_OB_2.1999999999999997_1.0_1129,22.61,2.31,0.73,-0.33,-0.5,-0.68,0.15
A_OB_2.1999999999999997_1.0_1130,25.39,2.31,0.73,-0.33,-0.5,-0.68,0.15
A_OB_2.1999999999999997_1.0_1131,24.62,2.31,0.73,-0.33,-0.5,-0.68,0.15
A_OB_2.1999999999999997_1.0_1132,25.48,2.31,0.73,-0.33,-0.5,-0.68,0.15
A_OB_2.1999999999999997_1.0_1133,25.12,2.31,0.73,-0.33,-0.5,-0.68,0.15
A_OB_2.1999999999999997_1.0_1134,22.36,2.31,0.73,-0.33,-0.5,-0.68,0.15
A_OB_2.1999999999999997_1.0_1135,25.13,2.31,0.73,-0.33,-0.5,-0.68,0.15
A_OB_2.1999999999999997_1.0_1136,24.61,2.31,0.73,-0.33,-0.5,-0.68,0.15
A_OB_2.1999999999999997_1.0_1137,24.01,2.31,0.73,-0.33,-0.5,-0.68,0.15
A_OB_2.1999999999999997_1.0_1138,23.2,2.31,0.73,-0.33,-0.5,-0.68,0.15
A_OB_2.1999999999999997_1.0_1139,25.21,2.31,0.73,-0.33,-0.5,-0.68,0.15
A_OB_2.1999999999999997_1.0_1140,25.28,2.31,0.73,-0.33,-0.5,-0.68,0.15
A_OB_2.1999999999999997_1.0_1141,24.05,2.31,0.73,-0.33,-0.5,-0.68,0.15
A_OB_2.1999999999999997_1.0_1142,25.23,2.31,0.73,-0.33,-0.5,-0.68,0.15
A_OB_2.1999999999999997_1.0_1143,23.05,2.31,0.73,-0.33,-0.5,-0.68,0.15
A_OB_2.1999999999999997_1.0_1144,24.75,2.31,0.73,-0.33,-0.5,-0.68,0.15
A_OB_2.1999999999999997_1.0_1145,23.08,2.31,0.73,-0.33,-0.5,-0.68,0.15
A_OB_2.1999999999999997_1.0_1146,23.54,2.31,0.73,-0.33,-0.5,-0.68,0.15
A_OB_2.1999999999999997_1.0_1147,25.52,2.31,0.73,-0.33,-0.5,-0.68,0.15
A_OB_2.1999999999999997_1.0_1148,20.08,2.31,0.73,-0.33,-0.5,-0.68,0.15
A_OB_2.1999999999999997_1.0_1149,25.54,2.31,0.73,-0.33,-0.5,-0.68,0.15
A_OB_2.1999999999999997_1.0_1150,25.61,2.31,0.73,-0.33,-0.5,-0.68,0.15
A_OB_2.1999999999999997_1.0_1151,20.1,2.31,0.73,-0.33,-0.5,-0.68,0.15
A_OB_2.1999999999999997_1.0_1152,24.56,2.31,0.73,-0.33,-0.5,-0.68,0.15
A_OB_2.1999999999999997_1.0_1153,25.37,2.31,0.73,-0.33,-0.5,-0.68,0.15
A_OB_2.1999999999999997_1.0_1154,25.54,2.31,0.73,-0.33,-0.5,-0.68,0.15
A_OB_2.1999999999999997_1.0_1155,24.98,2.31,0.73,-0.33,-0.5,-0.68,0.15
A_OB_2.1999999999999997_1.0_1156,25.33,2.31,0.73,-0.33,-0.5,-0.68,0.15
A_OB_2.1999999999999997_1.0_1157,24.43,2.31,0.73,-0.33,-0.5,-0.68,0.15
A_OB_2.1999999999999997_1.0_1158,24.65,2.31,0.73,-0.33,-0.5,-0.68,0.15
A_OB_2.1999999999999997_1.0_1159,24.43,2.31,0.73,-0.33,-0.5,-0.68,0.15
A_OB_2.1999999999999997_1.0_1160,25.6,2.31,0.73,-0.33,-0.5,-0.68,0.15
A_OB_2.1999999999999997_1.0_1161,24.27,2.31,0.73,-0.33,-0.5,-0.68,0.15
A_OB_2.1999999999999997_1.0_1162,23.86,2.31,0.73,-0.33,-0.5,-0.68,0.15
A_OB_2.1999999999999997_1.0_1163,25.1,2.31,0.73,-0.33,-0.5,-0.68,0.15
A_OB_2.1999999999999997_1.0_1164,23.37,2.31,0.73,-0.33,-0.5,-0.68,0.15
A_OB_2.1999999999999997_1.0_1165,22.72,2.31,0.73,-0.33,-0.5,-0.68,0.15
A_OB_2.1999999999999997_1.0_1166,22.48,2.31,0.73,-0.33,-0.5,-0.68,0.15
A_OB_2.1999999999999997_1.0_1167,25.24,2.31,0.73,-0.33,-0.5,-0.68,0.15
A_OB_2.1999999999999997_1.0_1168,24.11,2.31,0.73,-0.33,-0.5,-0.68,0.15
A_OB_2.1999999999999997_1.0_1169,25.48,2.31,0.73,-0.33,-0.5,-0.68,0.15
A_OB_2.1999999999999997_1.0_1170,22.77,2.31,0.73,-0.33,-0.5,-0.68,0.15
A_OB_2.1999999999999997_1.0_1171,24.89,2.31,0.73,-0.33,-0.5,-0.68,0.15
A_OB_2.1999999999999997_1.0_1172,24.65,2.31,0.73,-0.33,-0.5,-0.68,0.15
A_OB_2.1999999999999997_1.0_1173,25.1,2.31,0.73,-0.33,-0.5,-0.68,0.15
A_OB_2.1999999999999997_1.0_1174,23.36,2.31,0.73,-0.33,-0.5,-0.68,0.15
A_OB_2.1999999999999997_1.0_1175,23.72,2.31,0.73,-0.33,-0.5,-0.68,0.15
A_OB_2.1999999999999997_1.0_1176,25.26,2.31,0.73,-0.33,-0.5,-0.68,0.15
A_OB_2.1999999999999997_1.0_1177,23.74,2.31,0.73,-0.33,-0.5,-0.68,0.15
A_OB_2.1999999999999997_1.0_1178,22.1,2.31,0.73,-0.33,-0.5,-0.68,0.15
A_OB_2.1999999999999997_1.0_1179,25.38,2.31,0.73,-0.33,-0.5,-0.68,0.15
A_OB_2.1999999999999997_1.0_1180,24.66,2.31,0.73,-0.33,-0.5,-0.68,0.15
A_OB_2.1999999999999997_1.0_1181,22.62,2.31,0.73,-0.33,-0.5,-0.68,0.15
