ObjID,H_g,u-r,g-r,i-r,z-r,y-r,GS
A_OB_1.5999999999999999_1.0_0,22.62,2.31,0.73,-0.33,-0.5,-0.68,0.15
A_OB_1.5999999999999999_1.0_1,23.39,2.31,0.73,-0.33,-0.5,-0.68,0.15
A_OB_1.5999999999999999_1.0_2,22.89,2.31,0.73,-0.33,-0.5,-0.68,0.15
A_OB_1.5999999999999999_1.0_3,25.36,2.31,0.73,-0.33,-0.5,-0.68,0.15
A_OB_1.5999999999999999_1.0_4,24.15,2.31,0.73,-0.33,-0.5,-0.68,0.15
A_OB_1.5999999999999999_1.0_5,18.58,2.31,0.73,-0.33,-0.5,-0.68,0.15
A_OB_1.5999999999999999_1.0_6,23.22,2.31,0.73,-0.33,-0.5,-0.68,0.15
A_OB_1.5999999999999999_1.0_7,22.24,2.31,0.73,-0.33,-0.5,-0.68,0.15
A_OB_1.5999999999999999_1.0_8,25.47,2.31,0.73,-0.33,-0.5,-0.68,0.15
A_OB_1.5999999999999999_1.0_9,24.5,2.31,0.73,-0.33,-0.5,-0.68,0.15
A_OB_1.5999999999999999_1.0_10,23.0,2.31,0.73,-0.33,-0.5,-0.68,0.15
A_OB_1.5999999999999999_1.0_11,24.98,2.31,0.73,-0.33,-0.5,-0.68,0.15
A_OB_1.5999999999999999_1.0_12,23.52,2.31,0.73,-0.33,-0.5,-0.68,0.15
A_OB_1.5999999999999999_1.0_13,24.77,2.31,0.73,-0.33,-0.5,-0.68,0.15
A_OB_1.5999999999999999_1.0_14,24.21,2.31,0.73,-0.33,-0.5,-0.68,0.15
A_OB_1.5999999999999999_1.0_15,19.6,2.31,0.73,-0.33,-0.5,-0.68,0.15
A_OB_1.5999999999999999_1.0_16,21.36,2.31,0.73,-0.33,-0.5,-0.68,0.15
A_OB_1.5999999999999999_1.0_17,21.06,2.31,0.73,-0.33,-0.5,-0.68,0.15
A_OB_1.5999999999999999_1.0_18,25.07,2.31,0.73,-0.33,-0.5,-0.68,0.15
A_OB_1.5999999999999999_1.0_19,23.28,2.31,0.73,-0.33,-0.5,-0.68,0.15
A_OB_1.5999999999999999_1.0_20,23.79,2.31,0.73,-0.33,-0.5,-0.68,0.15
A_OB_1.5999999999999999_1.0_21,22.92,2.31,0.73,-0.33,-0.5,-0.68,0.15
A_OB_1.5999999999999999_1.0_22,23.54,2.31,0.73,-0.33,-0.5,-0.68,0.15
A_OB_1.5999999999999999_1.0_23,24.29,2.31,0.73,-0.33,-0.5,-0.68,0.15
A_OB_1.5999999999999999_1.0_24,24.93,2.31,0.73,-0.33,-0.5,-0.68,0.15
A_OB_1.5999999999999999_1.0_25,25.04,2.31,0.73,-0.33,-0.5,-0.68,0.15
A_OB_1.5999999999999999_1.0_26,25.48,2.31,0.73,-0.33,-0.5,-0.68,0.15
A_OB_1.5999999999999999_1.0_27,24.79,2.31,0.73,-0.33,-0.5,-0.68,0.15
A_OB_1.5999999999999999_1.0_28,25.09,2.31,0.73,-0.33,-0.5,-0.68,0.15
A_OB_1.5999999999999999_1.0_29,17.7,2.31,0.73,-0.33,-0.5,-0.68,0.15
A_OB_1.5999999999999999_1.0_30,23.91,2.31,0.73,-0.33,-0.5,-0.68,0.15
A_OB_1.5999999999999999_1.0_31,22.55,2.31,0.73,-0.33,-0.5,-0.68,0.15
A_OB_1.5999999999999999_1.0_32,22.46,2.31,0.73,-0.33,-0.5,-0.68,0.15
A_OB_1.5999999999999999_1.0_33,25.52,2.31,0.73,-0.33,-0.5,-0.68,0.15
A_OB_1.5999999999999999_1.0_34,19.06,2.31,0.73,-0.33,-0.5,-0.68,0.15
A_OB_1.5999999999999999_1.0_35,24.06,2.31,0.73,-0.33,-0.5,-0.68,0.15
A_OB_1.5999999999999999_1.0_36,25.45,2.31,0.73,-0.33,-0.5,-0.68,0.15
A_OB_1.5999999999999999_1.0_37,22.75,2.31,0.73,-0.33,-0.5,-0.68,0.15
A_OB_1.5999999999999999_1.0_38,24.18,2.31,0.73,-0.33,-0.5,-0.68,0.15
A_OB_1.5999999999999999_1.0_39,24.38,2.31,0.73,-0.33,-0.5,-0.68,0.15
A_OB_1.5999999999999999_1.0_40,23.6,2.31,0.73,-0.33,-0.5,-0.68,0.15
A_OB_1.5999999999999999_1.0_41,23.29,2.31,0.73,-0.33,-0.5,-0.68,0.15
A_OB_1.5999999999999999_1.0_42,22.49,2.31,0.73,-0.33,-0.5,-0.68,0.15
A_OB_1.5999999999999999_1.0_43,25.01,2.31,0.73,-0.33,-0.5,-0.68,0.15
A_OB_1.5999999999999999_1.0_44,17.0,2.31,0.73,-0.33,-0.5,-0.68,0.15
A_OB_1.5999999999999999_1.0_45,23.39,2.31,0.73,-0.33,-0.5,-0.68,0.15
A_OB_1.5999999999999999_1.0_46,24.16,2.31,0.73,-0.33,-0.5,-0.68,0.15
A_OB_1.5999999999999999_1.0_47,25.54,2.31,0.73,-0.33,-0.5,-0.68,0.15
A_OB_1.5999999999999999_1.0_48,24.37,2.31,0.73,-0.33,-0.5,-0.68,0.15
A_OB_1.5999999999999999_1.0_49,22.19,2.31,0.73,-0.33,-0.5,-0.68,0.15
A_OB_1.5999999999999999_1.0_50,23.25,2.31,0.73,-0.33,-0.5,-0.68,0.15
A_OB_1.5999999999999999_1.0_51,24.39,2.31,0.73,-0.33,-0.5,-0.68,0.15
A_OB_1.5999999999999999_1.0_52,24.55,2.31,0.73,-0.33,-0.5,-0.68,0.15
A_OB_1.5999999999999999_1.0_53,22.71,2.31,0.73,-0.33,-0.5,-0.68,0.15
A_OB_1.5999999999999999_1.0_54,24.49,2.31,0.73,-0.33,-0.5,-0.68,0.15
A_OB_1.5999999999999999_1.0_55,24.75,2.31,0.73,-0.33,-0.5,-0.68,0.15
A_OB_1.5999999999999999_1.0_56,24.23,2.31,0.73,-0.33,-0.5,-0.68,0.15
A_OB_1.5999999999999999_1.0_57,25.47,2.31,0.73,-0.33,-0.5,-0.68,0.15
A_OB_1.5999999999999999_1.0_58,25.19,2.31,0.73,-0.33,-0.5,-0.68,0.15
A_OB_1.5999999999999999_1.0_59,25.4,2.31,0.73,-0.33,-0.5,-0.68,0.15
A_OB_1.5999999999999999_1.0_60,24.44,2.31,0.73,-0.33,-0.5,-0.68,0.15
A_OB_1.5999999999999999_1.0_61,20.23,2.31,0.73,-0.33,-0.5,-0.68,0.15
A_OB_1.5999999999999999_1.0_62,25.39,2.31,0.73,-0.33,-0.5,-0.68,0.15
A_OB_1.5999999999999999_1.0_63,24.53,2.31,0.73,-0.33,-0.5,-0.68,0.15
A_OB_1.5999999999999999_1.0_64,20.86,2.31,0.73,-0.33,-0.5,-0.68,0.15
A_OB_1.5999999999999999_1.0_65,25.22,2.31,0.73,-0.33,-0.5,-0.68,0.15
A_OB_1.5999999999999999_1.0_66,24.87,2.31,0.73,-0.33,-0.5,-0.68,0.15
A_OB_1.5999999999999999_1.0_67,25.6,2.31,0.73,-0.33,-0.5,-0.68,0.15
A_OB_1.5999999999999999_1.0_68,24.49,2.31,0.73,-0.33,-0.5,-0.68,0.15
A_OB_1.5999999999999999_1.0_69,24.92,2.31,0.73,-0.33,-0.5,-0.68,0.15
A_OB_1.5999999999999999_1.0_70,19.94,2.31,0.73,-0.33,-0.5,-0.68,0.15
A_OB_1.5999999999999999_1.0_71,24.88,2.31,0.73,-0.33,-0.5,-0.68,0.15
A_OB_1.5999999999999999_1.0_72,18.49,2.31,0.73,-0.33,-0.5,-0.68,0.15
A_OB_1.5999999999999999_1.0_73,22.28,2.31,0.73,-0.33,-0.5,-0.68,0.15
A_OB_1.5999999999999999_1.0_74,23.68,2.31,0.73,-0.33,-0.5,-0.68,0.15
A_OB_1.5999999999999999_1.0_75,25.1,2.31,0.73,-0.33,-0.5,-0.68,0.15
A_OB_1.5999999999999999_1.0_76,22.36,2.31,0.73,-0.33,-0.5,-0.68,0.15
A_OB_1.5999999999999999_1.0_77,24.61,2.31,0.73,-0.33,-0.5,-0.68,0.15
A_OB_1.5999999999999999_1.0_78,22.4,2.31,0.73,-0.33,-0.5,-0.68,0.15
A_OB_1.5999999999999999_1.0_79,24.82,2.31,0.73,-0.33,-0.5,-0.68,0.15
A_OB_1.5999999999999999_1.0_80,25.24,2.31,0.73,-0.33,-0.5,-0.68,0.15
A_OB_1.5999999999999999_1.0_81,25.5,2.31,0.73,-0.33,-0.5,-0.68,0.15
A_OB_1.5999999999999999_1.0_82,25.59,2.31,0.73,-0.33,-0.5,-0.68,0.15
A_OB_1.5999999999999999_1.0_83,24.99,2.31,0.73,-0.33,-0.5,-0.68,0.15
A_OB_1.5999999999999999_1.0_84,23.11,2.31,0.73,-0.33,-0.5,-0.68,0.15
A_OB_1.5999999999999999_1.0_85,23.65,2.31,0.73,-0.33,-0.5,-0.68,0.15
A_OB_1.5999999999999999_1.0_86,25.22,2.31,0.73,-0.33,-0.5,-0.68,0.15
A_OB_1.5999999999999999_1.0_87,25.2,2.31,0.73,-0.33,-0.5,-0.68,0.15
A_OB_1.5999999999999999_1.0_88,23.96,2.31,0.73,-0.33,-0.5,-0.68,0.15
A_OB_1.5999999999999999_1.0_89,24.63,2.31,0.73,-0.33,-0.5,-0.68,0.15
A_OB_1.5999999999999999_1.0_90,20.72,2.31,0.73,-0.33,-0.5,-0.68,0.15
A_OB_1.5999999999999999_1.0_91,24.6,2.31,0.73,-0.33,-0.5,-0.68,0.15
A_OB_1.5999999999999999_1.0_92,18.39,2.31,0.73,-0.33,-0.5,-0.68,0.15
A_OB_1.5999999999999999_1.0_93,25.17,2.31,0.73,-0.33,-0.5,-0.68,0.15
A_OB_1.5999999999999999_1.0_94,24.63,2.31,0.73,-0.33,-0.5,-0.68,0.15
A_OB_1.5999999999999999_1.0_95,23.63,2.31,0.73,-0.33,-0.5,-0.68,0.15
A_OB_1.5999999999999999_1.0_96,22.4,2.31,0.73,-0.33,-0.5,-0.68,0.15
A_OB_1.5999999999999999_1.0_97,25.29,2.31,0.73,-0.33,-0.5,-0.68,0.15
A_OB_1.5999999999999999_1.0_98,25.32,2.31,0.73,-0.33,-0.5,-0.68,0.15
A_OB_1.5999999999999999_1.0_99,21.67,2.31,0.73,-0.33,-0.5,-0.68,0.15
A_OB_1.5999999999999999_1.0_100,23.96,2.31,0.73,-0.33,-0.5,-0.68,0.15
A_OB_1.5999999999999999_1.0_101,23.14,2.31,0.73,-0.33,-0.5,-0.68,0.15
A_OB_1.5999999999999999_1.0_102,22.88,2.31,0.73,-0.33,-0.5,-0.68,0.15
A_OB_1.5999999999999999_1.0_103,25.47,2.31,0.73,-0.33,-0.5,-0.68,0.15
A_OB_1.5999999999999999_1.0_104,24.03,2.31,0.73,-0.33,-0.5,-0.68,0.15
A_OB_1.5999999999999999_1.0_105,25.51,2.31,0.73,-0.33,-0.5,-0.68,0.15
A_OB_1.5999999999999999_1.0_106,23.66,2.31,0.73,-0.33,-0.5,-0.68,0.15
A_OB_1.5999999999999999_1.0_107,25.25,2.31,0.73,-0.33,-0.5,-0.68,0.15
A_OB_1.5999999999999999_1.0_108,22.72,2.31,0.73,-0.33,-0.5,-0.68,0.15
A_OB_1.5999999999999999_1.0_109,25.51,2.31,0.73,-0.33,-0.5,-0.68,0.15
A_OB_1.5999999999999999_1.0_110,22.33,2.31,0.73,-0.33,-0.5,-0.68,0.15
A_OB_1.5999999999999999_1.0_111,19.73,2.31,0.73,-0.33,-0.5,-0.68,0.15
A_OB_1.5999999999999999_1.0_112,18.83,2.31,0.73,-0.33,-0.5,-0.68,0.15
A_OB_1.5999999999999999_1.0_113,20.89,2.31,0.73,-0.33,-0.5,-0.68,0.15
A_OB_1.5999999999999999_1.0_114,19.74,2.31,0.73,-0.33,-0.5,-0.68,0.15
A_OB_1.5999999999999999_1.0_115,24.19,2.31,0.73,-0.33,-0.5,-0.68,0.15
A_OB_1.5999999999999999_1.0_116,23.97,2.31,0.73,-0.33,-0.5,-0.68,0.15
A_OB_1.5999999999999999_1.0_117,24.59,2.31,0.73,-0.33,-0.5,-0.68,0.15
A_OB_1.5999999999999999_1.0_118,24.6,2.31,0.73,-0.33,-0.5,-0.68,0.15
A_OB_1.5999999999999999_1.0_119,24.77,2.31,0.73,-0.33,-0.5,-0.68,0.15
A_OB_1.5999999999999999_1.0_120,24.75,2.31,0.73,-0.33,-0.5,-0.68,0.15
A_OB_1.5999999999999999_1.0_121,24.87,2.31,0.73,-0.33,-0.5,-0.68,0.15
A_OB_1.5999999999999999_1.0_122,24.66,2.31,0.73,-0.33,-0.5,-0.68,0.15
A_OB_1.5999999999999999_1.0_123,23.89,2.31,0.73,-0.33,-0.5,-0.68,0.15
A_OB_1.5999999999999999_1.0_124,24.94,2.31,0.73,-0.33,-0.5,-0.68,0.15
A_OB_1.5999999999999999_1.0_125,24.46,2.31,0.73,-0.33,-0.5,-0.68,0.15
A_OB_1.5999999999999999_1.0_126,25.5,2.31,0.73,-0.33,-0.5,-0.68,0.15
A_OB_1.5999999999999999_1.0_127,22.66,2.31,0.73,-0.33,-0.5,-0.68,0.15
A_OB_1.5999999999999999_1.0_128,24.17,2.31,0.73,-0.33,-0.5,-0.68,0.15
A_OB_1.5999999999999999_1.0_129,25.59,2.31,0.73,-0.33,-0.5,-0.68,0.15
A_OB_1.5999999999999999_1.0_130,24.88,2.31,0.73,-0.33,-0.5,-0.68,0.15
A_OB_1.5999999999999999_1.0_131,24.86,2.31,0.73,-0.33,-0.5,-0.68,0.15
A_OB_1.5999999999999999_1.0_132,23.48,2.31,0.73,-0.33,-0.5,-0.68,0.15
A_OB_1.5999999999999999_1.0_133,20.24,2.31,0.73,-0.33,-0.5,-0.68,0.15
A_OB_1.5999999999999999_1.0_134,25.18,2.31,0.73,-0.33,-0.5,-0.68,0.15
A_OB_1.5999999999999999_1.0_135,17.87,2.31,0.73,-0.33,-0.5,-0.68,0.15
A_OB_1.5999999999999999_1.0_136,25.39,2.31,0.73,-0.33,-0.5,-0.68,0.15
A_OB_1.5999999999999999_1.0_137,21.99,2.31,0.73,-0.33,-0.5,-0.68,0.15
A_OB_1.5999999999999999_1.0_138,24.99,2.31,0.73,-0.33,-0.5,-0.68,0.15
A_OB_1.5999999999999999_1.0_139,22.89,2.31,0.73,-0.33,-0.5,-0.68,0.15
A_OB_1.5999999999999999_1.0_140,25.15,2.31,0.73,-0.33,-0.5,-0.68,0.15
A_OB_1.5999999999999999_1.0_141,25.49,2.31,0.73,-0.33,-0.5,-0.68,0.15
A_OB_1.5999999999999999_1.0_142,25.07,2.31,0.73,-0.33,-0.5,-0.68,0.15
A_OB_1.5999999999999999_1.0_143,25.31,2.31,0.73,-0.33,-0.5,-0.68,0.15
A_OB_1.5999999999999999_1.0_144,24.99,2.31,0.73,-0.33,-0.5,-0.68,0.15
A_OB_1.5999999999999999_1.0_145,24.73,2.31,0.73,-0.33,-0.5,-0.68,0.15
A_OB_1.5999999999999999_1.0_146,25.17,2.31,0.73,-0.33,-0.5,-0.68,0.15
A_OB_1.5999999999999999_1.0_147,24.24,2.31,0.73,-0.33,-0.5,-0.68,0.15
A_OB_1.5999999999999999_1.0_148,25.28,2.31,0.73,-0.33,-0.5,-0.68,0.15
A_OB_1.5999999999999999_1.0_149,23.61,2.31,0.73,-0.33,-0.5,-0.68,0.15
A_OB_1.5999999999999999_1.0_150,23.26,2.31,0.73,-0.33,-0.5,-0.68,0.15
A_OB_1.5999999999999999_1.0_151,23.81,2.31,0.73,-0.33,-0.5,-0.68,0.15
A_OB_1.5999999999999999_1.0_152,24.05,2.31,0.73,-0.33,-0.5,-0.68,0.15
A_OB_1.5999999999999999_1.0_153,23.28,2.31,0.73,-0.33,-0.5,-0.68,0.15
A_OB_1.5999999999999999_1.0_154,21.52,2.31,0.73,-0.33,-0.5,-0.68,0.15
A_OB_1.5999999999999999_1.0_155,13.81,2.31,0.73,-0.33,-0.5,-0.68,0.15
A_OB_1.5999999999999999_1.0_156,23.64,2.31,0.73,-0.33,-0.5,-0.68,0.15
A_OB_1.5999999999999999_1.0_157,24.59,2.31,0.73,-0.33,-0.5,-0.68,0.15
A_OB_1.5999999999999999_1.0_158,25.35,2.31,0.73,-0.33,-0.5,-0.68,0.15
A_OB_1.5999999999999999_1.0_159,25.48,2.31,0.73,-0.33,-0.5,-0.68,0.15
A_OB_1.5999999999999999_1.0_160,25.51,2.31,0.73,-0.33,-0.5,-0.68,0.15
A_OB_1.5999999999999999_1.0_161,25.36,2.31,0.73,-0.33,-0.5,-0.68,0.15
A_OB_1.5999999999999999_1.0_162,22.67,2.31,0.73,-0.33,-0.5,-0.68,0.15
A_OB_1.5999999999999999_1.0_163,6.2,2.31,0.73,-0.33,-0.5,-0.68,0.15
A_OB_1.5999999999999999_1.0_164,24.93,2.31,0.73,-0.33,-0.5,-0.68,0.15
A_OB_1.5999999999999999_1.0_165,21.55,2.31,0.73,-0.33,-0.5,-0.68,0.15
A_OB_1.5999999999999999_1.0_166,22.77,2.31,0.73,-0.33,-0.5,-0.68,0.15
A_OB_1.5999999999999999_1.0_167,25.31,2.31,0.73,-0.33,-0.5,-0.68,0.15
A_OB_1.5999999999999999_1.0_168,24.56,2.31,0.73,-0.33,-0.5,-0.68,0.15
A_OB_1.5999999999999999_1.0_169,25.17,2.31,0.73,-0.33,-0.5,-0.68,0.15
A_OB_1.5999999999999999_1.0_170,25.11,2.31,0.73,-0.33,-0.5,-0.68,0.15
A_OB_1.5999999999999999_1.0_171,24.37,2.31,0.73,-0.33,-0.5,-0.68,0.15
A_OB_1.5999999999999999_1.0_172,25.21,2.31,0.73,-0.33,-0.5,-0.68,0.15
A_OB_1.5999999999999999_1.0_173,25.12,2.31,0.73,-0.33,-0.5,-0.68,0.15
A_OB_1.5999999999999999_1.0_174,25.09,2.31,0.73,-0.33,-0.5,-0.68,0.15
A_OB_1.5999999999999999_1.0_175,24.94,2.31,0.73,-0.33,-0.5,-0.68,0.15
A_OB_1.5999999999999999_1.0_176,23.6,2.31,0.73,-0.33,-0.5,-0.68,0.15
A_OB_1.5999999999999999_1.0_177,20.74,2.31,0.73,-0.33,-0.5,-0.68,0.15
A_OB_1.5999999999999999_1.0_178,25.03,2.31,0.73,-0.33,-0.5,-0.68,0.15
A_OB_1.5999999999999999_1.0_179,23.4,2.31,0.73,-0.33,-0.5,-0.68,0.15
A_OB_1.5999999999999999_1.0_180,24.56,2.31,0.73,-0.33,-0.5,-0.68,0.15
A_OB_1.5999999999999999_1.0_181,22.39,2.31,0.73,-0.33,-0.5,-0.68,0.15
A_OB_1.5999999999999999_1.0_182,24.45,2.31,0.73,-0.33,-0.5,-0.68,0.15
A_OB_1.5999999999999999_1.0_183,22.89,2.31,0.73,-0.33,-0.5,-0.68,0.15
A_OB_1.5999999999999999_1.0_184,24.45,2.31,0.73,-0.33,-0.5,-0.68,0.15
A_OB_1.5999999999999999_1.0_185,21.13,2.31,0.73,-0.33,-0.5,-0.68,0.15
A_OB_1.5999999999999999_1.0_186,23.79,2.31,0.73,-0.33,-0.5,-0.68,0.15
A_OB_1.5999999999999999_1.0_187,22.73,2.31,0.73,-0.33,-0.5,-0.68,0.15
A_OB_1.5999999999999999_1.0_188,23.57,2.31,0.73,-0.33,-0.5,-0.68,0.15
A_OB_1.5999999999999999_1.0_189,25.43,2.31,0.73,-0.33,-0.5,-0.68,0.15
A_OB_1.5999999999999999_1.0_190,24.55,2.31,0.73,-0.33,-0.5,-0.68,0.15
A_OB_1.5999999999999999_1.0_191,23.49,2.31,0.73,-0.33,-0.5,-0.68,0.15
A_OB_1.5999999999999999_1.0_192,25.03,2.31,0.73,-0.33,-0.5,-0.68,0.15
A_OB_1.5999999999999999_1.0_193,24.49,2.31,0.73,-0.33,-0.5,-0.68,0.15
A_OB_1.5999999999999999_1.0_194,24.99,2.31,0.73,-0.33,-0.5,-0.68,0.15
A_OB_1.5999999999999999_1.0_195,24.59,2.31,0.73,-0.33,-0.5,-0.68,0.15
A_OB_1.5999999999999999_1.0_196,19.5,2.31,0.73,-0.33,-0.5,-0.68,0.15
A_OB_1.5999999999999999_1.0_197,22.48,2.31,0.73,-0.33,-0.5,-0.68,0.15
A_OB_1.5999999999999999_1.0_198,24.54,2.31,0.73,-0.33,-0.5,-0.68,0.15
A_OB_1.5999999999999999_1.0_199,25.46,2.31,0.73,-0.33,-0.5,-0.68,0.15
A_OB_1.5999999999999999_1.0_200,23.97,2.31,0.73,-0.33,-0.5,-0.68,0.15
A_OB_1.5999999999999999_1.0_201,24.88,2.31,0.73,-0.33,-0.5,-0.68,0.15
A_OB_1.5999999999999999_1.0_202,25.6,2.31,0.73,-0.33,-0.5,-0.68,0.15
A_OB_1.5999999999999999_1.0_203,23.77,2.31,0.73,-0.33,-0.5,-0.68,0.15
A_OB_1.5999999999999999_1.0_204,21.28,2.31,0.73,-0.33,-0.5,-0.68,0.15
A_OB_1.5999999999999999_1.0_205,25.6,2.31,0.73,-0.33,-0.5,-0.68,0.15
A_OB_1.5999999999999999_1.0_206,21.86,2.31,0.73,-0.33,-0.5,-0.68,0.15
A_OB_1.5999999999999999_1.0_207,19.85,2.31,0.73,-0.33,-0.5,-0.68,0.15
A_OB_1.5999999999999999_1.0_208,25.33,2.31,0.73,-0.33,-0.5,-0.68,0.15
A_OB_1.5999999999999999_1.0_209,24.07,2.31,0.73,-0.33,-0.5,-0.68,0.15
A_OB_1.5999999999999999_1.0_210,25.12,2.31,0.73,-0.33,-0.5,-0.68,0.15
A_OB_1.5999999999999999_1.0_211,20.59,2.31,0.73,-0.33,-0.5,-0.68,0.15
A_OB_1.5999999999999999_1.0_212,25.47,2.31,0.73,-0.33,-0.5,-0.68,0.15
A_OB_1.5999999999999999_1.0_213,22.81,2.31,0.73,-0.33,-0.5,-0.68,0.15
A_OB_1.5999999999999999_1.0_214,23.22,2.31,0.73,-0.33,-0.5,-0.68,0.15
A_OB_1.5999999999999999_1.0_215,24.35,2.31,0.73,-0.33,-0.5,-0.68,0.15
A_OB_1.5999999999999999_1.0_216,24.88,2.31,0.73,-0.33,-0.5,-0.68,0.15
A_OB_1.5999999999999999_1.0_217,24.01,2.31,0.73,-0.33,-0.5,-0.68,0.15
A_OB_1.5999999999999999_1.0_218,24.8,2.31,0.73,-0.33,-0.5,-0.68,0.15
A_OB_1.5999999999999999_1.0_219,24.36,2.31,0.73,-0.33,-0.5,-0.68,0.15
A_OB_1.5999999999999999_1.0_220,24.42,2.31,0.73,-0.33,-0.5,-0.68,0.15
A_OB_1.5999999999999999_1.0_221,22.2,2.31,0.73,-0.33,-0.5,-0.68,0.15
A_OB_1.5999999999999999_1.0_222,25.6,2.31,0.73,-0.33,-0.5,-0.68,0.15
A_OB_1.5999999999999999_1.0_223,25.0,2.31,0.73,-0.33,-0.5,-0.68,0.15
A_OB_1.5999999999999999_1.0_224,23.94,2.31,0.73,-0.33,-0.5,-0.68,0.15
A_OB_1.5999999999999999_1.0_225,22.54,2.31,0.73,-0.33,-0.5,-0.68,0.15
A_OB_1.5999999999999999_1.0_226,23.13,2.31,0.73,-0.33,-0.5,-0.68,0.15
A_OB_1.5999999999999999_1.0_227,22.16,2.31,0.73,-0.33,-0.5,-0.68,0.15
A_OB_1.5999999999999999_1.0_228,25.18,2.31,0.73,-0.33,-0.5,-0.68,0.15
A_OB_1.5999999999999999_1.0_229,21.86,2.31,0.73,-0.33,-0.5,-0.68,0.15
A_OB_1.5999999999999999_1.0_230,25.08,2.31,0.73,-0.33,-0.5,-0.68,0.15
A_OB_1.5999999999999999_1.0_231,25.54,2.31,0.73,-0.33,-0.5,-0.68,0.15
A_OB_1.5999999999999999_1.0_232,21.06,2.31,0.73,-0.33,-0.5,-0.68,0.15
A_OB_1.5999999999999999_1.0_233,24.8,2.31,0.73,-0.33,-0.5,-0.68,0.15
A_OB_1.5999999999999999_1.0_234,24.76,2.31,0.73,-0.33,-0.5,-0.68,0.15
A_OB_1.5999999999999999_1.0_235,23.6,2.31,0.73,-0.33,-0.5,-0.68,0.15
A_OB_1.5999999999999999_1.0_236,21.4,2.31,0.73,-0.33,-0.5,-0.68,0.15
A_OB_1.5999999999999999_1.0_237,23.26,2.31,0.73,-0.33,-0.5,-0.68,0.15
A_OB_1.5999999999999999_1.0_238,25.14,2.31,0.73,-0.33,-0.5,-0.68,0.15
A_OB_1.5999999999999999_1.0_239,24.78,2.31,0.73,-0.33,-0.5,-0.68,0.15
A_OB_1.5999999999999999_1.0_240,20.89,2.31,0.73,-0.33,-0.5,-0.68,0.15
A_OB_1.5999999999999999_1.0_241,24.87,2.31,0.73,-0.33,-0.5,-0.68,0.15
A_OB_1.5999999999999999_1.0_242,23.38,2.31,0.73,-0.33,-0.5,-0.68,0.15
A_OB_1.5999999999999999_1.0_243,24.4,2.31,0.73,-0.33,-0.5,-0.68,0.15
A_OB_1.5999999999999999_1.0_244,25.46,2.31,0.73,-0.33,-0.5,-0.68,0.15
A_OB_1.5999999999999999_1.0_245,24.69,2.31,0.73,-0.33,-0.5,-0.68,0.15
A_OB_1.5999999999999999_1.0_246,22.78,2.31,0.73,-0.33,-0.5,-0.68,0.15
A_OB_1.5999999999999999_1.0_247,15.77,2.31,0.73,-0.33,-0.5,-0.68,0.15
A_OB_1.5999999999999999_1.0_248,24.0,2.31,0.73,-0.33,-0.5,-0.68,0.15
A_OB_1.5999999999999999_1.0_249,19.43,2.31,0.73,-0.33,-0.5,-0.68,0.15
A_OB_1.5999999999999999_1.0_250,25.0,2.31,0.73,-0.33,-0.5,-0.68,0.15
A_OB_1.5999999999999999_1.0_251,25.25,2.31,0.73,-0.33,-0.5,-0.68,0.15
A_OB_1.5999999999999999_1.0_252,24.2,2.31,0.73,-0.33,-0.5,-0.68,0.15
A_OB_1.5999999999999999_1.0_253,25.22,2.31,0.73,-0.33,-0.5,-0.68,0.15
A_OB_1.5999999999999999_1.0_254,24.27,2.31,0.73,-0.33,-0.5,-0.68,0.15
A_OB_1.5999999999999999_1.0_255,20.7,2.31,0.73,-0.33,-0.5,-0.68,0.15
A_OB_1.5999999999999999_1.0_256,23.48,2.31,0.73,-0.33,-0.5,-0.68,0.15
A_OB_1.5999999999999999_1.0_257,25.5,2.31,0.73,-0.33,-0.5,-0.68,0.15
A_OB_1.5999999999999999_1.0_258,25.27,2.31,0.73,-0.33,-0.5,-0.68,0.15
A_OB_1.5999999999999999_1.0_259,15.46,2.31,0.73,-0.33,-0.5,-0.68,0.15
A_OB_1.5999999999999999_1.0_260,23.71,2.31,0.73,-0.33,-0.5,-0.68,0.15
A_OB_1.5999999999999999_1.0_261,23.94,2.31,0.73,-0.33,-0.5,-0.68,0.15
A_OB_1.5999999999999999_1.0_262,24.79,2.31,0.73,-0.33,-0.5,-0.68,0.15
A_OB_1.5999999999999999_1.0_263,25.53,2.31,0.73,-0.33,-0.5,-0.68,0.15
A_OB_1.5999999999999999_1.0_264,23.93,2.31,0.73,-0.33,-0.5,-0.68,0.15
A_OB_1.5999999999999999_1.0_265,25.16,2.31,0.73,-0.33,-0.5,-0.68,0.15
A_OB_1.5999999999999999_1.0_266,25.6,2.31,0.73,-0.33,-0.5,-0.68,0.15
A_OB_1.5999999999999999_1.0_267,25.16,2.31,0.73,-0.33,-0.5,-0.68,0.15
A_OB_1.5999999999999999_1.0_268,24.77,2.31,0.73,-0.33,-0.5,-0.68,0.15
A_OB_1.5999999999999999_1.0_269,25.36,2.31,0.73,-0.33,-0.5,-0.68,0.15
A_OB_1.5999999999999999_1.0_270,24.93,2.31,0.73,-0.33,-0.5,-0.68,0.15
A_OB_1.5999999999999999_1.0_271,21.67,2.31,0.73,-0.33,-0.5,-0.68,0.15
A_OB_1.5999999999999999_1.0_272,24.14,2.31,0.73,-0.33,-0.5,-0.68,0.15
A_OB_1.5999999999999999_1.0_273,24.72,2.31,0.73,-0.33,-0.5,-0.68,0.15
A_OB_1.5999999999999999_1.0_274,24.09,2.31,0.73,-0.33,-0.5,-0.68,0.15
A_OB_1.5999999999999999_1.0_275,25.27,2.31,0.73,-0.33,-0.5,-0.68,0.15
A_OB_1.5999999999999999_1.0_276,25.52,2.31,0.73,-0.33,-0.5,-0.68,0.15
A_OB_1.5999999999999999_1.0_277,21.48,2.31,0.73,-0.33,-0.5,-0.68,0.15
A_OB_1.5999999999999999_1.0_278,14.02,2.31,0.73,-0.33,-0.5,-0.68,0.15
A_OB_1.5999999999999999_1.0_279,24.98,2.31,0.73,-0.33,-0.5,-0.68,0.15
A_OB_1.5999999999999999_1.0_280,22.19,2.31,0.73,-0.33,-0.5,-0.68,0.15
A_OB_1.5999999999999999_1.0_281,24.77,2.31,0.73,-0.33,-0.5,-0.68,0.15
A_OB_1.5999999999999999_1.0_282,24.03,2.31,0.73,-0.33,-0.5,-0.68,0.15
A_OB_1.5999999999999999_1.0_283,25.33,2.31,0.73,-0.33,-0.5,-0.68,0.15
A_OB_1.5999999999999999_1.0_284,19.88,2.31,0.73,-0.33,-0.5,-0.68,0.15
A_OB_1.5999999999999999_1.0_285,24.94,2.31,0.73,-0.33,-0.5,-0.68,0.15
A_OB_1.5999999999999999_1.0_286,23.87,2.31,0.73,-0.33,-0.5,-0.68,0.15
A_OB_1.5999999999999999_1.0_287,14.5,2.31,0.73,-0.33,-0.5,-0.68,0.15
A_OB_1.5999999999999999_1.0_288,24.96,2.31,0.73,-0.33,-0.5,-0.68,0.15
A_OB_1.5999999999999999_1.0_289,25.41,2.31,0.73,-0.33,-0.5,-0.68,0.15
A_OB_1.5999999999999999_1.0_290,24.86,2.31,0.73,-0.33,-0.5,-0.68,0.15
A_OB_1.5999999999999999_1.0_291,24.1,2.31,0.73,-0.33,-0.5,-0.68,0.15
A_OB_1.5999999999999999_1.0_292,25.36,2.31,0.73,-0.33,-0.5,-0.68,0.15
A_OB_1.5999999999999999_1.0_293,22.25,2.31,0.73,-0.33,-0.5,-0.68,0.15
A_OB_1.5999999999999999_1.0_294,20.45,2.31,0.73,-0.33,-0.5,-0.68,0.15
A_OB_1.5999999999999999_1.0_295,22.02,2.31,0.73,-0.33,-0.5,-0.68,0.15
A_OB_1.5999999999999999_1.0_296,24.5,2.31,0.73,-0.33,-0.5,-0.68,0.15
A_OB_1.5999999999999999_1.0_297,24.31,2.31,0.73,-0.33,-0.5,-0.68,0.15
A_OB_1.5999999999999999_1.0_298,24.41,2.31,0.73,-0.33,-0.5,-0.68,0.15
A_OB_1.5999999999999999_1.0_299,25.24,2.31,0.73,-0.33,-0.5,-0.68,0.15
A_OB_1.5999999999999999_1.0_300,22.24,2.31,0.73,-0.33,-0.5,-0.68,0.15
A_OB_1.5999999999999999_1.0_301,24.04,2.31,0.73,-0.33,-0.5,-0.68,0.15
A_OB_1.5999999999999999_1.0_302,20.66,2.31,0.73,-0.33,-0.5,-0.68,0.15
A_OB_1.5999999999999999_1.0_303,24.56,2.31,0.73,-0.33,-0.5,-0.68,0.15
A_OB_1.5999999999999999_1.0_304,25.36,2.31,0.73,-0.33,-0.5,-0.68,0.15
A_OB_1.5999999999999999_1.0_305,25.23,2.31,0.73,-0.33,-0.5,-0.68,0.15
A_OB_1.5999999999999999_1.0_306,25.61,2.31,0.73,-0.33,-0.5,-0.68,0.15
A_OB_1.5999999999999999_1.0_307,19.54,2.31,0.73,-0.33,-0.5,-0.68,0.15
A_OB_1.5999999999999999_1.0_308,23.92,2.31,0.73,-0.33,-0.5,-0.68,0.15
A_OB_1.5999999999999999_1.0_309,25.39,2.31,0.73,-0.33,-0.5,-0.68,0.15
A_OB_1.5999999999999999_1.0_310,23.52,2.31,0.73,-0.33,-0.5,-0.68,0.15
A_OB_1.5999999999999999_1.0_311,23.28,2.31,0.73,-0.33,-0.5,-0.68,0.15
A_OB_1.5999999999999999_1.0_312,25.13,2.31,0.73,-0.33,-0.5,-0.68,0.15
A_OB_1.5999999999999999_1.0_313,22.7,2.31,0.73,-0.33,-0.5,-0.68,0.15
A_OB_1.5999999999999999_1.0_314,22.62,2.31,0.73,-0.33,-0.5,-0.68,0.15
A_OB_1.5999999999999999_1.0_315,21.02,2.31,0.73,-0.33,-0.5,-0.68,0.15
A_OB_1.5999999999999999_1.0_316,23.92,2.31,0.73,-0.33,-0.5,-0.68,0.15
A_OB_1.5999999999999999_1.0_317,25.02,2.31,0.73,-0.33,-0.5,-0.68,0.15
A_OB_1.5999999999999999_1.0_318,25.37,2.31,0.73,-0.33,-0.5,-0.68,0.15
A_OB_1.5999999999999999_1.0_319,24.3,2.31,0.73,-0.33,-0.5,-0.68,0.15
A_OB_1.5999999999999999_1.0_320,25.35,2.31,0.73,-0.33,-0.5,-0.68,0.15
A_OB_1.5999999999999999_1.0_321,25.58,2.31,0.73,-0.33,-0.5,-0.68,0.15
A_OB_1.5999999999999999_1.0_322,24.06,2.31,0.73,-0.33,-0.5,-0.68,0.15
A_OB_1.5999999999999999_1.0_323,22.08,2.31,0.73,-0.33,-0.5,-0.68,0.15
A_OB_1.5999999999999999_1.0_324,25.26,2.31,0.73,-0.33,-0.5,-0.68,0.15
A_OB_1.5999999999999999_1.0_325,25.49,2.31,0.73,-0.33,-0.5,-0.68,0.15
A_OB_1.5999999999999999_1.0_326,23.74,2.31,0.73,-0.33,-0.5,-0.68,0.15
A_OB_1.5999999999999999_1.0_327,25.16,2.31,0.73,-0.33,-0.5,-0.68,0.15
A_OB_1.5999999999999999_1.0_328,25.57,2.31,0.73,-0.33,-0.5,-0.68,0.15
A_OB_1.5999999999999999_1.0_329,24.04,2.31,0.73,-0.33,-0.5,-0.68,0.15
A_OB_1.5999999999999999_1.0_330,21.18,2.31,0.73,-0.33,-0.5,-0.68,0.15
A_OB_1.5999999999999999_1.0_331,22.67,2.31,0.73,-0.33,-0.5,-0.68,0.15
A_OB_1.5999999999999999_1.0_332,24.8,2.31,0.73,-0.33,-0.5,-0.68,0.15
A_OB_1.5999999999999999_1.0_333,23.52,2.31,0.73,-0.33,-0.5,-0.68,0.15
A_OB_1.5999999999999999_1.0_334,25.27,2.31,0.73,-0.33,-0.5,-0.68,0.15
A_OB_1.5999999999999999_1.0_335,25.5,2.31,0.73,-0.33,-0.5,-0.68,0.15
A_OB_1.5999999999999999_1.0_336,24.5,2.31,0.73,-0.33,-0.5,-0.68,0.15
A_OB_1.5999999999999999_1.0_337,25.13,2.31,0.73,-0.33,-0.5,-0.68,0.15
