ObjID,H_g,u-r,g-r,i-r,z-r,y-r,GS
A_OB_1.4_1.0_0,25.39,2.31,0.73,-0.33,-0.5,-0.68,0.15
A_OB_1.4_1.0_1,24.02,2.31,0.73,-0.33,-0.5,-0.68,0.15
A_OB_1.4_1.0_2,25.53,2.31,0.73,-0.33,-0.5,-0.68,0.15
A_OB_1.4_1.0_3,21.48,2.31,0.73,-0.33,-0.5,-0.68,0.15
A_OB_1.4_1.0_4,25.46,2.31,0.73,-0.33,-0.5,-0.68,0.15
A_OB_1.4_1.0_5,25.45,2.31,0.73,-0.33,-0.5,-0.68,0.15
A_OB_1.4_1.0_6,23.67,2.31,0.73,-0.33,-0.5,-0.68,0.15
A_OB_1.4_1.0_7,12.72,2.31,0.73,-0.33,-0.5,-0.68,0.15
A_OB_1.4_1.0_8,22.86,2.31,0.73,-0.33,-0.5,-0.68,0.15
A_OB_1.4_1.0_9,25.51,2.31,0.73,-0.33,-0.5,-0.68,0.15
A_OB_1.4_1.0_10,24.48,2.31,0.73,-0.33,-0.5,-0.68,0.15
A_OB_1.4_1.0_11,24.75,2.31,0.73,-0.33,-0.5,-0.68,0.15
A_OB_1.4_1.0_12,24.69,2.31,0.73,-0.33,-0.5,-0.68,0.15
A_OB_1.4_1.0_13,22.96,2.31,0.73,-0.33,-0.5,-0.68,0.15
A_OB_1.4_1.0_14,25.44,2.31,0.73,-0.33,-0.5,-0.68,0.15
A_OB_1.4_1.0_15,23.31,2.31,0.73,-0.33,-0.5,-0.68,0.15
A_OB_1.4_1.0_16,25.37,2.31,0.73,-0.33,-0.5,-0.68,0.15
A_OB_1.4_1.0_17,24.53,2.31,0.73,-0.33,-0.5,-0.68,0.15
A_OB_1.4_1.0_18,18.66,2.31,0.73,-0.33,-0.5,-0.68,0.15
A_OB_1.4_1.0_19,24.3,2.31,0.73,-0.33,-0.5,-0.68,0.15
A_OB_1.4_1.0_20,23.16,2.31,0.73,-0.33,-0.5,-0.68,0.15
A_OB_1.4_1.0_21,19.91,2.31,0.73,-0.33,-0.5,-0.68,0.15
A_OB_1.4_1.0_22,25.16,2.31,0.73,-0.33,-0.5,-0.68,0.15
A_OB_1.4_1.0_23,23.6,2.31,0.73,-0.33,-0.5,-0.68,0.15
A_OB_1.4_1.0_24,20.99,2.31,0.73,-0.33,-0.5,-0.68,0.15
A_OB_1.4_1.0_25,25.27,2.31,0.73,-0.33,-0.5,-0.68,0.15
A_OB_1.4_1.0_26,23.01,2.31,0.73,-0.33,-0.5,-0.68,0.15
A_OB_1.4_1.0_27,25.47,2.31,0.73,-0.33,-0.5,-0.68,0.15
A_OB_1.4_1.0_28,23.46,2.31,0.73,-0.33,-0.5,-0.68,0.15
A_OB_1.4_1.0_29,23.47,2.31,0.73,-0.33,-0.5,-0.68,0.15
A_OB_1.4_1.0_30,22.56,2.31,0.73,-0.33,-0.5,-0.68,0.15
A_OB_1.4_1.0_31,24.8,2.31,0.73,-0.33,-0.5,-0.68,0.15
A_OB_1.4_1.0_32,22.95,2.31,0.73,-0.33,-0.5,-0.68,0.15
A_OB_1.4_1.0_33,25.52,2.31,0.73,-0.33,-0.5,-0.68,0.15
A_OB_1.4_1.0_34,25.17,2.31,0.73,-0.33,-0.5,-0.68,0.15
A_OB_1.4_1.0_35,23.07,2.31,0.73,-0.33,-0.5,-0.68,0.15
A_OB_1.4_1.0_36,25.39,2.31,0.73,-0.33,-0.5,-0.68,0.15
A_OB_1.4_1.0_37,24.46,2.31,0.73,-0.33,-0.5,-0.68,0.15
A_OB_1.4_1.0_38,25.45,2.31,0.73,-0.33,-0.5,-0.68,0.15
A_OB_1.4_1.0_39,22.49,2.31,0.73,-0.33,-0.5,-0.68,0.15
A_OB_1.4_1.0_40,24.99,2.31,0.73,-0.33,-0.5,-0.68,0.15
A_OB_1.4_1.0_41,25.01,2.31,0.73,-0.33,-0.5,-0.68,0.15
A_OB_1.4_1.0_42,24.18,2.31,0.73,-0.33,-0.5,-0.68,0.15
A_OB_1.4_1.0_43,23.68,2.31,0.73,-0.33,-0.5,-0.68,0.15
A_OB_1.4_1.0_44,24.15,2.31,0.73,-0.33,-0.5,-0.68,0.15
A_OB_1.4_1.0_45,24.8,2.31,0.73,-0.33,-0.5,-0.68,0.15
A_OB_1.4_1.0_46,25.03,2.31,0.73,-0.33,-0.5,-0.68,0.15
A_OB_1.4_1.0_47,22.81,2.31,0.73,-0.33,-0.5,-0.68,0.15
A_OB_1.4_1.0_48,25.24,2.31,0.73,-0.33,-0.5,-0.68,0.15
A_OB_1.4_1.0_49,25.58,2.31,0.73,-0.33,-0.5,-0.68,0.15
A_OB_1.4_1.0_50,23.02,2.31,0.73,-0.33,-0.5,-0.68,0.15
A_OB_1.4_1.0_51,25.41,2.31,0.73,-0.33,-0.5,-0.68,0.15
A_OB_1.4_1.0_52,24.52,2.31,0.73,-0.33,-0.5,-0.68,0.15
A_OB_1.4_1.0_53,16.98,2.31,0.73,-0.33,-0.5,-0.68,0.15
A_OB_1.4_1.0_54,22.31,2.31,0.73,-0.33,-0.5,-0.68,0.15
A_OB_1.4_1.0_55,13.14,2.31,0.73,-0.33,-0.5,-0.68,0.15
A_OB_1.4_1.0_56,25.52,2.31,0.73,-0.33,-0.5,-0.68,0.15
A_OB_1.4_1.0_57,25.18,2.31,0.73,-0.33,-0.5,-0.68,0.15
A_OB_1.4_1.0_58,23.95,2.31,0.73,-0.33,-0.5,-0.68,0.15
A_OB_1.4_1.0_59,20.04,2.31,0.73,-0.33,-0.5,-0.68,0.15
A_OB_1.4_1.0_60,20.88,2.31,0.73,-0.33,-0.5,-0.68,0.15
A_OB_1.4_1.0_61,11.8,2.31,0.73,-0.33,-0.5,-0.68,0.15
A_OB_1.4_1.0_62,23.23,2.31,0.73,-0.33,-0.5,-0.68,0.15
A_OB_1.4_1.0_63,24.1,2.31,0.73,-0.33,-0.5,-0.68,0.15
A_OB_1.4_1.0_64,24.67,2.31,0.73,-0.33,-0.5,-0.68,0.15
A_OB_1.4_1.0_65,25.29,2.31,0.73,-0.33,-0.5,-0.68,0.15
A_OB_1.4_1.0_66,23.2,2.31,0.73,-0.33,-0.5,-0.68,0.15
A_OB_1.4_1.0_67,21.9,2.31,0.73,-0.33,-0.5,-0.68,0.15
A_OB_1.4_1.0_68,20.64,2.31,0.73,-0.33,-0.5,-0.68,0.15
A_OB_1.4_1.0_69,24.1,2.31,0.73,-0.33,-0.5,-0.68,0.15
A_OB_1.4_1.0_70,21.35,2.31,0.73,-0.33,-0.5,-0.68,0.15
A_OB_1.4_1.0_71,24.19,2.31,0.73,-0.33,-0.5,-0.68,0.15
A_OB_1.4_1.0_72,22.52,2.31,0.73,-0.33,-0.5,-0.68,0.15
A_OB_1.4_1.0_73,24.42,2.31,0.73,-0.33,-0.5,-0.68,0.15
A_OB_1.4_1.0_74,21.36,2.31,0.73,-0.33,-0.5,-0.68,0.15
A_OB_1.4_1.0_75,23.8,2.31,0.73,-0.33,-0.5,-0.68,0.15
A_OB_1.4_1.0_76,24.01,2.31,0.73,-0.33,-0.5,-0.68,0.15
A_OB_1.4_1.0_77,22.75,2.31,0.73,-0.33,-0.5,-0.68,0.15
A_OB_1.4_1.0_78,20.78,2.31,0.73,-0.33,-0.5,-0.68,0.15
A_OB_1.4_1.0_79,24.79,2.31,0.73,-0.33,-0.5,-0.68,0.15
A_OB_1.4_1.0_80,24.83,2.31,0.73,-0.33,-0.5,-0.68,0.15
A_OB_1.4_1.0_81,22.19,2.31,0.73,-0.33,-0.5,-0.68,0.15
A_OB_1.4_1.0_82,24.84,2.31,0.73,-0.33,-0.5,-0.68,0.15
A_OB_1.4_1.0_83,24.26,2.31,0.73,-0.33,-0.5,-0.68,0.15
A_OB_1.4_1.0_84,18.56,2.31,0.73,-0.33,-0.5,-0.68,0.15
A_OB_1.4_1.0_85,25.25,2.31,0.73,-0.33,-0.5,-0.68,0.15
A_OB_1.4_1.0_86,22.73,2.31,0.73,-0.33,-0.5,-0.68,0.15
A_OB_1.4_1.0_87,24.1,2.31,0.73,-0.33,-0.5,-0.68,0.15
A_OB_1.4_1.0_88,25.29,2.31,0.73,-0.33,-0.5,-0.68,0.15
A_OB_1.4_1.0_89,24.55,2.31,0.73,-0.33,-0.5,-0.68,0.15
A_OB_1.4_1.0_90,23.04,2.31,0.73,-0.33,-0.5,-0.68,0.15
A_OB_1.4_1.0_91,24.71,2.31,0.73,-0.33,-0.5,-0.68,0.15
A_OB_1.4_1.0_92,25.53,2.31,0.73,-0.33,-0.5,-0.68,0.15
A_OB_1.4_1.0_93,23.58,2.31,0.73,-0.33,-0.5,-0.68,0.15
A_OB_1.4_1.0_94,23.83,2.31,0.73,-0.33,-0.5,-0.68,0.15
A_OB_1.4_1.0_95,18.17,2.31,0.73,-0.33,-0.5,-0.68,0.15
A_OB_1.4_1.0_96,24.99,2.31,0.73,-0.33,-0.5,-0.68,0.15
A_OB_1.4_1.0_97,23.3,2.31,0.73,-0.33,-0.5,-0.68,0.15
A_OB_1.4_1.0_98,24.59,2.31,0.73,-0.33,-0.5,-0.68,0.15
A_OB_1.4_1.0_99,23.8,2.31,0.73,-0.33,-0.5,-0.68,0.15
A_OB_1.4_1.0_100,24.77,2.31,0.73,-0.33,-0.5,-0.68,0.15
A_OB_1.4_1.0_101,22.16,2.31,0.73,-0.33,-0.5,-0.68,0.15
A_OB_1.4_1.0_102,17.76,2.31,0.73,-0.33,-0.5,-0.68,0.15
A_OB_1.4_1.0_103,25.01,2.31,0.73,-0.33,-0.5,-0.68,0.15
A_OB_1.4_1.0_104,23.18,2.31,0.73,-0.33,-0.5,-0.68,0.15
A_OB_1.4_1.0_105,25.37,2.31,0.73,-0.33,-0.5,-0.68,0.15
A_OB_1.4_1.0_106,19.84,2.31,0.73,-0.33,-0.5,-0.68,0.15
A_OB_1.4_1.0_107,23.86,2.31,0.73,-0.33,-0.5,-0.68,0.15
A_OB_1.4_1.0_108,23.0,2.31,0.73,-0.33,-0.5,-0.68,0.15
A_OB_1.4_1.0_109,23.81,2.31,0.73,-0.33,-0.5,-0.68,0.15
A_OB_1.4_1.0_110,24.92,2.31,0.73,-0.33,-0.5,-0.68,0.15
A_OB_1.4_1.0_111,20.62,2.31,0.73,-0.33,-0.5,-0.68,0.15
A_OB_1.4_1.0_112,22.52,2.31,0.73,-0.33,-0.5,-0.68,0.15
A_OB_1.4_1.0_113,24.67,2.31,0.73,-0.33,-0.5,-0.68,0.15
A_OB_1.4_1.0_114,24.98,2.31,0.73,-0.33,-0.5,-0.68,0.15
A_OB_1.4_1.0_115,24.85,2.31,0.73,-0.33,-0.5,-0.68,0.15
A_OB_1.4_1.0_116,23.87,2.31,0.73,-0.33,-0.5,-0.68,0.15
A_OB_1.4_1.0_117,23.08,2.31,0.73,-0.33,-0.5,-0.68,0.15
A_OB_1.4_1.0_118,23.37,2.31,0.73,-0.33,-0.5,-0.68,0.15
A_OB_1.4_1.0_119,25.3,2.31,0.73,-0.33,-0.5,-0.68,0.15
A_OB_1.4_1.0_120,25.49,2.31,0.73,-0.33,-0.5,-0.68,0.15
A_OB_1.4_1.0_121,25.49,2.31,0.73,-0.33,-0.5,-0.68,0.15
A_OB_1.4_1.0_122,21.99,2.31,0.73,-0.33,-0.5,-0.68,0.15
A_OB_1.4_1.0_123,25.03,2.31,0.73,-0.33,-0.5,-0.68,0.15
A_OB_1.4_1.0_124,25.37,2.31,0.73,-0.33,-0.5,-0.68,0.15
A_OB_1.4_1.0_125,25.37,2.31,0.73,-0.33,-0.5,-0.68,0.15
A_OB_1.4_1.0_126,19.2,2.31,0.73,-0.33,-0.5,-0.68,0.15
A_OB_1.4_1.0_127,25.45,2.31,0.73,-0.33,-0.5,-0.68,0.15
A_OB_1.4_1.0_128,22.6,2.31,0.73,-0.33,-0.5,-0.68,0.15
A_OB_1.4_1.0_129,23.94,2.31,0.73,-0.33,-0.5,-0.68,0.15
A_OB_1.4_1.0_130,21.53,2.31,0.73,-0.33,-0.5,-0.68,0.15
A_OB_1.4_1.0_131,24.69,2.31,0.73,-0.33,-0.5,-0.68,0.15
A_OB_1.4_1.0_132,24.62,2.31,0.73,-0.33,-0.5,-0.68,0.15
A_OB_1.4_1.0_133,23.32,2.31,0.73,-0.33,-0.5,-0.68,0.15
A_OB_1.4_1.0_134,24.29,2.31,0.73,-0.33,-0.5,-0.68,0.15
A_OB_1.4_1.0_135,25.46,2.31,0.73,-0.33,-0.5,-0.68,0.15
A_OB_1.4_1.0_136,21.6,2.31,0.73,-0.33,-0.5,-0.68,0.15
A_OB_1.4_1.0_137,20.89,2.31,0.73,-0.33,-0.5,-0.68,0.15
A_OB_1.4_1.0_138,24.76,2.31,0.73,-0.33,-0.5,-0.68,0.15
A_OB_1.4_1.0_139,24.81,2.31,0.73,-0.33,-0.5,-0.68,0.15
A_OB_1.4_1.0_140,25.06,2.31,0.73,-0.33,-0.5,-0.68,0.15
A_OB_1.4_1.0_141,25.53,2.31,0.73,-0.33,-0.5,-0.68,0.15
A_OB_1.4_1.0_142,23.88,2.31,0.73,-0.33,-0.5,-0.68,0.15
A_OB_1.4_1.0_143,22.9,2.31,0.73,-0.33,-0.5,-0.68,0.15
A_OB_1.4_1.0_144,25.2,2.31,0.73,-0.33,-0.5,-0.68,0.15
A_OB_1.4_1.0_145,21.1,2.31,0.73,-0.33,-0.5,-0.68,0.15
A_OB_1.4_1.0_146,22.43,2.31,0.73,-0.33,-0.5,-0.68,0.15
A_OB_1.4_1.0_147,10.64,2.31,0.73,-0.33,-0.5,-0.68,0.15
A_OB_1.4_1.0_148,22.32,2.31,0.73,-0.33,-0.5,-0.68,0.15
A_OB_1.4_1.0_149,25.37,2.31,0.73,-0.33,-0.5,-0.68,0.15
A_OB_1.4_1.0_150,25.28,2.31,0.73,-0.33,-0.5,-0.68,0.15
A_OB_1.4_1.0_151,18.77,2.31,0.73,-0.33,-0.5,-0.68,0.15
A_OB_1.4_1.0_152,23.13,2.31,0.73,-0.33,-0.5,-0.68,0.15
A_OB_1.4_1.0_153,23.67,2.31,0.73,-0.33,-0.5,-0.68,0.15
A_OB_1.4_1.0_154,22.61,2.31,0.73,-0.33,-0.5,-0.68,0.15
A_OB_1.4_1.0_155,14.73,2.31,0.73,-0.33,-0.5,-0.68,0.15
A_OB_1.4_1.0_156,24.8,2.31,0.73,-0.33,-0.5,-0.68,0.15
A_OB_1.4_1.0_157,25.46,2.31,0.73,-0.33,-0.5,-0.68,0.15
A_OB_1.4_1.0_158,23.85,2.31,0.73,-0.33,-0.5,-0.68,0.15
A_OB_1.4_1.0_159,25.38,2.31,0.73,-0.33,-0.5,-0.68,0.15
A_OB_1.4_1.0_160,19.24,2.31,0.73,-0.33,-0.5,-0.68,0.15
A_OB_1.4_1.0_161,21.5,2.31,0.73,-0.33,-0.5,-0.68,0.15
A_OB_1.4_1.0_162,25.47,2.31,0.73,-0.33,-0.5,-0.68,0.15
A_OB_1.4_1.0_163,18.23,2.31,0.73,-0.33,-0.5,-0.68,0.15
A_OB_1.4_1.0_164,19.43,2.31,0.73,-0.33,-0.5,-0.68,0.15
A_OB_1.4_1.0_165,13.59,2.31,0.73,-0.33,-0.5,-0.68,0.15
A_OB_1.4_1.0_166,22.16,2.31,0.73,-0.33,-0.5,-0.68,0.15
A_OB_1.4_1.0_167,24.16,2.31,0.73,-0.33,-0.5,-0.68,0.15
A_OB_1.4_1.0_168,19.38,2.31,0.73,-0.33,-0.5,-0.68,0.15
A_OB_1.4_1.0_169,24.67,2.31,0.73,-0.33,-0.5,-0.68,0.15
A_OB_1.4_1.0_170,25.51,2.31,0.73,-0.33,-0.5,-0.68,0.15
A_OB_1.4_1.0_171,24.3,2.31,0.73,-0.33,-0.5,-0.68,0.15
A_OB_1.4_1.0_172,25.26,2.31,0.73,-0.33,-0.5,-0.68,0.15
A_OB_1.4_1.0_173,16.63,2.31,0.73,-0.33,-0.5,-0.68,0.15
A_OB_1.4_1.0_174,25.47,2.31,0.73,-0.33,-0.5,-0.68,0.15
A_OB_1.4_1.0_175,25.07,2.31,0.73,-0.33,-0.5,-0.68,0.15
A_OB_1.4_1.0_176,23.06,2.31,0.73,-0.33,-0.5,-0.68,0.15
A_OB_1.4_1.0_177,25.1,2.31,0.73,-0.33,-0.5,-0.68,0.15
A_OB_1.4_1.0_178,24.71,2.31,0.73,-0.33,-0.5,-0.68,0.15
A_OB_1.4_1.0_179,24.46,2.31,0.73,-0.33,-0.5,-0.68,0.15
A_OB_1.4_1.0_180,22.28,2.31,0.73,-0.33,-0.5,-0.68,0.15
A_OB_1.4_1.0_181,23.19,2.31,0.73,-0.33,-0.5,-0.68,0.15
A_OB_1.4_1.0_182,25.24,2.31,0.73,-0.33,-0.5,-0.68,0.15
A_OB_1.4_1.0_183,25.61,2.31,0.73,-0.33,-0.5,-0.68,0.15
A_OB_1.4_1.0_184,24.95,2.31,0.73,-0.33,-0.5,-0.68,0.15
A_OB_1.4_1.0_185,24.51,2.31,0.73,-0.33,-0.5,-0.68,0.15
A_OB_1.4_1.0_186,21.52,2.31,0.73,-0.33,-0.5,-0.68,0.15
A_OB_1.4_1.0_187,24.29,2.31,0.73,-0.33,-0.5,-0.68,0.15
A_OB_1.4_1.0_188,22.95,2.31,0.73,-0.33,-0.5,-0.68,0.15
A_OB_1.4_1.0_189,20.02,2.31,0.73,-0.33,-0.5,-0.68,0.15
A_OB_1.4_1.0_190,22.76,2.31,0.73,-0.33,-0.5,-0.68,0.15
A_OB_1.4_1.0_191,24.15,2.31,0.73,-0.33,-0.5,-0.68,0.15
A_OB_1.4_1.0_192,17.22,2.31,0.73,-0.33,-0.5,-0.68,0.15
A_OB_1.4_1.0_193,23.41,2.31,0.73,-0.33,-0.5,-0.68,0.15
A_OB_1.4_1.0_194,7.4,2.31,0.73,-0.33,-0.5,-0.68,0.15
A_OB_1.4_1.0_195,20.7,2.31,0.73,-0.33,-0.5,-0.68,0.15
A_OB_1.4_1.0_196,23.13,2.31,0.73,-0.33,-0.5,-0.68,0.15
A_OB_1.4_1.0_197,24.14,2.31,0.73,-0.33,-0.5,-0.68,0.15
A_OB_1.4_1.0_198,21.85,2.31,0.73,-0.33,-0.5,-0.68,0.15
A_OB_1.4_1.0_199,25.33,2.31,0.73,-0.33,-0.5,-0.68,0.15
A_OB_1.4_1.0_200,24.4,2.31,0.73,-0.33,-0.5,-0.68,0.15
A_OB_1.4_1.0_201,24.52,2.31,0.73,-0.33,-0.5,-0.68,0.15
A_OB_1.4_1.0_202,25.37,2.31,0.73,-0.33,-0.5,-0.68,0.15
A_OB_1.4_1.0_203,22.97,2.31,0.73,-0.33,-0.5,-0.68,0.15
A_OB_1.4_1.0_204,20.65,2.31,0.73,-0.33,-0.5,-0.68,0.15
A_OB_1.4_1.0_205,19.9,2.31,0.73,-0.33,-0.5,-0.68,0.15
A_OB_1.4_1.0_206,7.45,2.31,0.73,-0.33,-0.5,-0.68,0.15
A_OB_1.4_1.0_207,24.65,2.31,0.73,-0.33,-0.5,-0.68,0.15
A_OB_1.4_1.0_208,25.11,2.31,0.73,-0.33,-0.5,-0.68,0.15
A_OB_1.4_1.0_209,21.14,2.31,0.73,-0.33,-0.5,-0.68,0.15
A_OB_1.4_1.0_210,24.1,2.31,0.73,-0.33,-0.5,-0.68,0.15
A_OB_1.4_1.0_211,21.56,2.31,0.73,-0.33,-0.5,-0.68,0.15
A_OB_1.4_1.0_212,24.92,2.31,0.73,-0.33,-0.5,-0.68,0.15
A_OB_1.4_1.0_213,25.17,2.31,0.73,-0.33,-0.5,-0.68,0.15
A_OB_1.4_1.0_214,23.58,2.31,0.73,-0.33,-0.5,-0.68,0.15
A_OB_1.4_1.0_215,23.61,2.31,0.73,-0.33,-0.5,-0.68,0.15
A_OB_1.4_1.0_216,23.62,2.31,0.73,-0.33,-0.5,-0.68,0.15
A_OB_1.4_1.0_217,23.14,2.31,0.73,-0.33,-0.5,-0.68,0.15
A_OB_1.4_1.0_218,18.52,2.31,0.73,-0.33,-0.5,-0.68,0.15
A_OB_1.4_1.0_219,24.94,2.31,0.73,-0.33,-0.5,-0.68,0.15
A_OB_1.4_1.0_220,20.01,2.31,0.73,-0.33,-0.5,-0.68,0.15
A_OB_1.4_1.0_221,7.47,2.31,0.73,-0.33,-0.5,-0.68,0.15
A_OB_1.4_1.0_222,23.75,2.31,0.73,-0.33,-0.5,-0.68,0.15
A_OB_1.4_1.0_223,18.26,2.31,0.73,-0.33,-0.5,-0.68,0.15
A_OB_1.4_1.0_224,17.81,2.31,0.73,-0.33,-0.5,-0.68,0.15
A_OB_1.4_1.0_225,24.43,2.31,0.73,-0.33,-0.5,-0.68,0.15
A_OB_1.4_1.0_226,25.6,2.31,0.73,-0.33,-0.5,-0.68,0.15
A_OB_1.4_1.0_227,13.17,2.31,0.73,-0.33,-0.5,-0.68,0.15
A_OB_1.4_1.0_228,8.6,2.31,0.73,-0.33,-0.5,-0.68,0.15
A_OB_1.4_1.0_229,25.03,2.31,0.73,-0.33,-0.5,-0.68,0.15
A_OB_1.4_1.0_230,25.28,2.31,0.73,-0.33,-0.5,-0.68,0.15
A_OB_1.4_1.0_231,21.05,2.31,0.73,-0.33,-0.5,-0.68,0.15
A_OB_1.4_1.0_232,18.32,2.31,0.73,-0.33,-0.5,-0.68,0.15
