ObjID,H_g,u-r,g-r,i-r,z-r,y-r,GS
A_OB_2.1999999999999997_1.0_0,22.03,2.31,0.73,-0.33,-0.5,-0.68,0.15
A_OB_2.1999999999999997_1.0_1,24.2,2.31,0.73,-0.33,-0.5,-0.68,0.15
A_OB_2.1999999999999997_1.0_2,24.52,2.31,0.73,-0.33,-0.5,-0.68,0.15
A_OB_2.1999999999999997_1.0_3,22.86,2.31,0.73,-0.33,-0.5,-0.68,0.15
A_OB_2.1999999999999997_1.0_4,24.71,2.31,0.73,-0.33,-0.5,-0.68,0.15
A_OB_2.1999999999999997_1.0_5,25.08,2.31,0.73,-0.33,-0.5,-0.68,0.15
A_OB_2.1999999999999997_1.0_6,24.74,2.31,0.73,-0.33,-0.5,-0.68,0.15
A_OB_2.1999999999999997_1.0_7,25.6,2.31,0.73,-0.33,-0.5,-0.68,0.15
A_OB_2.1999999999999997_1.0_8,22.99,2.31,0.73,-0.33,-0.5,-0.68,0.15
A_OB_2.1999999999999997_1.0_9,25.24,2.31,0.73,-0.33,-0.5,-0.68,0.15
A_OB_2.1999999999999997_1.0_10,25.19,2.31,0.73,-0.33,-0.5,-0.68,0.15
A_OB_2.1999999999999997_1.0_11,24.18,2.31,0.73,-0.33,-0.5,-0.68,0.15
A_OB_2.1999999999999997_1.0_12,22.96,2.31,0.73,-0.33,-0.5,-0.68,0.15
A_OB_2.1999999999999997_1.0_13,25.24,2.31,0.73,-0.33,-0.5,-0.68,0.15
A_OB_2.1999999999999997_1.0_14,24.13,2.31,0.73,-0.33,-0.5,-0.68,0.15
A_OB_2.1999999999999997_1.0_15,25.06,2.31,0.73,-0.33,-0.5,-0.68,0.15
A_OB_2.1999999999999997_1.0_16,24.98,2.31,0.73,-0.33,-0.5,-0.68,0.15
A_OB_2.1999999999999997_1.0_17,25.09,2.31,0.73,-0.33,-0.5,-0.68,0.15
A_OB_2.1999999999999997_1.0_18,25.11,2.31,0.73,-0.33,-0.5,-0.68,0.15
A_OB_2.1999999999999997_1.0_19,24.6,2.31,0.73,-0.33,-0.5,-0.68,0.15
A_OB_2.1999999999999997_1.0_20,24.95,2.31,0.73,-0.33,-0.5,-0.68,0.15
A_OB_2.1999999999999997_1.0_21,22.94,2.31,0.73,-0.33,-0.5,-0.68,0.15
A_OB_2.1999999999999997_1.0_22,24.01,2.31,0.73,-0.33,-0.5,-0.68,0.15
A_OB_2.1999999999999997_1.0_23,24.32,2.31,0.73,-0.33,-0.5,-0.68,0.15
A_OB_2.1999999999999997_1.0_24,25.43,2.31,0.73,-0.33,-0.5,-0.68,0.15
A_OB_2.1999999999999997_1.0_25,24.14,2.31,0.73,-0.33,-0.5,-0.68,0.15
A_OB_2.1999999999999997_1.0_26,22.5,2.31,0.73,-0.33,-0.5,-0.68,0.15
A_OB_2.1999999999999997_1.0_27,25.2,2.31,0.73,-0.33,-0.5,-0.68,0.15
A_OB_2.1999999999999997_1.0_28,23.59,2.31,0.73,-0.33,-0.5,-0.68,0.15
A_OB_2.1999999999999997_1.0_29,21.61,2.31,0.73,-0.33,-0.5,-0.68,0.15
A_OB_2.1999999999999997_1.0_30,24.95,2.31,0.73,-0.33,-0.5,-0.68,0.15
A_OB_2.1999999999999997_1.0_31,25.25,2.31,0.73,-0.33,-0.5,-0.68,0.15
A_OB_2.1999999999999997_1.0_32,25.54,2.31,0.73,-0.33,-0.5,-0.68,0.15
A_OB_2.1999999999999997_1.0_33,25.47,2.31,0.73,-0.33,-0.5,-0.68,0.15
A_OB_2.1999999999999997_1.0_34,24.05,2.31,0.73,-0.33,-0.5,-0.68,0.15
A_OB_2.1999999999999997_1.0_35,25.46,2.31,0.73,-0.33,-0.5,-0.68,0.15
A_OB_2.1999999999999997_1.0_36,25.29,2.31,0.73,-0.33,-0.5,-0.68,0.15
A_OB_2.1999999999999997_1.0_37,24.82,2.31,0.73,-0.33,-0.5,-0.68,0.15
A_OB_2.1999999999999997_1.0_38,24.99,2.31,0.73,-0.33,-0.5,-0.68,0.15
A_OB_2.1999999999999997_1.0_39,25.32,2.31,0.73,-0.33,-0.5,-0.68,0.15
A_OB_2.1999999999999997_1.0_40,23.76,2.31,0.73,-0.33,-0.5,-0.68,0.15
A_OB_2.1999999999999997_1.0_41,22.95,2.31,0.73,-0.33,-0.5,-0.68,0.15
A_OB_2.1999999999999997_1.0_42,25.24,2.31,0.73,-0.33,-0.5,-0.68,0.15
A_OB_2.1999999999999997_1.0_43,25.5,2.31,0.73,-0.33,-0.5,-0.68,0.15
A_OB_2.1999999999999997_1.0_44,25.11,2.31,0.73,-0.33,-0.5,-0.68,0.15
A_OB_2.1999999999999997_1.0_45,23.93,2.31,0.73,-0.33,-0.5,-0.68,0.15
A_OB_2.1999999999999997_1.0_46,25.16,2.31,0.73,-0.33,-0.5,-0.68,0.15
A_OB_2.1999999999999997_1.0_47,22.48,2.31,0.73,-0.33,-0.5,-0.68,0.15
A_OB_2.1999999999999997_1.0_48,24.66,2.31,0.73,-0.33,-0.5,-0.68,0.15
A_OB_2.1999999999999997_1.0_49,22.35,2.31,0.73,-0.33,-0.5,-0.68,0.15
A_OB_2.1999999999999997_1.0_50,25.27,2.31,0.73,-0.33,-0.5,-0.68,0.15
A_OB_2.1999999999999997_1.0_51,21.85,2.31,0.73,-0.33,-0.5,-0.68,0.15
A_OB_2.1999999999999997_1.0_52,23.48,2.31,0.73,-0.33,-0.5,-0.68,0.15
A_OB_2.1999999999999997_1.0_53,24.59,2.31,0.73,-0.33,-0.5,-0.68,0.15
A_OB_2.1999999999999997_1.0_54,24.78,2.31,0.73,-0.33,-0.5,-0.68,0.15
A_OB_2.1999999999999997_1.0_55,25.6,2.31,0.73,-0.33,-0.5,-0.68,0.15
A_OB_2.1999999999999997_1.0_56,24.16,2.31,0.73,-0.33,-0.5,-0.68,0.15
A_OB_2.1999999999999997_1.0_57,24.93,2.31,0.73,-0.33,-0.5,-0.68,0.15
A_OB_2.1999999999999997_1.0_58,24.41,2.31,0.73,-0.33,-0.5,-0.68,0.15
A_OB_2.1999999999999997_1.0_59,25.07,2.31,0.73,-0.33,-0.5,-0.68,0.15
A_OB_2.1999999999999997_1.0_60,24.67,2.31,0.73,-0.33,-0.5,-0.68,0.15
A_OB_2.1999999999999997_1.0_61,24.95,2.31,0.73,-0.33,-0.5,-0.68,0.15
A_OB_2.1999999999999997_1.0_62,22.96,2.31,0.73,-0.33,-0.5,-0.68,0.15
A_OB_2.1999999999999997_1.0_63,23.72,2.31,0.73,-0.33,-0.5,-0.68,0.15
A_OB_2.1999999999999997_1.0_64,25.24,2.31,0.73,-0.33,-0.5,-0.68,0.15
A_OB_2.1999999999999997_1.0_65,24.69,2.31,0.73,-0.33,-0.5,-0.68,0.15
A_OB_2.1999999999999997_1.0_66,25.34,2.31,0.73,-0.33,-0.5,-0.68,0.15
A_OB_2.1999999999999997_1.0_67,22.0,2.31,0.73,-0.33,-0.5,-0.68,0.15
A_OB_2.1999999999999997_1.0_68,25.27,2.31,0.73,-0.33,-0.5,-0.68,0.15
A_OB_2.1999999999999997_1.0_69,22.88,2.31,0.73,-0.33,-0.5,-0.68,0.15
A_OB_2.1999999999999997_1.0_70,24.33,2.31,0.73,-0.33,-0.5,-0.68,0.15
A_OB_2.1999999999999997_1.0_71,23.35,2.31,0.73,-0.33,-0.5,-0.68,0.15
A_OB_2.1999999999999997_1.0_72,25.41,2.31,0.73,-0.33,-0.5,-0.68,0.15
A_OB_2.1999999999999997_1.0_73,23.9,2.31,0.73,-0.33,-0.5,-0.68,0.15
A_OB_2.1999999999999997_1.0_74,24.02,2.31,0.73,-0.33,-0.5,-0.68,0.15
A_OB_2.1999999999999997_1.0_75,25.42,2.31,0.73,-0.33,-0.5,-0.68,0.15
A_OB_2.1999999999999997_1.0_76,24.33,2.31,0.73,-0.33,-0.5,-0.68,0.15
A_OB_2.1999999999999997_1.0_77,24.64,2.31,0.73,-0.33,-0.5,-0.68,0.15
A_OB_2.1999999999999997_1.0_78,25.57,2.31,0.73,-0.33,-0.5,-0.68,0.15
A_OB_2.1999999999999997_1.0_79,25.26,2.31,0.73,-0.33,-0.5,-0.68,0.15
A_OB_2.1999999999999997_1.0_80,24.24,2.31,0.73,-0.33,-0.5,-0.68,0.15
A_OB_2.1999999999999997_1.0_81,25.47,2.31,0.73,-0.33,-0.5,-0.68,0.15
A_OB_2.1999999999999997_1.0_82,24.82,2.31,0.73,-0.33,-0.5,-0.68,0.15
A_OB_2.1999999999999997_1.0_83,24.87,2.31,0.73,-0.33,-0.5,-0.68,0.15
A_OB_2.1999999999999997_1.0_84,25.22,2.31,0.73,-0.33,-0.5,-0.68,0.15
A_OB_2.1999999999999997_1.0_85,24.22,2.31,0.73,-0.33,-0.5,-0.68,0.15
A_OB_2.1999999999999997_1.0_86,24.52,2.31,0.73,-0.33,-0.5,-0.68,0.15
A_OB_2.1999999999999997_1.0_87,24.53,2.31,0.73,-0.33,-0.5,-0.68,0.15
A_OB_2.1999999999999997_1.0_88,24.97,2.31,0.73,-0.33,-0.5,-0.68,0.15
A_OB_2.1999999999999997_1.0_89,25.15,2.31,0.73,-0.33,-0.5,-0.68,0.15
A_OB_2.1999999999999997_1.0_90,22.83,2.31,0.73,-0.33,-0.5,-0.68,0.15
A_OB_2.1999999999999997_1.0_91,25.39,2.31,0.73,-0.33,-0.5,-0.68,0.15
A_OB_2.1999999999999997_1.0_92,24.07,2.31,0.73,-0.33,-0.5,-0.68,0.15
A_OB_2.1999999999999997_1.0_93,25.18,2.31,0.73,-0.33,-0.5,-0.68,0.15
A_OB_2.1999999999999997_1.0_94,25.24,2.31,0.73,-0.33,-0.5,-0.68,0.15
A_OB_2.1999999999999997_1.0_95,24.79,2.31,0.73,-0.33,-0.5,-0.68,0.15
A_OB_2.1999999999999997_1.0_96,25.13,2.31,0.73,-0.33,-0.5,-0.68,0.15
A_OB_2.1999999999999997_1.0_97,25.57,2.31,0.73,-0.33,-0.5,-0.68,0.15
A_OB_2.1999999999999997_1.0_98,24.18,2.31,0.73,-0.33,-0.5,-0.68,0.15
A_OB_2.1999999999999997_1.0_99,24.33,2.31,0.73,-0.33,-0.5,-0.68,0.15
A_OB_2.1999999999999997_1.0_100,23.84,2.31,0.73,-0.33,-0.5,-0.68,0.15
A_OB_2.1999999999999997_1.0_101,24.8,2.31,0.73,-0.33,-0.5,-0.68,0.15
A_OB_2.1999999999999997_1.0_102,25.35,2.31,0.73,-0.33,-0.5,-0.68,0.15
A_OB_2.1999999999999997_1.0_103,25.26,2.31,0.73,-0.33,-0.5,-0.68,0.15
A_OB_2.1999999999999997_1.0_104,25.5,2.31,0.73,-0.33,-0.5,-0.68,0.15
A_OB_2.1999999999999997_1.0_105,25.58,2.31,0.73,-0.33,-0.5,-0.68,0.15
A_OB_2.1999999999999997_1.0_106,24.35,2.31,0.73,-0.33,-0.5,-0.68,0.15
A_OB_2.1999999999999997_1.0_107,25.51,2.31,0.73,-0.33,-0.5,-0.68,0.15
A_OB_2.1999999999999997_1.0_108,25.12,2.31,0.73,-0.33,-0.5,-0.68,0.15
A_OB_2.1999999999999997_1.0_109,23.74,2.31,0.73,-0.33,-0.5,-0.68,0.15
A_OB_2.1999999999999997_1.0_110,25.41,2.31,0.73,-0.33,-0.5,-0.68,0.15
A_OB_2.1999999999999997_1.0_111,22.77,2.31,0.73,-0.33,-0.5,-0.68,0.15
A_OB_2.1999999999999997_1.0_112,25.25,2.31,0.73,-0.33,-0.5,-0.68,0.15
A_OB_2.1999999999999997_1.0_113,20.63,2.31,0.73,-0.33,-0.5,-0.68,0.15
A_OB_2.1999999999999997_1.0_114,23.29,2.31,0.73,-0.33,-0.5,-0.68,0.15
A_OB_2.1999999999999997_1.0_115,23.24,2.31,0.73,-0.33,-0.5,-0.68,0.15
A_OB_2.1999999999999997_1.0_116,24.5,2.31,0.73,-0.33,-0.5,-0.68,0.15
A_OB_2.1999999999999997_1.0_117,25.57,2.31,0.73,-0.33,-0.5,-0.68,0.15
A_OB_2.1999999999999997_1.0_118,24.45,2.31,0.73,-0.33,-0.5,-0.68,0.15
A_OB_2.1999999999999997_1.0_119,25.29,2.31,0.73,-0.33,-0.5,-0.68,0.15
A_OB_2.1999999999999997_1.0_120,25.52,2.31,0.73,-0.33,-0.5,-0.68,0.15
A_OB_2.1999999999999997_1.0_121,25.35,2.31,0.73,-0.33,-0.5,-0.68,0.15
A_OB_2.1999999999999997_1.0_122,24.41,2.31,0.73,-0.33,-0.5,-0.68,0.15
A_OB_2.1999999999999997_1.0_123,24.93,2.31,0.73,-0.33,-0.5,-0.68,0.15
A_OB_2.1999999999999997_1.0_124,25.2,2.31,0.73,-0.33,-0.5,-0.68,0.15
A_OB_2.1999999999999997_1.0_125,24.37,2.31,0.73,-0.33,-0.5,-0.68,0.15
A_OB_2.1999999999999997_1.0_126,24.2,2.31,0.73,-0.33,-0.5,-0.68,0.15
A_OB_2.1999999999999997_1.0_127,25.36,2.31,0.73,-0.33,-0.5,-0.68,0.15
A_OB_2.1999999999999997_1.0_128,23.78,2.31,0.73,-0.33,-0.5,-0.68,0.15
A_OB_2.1999999999999997_1.0_129,25.42,2.31,0.73,-0.33,-0.5,-0.68,0.15
A_OB_2.1999999999999997_1.0_130,24.15,2.31,0.73,-0.33,-0.5,-0.68,0.15
A_OB_2.1999999999999997_1.0_131,25.26,2.31,0.73,-0.33,-0.5,-0.68,0.15
A_OB_2.1999999999999997_1.0_132,25.06,2.31,0.73,-0.33,-0.5,-0.68,0.15
A_OB_2.1999999999999997_1.0_133,22.48,2.31,0.73,-0.33,-0.5,-0.68,0.15
A_OB_2.1999999999999997_1.0_134,23.59,2.31,0.73,-0.33,-0.5,-0.68,0.15
A_OB_2.1999999999999997_1.0_135,24.59,2.31,0.73,-0.33,-0.5,-0.68,0.15
A_OB_2.1999999999999997_1.0_136,24.96,2.31,0.73,-0.33,-0.5,-0.68,0.15
A_OB_2.1999999999999997_1.0_137,24.11,2.31,0.73,-0.33,-0.5,-0.68,0.15
A_OB_2.1999999999999997_1.0_138,25.23,2.31,0.73,-0.33,-0.5,-0.68,0.15
A_OB_2.1999999999999997_1.0_139,25.4,2.31,0.73,-0.33,-0.5,-0.68,0.15
A_OB_2.1999999999999997_1.0_140,25.38,2.31,0.73,-0.33,-0.5,-0.68,0.15
A_OB_2.1999999999999997_1.0_141,25.41,2.31,0.73,-0.33,-0.5,-0.68,0.15
A_OB_2.1999999999999997_1.0_142,24.31,2.31,0.73,-0.33,-0.5,-0.68,0.15
A_OB_2.1999999999999997_1.0_143,25.48,2.31,0.73,-0.33,-0.5,-0.68,0.15
A_OB_2.1999999999999997_1.0_144,25.44,2.31,0.73,-0.33,-0.5,-0.68,0.15
A_OB_2.1999999999999997_1.0_145,24.15,2.31,0.73,-0.33,-0.5,-0.68,0.15
A_OB_2.1999999999999997_1.0_146,25.46,2.31,0.73,-0.33,-0.5,-0.68,0.15
A_OB_2.1999999999999997_1.0_147,24.56,2.31,0.73,-0.33,-0.5,-0.68,0.15
A_OB_2.1999999999999997_1.0_148,22.49,2.31,0.73,-0.33,-0.5,-0.68,0.15
A_OB_2.1999999999999997_1.0_149,24.29,2.31,0.73,-0.33,-0.5,-0.68,0.15
A_OB_2.1999999999999997_1.0_150,24.95,2.31,0.73,-0.33,-0.5,-0.68,0.15
A_OB_2.1999999999999997_1.0_151,24.44,2.31,0.73,-0.33,-0.5,-0.68,0.15
A_OB_2.1999999999999997_1.0_152,25.19,2.31,0.73,-0.33,-0.5,-0.68,0.15
A_OB_2.1999999999999997_1.0_153,25.26,2.31,0.73,-0.33,-0.5,-0.68,0.15
A_OB_2.1999999999999997_1.0_154,25.52,2.31,0.73,-0.33,-0.5,-0.68,0.15
A_OB_2.1999999999999997_1.0_155,24.66,2.31,0.73,-0.33,-0.5,-0.68,0.15
A_OB_2.1999999999999997_1.0_156,24.85,2.31,0.73,-0.33,-0.5,-0.68,0.15
A_OB_2.1999999999999997_1.0_157,25.23,2.31,0.73,-0.33,-0.5,-0.68,0.15
A_OB_2.1999999999999997_1.0_158,24.84,2.31,0.73,-0.33,-0.5,-0.68,0.15
A_OB_2.1999999999999997_1.0_159,25.41,2.31,0.73,-0.33,-0.5,-0.68,0.15
A_OB_2.1999999999999997_1.0_160,24.89,2.31,0.73,-0.33,-0.5,-0.68,0.15
A_OB_2.1999999999999997_1.0_161,25.29,2.31,0.73,-0.33,-0.5,-0.68,0.15
A_OB_2.1999999999999997_1.0_162,24.76,2.31,0.73,-0.33,-0.5,-0.68,0.15
A_OB_2.1999999999999997_1.0_163,24.44,2.31,0.73,-0.33,-0.5,-0.68,0.15
A_OB_2.1999999999999997_1.0_164,25.61,2.31,0.73,-0.33,-0.5,-0.68,0.15
A_OB_2.1999999999999997_1.0_165,24.55,2.31,0.73,-0.33,-0.5,-0.68,0.15
A_OB_2.1999999999999997_1.0_166,24.48,2.31,0.73,-0.33,-0.5,-0.68,0.15
A_OB_2.1999999999999997_1.0_167,24.84,2.31,0.73,-0.33,-0.5,-0.68,0.15
A_OB_2.1999999999999997_1.0_168,23.82,2.31,0.73,-0.33,-0.5,-0.68,0.15
A_OB_2.1999999999999997_1.0_169,23.66,2.31,0.73,-0.33,-0.5,-0.68,0.15
A_OB_2.1999999999999997_1.0_170,25.61,2.31,0.73,-0.33,-0.5,-0.68,0.15
A_OB_2.1999999999999997_1.0_171,25.59,2.31,0.73,-0.33,-0.5,-0.68,0.15
A_OB_2.1999999999999997_1.0_172,25.54,2.31,0.73,-0.33,-0.5,-0.68,0.15
A_OB_2.1999999999999997_1.0_173,25.59,2.31,0.73,-0.33,-0.5,-0.68,0.15
A_OB_2.1999999999999997_1.0_174,25.1,2.31,0.73,-0.33,-0.5,-0.68,0.15
A_OB_2.1999999999999997_1.0_175,24.12,2.31,0.73,-0.33,-0.5,-0.68,0.15
A_OB_2.1999999999999997_1.0_176,24.19,2.31,0.73,-0.33,-0.5,-0.68,0.15
A_OB_2.1999999999999997_1.0_177,25.5,2.31,0.73,-0.33,-0.5,-0.68,0.15
A_OB_2.1999999999999997_1.0_178,24.86,2.31,0.73,-0.33,-0.5,-0.68,0.15
A_OB_2.1999999999999997_1.0_179,25.19,2.31,0.73,-0.33,-0.5,-0.68,0.15
A_OB_2.1999999999999997_1.0_180,24.73,2.31,0.73,-0.33,-0.5,-0.68,0.15
A_OB_2.1999999999999997_1.0_181,24.85,2.31,0.73,-0.33,-0.5,-0.68,0.15
A_OB_2.1999999999999997_1.0_182,25.61,2.31,0.73,-0.33,-0.5,-0.68,0.15
A_OB_2.1999999999999997_1.0_183,25.44,2.31,0.73,-0.33,-0.5,-0.68,0.15
A_OB_2.1999999999999997_1.0_184,25.36,2.31,0.73,-0.33,-0.5,-0.68,0.15
A_OB_2.1999999999999997_1.0_185,25.05,2.31,0.73,-0.33,-0.5,-0.68,0.15
A_OB_2.1999999999999997_1.0_186,25.03,2.31,0.73,-0.33,-0.5,-0.68,0.15
A_OB_2.1999999999999997_1.0_187,21.42,2.31,0.73,-0.33,-0.5,-0.68,0.15
A_OB_2.1999999999999997_1.0_188,23.33,2.31,0.73,-0.33,-0.5,-0.68,0.15
A_OB_2.1999999999999997_1.0_189,24.96,2.31,0.73,-0.33,-0.5,-0.68,0.15
A_OB_2.1999999999999997_1.0_190,25.57,2.31,0.73,-0.33,-0.5,-0.68,0.15
A_OB_2.1999999999999997_1.0_191,24.94,2.31,0.73,-0.33,-0.5,-0.68,0.15
A_OB_2.1999999999999997_1.0_192,25.08,2.31,0.73,-0.33,-0.5,-0.68,0.15
A_OB_2.1999999999999997_1.0_193,25.06,2.31,0.73,-0.33,-0.5,-0.68,0.15
A_OB_2.1999999999999997_1.0_194,25.51,2.31,0.73,-0.33,-0.5,-0.68,0.15
A_OB_2.1999999999999997_1.0_195,25.15,2.31,0.73,-0.33,-0.5,-0.68,0.15
A_OB_2.1999999999999997_1.0_196,20.41,2.31,0.73,-0.33,-0.5,-0.68,0.15
A_OB_2.1999999999999997_1.0_197,25.43,2.31,0.73,-0.33,-0.5,-0.68,0.15
A_OB_2.1999999999999997_1.0_198,25.1,2.31,0.73,-0.33,-0.5,-0.68,0.15
A_OB_2.1999999999999997_1.0_199,25.42,2.31,0.73,-0.33,-0.5,-0.68,0.15
A_OB_2.1999999999999997_1.0_200,24.32,2.31,0.73,-0.33,-0.5,-0.68,0.15
A_OB_2.1999999999999997_1.0_201,25.53,2.31,0.73,-0.33,-0.5,-0.68,0.15
A_OB_2.1999999999999997_1.0_202,25.42,2.31,0.73,-0.33,-0.5,-0.68,0.15
A_OB_2.1999999999999997_1.0_203,25.26,2.31,0.73,-0.33,-0.5,-0.68,0.15
A_OB_2.1999999999999997_1.0_204,25.02,2.31,0.73,-0.33,-0.5,-0.68,0.15
A_OB_2.1999999999999997_1.0_205,24.71,2.31,0.73,-0.33,-0.5,-0.68,0.15
A_OB_2.1999999999999997_1.0_206,25.16,2.31,0.73,-0.33,-0.5,-0.68,0.15
A_OB_2.1999999999999997_1.0_207,25.24,2.31,0.73,-0.33,-0.5,-0.68,0.15
A_OB_2.1999999999999997_1.0_208,22.09,2.31,0.73,-0.33,-0.5,-0.68,0.15
A_OB_2.1999999999999997_1.0_209,24.76,2.31,0.73,-0.33,-0.5,-0.68,0.15
A_OB_2.1999999999999997_1.0_210,25.25,2.31,0.73,-0.33,-0.5,-0.68,0.15
A_OB_2.1999999999999997_1.0_211,25.61,2.31,0.73,-0.33,-0.5,-0.68,0.15
A_OB_2.1999999999999997_1.0_212,25.44,2.31,0.73,-0.33,-0.5,-0.68,0.15
A_OB_2.1999999999999997_1.0_213,25.55,2.31,0.73,-0.33,-0.5,-0.68,0.15
A_OB_2.1999999999999997_1.0_214,24.51,2.31,0.73,-0.33,-0.5,-0.68,0.15
A_OB_2.1999999999999997_1.0_215,25.35,2.31,0.73,-0.33,-0.5,-0.68,0.15
A_OB_2.1999999999999997_1.0_216,24.97,2.31,0.73,-0.33,-0.5,-0.68,0.15
A_OB_2.1999999999999997_1.0_217,23.84,2.31,0.73,-0.33,-0.5,-0.68,0.15
A_OB_2.1999999999999997_1.0_218,25.33,2.31,0.73,-0.33,-0.5,-0.68,0.15
A_OB_2.1999999999999997_1.0_219,25.56,2.31,0.73,-0.33,-0.5,-0.68,0.15
A_OB_2.1999999999999997_1.0_220,25.17,2.31,0.73,-0.33,-0.5,-0.68,0.15
A_OB_2.1999999999999997_1.0_221,24.97,2.31,0.73,-0.33,-0.5,-0.68,0.15
A_OB_2.1999999999999997_1.0_222,25.46,2.31,0.73,-0.33,-0.5,-0.68,0.15
A_OB_2.1999999999999997_1.0_223,24.44,2.31,0.73,-0.33,-0.5,-0.68,0.15
A_OB_2.1999999999999997_1.0_224,24.64,2.31,0.73,-0.33,-0.5,-0.68,0.15
A_OB_2.1999999999999997_1.0_225,24.56,2.31,0.73,-0.33,-0.5,-0.68,0.15
A_OB_2.1999999999999997_1.0_226,24.57,2.31,0.73,-0.33,-0.5,-0.68,0.15
A_OB_2.1999999999999997_1.0_227,24.19,2.31,0.73,-0.33,-0.5,-0.68,0.15
A_OB_2.1999999999999997_1.0_228,25.27,2.31,0.73,-0.33,-0.5,-0.68,0.15
A_OB_2.1999999999999997_1.0_229,23.11,2.31,0.73,-0.33,-0.5,-0.68,0.15
A_OB_2.1999999999999997_1.0_230,24.86,2.31,0.73,-0.33,-0.5,-0.68,0.15
A_OB_2.1999999999999997_1.0_231,23.75,2.31,0.73,-0.33,-0.5,-0.68,0.15
A_OB_2.1999999999999997_1.0_232,25.47,2.31,0.73,-0.33,-0.5,-0.68,0.15
A_OB_2.1999999999999997_1.0_233,24.9,2.31,0.73,-0.33,-0.5,-0.68,0.15
A_OB_2.1999999999999997_1.0_234,22.43,2.31,0.73,-0.33,-0.5,-0.68,0.15
A_OB_2.1999999999999997_1.0_235,25.56,2.31,0.73,-0.33,-0.5,-0.68,0.15
A_OB_2.1999999999999997_1.0_236,24.5,2.31,0.73,-0.33,-0.5,-0.68,0.15
A_OB_2.1999999999999997_1.0_237,23.33,2.31,0.73,-0.33,-0.5,-0.68,0.15
A_OB_2.1999999999999997_1.0_238,24.43,2.31,0.73,-0.33,-0.5,-0.68,0.15
A_OB_2.1999999999999997_1.0_239,23.03,2.31,0.73,-0.33,-0.5,-0.68,0.15
A_OB_2.1999999999999997_1.0_240,25.03,2.31,0.73,-0.33,-0.5,-0.68,0.15
A_OB_2.1999999999999997_1.0_241,24.24,2.31,0.73,-0.33,-0.5,-0.68,0.15
A_OB_2.1999999999999997_1.0_242,23.97,2.31,0.73,-0.33,-0.5,-0.68,0.15
A_OB_2.1999999999999997_1.0_243,24.73,2.31,0.73,-0.33,-0.5,-0.68,0.15
A_OB_2.1999999999999997_1.0_244,25.22,2.31,0.73,-0.33,-0.5,-0.68,0.15
A_OB_2.1999999999999997_1.0_245,22.83,2.31,0.73,-0.33,-0.5,-0.68,0.15
A_OB_2.1999999999999997_1.0_246,22.67,2.31,0.73,-0.33,-0.5,-0.68,0.15
A_OB_2.1999999999999997_1.0_247,25.06,2.31,0.73,-0.33,-0.5,-0.68,0.15
A_OB_2.1999999999999997_1.0_248,23.77,2.31,0.73,-0.33,-0.5,-0.68,0.15
A_OB_2.1999999999999997_1.0_249,24.85,2.31,0.73,-0.33,-0.5,-0.68,0.15
A_OB_2.1999999999999997_1.0_250,24.33,2.31,0.73,-0.33,-0.5,-0.68,0.15
A_OB_2.1999999999999997_1.0_251,24.74,2.31,0.73,-0.33,-0.5,-0.68,0.15
A_OB_2.1999999999999997_1.0_252,25.56,2.31,0.73,-0.33,-0.5,-0.68,0.15
A_OB_2.1999999999999997_1.0_253,25.58,2.31,0.73,-0.33,-0.5,-0.68,0.15
A_OB_2.1999999999999997_1.0_254,25.3,2.31,0.73,-0.33,-0.5,-0.68,0.15
A_OB_2.1999999999999997_1.0_255,24.04,2.31,0.73,-0.33,-0.5,-0.68,0.15
A_OB_2.1999999999999997_1.0_256,23.57,2.31,0.73,-0.33,-0.5,-0.68,0.15
A_OB_2.1999999999999997_1.0_257,24.25,2.31,0.73,-0.33,-0.5,-0.68,0.15
A_OB_2.1999999999999997_1.0_258,20.26,2.31,0.73,-0.33,-0.5,-0.68,0.15
A_OB_2.1999999999999997_1.0_259,25.58,2.31,0.73,-0.33,-0.5,-0.68,0.15
A_OB_2.1999999999999997_1.0_260,23.02,2.31,0.73,-0.33,-0.5,-0.68,0.15
A_OB_2.1999999999999997_1.0_261,25.18,2.31,0.73,-0.33,-0.5,-0.68,0.15
A_OB_2.1999999999999997_1.0_262,23.41,2.31,0.73,-0.33,-0.5,-0.68,0.15
A_OB_2.1999999999999997_1.0_263,21.99,2.31,0.73,-0.33,-0.5,-0.68,0.15
A_OB_2.1999999999999997_1.0_264,24.04,2.31,0.73,-0.33,-0.5,-0.68,0.15
A_OB_2.1999999999999997_1.0_265,25.27,2.31,0.73,-0.33,-0.5,-0.68,0.15
A_OB_2.1999999999999997_1.0_266,25.37,2.31,0.73,-0.33,-0.5,-0.68,0.15
A_OB_2.1999999999999997_1.0_267,25.15,2.31,0.73,-0.33,-0.5,-0.68,0.15
A_OB_2.1999999999999997_1.0_268,22.58,2.31,0.73,-0.33,-0.5,-0.68,0.15
A_OB_2.1999999999999997_1.0_269,23.67,2.31,0.73,-0.33,-0.5,-0.68,0.15
A_OB_2.1999999999999997_1.0_270,25.34,2.31,0.73,-0.33,-0.5,-0.68,0.15
A_OB_2.1999999999999997_1.0_271,23.45,2.31,0.73,-0.33,-0.5,-0.68,0.15
A_OB_2.1999999999999997_1.0_272,25.2,2.31,0.73,-0.33,-0.5,-0.68,0.15
A_OB_2.1999999999999997_1.0_273,24.24,2.31,0.73,-0.33,-0.5,-0.68,0.15
A_OB_2.1999999999999997_1.0_274,25.04,2.31,0.73,-0.33,-0.5,-0.68,0.15
A_OB_2.1999999999999997_1.0_275,22.76,2.31,0.73,-0.33,-0.5,-0.68,0.15
A_OB_2.1999999999999997_1.0_276,25.41,2.31,0.73,-0.33,-0.5,-0.68,0.15
A_OB_2.1999999999999997_1.0_277,25.48,2.31,0.73,-0.33,-0.5,-0.68,0.15
A_OB_2.1999999999999997_1.0_278,23.89,2.31,0.73,-0.33,-0.5,-0.68,0.15
A_OB_2.1999999999999997_1.0_279,24.85,2.31,0.73,-0.33,-0.5,-0.68,0.15
A_OB_2.1999999999999997_1.0_280,22.47,2.31,0.73,-0.33,-0.5,-0.68,0.15
A_OB_2.1999999999999997_1.0_281,24.82,2.31,0.73,-0.33,-0.5,-0.68,0.15
A_OB_2.1999999999999997_1.0_282,25.4,2.31,0.73,-0.33,-0.5,-0.68,0.15
A_OB_2.1999999999999997_1.0_283,24.45,2.31,0.73,-0.33,-0.5,-0.68,0.15
A_OB_2.1999999999999997_1.0_284,25.15,2.31,0.73,-0.33,-0.5,-0.68,0.15
A_OB_2.1999999999999997_1.0_285,24.45,2.31,0.73,-0.33,-0.5,-0.68,0.15
A_OB_2.1999999999999997_1.0_286,25.3,2.31,0.73,-0.33,-0.5,-0.68,0.15
A_OB_2.1999999999999997_1.0_287,23.56,2.31,0.73,-0.33,-0.5,-0.68,0.15
A_OB_2.1999999999999997_1.0_288,25.2,2.31,0.73,-0.33,-0.5,-0.68,0.15
A_OB_2.1999999999999997_1.0_289,24.72,2.31,0.73,-0.33,-0.5,-0.68,0.15
A_OB_2.1999999999999997_1.0_290,23.11,2.31,0.73,-0.33,-0.5,-0.68,0.15
A_OB_2.1999999999999997_1.0_291,25.17,2.31,0.73,-0.33,-0.5,-0.68,0.15
A_OB_2.1999999999999997_1.0_292,24.87,2.31,0.73,-0.33,-0.5,-0.68,0.15
A_OB_2.1999999999999997_1.0_293,25.46,2.31,0.73,-0.33,-0.5,-0.68,0.15
A_OB_2.1999999999999997_1.0_294,23.77,2.31,0.73,-0.33,-0.5,-0.68,0.15
A_OB_2.1999999999999997_1.0_295,24.99,2.31,0.73,-0.33,-0.5,-0.68,0.15
A_OB_2.1999999999999997_1.0_296,23.63,2.31,0.73,-0.33,-0.5,-0.68,0.15
A_OB_2.1999999999999997_1.0_297,25.12,2.31,0.73,-0.33,-0.5,-0.68,0.15
A_OB_2.1999999999999997_1.0_298,25.17,2.31,0.73,-0.33,-0.5,-0.68,0.15
A_OB_2.1999999999999997_1.0_299,25.32,2.31,0.73,-0.33,-0.5,-0.68,0.15
A_OB_2.1999999999999997_1.0_300,23.84,2.31,0.73,-0.33,-0.5,-0.68,0.15
A_OB_2.1999999999999997_1.0_301,24.7,2.31,0.73,-0.33,-0.5,-0.68,0.15
A_OB_2.1999999999999997_1.0_302,24.18,2.31,0.73,-0.33,-0.5,-0.68,0.15
A_OB_2.1999999999999997_1.0_303,25.26,2.31,0.73,-0.33,-0.5,-0.68,0.15
A_OB_2.1999999999999997_1.0_304,23.26,2.31,0.73,-0.33,-0.5,-0.68,0.15
A_OB_2.1999999999999997_1.0_305,24.36,2.31,0.73,-0.33,-0.5,-0.68,0.15
A_OB_2.1999999999999997_1.0_306,24.18,2.31,0.73,-0.33,-0.5,-0.68,0.15
A_OB_2.1999999999999997_1.0_307,24.12,2.31,0.73,-0.33,-0.5,-0.68,0.15
A_OB_2.1999999999999997_1.0_308,25.34,2.31,0.73,-0.33,-0.5,-0.68,0.15
A_OB_2.1999999999999997_1.0_309,23.12,2.31,0.73,-0.33,-0.5,-0.68,0.15
A_OB_2.1999999999999997_1.0_310,24.93,2.31,0.73,-0.33,-0.5,-0.68,0.15
A_OB_2.1999999999999997_1.0_311,24.77,2.31,0.73,-0.33,-0.5,-0.68,0.15
A_OB_2.1999999999999997_1.0_312,25.53,2.31,0.73,-0.33,-0.5,-0.68,0.15
A_OB_2.1999999999999997_1.0_313,23.84,2.31,0.73,-0.33,-0.5,-0.68,0.15
A_OB_2.1999999999999997_1.0_314,25.59,2.31,0.73,-0.33,-0.5,-0.68,0.15
A_OB_2.1999999999999997_1.0_315,19.27,2.31,0.73,-0.33,-0.5,-0.68,0.15
A_OB_2.1999999999999997_1.0_316,25.61,2.31,0.73,-0.33,-0.5,-0.68,0.15
A_OB_2.1999999999999997_1.0_317,24.42,2.31,0.73,-0.33,-0.5,-0.68,0.15
A_OB_2.1999999999999997_1.0_318,24.88,2.31,0.73,-0.33,-0.5,-0.68,0.15
A_OB_2.1999999999999997_1.0_319,25.51,2.31,0.73,-0.33,-0.5,-0.68,0.15
A_OB_2.1999999999999997_1.0_320,25.46,2.31,0.73,-0.33,-0.5,-0.68,0.15
A_OB_2.1999999999999997_1.0_321,23.54,2.31,0.73,-0.33,-0.5,-0.68,0.15
A_OB_2.1999999999999997_1.0_322,23.8,2.31,0.73,-0.33,-0.5,-0.68,0.15
A_OB_2.1999999999999997_1.0_323,25.62,2.31,0.73,-0.33,-0.5,-0.68,0.15
A_OB_2.1999999999999997_1.0_324,24.01,2.31,0.73,-0.33,-0.5,-0.68,0.15
A_OB_2.1999999999999997_1.0_325,23.99,2.31,0.73,-0.33,-0.5,-0.68,0.15
A_OB_2.1999999999999997_1.0_326,25.52,2.31,0.73,-0.33,-0.5,-0.68,0.15
A_OB_2.1999999999999997_1.0_327,25.36,2.31,0.73,-0.33,-0.5,-0.68,0.15
A_OB_2.1999999999999997_1.0_328,25.32,2.31,0.73,-0.33,-0.5,-0.68,0.15
A_OB_2.1999999999999997_1.0_329,25.38,2.31,0.73,-0.33,-0.5,-0.68,0.15
A_OB_2.1999999999999997_1.0_330,23.62,2.31,0.73,-0.33,-0.5,-0.68,0.15
A_OB_2.1999999999999997_1.0_331,25.44,2.31,0.73,-0.33,-0.5,-0.68,0.15
A_OB_2.1999999999999997_1.0_332,24.43,2.31,0.73,-0.33,-0.5,-0.68,0.15
A_OB_2.1999999999999997_1.0_333,24.78,2.31,0.73,-0.33,-0.5,-0.68,0.15
A_OB_2.1999999999999997_1.0_334,22.96,2.31,0.73,-0.33,-0.5,-0.68,0.15
A_OB_2.1999999999999997_1.0_335,25.27,2.31,0.73,-0.33,-0.5,-0.68,0.15
A_OB_2.1999999999999997_1.0_336,24.21,2.31,0.73,-0.33,-0.5,-0.68,0.15
A_OB_2.1999999999999997_1.0_337,25.33,2.31,0.73,-0.33,-0.5,-0.68,0.15
A_OB_2.1999999999999997_1.0_338,25.45,2.31,0.73,-0.33,-0.5,-0.68,0.15
A_OB_2.1999999999999997_1.0_339,25.46,2.31,0.73,-0.33,-0.5,-0.68,0.15
A_OB_2.1999999999999997_1.0_340,23.64,2.31,0.73,-0.33,-0.5,-0.68,0.15
A_OB_2.1999999999999997_1.0_341,24.56,2.31,0.73,-0.33,-0.5,-0.68,0.15
A_OB_2.1999999999999997_1.0_342,25.3,2.31,0.73,-0.33,-0.5,-0.68,0.15
A_OB_2.1999999999999997_1.0_343,23.08,2.31,0.73,-0.33,-0.5,-0.68,0.15
A_OB_2.1999999999999997_1.0_344,22.26,2.31,0.73,-0.33,-0.5,-0.68,0.15
A_OB_2.1999999999999997_1.0_345,25.61,2.31,0.73,-0.33,-0.5,-0.68,0.15
A_OB_2.1999999999999997_1.0_346,22.86,2.31,0.73,-0.33,-0.5,-0.68,0.15
A_OB_2.1999999999999997_1.0_347,24.48,2.31,0.73,-0.33,-0.5,-0.68,0.15
A_OB_2.1999999999999997_1.0_348,25.52,2.31,0.73,-0.33,-0.5,-0.68,0.15
A_OB_2.1999999999999997_1.0_349,24.93,2.31,0.73,-0.33,-0.5,-0.68,0.15
A_OB_2.1999999999999997_1.0_350,22.47,2.31,0.73,-0.33,-0.5,-0.68,0.15
A_OB_2.1999999999999997_1.0_351,23.92,2.31,0.73,-0.33,-0.5,-0.68,0.15
A_OB_2.1999999999999997_1.0_352,25.04,2.31,0.73,-0.33,-0.5,-0.68,0.15
A_OB_2.1999999999999997_1.0_353,24.53,2.31,0.73,-0.33,-0.5,-0.68,0.15
A_OB_2.1999999999999997_1.0_354,23.37,2.31,0.73,-0.33,-0.5,-0.68,0.15
A_OB_2.1999999999999997_1.0_355,25.44,2.31,0.73,-0.33,-0.5,-0.68,0.15
A_OB_2.1999999999999997_1.0_356,22.84,2.31,0.73,-0.33,-0.5,-0.68,0.15
A_OB_2.1999999999999997_1.0_357,22.25,2.31,0.73,-0.33,-0.5,-0.68,0.15
A_OB_2.1999999999999997_1.0_358,25.13,2.31,0.73,-0.33,-0.5,-0.68,0.15
A_OB_2.1999999999999997_1.0_359,24.88,2.31,0.73,-0.33,-0.5,-0.68,0.15
A_OB_2.1999999999999997_1.0_360,25.16,2.31,0.73,-0.33,-0.5,-0.68,0.15
A_OB_2.1999999999999997_1.0_361,24.24,2.31,0.73,-0.33,-0.5,-0.68,0.15
A_OB_2.1999999999999997_1.0_362,24.34,2.31,0.73,-0.33,-0.5,-0.68,0.15
A_OB_2.1999999999999997_1.0_363,25.43,2.31,0.73,-0.33,-0.5,-0.68,0.15
A_OB_2.1999999999999997_1.0_364,25.45,2.31,0.73,-0.33,-0.5,-0.68,0.15
A_OB_2.1999999999999997_1.0_365,25.35,2.31,0.73,-0.33,-0.5,-0.68,0.15
A_OB_2.1999999999999997_1.0_366,25.41,2.31,0.73,-0.33,-0.5,-0.68,0.15
A_OB_2.1999999999999997_1.0_367,25.19,2.31,0.73,-0.33,-0.5,-0.68,0.15
A_OB_2.1999999999999997_1.0_368,24.09,2.31,0.73,-0.33,-0.5,-0.68,0.15
A_OB_2.1999999999999997_1.0_369,25.49,2.31,0.73,-0.33,-0.5,-0.68,0.15
A_OB_2.1999999999999997_1.0_370,25.11,2.31,0.73,-0.33,-0.5,-0.68,0.15
A_OB_2.1999999999999997_1.0_371,23.15,2.31,0.73,-0.33,-0.5,-0.68,0.15
A_OB_2.1999999999999997_1.0_372,25.1,2.31,0.73,-0.33,-0.5,-0.68,0.15
A_OB_2.1999999999999997_1.0_373,25.45,2.31,0.73,-0.33,-0.5,-0.68,0.15
A_OB_2.1999999999999997_1.0_374,25.51,2.31,0.73,-0.33,-0.5,-0.68,0.15
A_OB_2.1999999999999997_1.0_375,22.74,2.31,0.73,-0.33,-0.5,-0.68,0.15
A_OB_2.1999999999999997_1.0_376,25.46,2.31,0.73,-0.33,-0.5,-0.68,0.15
A_OB_2.1999999999999997_1.0_377,23.88,2.31,0.73,-0.33,-0.5,-0.68,0.15
A_OB_2.1999999999999997_1.0_378,24.7,2.31,0.73,-0.33,-0.5,-0.68,0.15
A_OB_2.1999999999999997_1.0_379,25.57,2.31,0.73,-0.33,-0.5,-0.68,0.15
A_OB_2.1999999999999997_1.0_380,25.55,2.31,0.73,-0.33,-0.5,-0.68,0.15
A_OB_2.1999999999999997_1.0_381,25.58,2.31,0.73,-0.33,-0.5,-0.68,0.15
A_OB_2.1999999999999997_1.0_382,24.09,2.31,0.73,-0.33,-0.5,-0.68,0.15
A_OB_2.1999999999999997_1.0_383,24.9,2.31,0.73,-0.33,-0.5,-0.68,0.15
A_OB_2.1999999999999997_1.0_384,24.86,2.31,0.73,-0.33,-0.5,-0.68,0.15
A_OB_2.1999999999999997_1.0_385,24.69,2.31,0.73,-0.33,-0.5,-0.68,0.15
A_OB_2.1999999999999997_1.0_386,25.03,2.31,0.73,-0.33,-0.5,-0.68,0.15
A_OB_2.1999999999999997_1.0_387,25.21,2.31,0.73,-0.33,-0.5,-0.68,0.15
A_OB_2.1999999999999997_1.0_388,25.4,2.31,0.73,-0.33,-0.5,-0.68,0.15
A_OB_2.1999999999999997_1.0_389,24.39,2.31,0.73,-0.33,-0.5,-0.68,0.15
A_OB_2.1999999999999997_1.0_390,25.6,2.31,0.73,-0.33,-0.5,-0.68,0.15
A_OB_2.1999999999999997_1.0_391,25.07,2.31,0.73,-0.33,-0.5,-0.68,0.15
A_OB_2.1999999999999997_1.0_392,24.92,2.31,0.73,-0.33,-0.5,-0.68,0.15
A_OB_2.1999999999999997_1.0_393,23.77,2.31,0.73,-0.33,-0.5,-0.68,0.15
A_OB_2.1999999999999997_1.0_394,23.92,2.31,0.73,-0.33,-0.5,-0.68,0.15
A_OB_2.1999999999999997_1.0_395,25.13,2.31,0.73,-0.33,-0.5,-0.68,0.15
A_OB_2.1999999999999997_1.0_396,25.6,2.31,0.73,-0.33,-0.5,-0.68,0.15
A_OB_2.1999999999999997_1.0_397,23.74,2.31,0.73,-0.33,-0.5,-0.68,0.15
A_OB_2.1999999999999997_1.0_398,25.43,2.31,0.73,-0.33,-0.5,-0.68,0.15
A_OB_2.1999999999999997_1.0_399,24.05,2.31,0.73,-0.33,-0.5,-0.68,0.15
A_OB_2.1999999999999997_1.0_400,24.18,2.31,0.73,-0.33,-0.5,-0.68,0.15
A_OB_2.1999999999999997_1.0_401,25.1,2.31,0.73,-0.33,-0.5,-0.68,0.15
A_OB_2.1999999999999997_1.0_402,25.21,2.31,0.73,-0.33,-0.5,-0.68,0.15
A_OB_2.1999999999999997_1.0_403,24.12,2.31,0.73,-0.33,-0.5,-0.68,0.15
A_OB_2.1999999999999997_1.0_404,24.5,2.31,0.73,-0.33,-0.5,-0.68,0.15
A_OB_2.1999999999999997_1.0_405,24.26,2.31,0.73,-0.33,-0.5,-0.68,0.15
A_OB_2.1999999999999997_1.0_406,23.65,2.31,0.73,-0.33,-0.5,-0.68,0.15
A_OB_2.1999999999999997_1.0_407,24.54,2.31,0.73,-0.33,-0.5,-0.68,0.15
A_OB_2.1999999999999997_1.0_408,25.53,2.31,0.73,-0.33,-0.5,-0.68,0.15
A_OB_2.1999999999999997_1.0_409,24.96,2.31,0.73,-0.33,-0.5,-0.68,0.15
A_OB_2.1999999999999997_1.0_410,25.37,2.31,0.73,-0.33,-0.5,-0.68,0.15
A_OB_2.1999999999999997_1.0_411,24.75,2.31,0.73,-0.33,-0.5,-0.68,0.15
A_OB_2.1999999999999997_1.0_412,25.52,2.31,0.73,-0.33,-0.5,-0.68,0.15
A_OB_2.1999999999999997_1.0_413,24.12,2.31,0.73,-0.33,-0.5,-0.68,0.15
A_OB_2.1999999999999997_1.0_414,23.79,2.31,0.73,-0.33,-0.5,-0.68,0.15
A_OB_2.1999999999999997_1.0_415,22.44,2.31,0.73,-0.33,-0.5,-0.68,0.15
A_OB_2.1999999999999997_1.0_416,25.23,2.31,0.73,-0.33,-0.5,-0.68,0.15
A_OB_2.1999999999999997_1.0_417,23.3,2.31,0.73,-0.33,-0.5,-0.68,0.15
A_OB_2.1999999999999997_1.0_418,25.12,2.31,0.73,-0.33,-0.5,-0.68,0.15
A_OB_2.1999999999999997_1.0_419,25.04,2.31,0.73,-0.33,-0.5,-0.68,0.15
A_OB_2.1999999999999997_1.0_420,25.4,2.31,0.73,-0.33,-0.5,-0.68,0.15
A_OB_2.1999999999999997_1.0_421,19.52,2.31,0.73,-0.33,-0.5,-0.68,0.15
A_OB_2.1999999999999997_1.0_422,24.54,2.31,0.73,-0.33,-0.5,-0.68,0.15
A_OB_2.1999999999999997_1.0_423,25.51,2.31,0.73,-0.33,-0.5,-0.68,0.15
A_OB_2.1999999999999997_1.0_424,25.24,2.31,0.73,-0.33,-0.5,-0.68,0.15
A_OB_2.1999999999999997_1.0_425,23.17,2.31,0.73,-0.33,-0.5,-0.68,0.15
A_OB_2.1999999999999997_1.0_426,23.9,2.31,0.73,-0.33,-0.5,-0.68,0.15
A_OB_2.1999999999999997_1.0_427,23.11,2.31,0.73,-0.33,-0.5,-0.68,0.15
A_OB_2.1999999999999997_1.0_428,25.4,2.31,0.73,-0.33,-0.5,-0.68,0.15
A_OB_2.1999999999999997_1.0_429,22.34,2.31,0.73,-0.33,-0.5,-0.68,0.15
A_OB_2.1999999999999997_1.0_430,24.27,2.31,0.73,-0.33,-0.5,-0.68,0.15
A_OB_2.1999999999999997_1.0_431,24.78,2.31,0.73,-0.33,-0.5,-0.68,0.15
A_OB_2.1999999999999997_1.0_432,21.55,2.31,0.73,-0.33,-0.5,-0.68,0.15
A_OB_2.1999999999999997_1.0_433,25.56,2.31,0.73,-0.33,-0.5,-0.68,0.15
A_OB_2.1999999999999997_1.0_434,23.95,2.31,0.73,-0.33,-0.5,-0.68,0.15
A_OB_2.1999999999999997_1.0_435,25.45,2.31,0.73,-0.33,-0.5,-0.68,0.15
A_OB_2.1999999999999997_1.0_436,25.3,2.31,0.73,-0.33,-0.5,-0.68,0.15
A_OB_2.1999999999999997_1.0_437,21.44,2.31,0.73,-0.33,-0.5,-0.68,0.15
A_OB_2.1999999999999997_1.0_438,25.32,2.31,0.73,-0.33,-0.5,-0.68,0.15
A_OB_2.1999999999999997_1.0_439,25.41,2.31,0.73,-0.33,-0.5,-0.68,0.15
A_OB_2.1999999999999997_1.0_440,25.31,2.31,0.73,-0.33,-0.5,-0.68,0.15
A_OB_2.1999999999999997_1.0_441,24.38,2.31,0.73,-0.33,-0.5,-0.68,0.15
A_OB_2.1999999999999997_1.0_442,24.87,2.31,0.73,-0.33,-0.5,-0.68,0.15
A_OB_2.1999999999999997_1.0_443,25.1,2.31,0.73,-0.33,-0.5,-0.68,0.15
A_OB_2.1999999999999997_1.0_444,22.02,2.31,0.73,-0.33,-0.5,-0.68,0.15
A_OB_2.1999999999999997_1.0_445,25.02,2.31,0.73,-0.33,-0.5,-0.68,0.15
A_OB_2.1999999999999997_1.0_446,24.14,2.31,0.73,-0.33,-0.5,-0.68,0.15
A_OB_2.1999999999999997_1.0_447,25.09,2.31,0.73,-0.33,-0.5,-0.68,0.15
A_OB_2.1999999999999997_1.0_448,24.62,2.31,0.73,-0.33,-0.5,-0.68,0.15
A_OB_2.1999999999999997_1.0_449,25.17,2.31,0.73,-0.33,-0.5,-0.68,0.15
A_OB_2.1999999999999997_1.0_450,24.78,2.31,0.73,-0.33,-0.5,-0.68,0.15
A_OB_2.1999999999999997_1.0_451,22.74,2.31,0.73,-0.33,-0.5,-0.68,0.15
A_OB_2.1999999999999997_1.0_452,25.08,2.31,0.73,-0.33,-0.5,-0.68,0.15
A_OB_2.1999999999999997_1.0_453,23.92,2.31,0.73,-0.33,-0.5,-0.68,0.15
A_OB_2.1999999999999997_1.0_454,25.48,2.31,0.73,-0.33,-0.5,-0.68,0.15
A_OB_2.1999999999999997_1.0_455,25.54,2.31,0.73,-0.33,-0.5,-0.68,0.15
A_OB_2.1999999999999997_1.0_456,23.34,2.31,0.73,-0.33,-0.5,-0.68,0.15
A_OB_2.1999999999999997_1.0_457,24.79,2.31,0.73,-0.33,-0.5,-0.68,0.15
A_OB_2.1999999999999997_1.0_458,25.48,2.31,0.73,-0.33,-0.5,-0.68,0.15
A_OB_2.1999999999999997_1.0_459,24.23,2.31,0.73,-0.33,-0.5,-0.68,0.15
A_OB_2.1999999999999997_1.0_460,25.02,2.31,0.73,-0.33,-0.5,-0.68,0.15
A_OB_2.1999999999999997_1.0_461,23.03,2.31,0.73,-0.33,-0.5,-0.68,0.15
A_OB_2.1999999999999997_1.0_462,23.04,2.31,0.73,-0.33,-0.5,-0.68,0.15
A_OB_2.1999999999999997_1.0_463,25.27,2.31,0.73,-0.33,-0.5,-0.68,0.15
A_OB_2.1999999999999997_1.0_464,24.35,2.31,0.73,-0.33,-0.5,-0.68,0.15
A_OB_2.1999999999999997_1.0_465,24.53,2.31,0.73,-0.33,-0.5,-0.68,0.15
A_OB_2.1999999999999997_1.0_466,24.79,2.31,0.73,-0.33,-0.5,-0.68,0.15
A_OB_2.1999999999999997_1.0_467,24.45,2.31,0.73,-0.33,-0.5,-0.68,0.15
A_OB_2.1999999999999997_1.0_468,23.85,2.31,0.73,-0.33,-0.5,-0.68,0.15
A_OB_2.1999999999999997_1.0_469,25.32,2.31,0.73,-0.33,-0.5,-0.68,0.15
A_OB_2.1999999999999997_1.0_470,25.09,2.31,0.73,-0.33,-0.5,-0.68,0.15
A_OB_2.1999999999999997_1.0_471,24.95,2.31,0.73,-0.33,-0.5,-0.68,0.15
A_OB_2.1999999999999997_1.0_472,25.0,2.31,0.73,-0.33,-0.5,-0.68,0.15
A_OB_2.1999999999999997_1.0_473,24.12,2.31,0.73,-0.33,-0.5,-0.68,0.15
A_OB_2.1999999999999997_1.0_474,24.21,2.31,0.73,-0.33,-0.5,-0.68,0.15
A_OB_2.1999999999999997_1.0_475,24.82,2.31,0.73,-0.33,-0.5,-0.68,0.15
A_OB_2.1999999999999997_1.0_476,25.01,2.31,0.73,-0.33,-0.5,-0.68,0.15
A_OB_2.1999999999999997_1.0_477,24.95,2.31,0.73,-0.33,-0.5,-0.68,0.15
A_OB_2.1999999999999997_1.0_478,25.4,2.31,0.73,-0.33,-0.5,-0.68,0.15
A_OB_2.1999999999999997_1.0_479,21.11,2.31,0.73,-0.33,-0.5,-0.68,0.15
A_OB_2.1999999999999997_1.0_480,24.13,2.31,0.73,-0.33,-0.5,-0.68,0.15
A_OB_2.1999999999999997_1.0_481,24.42,2.31,0.73,-0.33,-0.5,-0.68,0.15
A_OB_2.1999999999999997_1.0_482,25.62,2.31,0.73,-0.33,-0.5,-0.68,0.15
A_OB_2.1999999999999997_1.0_483,25.61,2.31,0.73,-0.33,-0.5,-0.68,0.15
A_OB_2.1999999999999997_1.0_484,21.12,2.31,0.73,-0.33,-0.5,-0.68,0.15
A_OB_2.1999999999999997_1.0_485,20.9,2.31,0.73,-0.33,-0.5,-0.68,0.15
A_OB_2.1999999999999997_1.0_486,24.93,2.31,0.73,-0.33,-0.5,-0.68,0.15
A_OB_2.1999999999999997_1.0_487,22.57,2.31,0.73,-0.33,-0.5,-0.68,0.15
A_OB_2.1999999999999997_1.0_488,25.3,2.31,0.73,-0.33,-0.5,-0.68,0.15
A_OB_2.1999999999999997_1.0_489,25.6,2.31,0.73,-0.33,-0.5,-0.68,0.15
A_OB_2.1999999999999997_1.0_490,23.25,2.31,0.73,-0.33,-0.5,-0.68,0.15
A_OB_2.1999999999999997_1.0_491,24.52,2.31,0.73,-0.33,-0.5,-0.68,0.15
A_OB_2.1999999999999997_1.0_492,20.4,2.31,0.73,-0.33,-0.5,-0.68,0.15
A_OB_2.1999999999999997_1.0_493,25.0,2.31,0.73,-0.33,-0.5,-0.68,0.15
A_OB_2.1999999999999997_1.0_494,24.5,2.31,0.73,-0.33,-0.5,-0.68,0.15
A_OB_2.1999999999999997_1.0_495,24.65,2.31,0.73,-0.33,-0.5,-0.68,0.15
A_OB_2.1999999999999997_1.0_496,25.2,2.31,0.73,-0.33,-0.5,-0.68,0.15
A_OB_2.1999999999999997_1.0_497,25.3,2.31,0.73,-0.33,-0.5,-0.68,0.15
A_OB_2.1999999999999997_1.0_498,25.62,2.31,0.73,-0.33,-0.5,-0.68,0.15
A_OB_2.1999999999999997_1.0_499,25.43,2.31,0.73,-0.33,-0.5,-0.68,0.15
A_OB_2.1999999999999997_1.0_500,24.02,2.31,0.73,-0.33,-0.5,-0.68,0.15
A_OB_2.1999999999999997_1.0_501,24.98,2.31,0.73,-0.33,-0.5,-0.68,0.15
A_OB_2.1999999999999997_1.0_502,24.87,2.31,0.73,-0.33,-0.5,-0.68,0.15
A_OB_2.1999999999999997_1.0_503,25.5,2.31,0.73,-0.33,-0.5,-0.68,0.15
A_OB_2.1999999999999997_1.0_504,21.48,2.31,0.73,-0.33,-0.5,-0.68,0.15
A_OB_2.1999999999999997_1.0_505,25.04,2.31,0.73,-0.33,-0.5,-0.68,0.15
A_OB_2.1999999999999997_1.0_506,25.53,2.31,0.73,-0.33,-0.5,-0.68,0.15
A_OB_2.1999999999999997_1.0_507,25.36,2.31,0.73,-0.33,-0.5,-0.68,0.15
A_OB_2.1999999999999997_1.0_508,25.38,2.31,0.73,-0.33,-0.5,-0.68,0.15
A_OB_2.1999999999999997_1.0_509,24.1,2.31,0.73,-0.33,-0.5,-0.68,0.15
A_OB_2.1999999999999997_1.0_510,23.18,2.31,0.73,-0.33,-0.5,-0.68,0.15
A_OB_2.1999999999999997_1.0_511,22.2,2.31,0.73,-0.33,-0.5,-0.68,0.15
A_OB_2.1999999999999997_1.0_512,21.23,2.31,0.73,-0.33,-0.5,-0.68,0.15
A_OB_2.1999999999999997_1.0_513,24.72,2.31,0.73,-0.33,-0.5,-0.68,0.15
A_OB_2.1999999999999997_1.0_514,25.08,2.31,0.73,-0.33,-0.5,-0.68,0.15
A_OB_2.1999999999999997_1.0_515,25.49,2.31,0.73,-0.33,-0.5,-0.68,0.15
A_OB_2.1999999999999997_1.0_516,24.32,2.31,0.73,-0.33,-0.5,-0.68,0.15
A_OB_2.1999999999999997_1.0_517,25.47,2.31,0.73,-0.33,-0.5,-0.68,0.15
A_OB_2.1999999999999997_1.0_518,22.95,2.31,0.73,-0.33,-0.5,-0.68,0.15
A_OB_2.1999999999999997_1.0_519,24.35,2.31,0.73,-0.33,-0.5,-0.68,0.15
A_OB_2.1999999999999997_1.0_520,24.72,2.31,0.73,-0.33,-0.5,-0.68,0.15
A_OB_2.1999999999999997_1.0_521,25.14,2.31,0.73,-0.33,-0.5,-0.68,0.15
A_OB_2.1999999999999997_1.0_522,24.51,2.31,0.73,-0.33,-0.5,-0.68,0.15
A_OB_2.1999999999999997_1.0_523,25.28,2.31,0.73,-0.33,-0.5,-0.68,0.15
A_OB_2.1999999999999997_1.0_524,25.04,2.31,0.73,-0.33,-0.5,-0.68,0.15
A_OB_2.1999999999999997_1.0_525,23.12,2.31,0.73,-0.33,-0.5,-0.68,0.15
A_OB_2.1999999999999997_1.0_526,25.36,2.31,0.73,-0.33,-0.5,-0.68,0.15
A_OB_2.1999999999999997_1.0_527,25.14,2.31,0.73,-0.33,-0.5,-0.68,0.15
A_OB_2.1999999999999997_1.0_528,22.47,2.31,0.73,-0.33,-0.5,-0.68,0.15
A_OB_2.1999999999999997_1.0_529,24.73,2.31,0.73,-0.33,-0.5,-0.68,0.15
A_OB_2.1999999999999997_1.0_530,24.48,2.31,0.73,-0.33,-0.5,-0.68,0.15
A_OB_2.1999999999999997_1.0_531,25.48,2.31,0.73,-0.33,-0.5,-0.68,0.15
A_OB_2.1999999999999997_1.0_532,24.94,2.31,0.73,-0.33,-0.5,-0.68,0.15
A_OB_2.1999999999999997_1.0_533,25.4,2.31,0.73,-0.33,-0.5,-0.68,0.15
A_OB_2.1999999999999997_1.0_534,25.02,2.31,0.73,-0.33,-0.5,-0.68,0.15
A_OB_2.1999999999999997_1.0_535,25.31,2.31,0.73,-0.33,-0.5,-0.68,0.15
A_OB_2.1999999999999997_1.0_536,25.48,2.31,0.73,-0.33,-0.5,-0.68,0.15
A_OB_2.1999999999999997_1.0_537,25.29,2.31,0.73,-0.33,-0.5,-0.68,0.15
A_OB_2.1999999999999997_1.0_538,25.38,2.31,0.73,-0.33,-0.5,-0.68,0.15
A_OB_2.1999999999999997_1.0_539,24.0,2.31,0.73,-0.33,-0.5,-0.68,0.15
A_OB_2.1999999999999997_1.0_540,24.54,2.31,0.73,-0.33,-0.5,-0.68,0.15
A_OB_2.1999999999999997_1.0_541,25.51,2.31,0.73,-0.33,-0.5,-0.68,0.15
A_OB_2.1999999999999997_1.0_542,22.76,2.31,0.73,-0.33,-0.5,-0.68,0.15
A_OB_2.1999999999999997_1.0_543,24.74,2.31,0.73,-0.33,-0.5,-0.68,0.15
A_OB_2.1999999999999997_1.0_544,25.34,2.31,0.73,-0.33,-0.5,-0.68,0.15
A_OB_2.1999999999999997_1.0_545,24.7,2.31,0.73,-0.33,-0.5,-0.68,0.15
A_OB_2.1999999999999997_1.0_546,25.23,2.31,0.73,-0.33,-0.5,-0.68,0.15
A_OB_2.1999999999999997_1.0_547,25.53,2.31,0.73,-0.33,-0.5,-0.68,0.15
A_OB_2.1999999999999997_1.0_548,25.42,2.31,0.73,-0.33,-0.5,-0.68,0.15
A_OB_2.1999999999999997_1.0_549,25.14,2.31,0.73,-0.33,-0.5,-0.68,0.15
A_OB_2.1999999999999997_1.0_550,24.03,2.31,0.73,-0.33,-0.5,-0.68,0.15
A_OB_2.1999999999999997_1.0_551,25.05,2.31,0.73,-0.33,-0.5,-0.68,0.15
A_OB_2.1999999999999997_1.0_552,25.55,2.31,0.73,-0.33,-0.5,-0.68,0.15
A_OB_2.1999999999999997_1.0_553,25.26,2.31,0.73,-0.33,-0.5,-0.68,0.15
A_OB_2.1999999999999997_1.0_554,25.2,2.31,0.73,-0.33,-0.5,-0.68,0.15
A_OB_2.1999999999999997_1.0_555,24.93,2.31,0.73,-0.33,-0.5,-0.68,0.15
A_OB_2.1999999999999997_1.0_556,25.61,2.31,0.73,-0.33,-0.5,-0.68,0.15
A_OB_2.1999999999999997_1.0_557,25.41,2.31,0.73,-0.33,-0.5,-0.68,0.15
A_OB_2.1999999999999997_1.0_558,23.51,2.31,0.73,-0.33,-0.5,-0.68,0.15
A_OB_2.1999999999999997_1.0_559,25.28,2.31,0.73,-0.33,-0.5,-0.68,0.15
A_OB_2.1999999999999997_1.0_560,25.56,2.31,0.73,-0.33,-0.5,-0.68,0.15
A_OB_2.1999999999999997_1.0_561,24.15,2.31,0.73,-0.33,-0.5,-0.68,0.15
A_OB_2.1999999999999997_1.0_562,25.49,2.31,0.73,-0.33,-0.5,-0.68,0.15
A_OB_2.1999999999999997_1.0_563,21.88,2.31,0.73,-0.33,-0.5,-0.68,0.15
A_OB_2.1999999999999997_1.0_564,22.25,2.31,0.73,-0.33,-0.5,-0.68,0.15
A_OB_2.1999999999999997_1.0_565,25.15,2.31,0.73,-0.33,-0.5,-0.68,0.15
A_OB_2.1999999999999997_1.0_566,24.26,2.31,0.73,-0.33,-0.5,-0.68,0.15
A_OB_2.1999999999999997_1.0_567,24.17,2.31,0.73,-0.33,-0.5,-0.68,0.15
A_OB_2.1999999999999997_1.0_568,24.19,2.31,0.73,-0.33,-0.5,-0.68,0.15
A_OB_2.1999999999999997_1.0_569,24.78,2.31,0.73,-0.33,-0.5,-0.68,0.15
A_OB_2.1999999999999997_1.0_570,24.98,2.31,0.73,-0.33,-0.5,-0.68,0.15
A_OB_2.1999999999999997_1.0_571,25.01,2.31,0.73,-0.33,-0.5,-0.68,0.15
A_OB_2.1999999999999997_1.0_572,24.67,2.31,0.73,-0.33,-0.5,-0.68,0.15
A_OB_2.1999999999999997_1.0_573,24.91,2.31,0.73,-0.33,-0.5,-0.68,0.15
A_OB_2.1999999999999997_1.0_574,25.32,2.31,0.73,-0.33,-0.5,-0.68,0.15
A_OB_2.1999999999999997_1.0_575,25.37,2.31,0.73,-0.33,-0.5,-0.68,0.15
A_OB_2.1999999999999997_1.0_576,24.23,2.31,0.73,-0.33,-0.5,-0.68,0.15
A_OB_2.1999999999999997_1.0_577,23.67,2.31,0.73,-0.33,-0.5,-0.68,0.15
A_OB_2.1999999999999997_1.0_578,25.45,2.31,0.73,-0.33,-0.5,-0.68,0.15
A_OB_2.1999999999999997_1.0_579,24.74,2.31,0.73,-0.33,-0.5,-0.68,0.15
A_OB_2.1999999999999997_1.0_580,22.85,2.31,0.73,-0.33,-0.5,-0.68,0.15
A_OB_2.1999999999999997_1.0_581,23.45,2.31,0.73,-0.33,-0.5,-0.68,0.15
A_OB_2.1999999999999997_1.0_582,23.95,2.31,0.73,-0.33,-0.5,-0.68,0.15
A_OB_2.1999999999999997_1.0_583,24.95,2.31,0.73,-0.33,-0.5,-0.68,0.15
A_OB_2.1999999999999997_1.0_584,22.7,2.31,0.73,-0.33,-0.5,-0.68,0.15
A_OB_2.1999999999999997_1.0_585,22.61,2.31,0.73,-0.33,-0.5,-0.68,0.15
A_OB_2.1999999999999997_1.0_586,23.84,2.31,0.73,-0.33,-0.5,-0.68,0.15
A_OB_2.1999999999999997_1.0_587,24.81,2.31,0.73,-0.33,-0.5,-0.68,0.15
A_OB_2.1999999999999997_1.0_588,25.21,2.31,0.73,-0.33,-0.5,-0.68,0.15
A_OB_2.1999999999999997_1.0_589,25.05,2.31,0.73,-0.33,-0.5,-0.68,0.15
A_OB_2.1999999999999997_1.0_590,24.77,2.31,0.73,-0.33,-0.5,-0.68,0.15
A_OB_2.1999999999999997_1.0_591,22.73,2.31,0.73,-0.33,-0.5,-0.68,0.15
A_OB_2.1999999999999997_1.0_592,25.36,2.31,0.73,-0.33,-0.5,-0.68,0.15
A_OB_2.1999999999999997_1.0_593,25.51,2.31,0.73,-0.33,-0.5,-0.68,0.15
A_OB_2.1999999999999997_1.0_594,24.82,2.31,0.73,-0.33,-0.5,-0.68,0.15
A_OB_2.1999999999999997_1.0_595,24.28,2.31,0.73,-0.33,-0.5,-0.68,0.15
A_OB_2.1999999999999997_1.0_596,24.84,2.31,0.73,-0.33,-0.5,-0.68,0.15
A_OB_2.1999999999999997_1.0_597,23.57,2.31,0.73,-0.33,-0.5,-0.68,0.15
A_OB_2.1999999999999997_1.0_598,25.54,2.31,0.73,-0.33,-0.5,-0.68,0.15
A_OB_2.1999999999999997_1.0_599,23.62,2.31,0.73,-0.33,-0.5,-0.68,0.15
A_OB_2.1999999999999997_1.0_600,24.26,2.31,0.73,-0.33,-0.5,-0.68,0.15
A_OB_2.1999999999999997_1.0_601,24.46,2.31,0.73,-0.33,-0.5,-0.68,0.15
A_OB_2.1999999999999997_1.0_602,25.54,2.31,0.73,-0.33,-0.5,-0.68,0.15
A_OB_2.1999999999999997_1.0_603,25.19,2.31,0.73,-0.33,-0.5,-0.68,0.15
A_OB_2.1999999999999997_1.0_604,25.12,2.31,0.73,-0.33,-0.5,-0.68,0.15
A_OB_2.1999999999999997_1.0_605,23.25,2.31,0.73,-0.33,-0.5,-0.68,0.15
A_OB_2.1999999999999997_1.0_606,25.15,2.31,0.73,-0.33,-0.5,-0.68,0.15
A_OB_2.1999999999999997_1.0_607,24.08,2.31,0.73,-0.33,-0.5,-0.68,0.15
A_OB_2.1999999999999997_1.0_608,23.35,2.31,0.73,-0.33,-0.5,-0.68,0.15
A_OB_2.1999999999999997_1.0_609,24.56,2.31,0.73,-0.33,-0.5,-0.68,0.15
A_OB_2.1999999999999997_1.0_610,24.83,2.31,0.73,-0.33,-0.5,-0.68,0.15
A_OB_2.1999999999999997_1.0_611,25.33,2.31,0.73,-0.33,-0.5,-0.68,0.15
A_OB_2.1999999999999997_1.0_612,24.24,2.31,0.73,-0.33,-0.5,-0.68,0.15
A_OB_2.1999999999999997_1.0_613,22.82,2.31,0.73,-0.33,-0.5,-0.68,0.15
A_OB_2.1999999999999997_1.0_614,21.09,2.31,0.73,-0.33,-0.5,-0.68,0.15
A_OB_2.1999999999999997_1.0_615,25.35,2.31,0.73,-0.33,-0.5,-0.68,0.15
A_OB_2.1999999999999997_1.0_616,23.98,2.31,0.73,-0.33,-0.5,-0.68,0.15
A_OB_2.1999999999999997_1.0_617,24.25,2.31,0.73,-0.33,-0.5,-0.68,0.15
A_OB_2.1999999999999997_1.0_618,25.32,2.31,0.73,-0.33,-0.5,-0.68,0.15
A_OB_2.1999999999999997_1.0_619,23.87,2.31,0.73,-0.33,-0.5,-0.68,0.15
A_OB_2.1999999999999997_1.0_620,24.47,2.31,0.73,-0.33,-0.5,-0.68,0.15
A_OB_2.1999999999999997_1.0_621,25.17,2.31,0.73,-0.33,-0.5,-0.68,0.15
A_OB_2.1999999999999997_1.0_622,25.58,2.31,0.73,-0.33,-0.5,-0.68,0.15
A_OB_2.1999999999999997_1.0_623,25.4,2.31,0.73,-0.33,-0.5,-0.68,0.15
A_OB_2.1999999999999997_1.0_624,25.01,2.31,0.73,-0.33,-0.5,-0.68,0.15
A_OB_2.1999999999999997_1.0_625,24.2,2.31,0.73,-0.33,-0.5,-0.68,0.15
A_OB_2.1999999999999997_1.0_626,24.45,2.31,0.73,-0.33,-0.5,-0.68,0.15
A_OB_2.1999999999999997_1.0_627,25.33,2.31,0.73,-0.33,-0.5,-0.68,0.15
A_OB_2.1999999999999997_1.0_628,23.6,2.31,0.73,-0.33,-0.5,-0.68,0.15
A_OB_2.1999999999999997_1.0_629,24.98,2.31,0.73,-0.33,-0.5,-0.68,0.15
A_OB_2.1999999999999997_1.0_630,25.06,2.31,0.73,-0.33,-0.5,-0.68,0.15
A_OB_2.1999999999999997_1.0_631,22.49,2.31,0.73,-0.33,-0.5,-0.68,0.15
A_OB_2.1999999999999997_1.0_632,24.95,2.31,0.73,-0.33,-0.5,-0.68,0.15
A_OB_2.1999999999999997_1.0_633,24.53,2.31,0.73,-0.33,-0.5,-0.68,0.15
A_OB_2.1999999999999997_1.0_634,24.92,2.31,0.73,-0.33,-0.5,-0.68,0.15
A_OB_2.1999999999999997_1.0_635,25.32,2.31,0.73,-0.33,-0.5,-0.68,0.15
A_OB_2.1999999999999997_1.0_636,21.15,2.31,0.73,-0.33,-0.5,-0.68,0.15
A_OB_2.1999999999999997_1.0_637,25.3,2.31,0.73,-0.33,-0.5,-0.68,0.15
A_OB_2.1999999999999997_1.0_638,21.84,2.31,0.73,-0.33,-0.5,-0.68,0.15
A_OB_2.1999999999999997_1.0_639,22.48,2.31,0.73,-0.33,-0.5,-0.68,0.15
A_OB_2.1999999999999997_1.0_640,25.09,2.31,0.73,-0.33,-0.5,-0.68,0.15
A_OB_2.1999999999999997_1.0_641,21.54,2.31,0.73,-0.33,-0.5,-0.68,0.15
A_OB_2.1999999999999997_1.0_642,24.69,2.31,0.73,-0.33,-0.5,-0.68,0.15
A_OB_2.1999999999999997_1.0_643,25.58,2.31,0.73,-0.33,-0.5,-0.68,0.15
A_OB_2.1999999999999997_1.0_644,24.0,2.31,0.73,-0.33,-0.5,-0.68,0.15
A_OB_2.1999999999999997_1.0_645,25.61,2.31,0.73,-0.33,-0.5,-0.68,0.15
A_OB_2.1999999999999997_1.0_646,23.54,2.31,0.73,-0.33,-0.5,-0.68,0.15
A_OB_2.1999999999999997_1.0_647,25.37,2.31,0.73,-0.33,-0.5,-0.68,0.15
A_OB_2.1999999999999997_1.0_648,24.68,2.31,0.73,-0.33,-0.5,-0.68,0.15
A_OB_2.1999999999999997_1.0_649,23.13,2.31,0.73,-0.33,-0.5,-0.68,0.15
A_OB_2.1999999999999997_1.0_650,24.72,2.31,0.73,-0.33,-0.5,-0.68,0.15
A_OB_2.1999999999999997_1.0_651,23.31,2.31,0.73,-0.33,-0.5,-0.68,0.15
A_OB_2.1999999999999997_1.0_652,24.76,2.31,0.73,-0.33,-0.5,-0.68,0.15
A_OB_2.1999999999999997_1.0_653,24.92,2.31,0.73,-0.33,-0.5,-0.68,0.15
A_OB_2.1999999999999997_1.0_654,25.31,2.31,0.73,-0.33,-0.5,-0.68,0.15
A_OB_2.1999999999999997_1.0_655,25.57,2.31,0.73,-0.33,-0.5,-0.68,0.15
A_OB_2.1999999999999997_1.0_656,23.92,2.31,0.73,-0.33,-0.5,-0.68,0.15
A_OB_2.1999999999999997_1.0_657,24.58,2.31,0.73,-0.33,-0.5,-0.68,0.15
A_OB_2.1999999999999997_1.0_658,25.24,2.31,0.73,-0.33,-0.5,-0.68,0.15
A_OB_2.1999999999999997_1.0_659,25.41,2.31,0.73,-0.33,-0.5,-0.68,0.15
A_OB_2.1999999999999997_1.0_660,25.28,2.31,0.73,-0.33,-0.5,-0.68,0.15
A_OB_2.1999999999999997_1.0_661,23.85,2.31,0.73,-0.33,-0.5,-0.68,0.15
A_OB_2.1999999999999997_1.0_662,23.35,2.31,0.73,-0.33,-0.5,-0.68,0.15
A_OB_2.1999999999999997_1.0_663,25.41,2.31,0.73,-0.33,-0.5,-0.68,0.15
A_OB_2.1999999999999997_1.0_664,24.64,2.31,0.73,-0.33,-0.5,-0.68,0.15
A_OB_2.1999999999999997_1.0_665,25.35,2.31,0.73,-0.33,-0.5,-0.68,0.15
A_OB_2.1999999999999997_1.0_666,19.67,2.31,0.73,-0.33,-0.5,-0.68,0.15
A_OB_2.1999999999999997_1.0_667,25.57,2.31,0.73,-0.33,-0.5,-0.68,0.15
A_OB_2.1999999999999997_1.0_668,24.44,2.31,0.73,-0.33,-0.5,-0.68,0.15
A_OB_2.1999999999999997_1.0_669,25.41,2.31,0.73,-0.33,-0.5,-0.68,0.15
A_OB_2.1999999999999997_1.0_670,24.99,2.31,0.73,-0.33,-0.5,-0.68,0.15
A_OB_2.1999999999999997_1.0_671,25.01,2.31,0.73,-0.33,-0.5,-0.68,0.15
A_OB_2.1999999999999997_1.0_672,24.92,2.31,0.73,-0.33,-0.5,-0.68,0.15
A_OB_2.1999999999999997_1.0_673,25.36,2.31,0.73,-0.33,-0.5,-0.68,0.15
A_OB_2.1999999999999997_1.0_674,22.26,2.31,0.73,-0.33,-0.5,-0.68,0.15
A_OB_2.1999999999999997_1.0_675,25.29,2.31,0.73,-0.33,-0.5,-0.68,0.15
A_OB_2.1999999999999997_1.0_676,25.11,2.31,0.73,-0.33,-0.5,-0.68,0.15
A_OB_2.1999999999999997_1.0_677,24.2,2.31,0.73,-0.33,-0.5,-0.68,0.15
A_OB_2.1999999999999997_1.0_678,24.99,2.31,0.73,-0.33,-0.5,-0.68,0.15
A_OB_2.1999999999999997_1.0_679,23.64,2.31,0.73,-0.33,-0.5,-0.68,0.15
A_OB_2.1999999999999997_1.0_680,24.57,2.31,0.73,-0.33,-0.5,-0.68,0.15
A_OB_2.1999999999999997_1.0_681,24.75,2.31,0.73,-0.33,-0.5,-0.68,0.15
A_OB_2.1999999999999997_1.0_682,25.16,2.31,0.73,-0.33,-0.5,-0.68,0.15
A_OB_2.1999999999999997_1.0_683,24.23,2.31,0.73,-0.33,-0.5,-0.68,0.15
A_OB_2.1999999999999997_1.0_684,24.71,2.31,0.73,-0.33,-0.5,-0.68,0.15
A_OB_2.1999999999999997_1.0_685,24.8,2.31,0.73,-0.33,-0.5,-0.68,0.15
A_OB_2.1999999999999997_1.0_686,22.65,2.31,0.73,-0.33,-0.5,-0.68,0.15
A_OB_2.1999999999999997_1.0_687,25.31,2.31,0.73,-0.33,-0.5,-0.68,0.15
A_OB_2.1999999999999997_1.0_688,24.67,2.31,0.73,-0.33,-0.5,-0.68,0.15
A_OB_2.1999999999999997_1.0_689,21.74,2.31,0.73,-0.33,-0.5,-0.68,0.15
A_OB_2.1999999999999997_1.0_690,24.5,2.31,0.73,-0.33,-0.5,-0.68,0.15
A_OB_2.1999999999999997_1.0_691,25.57,2.31,0.73,-0.33,-0.5,-0.68,0.15
A_OB_2.1999999999999997_1.0_692,23.86,2.31,0.73,-0.33,-0.5,-0.68,0.15
A_OB_2.1999999999999997_1.0_693,25.2,2.31,0.73,-0.33,-0.5,-0.68,0.15
A_OB_2.1999999999999997_1.0_694,24.92,2.31,0.73,-0.33,-0.5,-0.68,0.15
A_OB_2.1999999999999997_1.0_695,24.36,2.31,0.73,-0.33,-0.5,-0.68,0.15
A_OB_2.1999999999999997_1.0_696,24.33,2.31,0.73,-0.33,-0.5,-0.68,0.15
A_OB_2.1999999999999997_1.0_697,24.5,2.31,0.73,-0.33,-0.5,-0.68,0.15
A_OB_2.1999999999999997_1.0_698,24.75,2.31,0.73,-0.33,-0.5,-0.68,0.15
A_OB_2.1999999999999997_1.0_699,22.35,2.31,0.73,-0.33,-0.5,-0.68,0.15
A_OB_2.1999999999999997_1.0_700,23.55,2.31,0.73,-0.33,-0.5,-0.68,0.15
A_OB_2.1999999999999997_1.0_701,25.11,2.31,0.73,-0.33,-0.5,-0.68,0.15
A_OB_2.1999999999999997_1.0_702,25.41,2.31,0.73,-0.33,-0.5,-0.68,0.15
A_OB_2.1999999999999997_1.0_703,24.19,2.31,0.73,-0.33,-0.5,-0.68,0.15
A_OB_2.1999999999999997_1.0_704,24.49,2.31,0.73,-0.33,-0.5,-0.68,0.15
A_OB_2.1999999999999997_1.0_705,24.44,2.31,0.73,-0.33,-0.5,-0.68,0.15
A_OB_2.1999999999999997_1.0_706,25.59,2.31,0.73,-0.33,-0.5,-0.68,0.15
A_OB_2.1999999999999997_1.0_707,24.55,2.31,0.73,-0.33,-0.5,-0.68,0.15
A_OB_2.1999999999999997_1.0_708,25.55,2.31,0.73,-0.33,-0.5,-0.68,0.15
A_OB_2.1999999999999997_1.0_709,24.48,2.31,0.73,-0.33,-0.5,-0.68,0.15
A_OB_2.1999999999999997_1.0_710,25.18,2.31,0.73,-0.33,-0.5,-0.68,0.15
A_OB_2.1999999999999997_1.0_711,24.42,2.31,0.73,-0.33,-0.5,-0.68,0.15
A_OB_2.1999999999999997_1.0_712,25.49,2.31,0.73,-0.33,-0.5,-0.68,0.15
A_OB_2.1999999999999997_1.0_713,22.14,2.31,0.73,-0.33,-0.5,-0.68,0.15
A_OB_2.1999999999999997_1.0_714,25.28,2.31,0.73,-0.33,-0.5,-0.68,0.15
A_OB_2.1999999999999997_1.0_715,24.11,2.31,0.73,-0.33,-0.5,-0.68,0.15
A_OB_2.1999999999999997_1.0_716,24.91,2.31,0.73,-0.33,-0.5,-0.68,0.15
A_OB_2.1999999999999997_1.0_717,24.01,2.31,0.73,-0.33,-0.5,-0.68,0.15
A_OB_2.1999999999999997_1.0_718,24.92,2.31,0.73,-0.33,-0.5,-0.68,0.15
A_OB_2.1999999999999997_1.0_719,23.01,2.31,0.73,-0.33,-0.5,-0.68,0.15
A_OB_2.1999999999999997_1.0_720,25.59,2.31,0.73,-0.33,-0.5,-0.68,0.15
A_OB_2.1999999999999997_1.0_721,23.27,2.31,0.73,-0.33,-0.5,-0.68,0.15
A_OB_2.1999999999999997_1.0_722,23.54,2.31,0.73,-0.33,-0.5,-0.68,0.15
A_OB_2.1999999999999997_1.0_723,22.78,2.31,0.73,-0.33,-0.5,-0.68,0.15
A_OB_2.1999999999999997_1.0_724,24.58,2.31,0.73,-0.33,-0.5,-0.68,0.15
A_OB_2.1999999999999997_1.0_725,24.64,2.31,0.73,-0.33,-0.5,-0.68,0.15
A_OB_2.1999999999999997_1.0_726,25.44,2.31,0.73,-0.33,-0.5,-0.68,0.15
A_OB_2.1999999999999997_1.0_727,25.54,2.31,0.73,-0.33,-0.5,-0.68,0.15
A_OB_2.1999999999999997_1.0_728,24.76,2.31,0.73,-0.33,-0.5,-0.68,0.15
A_OB_2.1999999999999997_1.0_729,24.78,2.31,0.73,-0.33,-0.5,-0.68,0.15
A_OB_2.1999999999999997_1.0_730,25.39,2.31,0.73,-0.33,-0.5,-0.68,0.15
A_OB_2.1999999999999997_1.0_731,25.35,2.31,0.73,-0.33,-0.5,-0.68,0.15
A_OB_2.1999999999999997_1.0_732,24.82,2.31,0.73,-0.33,-0.5,-0.68,0.15
A_OB_2.1999999999999997_1.0_733,24.57,2.31,0.73,-0.33,-0.5,-0.68,0.15
A_OB_2.1999999999999997_1.0_734,24.14,2.31,0.73,-0.33,-0.5,-0.68,0.15
A_OB_2.1999999999999997_1.0_735,24.41,2.31,0.73,-0.33,-0.5,-0.68,0.15
A_OB_2.1999999999999997_1.0_736,25.53,2.31,0.73,-0.33,-0.5,-0.68,0.15
A_OB_2.1999999999999997_1.0_737,25.21,2.31,0.73,-0.33,-0.5,-0.68,0.15
A_OB_2.1999999999999997_1.0_738,19.65,2.31,0.73,-0.33,-0.5,-0.68,0.15
A_OB_2.1999999999999997_1.0_739,23.83,2.31,0.73,-0.33,-0.5,-0.68,0.15
A_OB_2.1999999999999997_1.0_740,25.41,2.31,0.73,-0.33,-0.5,-0.68,0.15
A_OB_2.1999999999999997_1.0_741,24.44,2.31,0.73,-0.33,-0.5,-0.68,0.15
A_OB_2.1999999999999997_1.0_742,24.54,2.31,0.73,-0.33,-0.5,-0.68,0.15
A_OB_2.1999999999999997_1.0_743,24.57,2.31,0.73,-0.33,-0.5,-0.68,0.15
A_OB_2.1999999999999997_1.0_744,24.72,2.31,0.73,-0.33,-0.5,-0.68,0.15
A_OB_2.1999999999999997_1.0_745,25.13,2.31,0.73,-0.33,-0.5,-0.68,0.15
A_OB_2.1999999999999997_1.0_746,21.06,2.31,0.73,-0.33,-0.5,-0.68,0.15
A_OB_2.1999999999999997_1.0_747,23.73,2.31,0.73,-0.33,-0.5,-0.68,0.15
A_OB_2.1999999999999997_1.0_748,25.21,2.31,0.73,-0.33,-0.5,-0.68,0.15
A_OB_2.1999999999999997_1.0_749,25.48,2.31,0.73,-0.33,-0.5,-0.68,0.15
A_OB_2.1999999999999997_1.0_750,24.61,2.31,0.73,-0.33,-0.5,-0.68,0.15
A_OB_2.1999999999999997_1.0_751,25.49,2.31,0.73,-0.33,-0.5,-0.68,0.15
A_OB_2.1999999999999997_1.0_752,24.33,2.31,0.73,-0.33,-0.5,-0.68,0.15
A_OB_2.1999999999999997_1.0_753,25.52,2.31,0.73,-0.33,-0.5,-0.68,0.15
A_OB_2.1999999999999997_1.0_754,24.38,2.31,0.73,-0.33,-0.5,-0.68,0.15
A_OB_2.1999999999999997_1.0_755,24.26,2.31,0.73,-0.33,-0.5,-0.68,0.15
A_OB_2.1999999999999997_1.0_756,25.38,2.31,0.73,-0.33,-0.5,-0.68,0.15
A_OB_2.1999999999999997_1.0_757,25.26,2.31,0.73,-0.33,-0.5,-0.68,0.15
A_OB_2.1999999999999997_1.0_758,22.47,2.31,0.73,-0.33,-0.5,-0.68,0.15
A_OB_2.1999999999999997_1.0_759,25.28,2.31,0.73,-0.33,-0.5,-0.68,0.15
A_OB_2.1999999999999997_1.0_760,25.06,2.31,0.73,-0.33,-0.5,-0.68,0.15
A_OB_2.1999999999999997_1.0_761,25.35,2.31,0.73,-0.33,-0.5,-0.68,0.15
A_OB_2.1999999999999997_1.0_762,23.14,2.31,0.73,-0.33,-0.5,-0.68,0.15
A_OB_2.1999999999999997_1.0_763,23.98,2.31,0.73,-0.33,-0.5,-0.68,0.15
A_OB_2.1999999999999997_1.0_764,24.9,2.31,0.73,-0.33,-0.5,-0.68,0.15
A_OB_2.1999999999999997_1.0_765,25.51,2.31,0.73,-0.33,-0.5,-0.68,0.15
A_OB_2.1999999999999997_1.0_766,24.11,2.31,0.73,-0.33,-0.5,-0.68,0.15
A_OB_2.1999999999999997_1.0_767,25.02,2.31,0.73,-0.33,-0.5,-0.68,0.15
A_OB_2.1999999999999997_1.0_768,19.38,2.31,0.73,-0.33,-0.5,-0.68,0.15
A_OB_2.1999999999999997_1.0_769,24.68,2.31,0.73,-0.33,-0.5,-0.68,0.15
A_OB_2.1999999999999997_1.0_770,22.82,2.31,0.73,-0.33,-0.5,-0.68,0.15
A_OB_2.1999999999999997_1.0_771,23.53,2.31,0.73,-0.33,-0.5,-0.68,0.15
A_OB_2.1999999999999997_1.0_772,22.75,2.31,0.73,-0.33,-0.5,-0.68,0.15
A_OB_2.1999999999999997_1.0_773,21.12,2.31,0.73,-0.33,-0.5,-0.68,0.15
A_OB_2.1999999999999997_1.0_774,24.93,2.31,0.73,-0.33,-0.5,-0.68,0.15
A_OB_2.1999999999999997_1.0_775,25.49,2.31,0.73,-0.33,-0.5,-0.68,0.15
A_OB_2.1999999999999997_1.0_776,23.39,2.31,0.73,-0.33,-0.5,-0.68,0.15
A_OB_2.1999999999999997_1.0_777,24.92,2.31,0.73,-0.33,-0.5,-0.68,0.15
A_OB_2.1999999999999997_1.0_778,25.06,2.31,0.73,-0.33,-0.5,-0.68,0.15
A_OB_2.1999999999999997_1.0_779,23.35,2.31,0.73,-0.33,-0.5,-0.68,0.15
A_OB_2.1999999999999997_1.0_780,24.02,2.31,0.73,-0.33,-0.5,-0.68,0.15
A_OB_2.1999999999999997_1.0_781,23.87,2.31,0.73,-0.33,-0.5,-0.68,0.15
A_OB_2.1999999999999997_1.0_782,24.94,2.31,0.73,-0.33,-0.5,-0.68,0.15
A_OB_2.1999999999999997_1.0_783,24.73,2.31,0.73,-0.33,-0.5,-0.68,0.15
A_OB_2.1999999999999997_1.0_784,24.74,2.31,0.73,-0.33,-0.5,-0.68,0.15
A_OB_2.1999999999999997_1.0_785,23.93,2.31,0.73,-0.33,-0.5,-0.68,0.15
A_OB_2.1999999999999997_1.0_786,21.33,2.31,0.73,-0.33,-0.5,-0.68,0.15
A_OB_2.1999999999999997_1.0_787,25.11,2.31,0.73,-0.33,-0.5,-0.68,0.15
A_OB_2.1999999999999997_1.0_788,25.02,2.31,0.73,-0.33,-0.5,-0.68,0.15
A_OB_2.1999999999999997_1.0_789,24.6,2.31,0.73,-0.33,-0.5,-0.68,0.15
A_OB_2.1999999999999997_1.0_790,25.28,2.31,0.73,-0.33,-0.5,-0.68,0.15
A_OB_2.1999999999999997_1.0_791,24.15,2.31,0.73,-0.33,-0.5,-0.68,0.15
A_OB_2.1999999999999997_1.0_792,24.9,2.31,0.73,-0.33,-0.5,-0.68,0.15
A_OB_2.1999999999999997_1.0_793,25.08,2.31,0.73,-0.33,-0.5,-0.68,0.15
A_OB_2.1999999999999997_1.0_794,24.84,2.31,0.73,-0.33,-0.5,-0.68,0.15
A_OB_2.1999999999999997_1.0_795,25.15,2.31,0.73,-0.33,-0.5,-0.68,0.15
A_OB_2.1999999999999997_1.0_796,25.32,2.31,0.73,-0.33,-0.5,-0.68,0.15
A_OB_2.1999999999999997_1.0_797,24.76,2.31,0.73,-0.33,-0.5,-0.68,0.15
A_OB_2.1999999999999997_1.0_798,24.27,2.31,0.73,-0.33,-0.5,-0.68,0.15
A_OB_2.1999999999999997_1.0_799,25.5,2.31,0.73,-0.33,-0.5,-0.68,0.15
A_OB_2.1999999999999997_1.0_800,20.68,2.31,0.73,-0.33,-0.5,-0.68,0.15
A_OB_2.1999999999999997_1.0_801,24.26,2.31,0.73,-0.33,-0.5,-0.68,0.15
A_OB_2.1999999999999997_1.0_802,24.93,2.31,0.73,-0.33,-0.5,-0.68,0.15
A_OB_2.1999999999999997_1.0_803,24.39,2.31,0.73,-0.33,-0.5,-0.68,0.15
A_OB_2.1999999999999997_1.0_804,22.52,2.31,0.73,-0.33,-0.5,-0.68,0.15
A_OB_2.1999999999999997_1.0_805,25.41,2.31,0.73,-0.33,-0.5,-0.68,0.15
A_OB_2.1999999999999997_1.0_806,24.73,2.31,0.73,-0.33,-0.5,-0.68,0.15
A_OB_2.1999999999999997_1.0_807,24.66,2.31,0.73,-0.33,-0.5,-0.68,0.15
A_OB_2.1999999999999997_1.0_808,24.05,2.31,0.73,-0.33,-0.5,-0.68,0.15
A_OB_2.1999999999999997_1.0_809,23.35,2.31,0.73,-0.33,-0.5,-0.68,0.15
A_OB_2.1999999999999997_1.0_810,24.94,2.31,0.73,-0.33,-0.5,-0.68,0.15
A_OB_2.1999999999999997_1.0_811,25.05,2.31,0.73,-0.33,-0.5,-0.68,0.15
A_OB_2.1999999999999997_1.0_812,23.77,2.31,0.73,-0.33,-0.5,-0.68,0.15
A_OB_2.1999999999999997_1.0_813,25.58,2.31,0.73,-0.33,-0.5,-0.68,0.15
A_OB_2.1999999999999997_1.0_814,25.29,2.31,0.73,-0.33,-0.5,-0.68,0.15
A_OB_2.1999999999999997_1.0_815,24.95,2.31,0.73,-0.33,-0.5,-0.68,0.15
A_OB_2.1999999999999997_1.0_816,25.4,2.31,0.73,-0.33,-0.5,-0.68,0.15
A_OB_2.1999999999999997_1.0_817,23.92,2.31,0.73,-0.33,-0.5,-0.68,0.15
A_OB_2.1999999999999997_1.0_818,24.84,2.31,0.73,-0.33,-0.5,-0.68,0.15
A_OB_2.1999999999999997_1.0_819,23.47,2.31,0.73,-0.33,-0.5,-0.68,0.15
A_OB_2.1999999999999997_1.0_820,25.1,2.31,0.73,-0.33,-0.5,-0.68,0.15
A_OB_2.1999999999999997_1.0_821,22.61,2.31,0.73,-0.33,-0.5,-0.68,0.15
A_OB_2.1999999999999997_1.0_822,25.62,2.31,0.73,-0.33,-0.5,-0.68,0.15
A_OB_2.1999999999999997_1.0_823,22.17,2.31,0.73,-0.33,-0.5,-0.68,0.15
A_OB_2.1999999999999997_1.0_824,25.06,2.31,0.73,-0.33,-0.5,-0.68,0.15
A_OB_2.1999999999999997_1.0_825,22.54,2.31,0.73,-0.33,-0.5,-0.68,0.15
A_OB_2.1999999999999997_1.0_826,25.53,2.31,0.73,-0.33,-0.5,-0.68,0.15
A_OB_2.1999999999999997_1.0_827,23.4,2.31,0.73,-0.33,-0.5,-0.68,0.15
A_OB_2.1999999999999997_1.0_828,24.63,2.31,0.73,-0.33,-0.5,-0.68,0.15
A_OB_2.1999999999999997_1.0_829,24.58,2.31,0.73,-0.33,-0.5,-0.68,0.15
A_OB_2.1999999999999997_1.0_830,24.44,2.31,0.73,-0.33,-0.5,-0.68,0.15
A_OB_2.1999999999999997_1.0_831,25.52,2.31,0.73,-0.33,-0.5,-0.68,0.15
A_OB_2.1999999999999997_1.0_832,24.45,2.31,0.73,-0.33,-0.5,-0.68,0.15
A_OB_2.1999999999999997_1.0_833,24.78,2.31,0.73,-0.33,-0.5,-0.68,0.15
A_OB_2.1999999999999997_1.0_834,25.15,2.31,0.73,-0.33,-0.5,-0.68,0.15
A_OB_2.1999999999999997_1.0_835,24.95,2.31,0.73,-0.33,-0.5,-0.68,0.15
A_OB_2.1999999999999997_1.0_836,21.99,2.31,0.73,-0.33,-0.5,-0.68,0.15
A_OB_2.1999999999999997_1.0_837,24.09,2.31,0.73,-0.33,-0.5,-0.68,0.15
A_OB_2.1999999999999997_1.0_838,23.34,2.31,0.73,-0.33,-0.5,-0.68,0.15
A_OB_2.1999999999999997_1.0_839,25.5,2.31,0.73,-0.33,-0.5,-0.68,0.15
A_OB_2.1999999999999997_1.0_840,22.34,2.31,0.73,-0.33,-0.5,-0.68,0.15
A_OB_2.1999999999999997_1.0_841,24.28,2.31,0.73,-0.33,-0.5,-0.68,0.15
A_OB_2.1999999999999997_1.0_842,20.94,2.31,0.73,-0.33,-0.5,-0.68,0.15
A_OB_2.1999999999999997_1.0_843,20.87,2.31,0.73,-0.33,-0.5,-0.68,0.15
A_OB_2.1999999999999997_1.0_844,24.68,2.31,0.73,-0.33,-0.5,-0.68,0.15
A_OB_2.1999999999999997_1.0_845,23.88,2.31,0.73,-0.33,-0.5,-0.68,0.15
A_OB_2.1999999999999997_1.0_846,25.49,2.31,0.73,-0.33,-0.5,-0.68,0.15
A_OB_2.1999999999999997_1.0_847,22.3,2.31,0.73,-0.33,-0.5,-0.68,0.15
A_OB_2.1999999999999997_1.0_848,21.36,2.31,0.73,-0.33,-0.5,-0.68,0.15
A_OB_2.1999999999999997_1.0_849,24.68,2.31,0.73,-0.33,-0.5,-0.68,0.15
A_OB_2.1999999999999997_1.0_850,25.46,2.31,0.73,-0.33,-0.5,-0.68,0.15
A_OB_2.1999999999999997_1.0_851,22.41,2.31,0.73,-0.33,-0.5,-0.68,0.15
A_OB_2.1999999999999997_1.0_852,25.41,2.31,0.73,-0.33,-0.5,-0.68,0.15
A_OB_2.1999999999999997_1.0_853,24.72,2.31,0.73,-0.33,-0.5,-0.68,0.15
A_OB_2.1999999999999997_1.0_854,22.16,2.31,0.73,-0.33,-0.5,-0.68,0.15
A_OB_2.1999999999999997_1.0_855,24.77,2.31,0.73,-0.33,-0.5,-0.68,0.15
A_OB_2.1999999999999997_1.0_856,25.26,2.31,0.73,-0.33,-0.5,-0.68,0.15
A_OB_2.1999999999999997_1.0_857,25.14,2.31,0.73,-0.33,-0.5,-0.68,0.15
A_OB_2.1999999999999997_1.0_858,24.41,2.31,0.73,-0.33,-0.5,-0.68,0.15
A_OB_2.1999999999999997_1.0_859,15.47,2.31,0.73,-0.33,-0.5,-0.68,0.15
A_OB_2.1999999999999997_1.0_860,24.58,2.31,0.73,-0.33,-0.5,-0.68,0.15
A_OB_2.1999999999999997_1.0_861,24.89,2.31,0.73,-0.33,-0.5,-0.68,0.15
A_OB_2.1999999999999997_1.0_862,23.2,2.31,0.73,-0.33,-0.5,-0.68,0.15
A_OB_2.1999999999999997_1.0_863,24.97,2.31,0.73,-0.33,-0.5,-0.68,0.15
A_OB_2.1999999999999997_1.0_864,25.53,2.31,0.73,-0.33,-0.5,-0.68,0.15
A_OB_2.1999999999999997_1.0_865,24.28,2.31,0.73,-0.33,-0.5,-0.68,0.15
A_OB_2.1999999999999997_1.0_866,23.86,2.31,0.73,-0.33,-0.5,-0.68,0.15
A_OB_2.1999999999999997_1.0_867,24.46,2.31,0.73,-0.33,-0.5,-0.68,0.15
A_OB_2.1999999999999997_1.0_868,25.22,2.31,0.73,-0.33,-0.5,-0.68,0.15
A_OB_2.1999999999999997_1.0_869,24.69,2.31,0.73,-0.33,-0.5,-0.68,0.15
A_OB_2.1999999999999997_1.0_870,24.81,2.31,0.73,-0.33,-0.5,-0.68,0.15
A_OB_2.1999999999999997_1.0_871,23.41,2.31,0.73,-0.33,-0.5,-0.68,0.15
A_OB_2.1999999999999997_1.0_872,25.14,2.31,0.73,-0.33,-0.5,-0.68,0.15
A_OB_2.1999999999999997_1.0_873,25.35,2.31,0.73,-0.33,-0.5,-0.68,0.15
A_OB_2.1999999999999997_1.0_874,24.81,2.31,0.73,-0.33,-0.5,-0.68,0.15
A_OB_2.1999999999999997_1.0_875,23.9,2.31,0.73,-0.33,-0.5,-0.68,0.15
A_OB_2.1999999999999997_1.0_876,25.11,2.31,0.73,-0.33,-0.5,-0.68,0.15
A_OB_2.1999999999999997_1.0_877,24.78,2.31,0.73,-0.33,-0.5,-0.68,0.15
A_OB_2.1999999999999997_1.0_878,24.21,2.31,0.73,-0.33,-0.5,-0.68,0.15
A_OB_2.1999999999999997_1.0_879,24.02,2.31,0.73,-0.33,-0.5,-0.68,0.15
A_OB_2.1999999999999997_1.0_880,25.48,2.31,0.73,-0.33,-0.5,-0.68,0.15
A_OB_2.1999999999999997_1.0_881,24.38,2.31,0.73,-0.33,-0.5,-0.68,0.15
A_OB_2.1999999999999997_1.0_882,25.36,2.31,0.73,-0.33,-0.5,-0.68,0.15
A_OB_2.1999999999999997_1.0_883,25.53,2.31,0.73,-0.33,-0.5,-0.68,0.15
A_OB_2.1999999999999997_1.0_884,23.75,2.31,0.73,-0.33,-0.5,-0.68,0.15
A_OB_2.1999999999999997_1.0_885,24.11,2.31,0.73,-0.33,-0.5,-0.68,0.15
A_OB_2.1999999999999997_1.0_886,25.41,2.31,0.73,-0.33,-0.5,-0.68,0.15
A_OB_2.1999999999999997_1.0_887,19.12,2.31,0.73,-0.33,-0.5,-0.68,0.15
A_OB_2.1999999999999997_1.0_888,24.7,2.31,0.73,-0.33,-0.5,-0.68,0.15
A_OB_2.1999999999999997_1.0_889,25.5,2.31,0.73,-0.33,-0.5,-0.68,0.15
A_OB_2.1999999999999997_1.0_890,24.65,2.31,0.73,-0.33,-0.5,-0.68,0.15
A_OB_2.1999999999999997_1.0_891,24.71,2.31,0.73,-0.33,-0.5,-0.68,0.15
A_OB_2.1999999999999997_1.0_892,25.34,2.31,0.73,-0.33,-0.5,-0.68,0.15
A_OB_2.1999999999999997_1.0_893,23.43,2.31,0.73,-0.33,-0.5,-0.68,0.15
A_OB_2.1999999999999997_1.0_894,23.69,2.31,0.73,-0.33,-0.5,-0.68,0.15
A_OB_2.1999999999999997_1.0_895,25.37,2.31,0.73,-0.33,-0.5,-0.68,0.15
A_OB_2.1999999999999997_1.0_896,24.04,2.31,0.73,-0.33,-0.5,-0.68,0.15
A_OB_2.1999999999999997_1.0_897,25.06,2.31,0.73,-0.33,-0.5,-0.68,0.15
A_OB_2.1999999999999997_1.0_898,25.6,2.31,0.73,-0.33,-0.5,-0.68,0.15
A_OB_2.1999999999999997_1.0_899,25.19,2.31,0.73,-0.33,-0.5,-0.68,0.15
A_OB_2.1999999999999997_1.0_900,25.18,2.31,0.73,-0.33,-0.5,-0.68,0.15
A_OB_2.1999999999999997_1.0_901,24.64,2.31,0.73,-0.33,-0.5,-0.68,0.15
A_OB_2.1999999999999997_1.0_902,24.83,2.31,0.73,-0.33,-0.5,-0.68,0.15
A_OB_2.1999999999999997_1.0_903,24.15,2.31,0.73,-0.33,-0.5,-0.68,0.15
A_OB_2.1999999999999997_1.0_904,24.74,2.31,0.73,-0.33,-0.5,-0.68,0.15
A_OB_2.1999999999999997_1.0_905,25.08,2.31,0.73,-0.33,-0.5,-0.68,0.15
A_OB_2.1999999999999997_1.0_906,23.04,2.31,0.73,-0.33,-0.5,-0.68,0.15
A_OB_2.1999999999999997_1.0_907,17.07,2.31,0.73,-0.33,-0.5,-0.68,0.15
A_OB_2.1999999999999997_1.0_908,22.93,2.31,0.73,-0.33,-0.5,-0.68,0.15
A_OB_2.1999999999999997_1.0_909,25.29,2.31,0.73,-0.33,-0.5,-0.68,0.15
A_OB_2.1999999999999997_1.0_910,24.51,2.31,0.73,-0.33,-0.5,-0.68,0.15
A_OB_2.1999999999999997_1.0_911,23.86,2.31,0.73,-0.33,-0.5,-0.68,0.15
A_OB_2.1999999999999997_1.0_912,24.66,2.31,0.73,-0.33,-0.5,-0.68,0.15
A_OB_2.1999999999999997_1.0_913,25.57,2.31,0.73,-0.33,-0.5,-0.68,0.15
A_OB_2.1999999999999997_1.0_914,24.61,2.31,0.73,-0.33,-0.5,-0.68,0.15
A_OB_2.1999999999999997_1.0_915,25.21,2.31,0.73,-0.33,-0.5,-0.68,0.15
A_OB_2.1999999999999997_1.0_916,25.4,2.31,0.73,-0.33,-0.5,-0.68,0.15
A_OB_2.1999999999999997_1.0_917,24.5,2.31,0.73,-0.33,-0.5,-0.68,0.15
A_OB_2.1999999999999997_1.0_918,22.74,2.31,0.73,-0.33,-0.5,-0.68,0.15
A_OB_2.1999999999999997_1.0_919,25.04,2.31,0.73,-0.33,-0.5,-0.68,0.15
A_OB_2.1999999999999997_1.0_920,25.62,2.31,0.73,-0.33,-0.5,-0.68,0.15
A_OB_2.1999999999999997_1.0_921,25.11,2.31,0.73,-0.33,-0.5,-0.68,0.15
A_OB_2.1999999999999997_1.0_922,24.99,2.31,0.73,-0.33,-0.5,-0.68,0.15
A_OB_2.1999999999999997_1.0_923,25.58,2.31,0.73,-0.33,-0.5,-0.68,0.15
A_OB_2.1999999999999997_1.0_924,22.96,2.31,0.73,-0.33,-0.5,-0.68,0.15
A_OB_2.1999999999999997_1.0_925,25.34,2.31,0.73,-0.33,-0.5,-0.68,0.15
A_OB_2.1999999999999997_1.0_926,24.0,2.31,0.73,-0.33,-0.5,-0.68,0.15
A_OB_2.1999999999999997_1.0_927,23.16,2.31,0.73,-0.33,-0.5,-0.68,0.15
A_OB_2.1999999999999997_1.0_928,25.42,2.31,0.73,-0.33,-0.5,-0.68,0.15
A_OB_2.1999999999999997_1.0_929,24.71,2.31,0.73,-0.33,-0.5,-0.68,0.15
A_OB_2.1999999999999997_1.0_930,25.22,2.31,0.73,-0.33,-0.5,-0.68,0.15
A_OB_2.1999999999999997_1.0_931,22.85,2.31,0.73,-0.33,-0.5,-0.68,0.15
A_OB_2.1999999999999997_1.0_932,22.14,2.31,0.73,-0.33,-0.5,-0.68,0.15
A_OB_2.1999999999999997_1.0_933,25.05,2.31,0.73,-0.33,-0.5,-0.68,0.15
A_OB_2.1999999999999997_1.0_934,25.47,2.31,0.73,-0.33,-0.5,-0.68,0.15
A_OB_2.1999999999999997_1.0_935,22.9,2.31,0.73,-0.33,-0.5,-0.68,0.15
A_OB_2.1999999999999997_1.0_936,25.47,2.31,0.73,-0.33,-0.5,-0.68,0.15
A_OB_2.1999999999999997_1.0_937,24.46,2.31,0.73,-0.33,-0.5,-0.68,0.15
A_OB_2.1999999999999997_1.0_938,25.22,2.31,0.73,-0.33,-0.5,-0.68,0.15
A_OB_2.1999999999999997_1.0_939,24.1,2.31,0.73,-0.33,-0.5,-0.68,0.15
A_OB_2.1999999999999997_1.0_940,23.89,2.31,0.73,-0.33,-0.5,-0.68,0.15
A_OB_2.1999999999999997_1.0_941,25.58,2.31,0.73,-0.33,-0.5,-0.68,0.15
A_OB_2.1999999999999997_1.0_942,25.09,2.31,0.73,-0.33,-0.5,-0.68,0.15
A_OB_2.1999999999999997_1.0_943,24.54,2.31,0.73,-0.33,-0.5,-0.68,0.15
A_OB_2.1999999999999997_1.0_944,23.95,2.31,0.73,-0.33,-0.5,-0.68,0.15
A_OB_2.1999999999999997_1.0_945,24.27,2.31,0.73,-0.33,-0.5,-0.68,0.15
A_OB_2.1999999999999997_1.0_946,22.72,2.31,0.73,-0.33,-0.5,-0.68,0.15
A_OB_2.1999999999999997_1.0_947,25.02,2.31,0.73,-0.33,-0.5,-0.68,0.15
A_OB_2.1999999999999997_1.0_948,23.7,2.31,0.73,-0.33,-0.5,-0.68,0.15
A_OB_2.1999999999999997_1.0_949,25.51,2.31,0.73,-0.33,-0.5,-0.68,0.15
A_OB_2.1999999999999997_1.0_950,24.07,2.31,0.73,-0.33,-0.5,-0.68,0.15
A_OB_2.1999999999999997_1.0_951,24.04,2.31,0.73,-0.33,-0.5,-0.68,0.15
A_OB_2.1999999999999997_1.0_952,22.53,2.31,0.73,-0.33,-0.5,-0.68,0.15
A_OB_2.1999999999999997_1.0_953,19.89,2.31,0.73,-0.33,-0.5,-0.68,0.15
A_OB_2.1999999999999997_1.0_954,21.95,2.31,0.73,-0.33,-0.5,-0.68,0.15
A_OB_2.1999999999999997_1.0_955,25.59,2.31,0.73,-0.33,-0.5,-0.68,0.15
A_OB_2.1999999999999997_1.0_956,25.44,2.31,0.73,-0.33,-0.5,-0.68,0.15
A_OB_2.1999999999999997_1.0_957,24.39,2.31,0.73,-0.33,-0.5,-0.68,0.15
A_OB_2.1999999999999997_1.0_958,25.14,2.31,0.73,-0.33,-0.5,-0.68,0.15
A_OB_2.1999999999999997_1.0_959,25.5,2.31,0.73,-0.33,-0.5,-0.68,0.15
A_OB_2.1999999999999997_1.0_960,23.08,2.31,0.73,-0.33,-0.5,-0.68,0.15
A_OB_2.1999999999999997_1.0_961,25.59,2.31,0.73,-0.33,-0.5,-0.68,0.15
A_OB_2.1999999999999997_1.0_962,24.97,2.31,0.73,-0.33,-0.5,-0.68,0.15
A_OB_2.1999999999999997_1.0_963,25.21,2.31,0.73,-0.33,-0.5,-0.68,0.15
A_OB_2.1999999999999997_1.0_964,24.26,2.31,0.73,-0.33,-0.5,-0.68,0.15
A_OB_2.1999999999999997_1.0_965,25.27,2.31,0.73,-0.33,-0.5,-0.68,0.15
A_OB_2.1999999999999997_1.0_966,25.28,2.31,0.73,-0.33,-0.5,-0.68,0.15
A_OB_2.1999999999999997_1.0_967,24.7,2.31,0.73,-0.33,-0.5,-0.68,0.15
A_OB_2.1999999999999997_1.0_968,25.61,2.31,0.73,-0.33,-0.5,-0.68,0.15
A_OB_2.1999999999999997_1.0_969,25.52,2.31,0.73,-0.33,-0.5,-0.68,0.15
A_OB_2.1999999999999997_1.0_970,25.32,2.31,0.73,-0.33,-0.5,-0.68,0.15
A_OB_2.1999999999999997_1.0_971,24.13,2.31,0.73,-0.33,-0.5,-0.68,0.15
A_OB_2.1999999999999997_1.0_972,22.78,2.31,0.73,-0.33,-0.5,-0.68,0.15
A_OB_2.1999999999999997_1.0_973,25.59,2.31,0.73,-0.33,-0.5,-0.68,0.15
A_OB_2.1999999999999997_1.0_974,25.09,2.31,0.73,-0.33,-0.5,-0.68,0.15
A_OB_2.1999999999999997_1.0_975,24.89,2.31,0.73,-0.33,-0.5,-0.68,0.15
A_OB_2.1999999999999997_1.0_976,24.91,2.31,0.73,-0.33,-0.5,-0.68,0.15
A_OB_2.1999999999999997_1.0_977,24.22,2.31,0.73,-0.33,-0.5,-0.68,0.15
A_OB_2.1999999999999997_1.0_978,25.6,2.31,0.73,-0.33,-0.5,-0.68,0.15
A_OB_2.1999999999999997_1.0_979,25.58,2.31,0.73,-0.33,-0.5,-0.68,0.15
A_OB_2.1999999999999997_1.0_980,25.49,2.31,0.73,-0.33,-0.5,-0.68,0.15
A_OB_2.1999999999999997_1.0_981,25.54,2.31,0.73,-0.33,-0.5,-0.68,0.15
A_OB_2.1999999999999997_1.0_982,25.31,2.31,0.73,-0.33,-0.5,-0.68,0.15
A_OB_2.1999999999999997_1.0_983,24.04,2.31,0.73,-0.33,-0.5,-0.68,0.15
A_OB_2.1999999999999997_1.0_984,24.44,2.31,0.73,-0.33,-0.5,-0.68,0.15
A_OB_2.1999999999999997_1.0_985,24.95,2.31,0.73,-0.33,-0.5,-0.68,0.15
A_OB_2.1999999999999997_1.0_986,25.18,2.31,0.73,-0.33,-0.5,-0.68,0.15
A_OB_2.1999999999999997_1.0_987,25.08,2.31,0.73,-0.33,-0.5,-0.68,0.15
A_OB_2.1999999999999997_1.0_988,24.2,2.31,0.73,-0.33,-0.5,-0.68,0.15
A_OB_2.1999999999999997_1.0_989,24.83,2.31,0.73,-0.33,-0.5,-0.68,0.15
A_OB_2.1999999999999997_1.0_990,25.46,2.31,0.73,-0.33,-0.5,-0.68,0.15
A_OB_2.1999999999999997_1.0_991,24.62,2.31,0.73,-0.33,-0.5,-0.68,0.15
A_OB_2.1999999999999997_1.0_992,25.14,2.31,0.73,-0.33,-0.5,-0.68,0.15
A_OB_2.1999999999999997_1.0_993,25.56,2.31,0.73,-0.33,-0.5,-0.68,0.15
A_OB_2.1999999999999997_1.0_994,25.54,2.31,0.73,-0.33,-0.5,-0.68,0.15
A_OB_2.1999999999999997_1.0_995,24.86,2.31,0.73,-0.33,-0.5,-0.68,0.15
A_OB_2.1999999999999997_1.0_996,24.54,2.31,0.73,-0.33,-0.5,-0.68,0.15
A_OB_2.1999999999999997_1.0_997,22.94,2.31,0.73,-0.33,-0.5,-0.68,0.15
A_OB_2.1999999999999997_1.0_998,23.73,2.31,0.73,-0.33,-0.5,-0.68,0.15
A_OB_2.1999999999999997_1.0_999,25.37,2.31,0.73,-0.33,-0.5,-0.68,0.15
A_OB_2.1999999999999997_1.0_1000,25.59,2.31,0.73,-0.33,-0.5,-0.68,0.15
A_OB_2.1999999999999997_1.0_1001,25.27,2.31,0.73,-0.33,-0.5,-0.68,0.15
A_OB_2.1999999999999997_1.0_1002,24.24,2.31,0.73,-0.33,-0.5,-0.68,0.15
A_OB_2.1999999999999997_1.0_1003,25.02,2.31,0.73,-0.33,-0.5,-0.68,0.15
A_OB_2.1999999999999997_1.0_1004,24.93,2.31,0.73,-0.33,-0.5,-0.68,0.15
A_OB_2.1999999999999997_1.0_1005,25.55,2.31,0.73,-0.33,-0.5,-0.68,0.15
A_OB_2.1999999999999997_1.0_1006,24.02,2.31,0.73,-0.33,-0.5,-0.68,0.15
A_OB_2.1999999999999997_1.0_1007,22.35,2.31,0.73,-0.33,-0.5,-0.68,0.15
A_OB_2.1999999999999997_1.0_1008,24.24,2.31,0.73,-0.33,-0.5,-0.68,0.15
A_OB_2.1999999999999997_1.0_1009,23.98,2.31,0.73,-0.33,-0.5,-0.68,0.15
A_OB_2.1999999999999997_1.0_1010,25.55,2.31,0.73,-0.33,-0.5,-0.68,0.15
A_OB_2.1999999999999997_1.0_1011,24.19,2.31,0.73,-0.33,-0.5,-0.68,0.15
A_OB_2.1999999999999997_1.0_1012,24.92,2.31,0.73,-0.33,-0.5,-0.68,0.15
A_OB_2.1999999999999997_1.0_1013,23.02,2.31,0.73,-0.33,-0.5,-0.68,0.15
A_OB_2.1999999999999997_1.0_1014,25.02,2.31,0.73,-0.33,-0.5,-0.68,0.15
A_OB_2.1999999999999997_1.0_1015,25.53,2.31,0.73,-0.33,-0.5,-0.68,0.15
A_OB_2.1999999999999997_1.0_1016,25.31,2.31,0.73,-0.33,-0.5,-0.68,0.15
A_OB_2.1999999999999997_1.0_1017,25.43,2.31,0.73,-0.33,-0.5,-0.68,0.15
A_OB_2.1999999999999997_1.0_1018,24.68,2.31,0.73,-0.33,-0.5,-0.68,0.15
A_OB_2.1999999999999997_1.0_1019,24.6,2.31,0.73,-0.33,-0.5,-0.68,0.15
A_OB_2.1999999999999997_1.0_1020,21.61,2.31,0.73,-0.33,-0.5,-0.68,0.15
A_OB_2.1999999999999997_1.0_1021,25.0,2.31,0.73,-0.33,-0.5,-0.68,0.15
A_OB_2.1999999999999997_1.0_1022,25.57,2.31,0.73,-0.33,-0.5,-0.68,0.15
A_OB_2.1999999999999997_1.0_1023,24.31,2.31,0.73,-0.33,-0.5,-0.68,0.15
A_OB_2.1999999999999997_1.0_1024,24.51,2.31,0.73,-0.33,-0.5,-0.68,0.15
A_OB_2.1999999999999997_1.0_1025,23.79,2.31,0.73,-0.33,-0.5,-0.68,0.15
A_OB_2.1999999999999997_1.0_1026,22.91,2.31,0.73,-0.33,-0.5,-0.68,0.15
A_OB_2.1999999999999997_1.0_1027,24.54,2.31,0.73,-0.33,-0.5,-0.68,0.15
A_OB_2.1999999999999997_1.0_1028,24.08,2.31,0.73,-0.33,-0.5,-0.68,0.15
A_OB_2.1999999999999997_1.0_1029,23.83,2.31,0.73,-0.33,-0.5,-0.68,0.15
A_OB_2.1999999999999997_1.0_1030,22.78,2.31,0.73,-0.33,-0.5,-0.68,0.15
A_OB_2.1999999999999997_1.0_1031,25.46,2.31,0.73,-0.33,-0.5,-0.68,0.15
A_OB_2.1999999999999997_1.0_1032,25.58,2.31,0.73,-0.33,-0.5,-0.68,0.15
A_OB_2.1999999999999997_1.0_1033,18.61,2.31,0.73,-0.33,-0.5,-0.68,0.15
A_OB_2.1999999999999997_1.0_1034,25.47,2.31,0.73,-0.33,-0.5,-0.68,0.15
A_OB_2.1999999999999997_1.0_1035,25.0,2.31,0.73,-0.33,-0.5,-0.68,0.15
A_OB_2.1999999999999997_1.0_1036,21.68,2.31,0.73,-0.33,-0.5,-0.68,0.15
A_OB_2.1999999999999997_1.0_1037,23.98,2.31,0.73,-0.33,-0.5,-0.68,0.15
A_OB_2.1999999999999997_1.0_1038,25.51,2.31,0.73,-0.33,-0.5,-0.68,0.15
A_OB_2.1999999999999997_1.0_1039,23.47,2.31,0.73,-0.33,-0.5,-0.68,0.15
A_OB_2.1999999999999997_1.0_1040,25.61,2.31,0.73,-0.33,-0.5,-0.68,0.15
A_OB_2.1999999999999997_1.0_1041,23.7,2.31,0.73,-0.33,-0.5,-0.68,0.15
A_OB_2.1999999999999997_1.0_1042,25.06,2.31,0.73,-0.33,-0.5,-0.68,0.15
A_OB_2.1999999999999997_1.0_1043,24.8,2.31,0.73,-0.33,-0.5,-0.68,0.15
A_OB_2.1999999999999997_1.0_1044,24.7,2.31,0.73,-0.33,-0.5,-0.68,0.15
A_OB_2.1999999999999997_1.0_1045,25.33,2.31,0.73,-0.33,-0.5,-0.68,0.15
A_OB_2.1999999999999997_1.0_1046,25.6,2.31,0.73,-0.33,-0.5,-0.68,0.15
A_OB_2.1999999999999997_1.0_1047,23.99,2.31,0.73,-0.33,-0.5,-0.68,0.15
A_OB_2.1999999999999997_1.0_1048,24.08,2.31,0.73,-0.33,-0.5,-0.68,0.15
A_OB_2.1999999999999997_1.0_1049,25.14,2.31,0.73,-0.33,-0.5,-0.68,0.15
A_OB_2.1999999999999997_1.0_1050,21.69,2.31,0.73,-0.33,-0.5,-0.68,0.15
A_OB_2.1999999999999997_1.0_1051,24.57,2.31,0.73,-0.33,-0.5,-0.68,0.15
A_OB_2.1999999999999997_1.0_1052,25.57,2.31,0.73,-0.33,-0.5,-0.68,0.15
A_OB_2.1999999999999997_1.0_1053,24.01,2.31,0.73,-0.33,-0.5,-0.68,0.15
A_OB_2.1999999999999997_1.0_1054,25.41,2.31,0.73,-0.33,-0.5,-0.68,0.15
A_OB_2.1999999999999997_1.0_1055,21.16,2.31,0.73,-0.33,-0.5,-0.68,0.15
A_OB_2.1999999999999997_1.0_1056,23.52,2.31,0.73,-0.33,-0.5,-0.68,0.15
A_OB_2.1999999999999997_1.0_1057,25.5,2.31,0.73,-0.33,-0.5,-0.68,0.15
A_OB_2.1999999999999997_1.0_1058,23.96,2.31,0.73,-0.33,-0.5,-0.68,0.15
A_OB_2.1999999999999997_1.0_1059,25.08,2.31,0.73,-0.33,-0.5,-0.68,0.15
A_OB_2.1999999999999997_1.0_1060,25.3,2.31,0.73,-0.33,-0.5,-0.68,0.15
A_OB_2.1999999999999997_1.0_1061,24.34,2.31,0.73,-0.33,-0.5,-0.68,0.15
A_OB_2.1999999999999997_1.0_1062,24.18,2.31,0.73,-0.33,-0.5,-0.68,0.15
A_OB_2.1999999999999997_1.0_1063,25.41,2.31,0.73,-0.33,-0.5,-0.68,0.15
A_OB_2.1999999999999997_1.0_1064,25.04,2.31,0.73,-0.33,-0.5,-0.68,0.15
A_OB_2.1999999999999997_1.0_1065,21.85,2.31,0.73,-0.33,-0.5,-0.68,0.15
A_OB_2.1999999999999997_1.0_1066,23.45,2.31,0.73,-0.33,-0.5,-0.68,0.15
A_OB_2.1999999999999997_1.0_1067,24.0,2.31,0.73,-0.33,-0.5,-0.68,0.15
A_OB_2.1999999999999997_1.0_1068,25.06,2.31,0.73,-0.33,-0.5,-0.68,0.15
A_OB_2.1999999999999997_1.0_1069,24.77,2.31,0.73,-0.33,-0.5,-0.68,0.15
A_OB_2.1999999999999997_1.0_1070,25.42,2.31,0.73,-0.33,-0.5,-0.68,0.15
A_OB_2.1999999999999997_1.0_1071,25.43,2.31,0.73,-0.33,-0.5,-0.68,0.15
A_OB_2.1999999999999997_1.0_1072,22.94,2.31,0.73,-0.33,-0.5,-0.68,0.15
A_OB_2.1999999999999997_1.0_1073,25.19,2.31,0.73,-0.33,-0.5,-0.68,0.15
A_OB_2.1999999999999997_1.0_1074,24.66,2.31,0.73,-0.33,-0.5,-0.68,0.15
A_OB_2.1999999999999997_1.0_1075,25.55,2.31,0.73,-0.33,-0.5,-0.68,0.15
A_OB_2.1999999999999997_1.0_1076,25.58,2.31,0.73,-0.33,-0.5,-0.68,0.15
A_OB_2.1999999999999997_1.0_1077,24.98,2.31,0.73,-0.33,-0.5,-0.68,0.15
A_OB_2.1999999999999997_1.0_1078,24.88,2.31,0.73,-0.33,-0.5,-0.68,0.15
A_OB_2.1999999999999997_1.0_1079,25.3,2.31,0.73,-0.33,-0.5,-0.68,0.15
A_OB_2.1999999999999997_1.0_1080,23.86,2.31,0.73,-0.33,-0.5,-0.68,0.15
A_OB_2.1999999999999997_1.0_1081,25.59,2.31,0.73,-0.33,-0.5,-0.68,0.15
A_OB_2.1999999999999997_1.0_1082,21.09,2.31,0.73,-0.33,-0.5,-0.68,0.15
A_OB_2.1999999999999997_1.0_1083,25.22,2.31,0.73,-0.33,-0.5,-0.68,0.15
A_OB_2.1999999999999997_1.0_1084,25.32,2.31,0.73,-0.33,-0.5,-0.68,0.15
A_OB_2.1999999999999997_1.0_1085,24.57,2.31,0.73,-0.33,-0.5,-0.68,0.15
A_OB_2.1999999999999997_1.0_1086,19.81,2.31,0.73,-0.33,-0.5,-0.68,0.15
A_OB_2.1999999999999997_1.0_1087,25.61,2.31,0.73,-0.33,-0.5,-0.68,0.15
A_OB_2.1999999999999997_1.0_1088,25.6,2.31,0.73,-0.33,-0.5,-0.68,0.15
A_OB_2.1999999999999997_1.0_1089,24.53,2.31,0.73,-0.33,-0.5,-0.68,0.15
A_OB_2.1999999999999997_1.0_1090,25.23,2.31,0.73,-0.33,-0.5,-0.68,0.15
A_OB_2.1999999999999997_1.0_1091,25.39,2.31,0.73,-0.33,-0.5,-0.68,0.15
A_OB_2.1999999999999997_1.0_1092,25.17,2.31,0.73,-0.33,-0.5,-0.68,0.15
A_OB_2.1999999999999997_1.0_1093,23.54,2.31,0.73,-0.33,-0.5,-0.68,0.15
A_OB_2.1999999999999997_1.0_1094,21.18,2.31,0.73,-0.33,-0.5,-0.68,0.15
A_OB_2.1999999999999997_1.0_1095,22.76,2.31,0.73,-0.33,-0.5,-0.68,0.15
A_OB_2.1999999999999997_1.0_1096,24.38,2.31,0.73,-0.33,-0.5,-0.68,0.15
A_OB_2.1999999999999997_1.0_1097,24.38,2.31,0.73,-0.33,-0.5,-0.68,0.15
A_OB_2.1999999999999997_1.0_1098,23.85,2.31,0.73,-0.33,-0.5,-0.68,0.15
A_OB_2.1999999999999997_1.0_1099,25.54,2.31,0.73,-0.33,-0.5,-0.68,0.15
A_OB_2.1999999999999997_1.0_1100,20.99,2.31,0.73,-0.33,-0.5,-0.68,0.15
A_OB_2.1999999999999997_1.0_1101,24.66,2.31,0.73,-0.33,-0.5,-0.68,0.15
A_OB_2.1999999999999997_1.0_1102,25.31,2.31,0.73,-0.33,-0.5,-0.68,0.15
A_OB_2.1999999999999997_1.0_1103,24.34,2.31,0.73,-0.33,-0.5,-0.68,0.15
A_OB_2.1999999999999997_1.0_1104,24.41,2.31,0.73,-0.33,-0.5,-0.68,0.15
A_OB_2.1999999999999997_1.0_1105,25.26,2.31,0.73,-0.33,-0.5,-0.68,0.15
A_OB_2.1999999999999997_1.0_1106,25.11,2.31,0.73,-0.33,-0.5,-0.68,0.15
A_OB_2.1999999999999997_1.0_1107,25.38,2.31,0.73,-0.33,-0.5,-0.68,0.15
A_OB_2.1999999999999997_1.0_1108,21.93,2.31,0.73,-0.33,-0.5,-0.68,0.15
A_OB_2.1999999999999997_1.0_1109,24.6,2.31,0.73,-0.33,-0.5,-0.68,0.15
A_OB_2.1999999999999997_1.0_1110,23.35,2.31,0.73,-0.33,-0.5,-0.68,0.15
A_OB_2.1999999999999997_1.0_1111,22.79,2.31,0.73,-0.33,-0.5,-0.68,0.15
A_OB_2.1999999999999997_1.0_1112,23.79,2.31,0.73,-0.33,-0.5,-0.68,0.15
A_OB_2.1999999999999997_1.0_1113,24.36,2.31,0.73,-0.33,-0.5,-0.68,0.15
A_OB_2.1999999999999997_1.0_1114,25.61,2.31,0.73,-0.33,-0.5,-0.68,0.15
A_OB_2.1999999999999997_1.0_1115,24.35,2.31,0.73,-0.33,-0.5,-0.68,0.15
A_OB_2.1999999999999997_1.0_1116,22.34,2.31,0.73,-0.33,-0.5,-0.68,0.15
A_OB_2.1999999999999997_1.0_1117,24.99,2.31,0.73,-0.33,-0.5,-0.68,0.15
A_OB_2.1999999999999997_1.0_1118,25.18,2.31,0.73,-0.33,-0.5,-0.68,0.15
A_OB_2.1999999999999997_1.0_1119,25.34,2.31,0.73,-0.33,-0.5,-0.68,0.15
A_OB_2.1999999999999997_1.0_1120,23.54,2.31,0.73,-0.33,-0.5,-0.68,0.15
A_OB_2.1999999999999997_1.0_1121,25.07,2.31,0.73,-0.33,-0.5,-0.68,0.15
A_OB_2.1999999999999997_1.0_1122,25.16,2.31,0.73,-0.33,-0.5,-0.68,0.15
A_OB_2.1999999999999997_1.0_1123,22.94,2.31,0.73,-0.33,-0.5,-0.68,0.15
A_OB_2.1999999999999997_1.0_1124,22.42,2.31,0.73,-0.33,-0.5,-0.68,0.15
A_OB_2.1999999999999997_1.0_1125,24.84,2.31,0.73,-0.33,-0.5,-0.68,0.15
A_OB_2.1999999999999997_1.0_1126,25.23,2.31,0.73,-0.33,-0.5,-0.68,0.15
A_OB_2.1999999999999997_1.0_1127,25.58,2.31,0.73,-0.33,-0.5,-0.68,0.15
A_OB_2.1999999999999997_1.0_1128,23.49,2.31,0.73,-0.33,-0.5,-0.68,0.15
A_OB_2.1999999999999997_1.0_1129,23.4,2.31,0.73,-0.33,-0.5,-0.68,0.15
A_OB_2.1999999999999997_1.0_1130,24.26,2.31,0.73,-0.33,-0.5,-0.68,0.15
A_OB_2.1999999999999997_1.0_1131,25.52,2.31,0.73,-0.33,-0.5,-0.68,0.15
A_OB_2.1999999999999997_1.0_1132,22.43,2.31,0.73,-0.33,-0.5,-0.68,0.15
A_OB_2.1999999999999997_1.0_1133,24.0,2.31,0.73,-0.33,-0.5,-0.68,0.15
A_OB_2.1999999999999997_1.0_1134,24.62,2.31,0.73,-0.33,-0.5,-0.68,0.15
A_OB_2.1999999999999997_1.0_1135,25.45,2.31,0.73,-0.33,-0.5,-0.68,0.15
A_OB_2.1999999999999997_1.0_1136,25.29,2.31,0.73,-0.33,-0.5,-0.68,0.15
A_OB_2.1999999999999997_1.0_1137,25.1,2.31,0.73,-0.33,-0.5,-0.68,0.15
A_OB_2.1999999999999997_1.0_1138,25.48,2.31,0.73,-0.33,-0.5,-0.68,0.15
A_OB_2.1999999999999997_1.0_1139,24.73,2.31,0.73,-0.33,-0.5,-0.68,0.15
A_OB_2.1999999999999997_1.0_1140,25.27,2.31,0.73,-0.33,-0.5,-0.68,0.15
A_OB_2.1999999999999997_1.0_1141,22.69,2.31,0.73,-0.33,-0.5,-0.68,0.15
A_OB_2.1999999999999997_1.0_1142,25.21,2.31,0.73,-0.33,-0.5,-0.68,0.15
A_OB_2.1999999999999997_1.0_1143,24.82,2.31,0.73,-0.33,-0.5,-0.68,0.15
A_OB_2.1999999999999997_1.0_1144,24.1,2.31,0.73,-0.33,-0.5,-0.68,0.15
A_OB_2.1999999999999997_1.0_1145,24.97,2.31,0.73,-0.33,-0.5,-0.68,0.15
A_OB_2.1999999999999997_1.0_1146,24.95,2.31,0.73,-0.33,-0.5,-0.68,0.15
A_OB_2.1999999999999997_1.0_1147,23.55,2.31,0.73,-0.33,-0.5,-0.68,0.15
A_OB_2.1999999999999997_1.0_1148,23.63,2.31,0.73,-0.33,-0.5,-0.68,0.15
A_OB_2.1999999999999997_1.0_1149,23.43,2.31,0.73,-0.33,-0.5,-0.68,0.15
A_OB_2.1999999999999997_1.0_1150,25.2,2.31,0.73,-0.33,-0.5,-0.68,0.15
A_OB_2.1999999999999997_1.0_1151,25.58,2.31,0.73,-0.33,-0.5,-0.68,0.15
A_OB_2.1999999999999997_1.0_1152,24.03,2.31,0.73,-0.33,-0.5,-0.68,0.15
A_OB_2.1999999999999997_1.0_1153,23.75,2.31,0.73,-0.33,-0.5,-0.68,0.15
A_OB_2.1999999999999997_1.0_1154,24.71,2.31,0.73,-0.33,-0.5,-0.68,0.15
A_OB_2.1999999999999997_1.0_1155,25.1,2.31,0.73,-0.33,-0.5,-0.68,0.15
A_OB_2.1999999999999997_1.0_1156,23.76,2.31,0.73,-0.33,-0.5,-0.68,0.15
A_OB_2.1999999999999997_1.0_1157,24.33,2.31,0.73,-0.33,-0.5,-0.68,0.15
A_OB_2.1999999999999997_1.0_1158,24.64,2.31,0.73,-0.33,-0.5,-0.68,0.15
A_OB_2.1999999999999997_1.0_1159,24.79,2.31,0.73,-0.33,-0.5,-0.68,0.15
A_OB_2.1999999999999997_1.0_1160,25.17,2.31,0.73,-0.33,-0.5,-0.68,0.15
A_OB_2.1999999999999997_1.0_1161,22.5,2.31,0.73,-0.33,-0.5,-0.68,0.15
A_OB_2.1999999999999997_1.0_1162,20.29,2.31,0.73,-0.33,-0.5,-0.68,0.15
A_OB_2.1999999999999997_1.0_1163,24.15,2.31,0.73,-0.33,-0.5,-0.68,0.15
A_OB_2.1999999999999997_1.0_1164,25.31,2.31,0.73,-0.33,-0.5,-0.68,0.15
A_OB_2.1999999999999997_1.0_1165,25.27,2.31,0.73,-0.33,-0.5,-0.68,0.15
A_OB_2.1999999999999997_1.0_1166,23.92,2.31,0.73,-0.33,-0.5,-0.68,0.15
A_OB_2.1999999999999997_1.0_1167,21.03,2.31,0.73,-0.33,-0.5,-0.68,0.15
A_OB_2.1999999999999997_1.0_1168,24.88,2.31,0.73,-0.33,-0.5,-0.68,0.15
A_OB_2.1999999999999997_1.0_1169,24.68,2.31,0.73,-0.33,-0.5,-0.68,0.15
A_OB_2.1999999999999997_1.0_1170,23.05,2.31,0.73,-0.33,-0.5,-0.68,0.15
A_OB_2.1999999999999997_1.0_1171,24.31,2.31,0.73,-0.33,-0.5,-0.68,0.15
A_OB_2.1999999999999997_1.0_1172,25.11,2.31,0.73,-0.33,-0.5,-0.68,0.15
A_OB_2.1999999999999997_1.0_1173,24.81,2.31,0.73,-0.33,-0.5,-0.68,0.15
A_OB_2.1999999999999997_1.0_1174,25.46,2.31,0.73,-0.33,-0.5,-0.68,0.15
A_OB_2.1999999999999997_1.0_1175,25.07,2.31,0.73,-0.33,-0.5,-0.68,0.15
A_OB_2.1999999999999997_1.0_1176,24.69,2.31,0.73,-0.33,-0.5,-0.68,0.15
A_OB_2.1999999999999997_1.0_1177,24.92,2.31,0.73,-0.33,-0.5,-0.68,0.15
A_OB_2.1999999999999997_1.0_1178,25.04,2.31,0.73,-0.33,-0.5,-0.68,0.15
A_OB_2.1999999999999997_1.0_1179,24.24,2.31,0.73,-0.33,-0.5,-0.68,0.15
A_OB_2.1999999999999997_1.0_1180,24.76,2.31,0.73,-0.33,-0.5,-0.68,0.15
A_OB_2.1999999999999997_1.0_1181,25.04,2.31,0.73,-0.33,-0.5,-0.68,0.15
A_OB_2.1999999999999997_1.0_1182,23.91,2.31,0.73,-0.33,-0.5,-0.68,0.15
A_OB_2.1999999999999997_1.0_1183,24.16,2.31,0.73,-0.33,-0.5,-0.68,0.15
A_OB_2.1999999999999997_1.0_1184,24.54,2.31,0.73,-0.33,-0.5,-0.68,0.15
A_OB_2.1999999999999997_1.0_1185,24.51,2.31,0.73,-0.33,-0.5,-0.68,0.15
A_OB_2.1999999999999997_1.0_1186,25.08,2.31,0.73,-0.33,-0.5,-0.68,0.15
A_OB_2.1999999999999997_1.0_1187,24.37,2.31,0.73,-0.33,-0.5,-0.68,0.15
A_OB_2.1999999999999997_1.0_1188,24.06,2.31,0.73,-0.33,-0.5,-0.68,0.15
A_OB_2.1999999999999997_1.0_1189,25.35,2.31,0.73,-0.33,-0.5,-0.68,0.15
A_OB_2.1999999999999997_1.0_1190,25.31,2.31,0.73,-0.33,-0.5,-0.68,0.15
A_OB_2.1999999999999997_1.0_1191,24.99,2.31,0.73,-0.33,-0.5,-0.68,0.15
A_OB_2.1999999999999997_1.0_1192,25.59,2.31,0.73,-0.33,-0.5,-0.68,0.15
A_OB_2.1999999999999997_1.0_1193,24.76,2.31,0.73,-0.33,-0.5,-0.68,0.15
A_OB_2.1999999999999997_1.0_1194,21.71,2.31,0.73,-0.33,-0.5,-0.68,0.15
A_OB_2.1999999999999997_1.0_1195,25.45,2.31,0.73,-0.33,-0.5,-0.68,0.15
A_OB_2.1999999999999997_1.0_1196,25.51,2.31,0.73,-0.33,-0.5,-0.68,0.15
A_OB_2.1999999999999997_1.0_1197,24.6,2.31,0.73,-0.33,-0.5,-0.68,0.15
A_OB_2.1999999999999997_1.0_1198,25.33,2.31,0.73,-0.33,-0.5,-0.68,0.15
A_OB_2.1999999999999997_1.0_1199,21.63,2.31,0.73,-0.33,-0.5,-0.68,0.15
A_OB_2.1999999999999997_1.0_1200,23.29,2.31,0.73,-0.33,-0.5,-0.68,0.15
A_OB_2.1999999999999997_1.0_1201,21.12,2.31,0.73,-0.33,-0.5,-0.68,0.15
A_OB_2.1999999999999997_1.0_1202,24.4,2.31,0.73,-0.33,-0.5,-0.68,0.15
A_OB_2.1999999999999997_1.0_1203,24.31,2.31,0.73,-0.33,-0.5,-0.68,0.15
A_OB_2.1999999999999997_1.0_1204,24.05,2.31,0.73,-0.33,-0.5,-0.68,0.15
A_OB_2.1999999999999997_1.0_1205,25.51,2.31,0.73,-0.33,-0.5,-0.68,0.15
A_OB_2.1999999999999997_1.0_1206,25.49,2.31,0.73,-0.33,-0.5,-0.68,0.15
A_OB_2.1999999999999997_1.0_1207,25.43,2.31,0.73,-0.33,-0.5,-0.68,0.15
A_OB_2.1999999999999997_1.0_1208,24.85,2.31,0.73,-0.33,-0.5,-0.68,0.15
A_OB_2.1999999999999997_1.0_1209,23.76,2.31,0.73,-0.33,-0.5,-0.68,0.15
A_OB_2.1999999999999997_1.0_1210,24.3,2.31,0.73,-0.33,-0.5,-0.68,0.15
A_OB_2.1999999999999997_1.0_1211,25.26,2.31,0.73,-0.33,-0.5,-0.68,0.15
A_OB_2.1999999999999997_1.0_1212,25.02,2.31,0.73,-0.33,-0.5,-0.68,0.15
A_OB_2.1999999999999997_1.0_1213,24.67,2.31,0.73,-0.33,-0.5,-0.68,0.15
A_OB_2.1999999999999997_1.0_1214,25.19,2.31,0.73,-0.33,-0.5,-0.68,0.15
A_OB_2.1999999999999997_1.0_1215,25.04,2.31,0.73,-0.33,-0.5,-0.68,0.15
A_OB_2.1999999999999997_1.0_1216,22.42,2.31,0.73,-0.33,-0.5,-0.68,0.15
A_OB_2.1999999999999997_1.0_1217,21.41,2.31,0.73,-0.33,-0.5,-0.68,0.15
A_OB_2.1999999999999997_1.0_1218,24.65,2.31,0.73,-0.33,-0.5,-0.68,0.15
A_OB_2.1999999999999997_1.0_1219,24.3,2.31,0.73,-0.33,-0.5,-0.68,0.15
A_OB_2.1999999999999997_1.0_1220,22.82,2.31,0.73,-0.33,-0.5,-0.68,0.15
A_OB_2.1999999999999997_1.0_1221,24.51,2.31,0.73,-0.33,-0.5,-0.68,0.15
A_OB_2.1999999999999997_1.0_1222,25.12,2.31,0.73,-0.33,-0.5,-0.68,0.15
A_OB_2.1999999999999997_1.0_1223,25.21,2.31,0.73,-0.33,-0.5,-0.68,0.15
A_OB_2.1999999999999997_1.0_1224,25.02,2.31,0.73,-0.33,-0.5,-0.68,0.15
A_OB_2.1999999999999997_1.0_1225,24.52,2.31,0.73,-0.33,-0.5,-0.68,0.15
