ObjID,FORMAT,q,e,inc,node,argPeri,t_p_MJD_TDB,epochMJD_TDB
A_OB_1.4_1.0_0,COM,0.194955,1.000562,0.372,5.448,4.853,62426.521025,60796.001439
A_OB_1.4_1.0_1,COM,2.488836,1.006264,1.206,2.565,0.282,63437.3076,60796.001439
A_OB_1.4_1.0_2,COM,1.744405,1.011074,2.19,5.623,1.856,63247.159501,60796.001439
A_OB_1.4_1.0_3,COM,1.049079,1.008265,2.416,0.855,5.307,62197.313694,60796.001439
A_OB_1.4_1.0_4,COM,0.582883,1.00561,1.129,1.105,1.402,63510.886211,60796.001439
A_OB_1.4_1.0_5,COM,1.203016,1.02439,1.47,0.717,3.039,63499.514234,60796.001439
A_OB_1.4_1.0_6,COM,1.357761,1.051832,1.902,5.991,5.075,60999.025183,60796.001439
A_OB_1.4_1.0_7,COM,1.190306,1.040499,1.435,1.584,4.088,62866.572153,60796.001439
A_OB_1.4_1.0_8,COM,1.313376,1.048355,1.197,2.226,4.936,61808.408708,60796.001439
A_OB_1.4_1.0_9,COM,0.971895,1.029548,2.196,5.19,4.508,64117.476023,60796.001439
A_OB_1.4_1.0_10,COM,2.030923,1.092384,1.827,5.589,4.552,63365.782448,60796.001439
A_OB_1.4_1.0_11,COM,0.3667,1.019907,2.674,3.541,2.392,63135.073083,60796.001439
A_OB_1.4_1.0_12,COM,0.769019,1.036855,1.068,2.377,5.165,63501.161807,60796.001439
A_OB_1.4_1.0_13,COM,1.363263,1.071485,1.059,4.016,3.819,61924.534856,60796.001439
A_OB_1.4_1.0_14,COM,2.301852,1.153314,1.493,4.921,3.759,62145.71289,60796.001439
A_OB_1.4_1.0_15,COM,0.309372,1.019568,0.94,2.412,4.335,61734.441644,60796.001439
A_OB_1.4_1.0_16,COM,0.817073,1.05137,1.043,2.977,4.024,60823.318931,60796.001439
A_OB_1.4_1.0_17,COM,0.45984,1.026497,2.363,0.205,4.801,60925.321368,60796.001439
A_OB_1.4_1.0_18,COM,0.632482,1.043217,1.259,5.479,1.516,63652.762956,60796.001439
A_OB_1.4_1.0_19,COM,1.879397,1.12875,1.955,4.52,2.867,62164.612087,60796.001439
A_OB_1.4_1.0_20,COM,0.241794,1.016218,0.304,2.827,4.398,60760.897707,60796.001439
A_OB_1.4_1.0_21,COM,1.469605,1.127486,2.694,1.066,4.83,63436.565292,60796.001439
A_OB_1.4_1.0_22,COM,1.439866,1.112773,2.591,1.247,2.519,62313.487271,60796.001439
A_OB_1.4_1.0_23,COM,1.424632,1.143736,1.595,4.75,3.915,64490.445939,60796.001439
A_OB_1.4_1.0_24,COM,0.314799,1.035073,2.368,2.368,4.962,63303.806191,60796.001439
A_OB_1.4_1.0_25,COM,1.016069,1.09598,0.348,5.743,4.593,64118.285536,60796.001439
A_OB_1.4_1.0_26,COM,0.104153,1.01022,0.85,4.4,5.141,64027.908248,60796.001439
A_OB_1.4_1.0_27,COM,0.321315,1.035006,0.814,5.536,2.557,63412.54202,60796.001439
A_OB_1.4_1.0_28,COM,0.451699,1.042267,1.71,5.965,5.078,61762.91403,60796.001439
A_OB_1.4_1.0_29,COM,1.528498,1.15397,0.928,3.655,4.887,62569.367872,60796.001439
A_OB_1.4_1.0_30,COM,0.830338,1.100854,1.706,4.371,3.02,62068.579637,60796.001439
A_OB_1.4_1.0_31,COM,4.482262,1.551788,1.738,1.652,3.829,65538.927822,60796.001439
A_OB_1.4_1.0_32,COM,1.495337,1.18579,0.937,4.995,2.661,63393.587041,60796.001439
A_OB_1.4_1.0_33,COM,1.147485,1.147273,1.077,4.458,2.511,61927.694307,60796.001439
A_OB_1.4_1.0_34,COM,1.152337,1.147636,0.93,2.173,5.546,60972.82256,60796.001439
A_OB_1.4_1.0_35,COM,0.533142,1.065598,1.984,0.032,2.643,64166.796119,60796.001439
A_OB_1.4_1.0_36,COM,0.324193,1.044312,1.576,2.152,5.714,61368.100481,60796.001439
A_OB_1.4_1.0_37,COM,1.273039,1.150979,0.256,5.621,0.063,62042.170544,60796.001439
A_OB_1.4_1.0_38,COM,0.082184,1.01194,1.683,5.055,5.254,62816.918719,60796.001439
A_OB_1.4_1.0_39,COM,1.650801,1.265209,0.093,1.868,4.572,64123.799062,60796.001439
A_OB_1.4_1.0_40,COM,1.382805,1.20045,0.878,0.497,5.861,61315.69299,60796.001439
A_OB_1.4_1.0_41,COM,0.556901,1.084538,1.97,4.215,3.406,64137.410199,60796.001439
A_OB_1.4_1.0_42,COM,0.316953,1.047545,1.774,4.922,4.686,64369.950082,60796.001439
A_OB_1.4_1.0_43,COM,0.168013,1.024415,0.742,4.987,3.539,60998.909976,60796.001439
A_OB_1.4_1.0_44,COM,0.722449,1.105754,1.182,2.177,2.739,64500.634768,60796.001439
A_OB_1.4_1.0_45,COM,0.083299,1.014041,2.538,5.911,4.051,63389.805564,60796.001439
A_OB_1.4_1.0_46,COM,0.468055,1.082818,1.783,4.516,4.1,62141.648166,60796.001439
A_OB_1.4_1.0_47,COM,1.426197,1.250125,0.641,2.17,5.761,64043.898876,60796.001439
A_OB_1.4_1.0_48,COM,0.279962,1.050917,1.516,0.09,5.815,63587.07495,60796.001439
A_OB_1.4_1.0_49,COM,0.522216,1.088173,0.998,4.668,2.713,62541.262944,60796.001439
A_OB_1.4_1.0_50,COM,2.917568,1.510226,1.908,5.101,3.626,63197.012585,60796.001439
A_OB_1.4_1.0_51,COM,0.441606,1.082594,1.885,1.34,4.867,63255.907506,60796.001439
A_OB_1.4_1.0_52,COM,1.586441,1.266558,1.375,0.917,4.61,62064.200951,60796.001439
A_OB_1.4_1.0_53,COM,2.140471,1.457427,1.872,0.312,4.931,63374.25309,60796.001439
A_OB_1.4_1.0_54,COM,1.039746,1.203852,1.087,2.204,0.752,64455.853401,60796.001439
A_OB_1.4_1.0_55,COM,3.748661,1.761525,0.892,1.708,2.498,60934.387426,60796.001439
A_OB_1.4_1.0_56,COM,1.629973,1.350834,1.27,1.179,3.979,61658.735229,60796.001439
A_OB_1.4_1.0_57,COM,1.398549,1.29811,2.06,4.919,2.291,61875.567553,60796.001439
A_OB_1.4_1.0_58,COM,2.298383,1.478669,1.551,0.069,4.3,63666.557985,60796.001439
A_OB_1.4_1.0_59,COM,1.212735,1.297846,0.928,3.861,3.341,62579.661226,60796.001439
A_OB_1.4_1.0_60,COM,0.729329,1.181846,1.346,2.992,4.289,63359.224343,60796.001439
A_OB_1.4_1.0_61,COM,0.662205,1.157388,2.223,0.094,4.724,62348.224867,60796.001439
A_OB_1.4_1.0_62,COM,0.570212,1.144821,1.777,2.4,5.676,61534.82659,60796.001439
A_OB_1.4_1.0_63,COM,1.196242,1.282818,0.713,3.229,4.667,62384.389505,60796.001439
A_OB_1.4_1.0_64,COM,1.056805,1.302888,0.697,1.999,4.219,64253.031992,60796.001439
A_OB_1.4_1.0_65,COM,1.451883,1.41288,1.044,2.039,3.254,62955.254643,60796.001439
A_OB_1.4_1.0_66,COM,0.984315,1.270488,1.795,4.194,4.519,61009.996605,60796.001439
A_OB_1.4_1.0_67,COM,1.252721,1.343022,1.382,1.339,2.703,63494.068245,60796.001439
A_OB_1.4_1.0_68,COM,0.004816,1.001237,1.011,2.348,5.202,61808.095525,60796.001439
A_OB_1.4_1.0_69,COM,0.962258,1.280064,1.104,2.726,2.137,60807.861258,60796.001439
A_OB_1.4_1.0_70,COM,0.980984,1.321968,1.749,4.057,2.402,60998.703457,60796.001439
A_OB_1.4_1.0_71,COM,0.08442,1.026948,1.017,2.467,3.411,60831.362371,60796.001439
A_OB_1.4_1.0_72,COM,0.850911,1.268783,0.731,2.497,5.012,64046.570245,60796.001439
A_OB_1.4_1.0_73,COM,6.634662,2.99703,1.436,4.062,2.549,62174.717279,60796.001439
A_OB_1.4_1.0_74,COM,0.444517,1.141479,2.559,5.935,3.504,63499.527546,60796.001439
A_OB_1.4_1.0_75,COM,1.364467,1.417998,0.896,1.497,4.344,64326.808625,60796.001439
A_OB_1.4_1.0_76,COM,1.111271,1.344128,2.295,1.225,0.447,62091.114263,60796.001439
A_OB_1.4_1.0_77,COM,0.561617,1.174048,0.884,1.324,5.176,63546.978176,60796.001439
A_OB_1.4_1.0_78,COM,0.7046,1.223377,1.576,4.302,3.689,60778.716236,60796.001439
A_OB_1.4_1.0_79,COM,0.452265,1.146718,0.606,5.899,5.905,60966.780464,60796.001439
A_OB_1.4_1.0_80,COM,1.089575,1.383921,1.396,4.998,3.245,62391.390927,60796.001439
A_OB_1.4_1.0_81,COM,1.370691,1.487972,1.541,3.895,2.263,61505.572396,60796.001439
A_OB_1.4_1.0_82,COM,0.482005,1.159591,1.281,1.202,0.187,63830.130941,60796.001439
A_OB_1.4_1.0_83,COM,0.873508,1.300491,1.601,3.04,4.444,64361.780569,60796.001439
A_OB_1.4_1.0_84,COM,15.89106,7.346178,1.801,5.769,2.966,62538.428502,60796.001439
A_OB_1.4_1.0_85,COM,0.366901,1.144473,2.424,3.771,3.591,63196.923921,60796.001439
A_OB_1.4_1.0_86,COM,0.964187,1.363643,1.43,1.036,3.809,62922.53582,60796.001439
A_OB_1.4_1.0_87,COM,1.381116,1.522888,1.677,4.423,2.003,62555.596019,60796.001439
A_OB_1.4_1.0_88,COM,2.044716,1.828236,2.424,5.415,2.984,63729.626992,60796.001439
A_OB_1.4_1.0_89,COM,0.173682,1.070517,1.413,3.902,3.197,60938.741212,60796.001439
A_OB_1.4_1.0_90,COM,1.756177,1.671731,0.774,3.105,2.194,60867.826657,60796.001439
A_OB_1.4_1.0_91,COM,0.402402,1.179335,1.971,0.665,4.247,63410.014974,60796.001439
A_OB_1.4_1.0_92,COM,0.504167,1.212987,2.476,5.465,3.926,63752.318763,60796.001439
A_OB_1.4_1.0_93,COM,0.415101,1.180173,2.219,0.364,4.636,63544.850898,60796.001439
A_OB_1.4_1.0_94,COM,13.254697,6.62275,0.993,2.638,3.261,62484.511143,60796.001439
A_OB_1.4_1.0_95,COM,20.841803,10.112742,0.597,0.823,5.778,60486.867993,60796.001439
A_OB_1.4_1.0_96,COM,2.499154,2.071867,2.104,1.052,4.3,61226.687949,60796.001439
A_OB_1.4_1.0_97,COM,1.239547,1.554193,1.843,4.491,3.0,61616.126787,60796.001439
A_OB_1.4_1.0_98,COM,1.671687,1.745538,1.41,0.238,6.034,61083.116971,60796.001439
A_OB_1.4_1.0_99,COM,2.118943,1.895828,0.883,3.194,4.157,63444.520468,60796.001439
A_OB_1.4_1.0_100,COM,1.24218,1.537761,1.937,2.753,2.487,62874.638533,60796.001439
A_OB_1.4_1.0_101,COM,1.52757,1.683117,1.399,1.863,4.556,62824.919532,60796.001439
A_OB_1.4_1.0_102,COM,1.07615,1.448706,1.729,3.851,3.794,62427.174081,60796.001439
A_OB_1.4_1.0_103,COM,1.102487,1.459551,0.826,0.766,4.263,64218.75087,60796.001439
A_OB_1.4_1.0_104,COM,0.911822,1.411591,0.263,1.689,4.354,61131.735798,60796.001439
A_OB_1.4_1.0_105,COM,1.465375,1.72634,1.215,1.193,4.53,64122.950464,60796.001439
A_OB_1.4_1.0_106,COM,0.70547,1.321432,1.118,2.319,4.619,64187.822683,60796.001439
A_OB_1.4_1.0_107,COM,0.682747,1.336733,0.746,2.604,4.006,63017.919832,60796.001439
A_OB_1.4_1.0_108,COM,18.187942,9.956469,2.578,0.841,4.506,60101.778744,60796.001439
A_OB_1.4_1.0_109,COM,0.177454,1.084237,1.974,2.248,3.657,62348.441544,60796.001439
A_OB_1.4_1.0_110,COM,1.38881,1.651486,2.163,1.215,5.122,62797.777045,60796.001439
A_OB_1.4_1.0_111,COM,2.537168,2.294737,0.919,1.287,4.186,62739.305489,60796.001439
A_OB_1.4_1.0_112,COM,1.036298,1.567399,2.223,1.194,4.347,63292.784623,60796.001439
A_OB_1.4_1.0_113,COM,0.693488,1.357524,2.099,5.37,3.282,64500.977502,60796.001439
A_OB_1.4_1.0_114,COM,1.420022,1.766373,2.703,1.06,5.095,61778.863007,60796.001439
A_OB_1.4_1.0_115,COM,1.489168,1.756604,1.334,5.152,2.529,63171.177326,60796.001439
A_OB_1.4_1.0_116,COM,0.338958,1.17487,2.521,3.379,4.599,60828.460509,60796.001439
A_OB_1.4_1.0_117,COM,1.069809,1.537499,1.598,4.059,2.391,62532.922222,60796.001439
A_OB_1.4_1.0_118,COM,0.966794,1.520553,1.092,5.256,2.963,62348.8506,60796.001439
A_OB_1.4_1.0_119,COM,0.573392,1.298437,1.734,5.744,2.44,63616.542097,60796.001439
A_OB_1.4_1.0_120,COM,0.135352,1.076455,2.017,5.772,3.997,63158.630953,60796.001439
A_OB_1.4_1.0_121,COM,1.515245,1.889157,1.981,1.916,4.871,61702.705748,60796.001439
A_OB_1.4_1.0_122,COM,1.051841,1.584187,0.865,0.987,5.734,63306.028298,60796.001439
A_OB_1.4_1.0_123,COM,0.47087,1.264896,1.468,4.962,3.176,63723.49894,60796.001439
A_OB_1.4_1.0_124,COM,2.081541,2.165421,1.824,4.045,3.908,62449.033196,60796.001439
A_OB_1.4_1.0_125,COM,0.358345,1.207442,0.66,1.298,4.992,63454.531512,60796.001439
A_OB_1.4_1.0_126,COM,0.922376,1.521248,1.553,5.615,2.688,60763.853518,60796.001439
A_OB_1.4_1.0_127,COM,1.466598,1.865074,1.596,3.652,3.587,63232.65255,60796.001439
A_OB_1.4_1.0_128,COM,0.037585,1.023951,2.016,1.401,5.546,61100.874152,60796.001439
A_OB_1.4_1.0_129,COM,2.305453,2.402693,1.718,4.276,2.91,63889.910253,60796.001439
A_OB_1.4_1.0_130,COM,1.453772,1.930348,1.76,3.629,3.435,62264.491582,60796.001439
A_OB_1.4_1.0_131,COM,1.357849,1.855361,2.972,5.412,2.442,61712.623364,60796.001439
A_OB_1.4_1.0_132,COM,0.72973,1.455255,1.67,5.052,2.757,62216.301415,60796.001439
A_OB_1.4_1.0_133,COM,0.775022,1.515284,0.285,0.208,1.484,61229.458523,60796.001439
A_OB_1.4_1.0_134,COM,0.821909,1.552747,1.637,1.501,5.062,64041.850997,60796.001439
A_OB_1.4_1.0_135,COM,0.566734,1.370827,2.136,0.576,4.257,62733.341866,60796.001439
A_OB_1.4_1.0_136,COM,1.375911,1.974479,2.068,5.011,2.306,62513.508833,60796.001439
A_OB_1.4_1.0_137,COM,1.440541,1.972924,2.613,0.564,4.133,63473.865174,60796.001439
A_OB_1.4_1.0_138,COM,0.431357,1.29555,1.349,4.427,3.007,62227.110325,60796.001439
A_OB_1.4_1.0_139,COM,1.267457,1.851806,2.029,0.028,4.056,63809.548885,60796.001439
A_OB_1.4_1.0_140,COM,0.925977,1.649826,1.633,1.898,3.905,62839.071081,60796.001439
A_OB_1.4_1.0_141,COM,1.489209,2.052586,0.904,2.157,4.172,63237.001351,60796.001439
A_OB_1.4_1.0_142,COM,0.722727,1.48351,2.893,0.398,3.917,63078.671603,60796.001439
A_OB_1.4_1.0_143,COM,6.103731,5.0796,2.643,1.625,4.478,61059.119249,60796.001439
A_OB_1.4_1.0_144,COM,1.681854,2.236524,1.926,1.288,4.192,61466.123701,60796.001439
A_OB_1.4_1.0_145,COM,0.955002,1.676943,1.958,4.194,3.006,61620.148417,60796.001439
A_OB_1.4_1.0_146,COM,0.219612,1.163254,0.27,0.875,5.643,64130.004943,60796.001439
A_OB_1.4_1.0_147,COM,1.015263,1.742788,1.513,1.885,4.032,63429.880011,60796.001439
A_OB_1.4_1.0_148,COM,0.266087,1.203259,1.615,1.904,4.861,63435.860264,60796.001439
A_OB_1.4_1.0_149,COM,0.746487,1.547043,1.422,4.574,3.348,61641.237527,60796.001439
A_OB_1.4_1.0_150,COM,0.192642,1.137238,0.789,3.226,1.146,63738.810568,60796.001439
A_OB_1.4_1.0_151,COM,1.653438,2.352871,1.213,4.003,2.86,62746.803809,60796.001439
A_OB_1.4_1.0_152,COM,1.63562,2.282699,2.688,5.572,3.669,62625.484868,60796.001439
A_OB_1.4_1.0_153,COM,0.663625,1.511541,1.981,1.05,3.888,60832.960674,60796.001439
A_OB_1.4_1.0_154,COM,1.01356,1.793179,1.63,1.824,2.683,63540.123358,60796.001439
A_OB_1.4_1.0_155,COM,1.486732,2.182989,2.868,3.65,1.403,62659.231612,60796.001439
A_OB_1.4_1.0_156,COM,1.136111,1.911488,0.954,4.126,3.518,61057.768298,60796.001439
A_OB_1.4_1.0_157,COM,1.380373,2.091646,1.327,1.572,5.257,61124.797065,60796.001439
A_OB_1.4_1.0_158,COM,4.999689,4.901564,2.648,5.293,2.798,61468.46703,60796.001439
A_OB_1.4_1.0_159,COM,6.853883,6.418274,0.974,4.929,2.422,63901.774381,60796.001439
A_OB_1.4_1.0_160,COM,0.553623,1.457705,1.26,4.409,3.536,61253.686567,60796.001439
A_OB_1.4_1.0_161,COM,0.222211,1.192393,2.752,6.026,3.724,61204.315451,60796.001439
A_OB_1.4_1.0_162,COM,4.425382,4.863692,2.813,4.656,1.85,63494.242771,60796.001439
A_OB_1.4_1.0_163,COM,0.333626,1.288848,2.594,4.273,2.739,61617.97814,60796.001439
A_OB_1.4_1.0_164,COM,0.600883,1.513704,1.287,6.129,3.779,63472.811252,60796.001439
A_OB_1.4_1.0_165,COM,0.829894,1.754713,2.071,5.675,3.578,63270.324387,60796.001439
A_OB_1.4_1.0_166,COM,1.2696,2.159074,0.612,3.53,2.961,61591.373075,60796.001439
A_OB_1.4_1.0_167,COM,2.408157,3.191675,1.917,1.685,4.331,61242.160921,60796.001439
A_OB_1.4_1.0_168,COM,1.874455,2.742046,2.376,0.459,3.167,60782.042353,60796.001439
A_OB_1.4_1.0_169,COM,8.100714,8.532959,1.55,4.051,2.46,61532.943347,60796.001439
A_OB_1.4_1.0_170,COM,1.014896,1.946813,1.356,0.993,3.942,64154.223605,60796.001439
A_OB_1.4_1.0_171,COM,1.439038,2.43312,1.379,0.806,4.367,64154.972904,60796.001439
A_OB_1.4_1.0_172,COM,0.695039,1.685919,1.698,1.758,4.603,61672.560292,60796.001439
A_OB_1.4_1.0_173,COM,1.265931,2.246634,1.733,0.944,5.105,60956.32554,60796.001439
A_OB_1.4_1.0_174,COM,1.133673,2.106963,0.727,4.484,2.76,64069.026056,60796.001439
A_OB_1.4_1.0_175,COM,0.194491,1.188902,1.761,2.099,5.314,63165.536531,60796.001439
A_OB_1.4_1.0_176,COM,0.703724,1.747072,1.535,4.432,3.254,61499.001025,60796.001439
A_OB_1.4_1.0_177,COM,1.121034,2.151607,0.85,1.977,4.142,61882.689984,60796.001439
A_OB_1.4_1.0_178,COM,0.364921,1.375024,2.039,5.919,2.95,63780.760662,60796.001439
A_OB_1.4_1.0_179,COM,1.75801,3.010217,0.975,4.27,2.822,61467.422097,60796.001439
A_OB_1.4_1.0_180,COM,0.086359,1.098297,1.644,4.401,3.492,63474.506921,60796.001439
A_OB_1.4_1.0_181,COM,4.782071,6.490498,1.201,3.797,3.071,64193.35525,60796.001439
A_OB_1.4_1.0_182,COM,2.541879,3.972434,2.096,6.211,3.475,62026.725661,60796.001439
A_OB_1.4_1.0_183,COM,0.969051,2.135157,1.354,1.493,4.896,63476.949023,60796.001439
A_OB_1.4_1.0_184,COM,2.606738,4.092706,1.611,4.968,1.966,64065.46402,60796.001439
A_OB_1.4_1.0_185,COM,1.115791,2.324886,2.134,0.837,4.666,62486.236321,60796.001439
A_OB_1.4_1.0_186,COM,1.106262,2.344002,1.248,2.449,4.052,61717.273288,60796.001439
A_OB_1.4_1.0_187,COM,1.756832,3.143567,1.609,3.849,4.219,62123.887158,60796.001439
A_OB_1.4_1.0_188,COM,14.90822,19.955106,1.275,4.417,2.278,61357.015465,60796.001439
A_OB_1.4_1.0_189,COM,1.698869,3.155021,2.331,6.11,3.209,61484.351625,60796.001439
A_OB_1.4_1.0_190,COM,0.863847,2.070883,1.083,3.531,3.999,61270.205698,60796.001439
A_OB_1.4_1.0_191,COM,0.132074,1.177272,1.858,4.917,2.616,61493.131374,60796.001439
A_OB_1.4_1.0_192,COM,5.483447,8.591418,1.034,3.813,2.23,61095.110838,60796.001439
A_OB_1.4_1.0_193,COM,1.756137,3.374212,1.418,1.899,3.953,62857.760013,60796.001439
A_OB_1.4_1.0_194,COM,0.825743,2.117379,2.571,0.827,3.98,62605.477153,60796.001439
A_OB_1.4_1.0_195,COM,1.220228,2.758101,1.538,4.267,3.162,62155.897797,60796.001439
A_OB_1.4_1.0_196,COM,0.964546,2.346841,0.717,3.812,2.602,61666.151079,60796.001439
A_OB_1.4_1.0_197,COM,2.116524,4.073993,0.985,3.869,4.254,62553.563584,60796.001439
A_OB_1.4_1.0_198,COM,1.981497,3.826869,0.512,3.566,3.043,61358.170631,60796.001439
A_OB_1.4_1.0_199,COM,0.896933,2.294041,1.611,0.971,4.697,63529.680744,60796.001439
A_OB_1.4_1.0_200,COM,1.59903,3.422349,1.545,1.205,3.775,62894.970751,60796.001439
A_OB_1.4_1.0_201,COM,0.545365,1.864512,1.564,5.219,2.534,61676.234855,60796.001439
A_OB_1.4_1.0_202,COM,1.050789,2.650703,1.726,3.394,3.784,64115.32363,60796.001439
A_OB_1.4_1.0_203,COM,1.707008,4.081862,0.562,3.859,3.06,61515.756989,60796.001439
A_OB_1.4_1.0_204,COM,0.809628,2.477579,1.328,4.644,2.761,62080.354579,60796.001439
A_OB_1.4_1.0_205,COM,0.465641,1.887174,1.662,5.05,2.805,63451.730277,60796.001439
A_OB_1.4_1.0_206,COM,1.939373,4.913244,1.432,1.676,4.147,63748.473017,60796.001439
A_OB_1.4_1.0_207,COM,1.031532,3.215365,0.661,2.508,4.012,61214.249734,60796.001439
A_OB_1.4_1.0_208,COM,0.939399,3.169739,1.81,1.31,4.466,63442.554919,60796.001439
A_OB_1.4_1.0_209,COM,1.17063,3.809342,2.168,1.624,4.554,62605.142933,60796.001439
A_OB_1.4_1.0_210,COM,1.5017,4.656565,2.59,0.945,3.443,61925.2674,60796.001439
A_OB_1.4_1.0_211,COM,1.909717,7.347735,2.076,5.578,2.678,62215.084422,60796.001439
A_OB_1.4_1.0_212,COM,4.377598,15.648192,2.513,0.741,4.406,61218.730405,60796.001439
A_OB_1.4_1.0_213,COM,0.914599,4.167187,0.68,3.206,2.636,61004.04619,60796.001439
A_OB_1.4_1.0_214,COM,1.036705,5.632802,1.972,5.517,2.314,63281.232654,60796.001439
