ObjID,H_g,u-r,g-r,i-r,z-r,y-r,GS
A_OB_1.0_1.0_0,21.42,2.31,0.73,-0.33,-0.5,-0.68,0.15
A_OB_1.0_1.0_1,20.86,2.31,0.73,-0.33,-0.5,-0.68,0.15
A_OB_1.0_1.0_2,24.17,2.31,0.73,-0.33,-0.5,-0.68,0.15
A_OB_1.0_1.0_3,21.67,2.31,0.73,-0.33,-0.5,-0.68,0.15
A_OB_1.0_1.0_4,20.17,2.31,0.73,-0.33,-0.5,-0.68,0.15
A_OB_1.0_1.0_5,18.02,2.31,0.73,-0.33,-0.5,-0.68,0.15
A_OB_1.0_1.0_6,24.61,2.31,0.73,-0.33,-0.5,-0.68,0.15
A_OB_1.0_1.0_7,22.3,2.31,0.73,-0.33,-0.5,-0.68,0.15
A_OB_1.0_1.0_8,23.82,2.31,0.73,-0.33,-0.5,-0.68,0.15
A_OB_1.0_1.0_9,20.46,2.31,0.73,-0.33,-0.5,-0.68,0.15
A_OB_1.0_1.0_10,13.6,2.31,0.73,-0.33,-0.5,-0.68,0.15
A_OB_1.0_1.0_11,24.48,2.31,0.73,-0.33,-0.5,-0.68,0.15
A_OB_1.0_1.0_12,24.14,2.31,0.73,-0.33,-0.5,-0.68,0.15
A_OB_1.0_1.0_13,10.09,2.31,0.73,-0.33,-0.5,-0.68,0.15
A_OB_1.0_1.0_14,20.82,2.31,0.73,-0.33,-0.5,-0.68,0.15
A_OB_1.0_1.0_15,11.83,2.31,0.73,-0.33,-0.5,-0.68,0.15
A_OB_1.0_1.0_16,20.68,2.31,0.73,-0.33,-0.5,-0.68,0.15
A_OB_1.0_1.0_17,14.47,2.31,0.73,-0.33,-0.5,-0.68,0.15
A_OB_1.0_1.0_18,24.54,2.31,0.73,-0.33,-0.5,-0.68,0.15
A_OB_1.0_1.0_19,22.51,2.31,0.73,-0.33,-0.5,-0.68,0.15
A_OB_1.0_1.0_20,19.21,2.31,0.73,-0.33,-0.5,-0.68,0.15
A_OB_1.0_1.0_21,14.31,2.31,0.73,-0.33,-0.5,-0.68,0.15
A_OB_1.0_1.0_22,6.39,2.31,0.73,-0.33,-0.5,-0.68,0.15
A_OB_1.0_1.0_23,5.97,2.31,0.73,-0.33,-0.5,-0.68,0.15
A_OB_1.0_1.0_24,21.52,2.31,0.73,-0.33,-0.5,-0.68,0.15
A_OB_1.0_1.0_25,24.41,2.31,0.73,-0.33,-0.5,-0.68,0.15
A_OB_1.0_1.0_26,24.87,2.31,0.73,-0.33,-0.5,-0.68,0.15
A_OB_1.0_1.0_27,5.99,2.31,0.73,-0.33,-0.5,-0.68,0.15
A_OB_1.0_1.0_28,16.42,2.31,0.73,-0.33,-0.5,-0.68,0.15
A_OB_1.0_1.0_29,20.83,2.31,0.73,-0.33,-0.5,-0.68,0.15
A_OB_1.0_1.0_30,15.73,2.31,0.73,-0.33,-0.5,-0.68,0.15
A_OB_1.0_1.0_31,19.53,2.31,0.73,-0.33,-0.5,-0.68,0.15
A_OB_1.0_1.0_32,24.34,2.31,0.73,-0.33,-0.5,-0.68,0.15
A_OB_1.0_1.0_33,23.44,2.31,0.73,-0.33,-0.5,-0.68,0.15
A_OB_1.0_1.0_34,23.49,2.31,0.73,-0.33,-0.5,-0.68,0.15
A_OB_1.0_1.0_35,16.56,2.31,0.73,-0.33,-0.5,-0.68,0.15
A_OB_1.0_1.0_36,10.48,2.31,0.73,-0.33,-0.5,-0.68,0.15
A_OB_1.0_1.0_37,12.05,2.31,0.73,-0.33,-0.5,-0.68,0.15
A_OB_1.0_1.0_38,19.03,2.31,0.73,-0.33,-0.5,-0.68,0.15
A_OB_1.0_1.0_39,11.3,2.31,0.73,-0.33,-0.5,-0.68,0.15
A_OB_1.0_1.0_40,25.42,2.31,0.73,-0.33,-0.5,-0.68,0.15
A_OB_1.0_1.0_41,25.44,2.31,0.73,-0.33,-0.5,-0.68,0.15
A_OB_1.0_1.0_42,23.67,2.31,0.73,-0.33,-0.5,-0.68,0.15
A_OB_1.0_1.0_43,22.32,2.31,0.73,-0.33,-0.5,-0.68,0.15
A_OB_1.0_1.0_44,25.55,2.31,0.73,-0.33,-0.5,-0.68,0.15
A_OB_1.0_1.0_45,22.92,2.31,0.73,-0.33,-0.5,-0.68,0.15
A_OB_1.0_1.0_46,24.59,2.31,0.73,-0.33,-0.5,-0.68,0.15
A_OB_1.0_1.0_47,15.16,2.31,0.73,-0.33,-0.5,-0.68,0.15
A_OB_1.0_1.0_48,14.42,2.31,0.73,-0.33,-0.5,-0.68,0.15
A_OB_1.0_1.0_49,10.1,2.31,0.73,-0.33,-0.5,-0.68,0.15
A_OB_1.0_1.0_50,6.17,2.31,0.73,-0.33,-0.5,-0.68,0.15
A_OB_1.0_1.0_51,18.29,2.31,0.73,-0.33,-0.5,-0.68,0.15
A_OB_1.0_1.0_52,19.32,2.31,0.73,-0.33,-0.5,-0.68,0.15
A_OB_1.0_1.0_53,7.52,2.31,0.73,-0.33,-0.5,-0.68,0.15
A_OB_1.0_1.0_54,25.58,2.31,0.73,-0.33,-0.5,-0.68,0.15
A_OB_1.0_1.0_55,25.46,2.31,0.73,-0.33,-0.5,-0.68,0.15
A_OB_1.0_1.0_56,25.58,2.31,0.73,-0.33,-0.5,-0.68,0.15
A_OB_1.0_1.0_57,19.86,2.31,0.73,-0.33,-0.5,-0.68,0.15
A_OB_1.0_1.0_58,24.57,2.31,0.73,-0.33,-0.5,-0.68,0.15
A_OB_1.0_1.0_59,8.49,2.31,0.73,-0.33,-0.5,-0.68,0.15
A_OB_1.0_1.0_60,25.26,2.31,0.73,-0.33,-0.5,-0.68,0.15
A_OB_1.0_1.0_61,21.2,2.31,0.73,-0.33,-0.5,-0.68,0.15
A_OB_1.0_1.0_62,24.6,2.31,0.73,-0.33,-0.5,-0.68,0.15
A_OB_1.0_1.0_63,22.19,2.31,0.73,-0.33,-0.5,-0.68,0.15
A_OB_1.0_1.0_64,24.3,2.31,0.73,-0.33,-0.5,-0.68,0.15
A_OB_1.0_1.0_65,17.87,2.31,0.73,-0.33,-0.5,-0.68,0.15
A_OB_1.0_1.0_66,23.59,2.31,0.73,-0.33,-0.5,-0.68,0.15
A_OB_1.0_1.0_67,18.22,2.31,0.73,-0.33,-0.5,-0.68,0.15
A_OB_1.0_1.0_68,12.2,2.31,0.73,-0.33,-0.5,-0.68,0.15
A_OB_1.0_1.0_69,8.38,2.31,0.73,-0.33,-0.5,-0.68,0.15
A_OB_1.0_1.0_70,6.24,2.31,0.73,-0.33,-0.5,-0.68,0.15
A_OB_1.0_1.0_71,19.01,2.31,0.73,-0.33,-0.5,-0.68,0.15
A_OB_1.0_1.0_72,18.94,2.31,0.73,-0.33,-0.5,-0.68,0.15
A_OB_1.0_1.0_73,24.86,2.31,0.73,-0.33,-0.5,-0.68,0.15
A_OB_1.0_1.0_74,24.62,2.31,0.73,-0.33,-0.5,-0.68,0.15
A_OB_1.0_1.0_75,6.18,2.31,0.73,-0.33,-0.5,-0.68,0.15
A_OB_1.0_1.0_76,24.23,2.31,0.73,-0.33,-0.5,-0.68,0.15
A_OB_1.0_1.0_77,18.68,2.31,0.73,-0.33,-0.5,-0.68,0.15
A_OB_1.0_1.0_78,25.38,2.31,0.73,-0.33,-0.5,-0.68,0.15
A_OB_1.0_1.0_79,11.4,2.31,0.73,-0.33,-0.5,-0.68,0.15
A_OB_1.0_1.0_80,16.1,2.31,0.73,-0.33,-0.5,-0.68,0.15
A_OB_1.0_1.0_81,18.73,2.31,0.73,-0.33,-0.5,-0.68,0.15
A_OB_1.0_1.0_82,24.38,2.31,0.73,-0.33,-0.5,-0.68,0.15
A_OB_1.0_1.0_83,24.43,2.31,0.73,-0.33,-0.5,-0.68,0.15
A_OB_1.0_1.0_84,13.08,2.31,0.73,-0.33,-0.5,-0.68,0.15
A_OB_1.0_1.0_85,22.03,2.31,0.73,-0.33,-0.5,-0.68,0.15
A_OB_1.0_1.0_86,12.23,2.31,0.73,-0.33,-0.5,-0.68,0.15
A_OB_1.0_1.0_87,19.64,2.31,0.73,-0.33,-0.5,-0.68,0.15
A_OB_1.0_1.0_88,25.4,2.31,0.73,-0.33,-0.5,-0.68,0.15
A_OB_1.0_1.0_89,22.91,2.31,0.73,-0.33,-0.5,-0.68,0.15
A_OB_1.0_1.0_90,22.52,2.31,0.73,-0.33,-0.5,-0.68,0.15
A_OB_1.0_1.0_91,7.76,2.31,0.73,-0.33,-0.5,-0.68,0.15
A_OB_1.0_1.0_92,16.94,2.31,0.73,-0.33,-0.5,-0.68,0.15
A_OB_1.0_1.0_93,17.99,2.31,0.73,-0.33,-0.5,-0.68,0.15
A_OB_1.0_1.0_94,24.83,2.31,0.73,-0.33,-0.5,-0.68,0.15
A_OB_1.0_1.0_95,8.78,2.31,0.73,-0.33,-0.5,-0.68,0.15
A_OB_1.0_1.0_96,15.02,2.31,0.73,-0.33,-0.5,-0.68,0.15
A_OB_1.0_1.0_97,8.24,2.31,0.73,-0.33,-0.5,-0.68,0.15
A_OB_1.0_1.0_98,16.9,2.31,0.73,-0.33,-0.5,-0.68,0.15
A_OB_1.0_1.0_99,7.73,2.31,0.73,-0.33,-0.5,-0.68,0.15
A_OB_1.0_1.0_100,6.34,2.31,0.73,-0.33,-0.5,-0.68,0.15
A_OB_1.0_1.0_101,23.98,2.31,0.73,-0.33,-0.5,-0.68,0.15
A_OB_1.0_1.0_102,23.33,2.31,0.73,-0.33,-0.5,-0.68,0.15
A_OB_1.0_1.0_103,7.82,2.31,0.73,-0.33,-0.5,-0.68,0.15
A_OB_1.0_1.0_104,13.73,2.31,0.73,-0.33,-0.5,-0.68,0.15
A_OB_1.0_1.0_105,19.21,2.31,0.73,-0.33,-0.5,-0.68,0.15
A_OB_1.0_1.0_106,24.62,2.31,0.73,-0.33,-0.5,-0.68,0.15
A_OB_1.0_1.0_107,17.54,2.31,0.73,-0.33,-0.5,-0.68,0.15
A_OB_1.0_1.0_108,23.34,2.31,0.73,-0.33,-0.5,-0.68,0.15
A_OB_1.0_1.0_109,23.49,2.31,0.73,-0.33,-0.5,-0.68,0.15
A_OB_1.0_1.0_110,5.67,2.31,0.73,-0.33,-0.5,-0.68,0.15
A_OB_1.0_1.0_111,20.36,2.31,0.73,-0.33,-0.5,-0.68,0.15
A_OB_1.0_1.0_112,25.22,2.31,0.73,-0.33,-0.5,-0.68,0.15
A_OB_1.0_1.0_113,24.89,2.31,0.73,-0.33,-0.5,-0.68,0.15
A_OB_1.0_1.0_114,19.66,2.31,0.73,-0.33,-0.5,-0.68,0.15
A_OB_1.0_1.0_115,7.02,2.31,0.73,-0.33,-0.5,-0.68,0.15
A_OB_1.0_1.0_116,12.05,2.31,0.73,-0.33,-0.5,-0.68,0.15
A_OB_1.0_1.0_117,15.01,2.31,0.73,-0.33,-0.5,-0.68,0.15
A_OB_1.0_1.0_118,10.59,2.31,0.73,-0.33,-0.5,-0.68,0.15
A_OB_1.0_1.0_119,13.66,2.31,0.73,-0.33,-0.5,-0.68,0.15
A_OB_1.0_1.0_120,22.62,2.31,0.73,-0.33,-0.5,-0.68,0.15
A_OB_1.0_1.0_121,16.28,2.31,0.73,-0.33,-0.5,-0.68,0.15
A_OB_1.0_1.0_122,24.79,2.31,0.73,-0.33,-0.5,-0.68,0.15
A_OB_1.0_1.0_123,22.86,2.31,0.73,-0.33,-0.5,-0.68,0.15
A_OB_1.0_1.0_124,13.83,2.31,0.73,-0.33,-0.5,-0.68,0.15
A_OB_1.0_1.0_125,24.03,2.31,0.73,-0.33,-0.5,-0.68,0.15
A_OB_1.0_1.0_126,10.62,2.31,0.73,-0.33,-0.5,-0.68,0.15
A_OB_1.0_1.0_127,23.45,2.31,0.73,-0.33,-0.5,-0.68,0.15
A_OB_1.0_1.0_128,22.8,2.31,0.73,-0.33,-0.5,-0.68,0.15
A_OB_1.0_1.0_129,22.19,2.31,0.73,-0.33,-0.5,-0.68,0.15
A_OB_1.0_1.0_130,7.34,2.31,0.73,-0.33,-0.5,-0.68,0.15
A_OB_1.0_1.0_131,17.71,2.31,0.73,-0.33,-0.5,-0.68,0.15
A_OB_1.0_1.0_132,16.54,2.31,0.73,-0.33,-0.5,-0.68,0.15
A_OB_1.0_1.0_133,13.76,2.31,0.73,-0.33,-0.5,-0.68,0.15
A_OB_1.0_1.0_134,10.53,2.31,0.73,-0.33,-0.5,-0.68,0.15
A_OB_1.0_1.0_135,7.28,2.31,0.73,-0.33,-0.5,-0.68,0.15
A_OB_1.0_1.0_136,18.72,2.31,0.73,-0.33,-0.5,-0.68,0.15
A_OB_1.0_1.0_137,25.36,2.31,0.73,-0.33,-0.5,-0.68,0.15
A_OB_1.0_1.0_138,22.9,2.31,0.73,-0.33,-0.5,-0.68,0.15
A_OB_1.0_1.0_139,8.72,2.31,0.73,-0.33,-0.5,-0.68,0.15
A_OB_1.0_1.0_140,22.31,2.31,0.73,-0.33,-0.5,-0.68,0.15
A_OB_1.0_1.0_141,23.2,2.31,0.73,-0.33,-0.5,-0.68,0.15
A_OB_1.0_1.0_142,24.78,2.31,0.73,-0.33,-0.5,-0.68,0.15
A_OB_1.0_1.0_143,18.46,2.31,0.73,-0.33,-0.5,-0.68,0.15
