ObjID,FORMAT,q,e,inc,node,argPeri,t_p_MJD_TDB,epochMJD_TDB
A_OB_1.7999999999999998_1.0_0,COM,0.525063,1.000114,1.344,4.622,6.185,60835.930117,60796.001439
A_OB_1.7999999999999998_1.0_1,COM,0.621879,1.006376,1.048,0.768,2.955,62173.742417,60796.001439
A_OB_1.7999999999999998_1.0_2,COM,1.247242,1.007372,2.758,1.062,2.537,63363.561565,60796.001439
A_OB_1.7999999999999998_1.0_3,COM,0.197627,1.001424,2.18,1.549,4.806,64339.865902,60796.001439
A_OB_1.7999999999999998_1.0_4,COM,1.123619,1.018287,1.766,1.933,3.012,61212.919901,60796.001439
A_OB_1.7999999999999998_1.0_5,COM,1.235736,1.020121,0.99,0.971,0.229,62391.206332,60796.001439
A_OB_1.7999999999999998_1.0_6,COM,1.158418,1.023333,2.69,2.276,0.16,62826.500905,60796.001439
A_OB_1.7999999999999998_1.0_7,COM,0.816496,1.023488,1.01,3.992,5.135,64298.39513,60796.001439
A_OB_1.7999999999999998_1.0_8,COM,0.449445,1.011022,2.643,2.391,1.976,63534.112929,60796.001439
A_OB_1.7999999999999998_1.0_9,COM,1.148117,1.024578,2.653,0.131,4.383,61956.410783,60796.001439
A_OB_1.7999999999999998_1.0_10,COM,1.26726,1.045794,1.599,0.293,6.126,61067.070644,60796.001439
A_OB_1.7999999999999998_1.0_11,COM,1.237572,1.049792,1.691,5.97,4.651,61273.997334,60796.001439
A_OB_1.7999999999999998_1.0_12,COM,0.160267,1.006312,1.968,1.447,4.655,61965.182182,60796.001439
A_OB_1.7999999999999998_1.0_13,COM,1.128874,1.04476,2.071,4.217,2.582,62498.60115,60796.001439
A_OB_1.7999999999999998_1.0_14,COM,0.627056,1.021224,0.692,4.588,3.377,62330.342703,60796.001439
A_OB_1.7999999999999998_1.0_15,COM,0.997904,1.034608,2.42,2.006,1.716,60735.274967,60796.001439
A_OB_1.7999999999999998_1.0_16,COM,0.290893,1.008813,0.789,2.656,2.532,64445.043234,60796.001439
A_OB_1.7999999999999998_1.0_17,COM,1.328855,1.064679,2.234,2.611,4.919,63881.278195,60796.001439
A_OB_1.7999999999999998_1.0_18,COM,0.997535,1.042458,2.678,1.198,2.437,62708.236836,60796.001439
A_OB_1.7999999999999998_1.0_19,COM,0.854109,1.036929,0.781,4.061,4.531,63809.924052,60796.001439
A_OB_1.7999999999999998_1.0_20,COM,0.920524,1.051781,1.2,5.588,3.831,62101.006716,60796.001439
A_OB_1.7999999999999998_1.0_21,COM,1.614099,1.0691,1.321,2.154,4.828,61587.721277,60796.001439
A_OB_1.7999999999999998_1.0_22,COM,0.497508,1.024599,1.921,4.323,5.641,61123.997667,60796.001439
A_OB_1.7999999999999998_1.0_23,COM,1.105636,1.047261,2.0,0.595,0.119,63877.501131,60796.001439
A_OB_1.7999999999999998_1.0_24,COM,1.46538,1.08014,1.873,3.156,6.164,61459.546959,60796.001439
A_OB_1.7999999999999998_1.0_25,COM,0.92235,1.039111,2.046,2.342,5.55,61580.564512,60796.001439
A_OB_1.7999999999999998_1.0_26,COM,0.147922,1.006495,2.956,0.852,1.979,62187.670506,60796.001439
A_OB_1.7999999999999998_1.0_27,COM,0.636073,1.035092,0.393,3.247,3.273,63901.067474,60796.001439
A_OB_1.7999999999999998_1.0_28,COM,0.662655,1.036907,0.413,5.574,2.72,61349.164388,60796.001439
A_OB_1.7999999999999998_1.0_29,COM,1.099205,1.070312,2.623,1.238,0.433,63285.441666,60796.001439
A_OB_1.7999999999999998_1.0_30,COM,0.156859,1.009914,2.648,2.093,1.712,63261.179334,60796.001439
A_OB_1.7999999999999998_1.0_31,COM,0.942759,1.068283,2.464,1.903,5.361,63310.274972,60796.001439
A_OB_1.7999999999999998_1.0_32,COM,0.417881,1.026344,0.695,0.897,3.331,63155.196156,60796.001439
A_OB_1.7999999999999998_1.0_33,COM,1.581759,1.102626,1.901,3.762,2.767,61754.832011,60796.001439
A_OB_1.7999999999999998_1.0_34,COM,1.066515,1.070241,2.049,4.599,1.608,60799.07301,60796.001439
A_OB_1.7999999999999998_1.0_35,COM,1.206325,1.069604,1.598,5.295,4.272,62488.805932,60796.001439
A_OB_1.7999999999999998_1.0_36,COM,7.627369,1.497873,2.122,0.11,3.509,64634.594276,60796.001439
A_OB_1.7999999999999998_1.0_37,COM,0.803846,1.057786,0.446,4.45,2.629,62786.179107,60796.001439
A_OB_1.7999999999999998_1.0_38,COM,0.935893,1.063422,0.559,1.224,5.297,61205.104213,60796.001439
A_OB_1.7999999999999998_1.0_39,COM,1.287752,1.086348,0.691,2.15,4.829,63222.658908,60796.001439
A_OB_1.7999999999999998_1.0_40,COM,1.382504,1.094453,1.906,1.594,5.119,62453.600626,60796.001439
A_OB_1.7999999999999998_1.0_41,COM,1.447588,1.113131,2.757,5.34,1.11,63596.16606,60796.001439
A_OB_1.7999999999999998_1.0_42,COM,0.253348,1.019932,1.104,5.915,0.326,61006.613444,60796.001439
A_OB_1.7999999999999998_1.0_43,COM,0.534281,1.043872,2.262,1.088,4.793,62177.696955,60796.001439
A_OB_1.7999999999999998_1.0_44,COM,0.654633,1.051374,2.685,0.736,2.736,64069.110987,60796.001439
A_OB_1.7999999999999998_1.0_45,COM,1.673369,1.129044,1.536,3.131,0.709,61234.760817,60796.001439
A_OB_1.7999999999999998_1.0_46,COM,1.313046,1.115187,2.703,5.765,0.875,63110.695074,60796.001439
A_OB_1.7999999999999998_1.0_47,COM,1.444592,1.12993,2.108,5.831,6.146,63328.483773,60796.001439
A_OB_1.7999999999999998_1.0_48,COM,0.868902,1.080774,1.096,5.992,0.352,64326.98001,60796.001439
A_OB_1.7999999999999998_1.0_49,COM,0.382814,1.031772,2.172,1.123,1.736,64208.427177,60796.001439
A_OB_1.7999999999999998_1.0_50,COM,0.300237,1.024095,1.429,1.427,5.819,61477.748703,60796.001439
A_OB_1.7999999999999998_1.0_51,COM,1.693364,1.149541,1.159,0.592,5.472,63430.547931,60796.001439
A_OB_1.7999999999999998_1.0_52,COM,0.92311,1.08076,2.255,5.829,4.8,64458.238513,60796.001439
A_OB_1.7999999999999998_1.0_53,COM,1.254687,1.115276,2.421,3.369,0.282,62055.414632,60796.001439
A_OB_1.7999999999999998_1.0_54,COM,1.075961,1.098804,0.494,2.125,4.04,63866.985557,60796.001439
A_OB_1.7999999999999998_1.0_55,COM,1.03345,1.078513,1.268,1.11,3.825,61651.145474,60796.001439
A_OB_1.7999999999999998_1.0_56,COM,2.452745,1.199276,2.997,4.313,3.918,64340.34007,60796.001439
A_OB_1.7999999999999998_1.0_57,COM,1.009136,1.092727,2.122,5.447,3.709,63822.065927,60796.001439
A_OB_1.7999999999999998_1.0_58,COM,0.053208,1.004811,2.472,4.047,4.983,62710.470661,60796.001439
A_OB_1.7999999999999998_1.0_59,COM,1.436356,1.107438,1.421,4.975,2.273,63338.721516,60796.001439
A_OB_1.7999999999999998_1.0_60,COM,2.719744,1.234172,1.066,5.522,3.6,62353.416625,60796.001439
A_OB_1.7999999999999998_1.0_61,COM,0.781037,1.058139,1.423,4.018,0.051,61809.594215,60796.001439
A_OB_1.7999999999999998_1.0_62,COM,0.05281,1.004613,0.422,4.777,4.441,60685.529094,60796.001439
A_OB_1.7999999999999998_1.0_63,COM,0.69964,1.064454,2.058,4.151,4.237,63317.938752,60796.001439
A_OB_1.7999999999999998_1.0_64,COM,1.135837,1.107355,2.833,5.986,5.504,62221.101811,60796.001439
A_OB_1.7999999999999998_1.0_65,COM,1.805902,1.175304,1.371,5.584,1.558,63634.186015,60796.001439
A_OB_1.7999999999999998_1.0_66,COM,1.545377,1.149259,2.007,1.952,4.075,64531.661928,60796.001439
A_OB_1.7999999999999998_1.0_67,COM,0.00903,1.000975,1.345,2.116,4.861,60911.254445,60796.001439
A_OB_1.7999999999999998_1.0_68,COM,1.428373,1.143346,1.652,4.892,3.447,63039.682705,60796.001439
A_OB_1.7999999999999998_1.0_69,COM,1.40597,1.160812,1.253,1.477,2.794,63748.6882,60796.001439
A_OB_1.7999999999999998_1.0_70,COM,0.507614,1.04799,2.068,0.419,4.757,61850.896748,60796.001439
A_OB_1.7999999999999998_1.0_71,COM,0.823716,1.0895,0.862,4.831,2.011,63962.374745,60796.001439
A_OB_1.7999999999999998_1.0_72,COM,0.790778,1.078039,2.617,2.443,3.052,63051.850488,60796.001439
A_OB_1.7999999999999998_1.0_73,COM,0.809615,1.08146,1.432,6.236,4.418,64323.148607,60796.001439
A_OB_1.7999999999999998_1.0_74,COM,1.310212,1.147524,0.803,1.859,5.513,61119.036723,60796.001439
A_OB_1.7999999999999998_1.0_75,COM,0.46726,1.048548,1.363,1.608,2.431,62894.758009,60796.001439
A_OB_1.7999999999999998_1.0_76,COM,0.273312,1.030647,2.387,3.865,3.622,62596.948137,60796.001439
A_OB_1.7999999999999998_1.0_77,COM,0.366877,1.039236,1.216,2.114,4.529,63276.692076,60796.001439
A_OB_1.7999999999999998_1.0_78,COM,0.24063,1.027458,1.763,1.526,0.582,61571.418287,60796.001439
A_OB_1.7999999999999998_1.0_79,COM,1.402902,1.14059,1.067,1.385,1.381,62576.502557,60796.001439
A_OB_1.7999999999999998_1.0_80,COM,1.217421,1.12664,0.927,0.598,1.651,64490.08288,60796.001439
A_OB_1.7999999999999998_1.0_81,COM,0.869751,1.096883,1.618,4.093,1.304,62197.54841,60796.001439
A_OB_1.7999999999999998_1.0_82,COM,0.542511,1.050581,1.167,5.704,3.189,63014.125641,60796.001439
A_OB_1.7999999999999998_1.0_83,COM,0.851096,1.091783,1.895,2.965,4.781,63314.229249,60796.001439
A_OB_1.7999999999999998_1.0_84,COM,0.933122,1.104405,1.879,0.994,0.138,60777.472087,60796.001439
A_OB_1.7999999999999998_1.0_85,COM,0.088372,1.009761,2.388,4.39,3.375,64420.150333,60796.001439
A_OB_1.7999999999999998_1.0_86,COM,2.51644,1.260037,2.213,3.305,0.129,62790.65649,60796.001439
A_OB_1.7999999999999998_1.0_87,COM,1.004283,1.109063,1.688,5.433,2.876,64114.657781,60796.001439
A_OB_1.7999999999999998_1.0_88,COM,0.764631,1.081013,1.836,5.739,3.818,63995.765093,60796.001439
A_OB_1.7999999999999998_1.0_89,COM,1.320495,1.125525,1.745,4.617,4.818,63614.786621,60796.001439
A_OB_1.7999999999999998_1.0_90,COM,0.955847,1.101831,1.348,3.462,5.637,61414.918862,60796.001439
A_OB_1.7999999999999998_1.0_91,COM,0.242095,1.032822,1.639,4.211,5.105,64004.507343,60796.001439
A_OB_1.7999999999999998_1.0_92,COM,0.787867,1.100193,0.657,2.384,3.487,62601.71818,60796.001439
A_OB_1.7999999999999998_1.0_93,COM,0.727968,1.084217,0.674,5.444,5.064,63595.438794,60796.001439
A_OB_1.7999999999999998_1.0_94,COM,2.651946,1.306478,2.193,2.118,4.75,63736.63232,60796.001439
A_OB_1.7999999999999998_1.0_95,COM,2.772595,1.328832,1.613,3.164,1.469,61128.175665,60796.001439
A_OB_1.7999999999999998_1.0_96,COM,1.263462,1.167103,0.926,0.311,1.544,61018.491442,60796.001439
A_OB_1.7999999999999998_1.0_97,COM,1.379703,1.181355,0.279,5.381,2.652,62928.881126,60796.001439
A_OB_1.7999999999999998_1.0_98,COM,0.435533,1.053071,1.095,5.851,5.396,61959.391932,60796.001439
A_OB_1.7999999999999998_1.0_99,COM,0.142817,1.019655,1.085,0.603,3.316,63601.669786,60796.001439
A_OB_1.7999999999999998_1.0_100,COM,1.01296,1.12951,2.213,1.44,4.844,62201.676411,60796.001439
A_OB_1.7999999999999998_1.0_101,COM,0.177524,1.023403,1.771,3.119,3.691,61414.577472,60796.001439
A_OB_1.7999999999999998_1.0_102,COM,0.499346,1.060475,0.93,3.711,3.389,62686.316984,60796.001439
A_OB_1.7999999999999998_1.0_103,COM,0.406359,1.05377,2.126,3.597,4.339,61738.931121,60796.001439
A_OB_1.7999999999999998_1.0_104,COM,1.663647,1.227077,2.156,5.839,4.745,61062.50891,60796.001439
A_OB_1.7999999999999998_1.0_105,COM,1.110832,1.13509,1.25,5.694,3.737,63199.528387,60796.001439
A_OB_1.7999999999999998_1.0_106,COM,0.31885,1.039025,1.05,3.286,4.14,62930.97095,60796.001439
A_OB_1.7999999999999998_1.0_107,COM,0.805509,1.112582,0.59,0.836,2.58,61981.525713,60796.001439
A_OB_1.7999999999999998_1.0_108,COM,0.818387,1.116858,1.781,5.362,0.428,63555.054116,60796.001439
A_OB_1.7999999999999998_1.0_109,COM,0.575608,1.089526,1.078,2.941,4.393,64226.06861,60796.001439
A_OB_1.7999999999999998_1.0_110,COM,1.29548,1.210734,2.564,5.762,4.445,62489.246549,60796.001439
A_OB_1.7999999999999998_1.0_111,COM,0.253041,1.035158,1.719,0.434,5.336,62263.133465,60796.001439
A_OB_1.7999999999999998_1.0_112,COM,4.282049,1.684481,1.867,2.203,2.955,63479.463346,60796.001439
A_OB_1.7999999999999998_1.0_113,COM,0.425476,1.061531,2.942,2.257,1.943,61702.105866,60796.001439
A_OB_1.7999999999999998_1.0_114,COM,0.874681,1.12583,1.244,5.599,6.158,63753.215813,60796.001439
A_OB_1.7999999999999998_1.0_115,COM,0.874531,1.139354,2.025,1.223,4.851,61305.762059,60796.001439
A_OB_1.7999999999999998_1.0_116,COM,0.340311,1.049259,0.945,0.984,0.444,60996.148326,60796.001439
A_OB_1.7999999999999998_1.0_117,COM,1.062084,1.163357,1.07,0.306,5.945,62819.149221,60796.001439
A_OB_1.7999999999999998_1.0_118,COM,5.320353,1.804275,1.94,2.822,4.82,61665.349328,60796.001439
A_OB_1.7999999999999998_1.0_119,COM,0.807417,1.113309,1.972,0.405,5.188,63038.613406,60796.001439
A_OB_1.7999999999999998_1.0_120,COM,0.269216,1.038366,1.037,5.708,5.097,61683.272938,60796.001439
A_OB_1.7999999999999998_1.0_121,COM,1.103273,1.193025,2.237,0.833,4.031,62037.409586,60796.001439
A_OB_1.7999999999999998_1.0_122,COM,1.082021,1.196854,0.824,3.993,3.919,62436.679375,60796.001439
A_OB_1.7999999999999998_1.0_123,COM,0.588664,1.108068,1.802,4.308,2.852,61302.746381,60796.001439
A_OB_1.7999999999999998_1.0_124,COM,0.849307,1.157046,1.866,1.758,3.277,64470.347711,60796.001439
A_OB_1.7999999999999998_1.0_125,COM,1.486397,1.260342,1.903,3.445,2.439,61470.743258,60796.001439
A_OB_1.7999999999999998_1.0_126,COM,0.705828,1.127986,1.492,0.244,3.866,61330.573143,60796.001439
A_OB_1.7999999999999998_1.0_127,COM,0.133698,1.023674,0.291,5.217,0.747,62079.68464,60796.001439
A_OB_1.7999999999999998_1.0_128,COM,0.247921,1.046777,2.177,5.704,3.948,63890.648692,60796.001439
A_OB_1.7999999999999998_1.0_129,COM,0.835981,1.143378,1.168,3.897,3.855,63285.011843,60796.001439
A_OB_1.7999999999999998_1.0_130,COM,1.0503,1.199608,1.083,1.909,5.46,60806.148949,60796.001439
A_OB_1.7999999999999998_1.0_131,COM,0.846888,1.150845,1.261,0.571,5.56,63721.548814,60796.001439
A_OB_1.7999999999999998_1.0_132,COM,1.295848,1.24989,0.921,1.888,4.83,61229.196158,60796.001439
A_OB_1.7999999999999998_1.0_133,COM,1.025804,1.171641,1.0,1.727,5.091,61131.201914,60796.001439
A_OB_1.7999999999999998_1.0_134,COM,0.738792,1.132619,0.595,2.546,3.93,63065.079034,60796.001439
A_OB_1.7999999999999998_1.0_135,COM,2.23158,1.381821,1.28,4.508,3.578,63029.016774,60796.001439
A_OB_1.7999999999999998_1.0_136,COM,0.409231,1.078218,1.636,3.927,0.53,62581.36755,60796.001439
A_OB_1.7999999999999998_1.0_137,COM,0.059771,1.010225,1.881,0.504,4.837,62710.027324,60796.001439
A_OB_1.7999999999999998_1.0_138,COM,0.276709,1.04972,1.377,3.019,2.544,63407.922131,60796.001439
A_OB_1.7999999999999998_1.0_139,COM,1.873821,1.41871,1.263,5.001,4.954,64298.493795,60796.001439
A_OB_1.7999999999999998_1.0_140,COM,0.368029,1.076176,1.355,1.633,5.231,62127.960983,60796.001439
A_OB_1.7999999999999998_1.0_141,COM,0.923595,1.198918,1.241,4.482,3.225,63640.651249,60796.001439
A_OB_1.7999999999999998_1.0_142,COM,0.201363,1.040718,2.127,2.829,2.576,62918.143172,60796.001439
A_OB_1.7999999999999998_1.0_143,COM,1.036332,1.225205,0.766,5.243,4.462,62907.171223,60796.001439
A_OB_1.7999999999999998_1.0_144,COM,1.66823,1.368503,1.78,2.798,2.166,62416.258239,60796.001439
A_OB_1.7999999999999998_1.0_145,COM,1.166318,1.233758,1.402,1.129,4.713,61245.95506,60796.001439
A_OB_1.7999999999999998_1.0_146,COM,0.651921,1.12728,2.059,0.85,4.688,64192.567822,60796.001439
A_OB_1.7999999999999998_1.0_147,COM,0.023298,1.004638,1.672,3.982,4.442,62328.847925,60796.001439
A_OB_1.7999999999999998_1.0_148,COM,1.3844,1.290143,1.411,0.216,5.018,62049.771839,60796.001439
A_OB_1.7999999999999998_1.0_149,COM,0.71079,1.151921,1.875,0.588,5.796,61492.273486,60796.001439
A_OB_1.7999999999999998_1.0_150,COM,0.30892,1.063498,2.338,0.784,2.433,64362.571717,60796.001439
A_OB_1.7999999999999998_1.0_151,COM,0.447335,1.093735,0.953,6.237,5.088,61046.111428,60796.001439
A_OB_1.7999999999999998_1.0_152,COM,1.84489,1.387557,0.602,5.057,4.323,62388.635829,60796.001439
A_OB_1.7999999999999998_1.0_153,COM,0.886024,1.195035,1.172,1.166,4.657,61897.262169,60796.001439
A_OB_1.7999999999999998_1.0_154,COM,1.295503,1.285006,0.86,4.831,4.21,62366.550531,60796.001439
A_OB_1.7999999999999998_1.0_155,COM,0.138458,1.026762,0.971,4.389,3.807,60810.223547,60796.001439
A_OB_1.7999999999999998_1.0_156,COM,0.826251,1.183476,1.98,5.608,3.001,62185.763766,60796.001439
A_OB_1.7999999999999998_1.0_157,COM,1.148193,1.230591,2.958,2.051,5.786,61698.760676,60796.001439
A_OB_1.7999999999999998_1.0_158,COM,1.234714,1.251861,2.571,2.342,1.854,61877.392867,60796.001439
A_OB_1.7999999999999998_1.0_159,COM,0.559799,1.118772,1.427,2.157,4.416,64021.54135,60796.001439
A_OB_1.7999999999999998_1.0_160,COM,0.634342,1.159479,1.433,1.526,3.839,61158.212761,60796.001439
A_OB_1.7999999999999998_1.0_161,COM,0.097171,1.022384,0.867,2.719,4.407,62765.542528,60796.001439
A_OB_1.7999999999999998_1.0_162,COM,0.678958,1.169805,1.675,5.37,3.893,60906.823177,60796.001439
A_OB_1.7999999999999998_1.0_163,COM,0.222751,1.050748,2.003,5.525,4.145,61330.0582,60796.001439
A_OB_1.7999999999999998_1.0_164,COM,0.87317,1.219056,0.421,4.198,4.442,63839.457899,60796.001439
A_OB_1.7999999999999998_1.0_165,COM,0.556822,1.135869,1.144,5.031,4.009,62311.08929,60796.001439
A_OB_1.7999999999999998_1.0_166,COM,1.039373,1.235925,1.621,5.287,5.31,64180.57336,60796.001439
A_OB_1.7999999999999998_1.0_167,COM,0.763108,1.185622,1.43,5.798,3.89,64242.813684,60796.001439
A_OB_1.7999999999999998_1.0_168,COM,0.409155,1.097814,1.766,2.859,1.88,62787.937694,60796.001439
A_OB_1.7999999999999998_1.0_169,COM,0.694296,1.155805,2.132,5.443,2.734,62882.493679,60796.001439
A_OB_1.7999999999999998_1.0_170,COM,0.46115,1.115145,2.334,2.174,0.944,63167.861871,60796.001439
A_OB_1.7999999999999998_1.0_171,COM,0.353639,1.088455,2.422,5.294,3.99,61970.789212,60796.001439
A_OB_1.7999999999999998_1.0_172,COM,0.811604,1.205188,1.265,6.051,4.494,62604.938481,60796.001439
A_OB_1.7999999999999998_1.0_173,COM,0.195454,1.04863,1.194,4.26,2.225,61520.103443,60796.001439
A_OB_1.7999999999999998_1.0_174,COM,0.980625,1.226677,1.584,0.605,5.02,63311.183431,60796.001439
A_OB_1.7999999999999998_1.0_175,COM,1.215106,1.306074,0.756,4.022,3.352,62532.487224,60796.001439
A_OB_1.7999999999999998_1.0_176,COM,0.519019,1.122849,1.501,1.51,0.281,61176.50463,60796.001439
A_OB_1.7999999999999998_1.0_177,COM,1.527431,1.351472,1.223,4.691,3.452,63239.785639,60796.001439
A_OB_1.7999999999999998_1.0_178,COM,1.082943,1.254209,2.044,1.45,5.095,61821.087584,60796.001439
A_OB_1.7999999999999998_1.0_179,COM,0.119721,1.029097,2.224,6.028,5.481,62460.039983,60796.001439
A_OB_1.7999999999999998_1.0_180,COM,1.055726,1.249158,0.412,2.216,3.785,63133.090773,60796.001439
A_OB_1.7999999999999998_1.0_181,COM,0.446483,1.112708,1.258,0.958,4.547,62442.563081,60796.001439
A_OB_1.7999999999999998_1.0_182,COM,0.702704,1.183309,2.18,1.086,4.461,62117.238649,60796.001439
A_OB_1.7999999999999998_1.0_183,COM,0.26385,1.069936,0.09,1.754,6.248,61594.243999,60796.001439
A_OB_1.7999999999999998_1.0_184,COM,0.285661,1.07955,1.081,6.093,4.712,63125.874825,60796.001439
A_OB_1.7999999999999998_1.0_185,COM,2.874204,1.756898,1.523,3.903,3.423,62764.014845,60796.001439
A_OB_1.7999999999999998_1.0_186,COM,0.344213,1.097658,0.592,0.372,5.978,62818.280604,60796.001439
A_OB_1.7999999999999998_1.0_187,COM,0.641687,1.171432,2.731,4.204,3.821,61710.194282,60796.001439
A_OB_1.7999999999999998_1.0_188,COM,0.485179,1.140242,1.932,1.277,4.773,61081.2181,60796.001439
A_OB_1.7999999999999998_1.0_189,COM,0.462498,1.121124,0.908,2.423,4.471,61673.729252,60796.001439
A_OB_1.7999999999999998_1.0_190,COM,1.414985,1.395566,2.173,4.993,4.847,63355.567081,60796.001439
A_OB_1.7999999999999998_1.0_191,COM,0.431524,1.114336,1.609,0.034,4.266,61500.040348,60796.001439
A_OB_1.7999999999999998_1.0_192,COM,0.292213,1.084652,2.277,0.891,4.494,62110.427655,60796.001439
A_OB_1.7999999999999998_1.0_193,COM,1.807353,1.481743,1.381,4.608,2.511,62350.829196,60796.001439
A_OB_1.7999999999999998_1.0_194,COM,1.675525,1.442166,1.784,5.246,2.3,61079.46312,60796.001439
A_OB_1.7999999999999998_1.0_195,COM,1.810001,1.51582,2.635,4.202,1.915,64479.568339,60796.001439
A_OB_1.7999999999999998_1.0_196,COM,0.948285,1.256929,1.515,4.922,5.842,64259.85353,60796.001439
A_OB_1.7999999999999998_1.0_197,COM,1.273538,1.327237,1.623,5.437,3.552,63197.231166,60796.001439
A_OB_1.7999999999999998_1.0_198,COM,0.881715,1.233622,2.177,1.959,6.262,61283.333484,60796.001439
A_OB_1.7999999999999998_1.0_199,COM,0.892686,1.233023,0.424,3.57,3.012,64088.083646,60796.001439
A_OB_1.7999999999999998_1.0_200,COM,1.599995,1.443986,1.731,5.929,4.032,62837.442367,60796.001439
A_OB_1.7999999999999998_1.0_201,COM,0.898709,1.237591,0.485,1.316,0.047,63291.768133,60796.001439
A_OB_1.7999999999999998_1.0_202,COM,0.771248,1.209941,2.073,0.243,3.669,63805.667359,60796.001439
A_OB_1.7999999999999998_1.0_203,COM,0.939178,1.259368,1.933,0.046,4.197,62862.888942,60796.001439
A_OB_1.7999999999999998_1.0_204,COM,0.518391,1.154167,2.52,1.064,0.385,61945.220417,60796.001439
A_OB_1.7999999999999998_1.0_205,COM,1.31931,1.407446,0.196,0.145,0.307,63878.240387,60796.001439
A_OB_1.7999999999999998_1.0_206,COM,0.543868,1.165403,1.61,0.298,4.271,63448.486447,60796.001439
A_OB_1.7999999999999998_1.0_207,COM,1.428427,1.421309,0.773,4.236,2.223,63470.77748,60796.001439
A_OB_1.7999999999999998_1.0_208,COM,0.884898,1.260899,1.606,4.219,2.677,62236.591537,60796.001439
A_OB_1.7999999999999998_1.0_209,COM,1.516974,1.485429,1.773,5.265,3.047,61912.742005,60796.001439
A_OB_1.7999999999999998_1.0_210,COM,0.373346,1.121948,1.801,4.03,3.244,62721.640416,60796.001439
A_OB_1.7999999999999998_1.0_211,COM,0.531253,1.159853,0.825,2.321,3.729,63770.403035,60796.001439
A_OB_1.7999999999999998_1.0_212,COM,1.179384,1.371946,1.113,1.643,4.457,63953.398504,60796.001439
A_OB_1.7999999999999998_1.0_213,COM,0.432561,1.129619,1.838,3.951,4.465,63860.832836,60796.001439
A_OB_1.7999999999999998_1.0_214,COM,1.118232,1.336254,1.867,1.052,5.238,62976.388359,60796.001439
A_OB_1.7999999999999998_1.0_215,COM,0.785058,1.235245,0.41,0.024,1.753,63947.96901,60796.001439
A_OB_1.7999999999999998_1.0_216,COM,0.676945,1.20407,1.568,2.065,4.598,62385.44038,60796.001439
A_OB_1.7999999999999998_1.0_217,COM,0.511673,1.159928,0.679,3.07,4.206,61338.635241,60796.001439
A_OB_1.7999999999999998_1.0_218,COM,0.788971,1.233539,1.43,0.761,5.287,61521.647792,60796.001439
A_OB_1.7999999999999998_1.0_219,COM,0.915238,1.270009,1.548,3.115,3.658,63711.825421,60796.001439
A_OB_1.7999999999999998_1.0_220,COM,0.932524,1.285634,1.764,0.401,5.362,61318.885417,60796.001439
A_OB_1.7999999999999998_1.0_221,COM,0.701425,1.206892,0.924,2.643,4.862,61774.701131,60796.001439
A_OB_1.7999999999999998_1.0_222,COM,2.127424,1.624837,0.886,4.545,3.19,63947.955592,60796.001439
A_OB_1.7999999999999998_1.0_223,COM,0.789863,1.249995,1.58,5.456,2.391,63484.857139,60796.001439
A_OB_1.7999999999999998_1.0_224,COM,0.593203,1.191178,1.916,3.85,3.909,64108.157159,60796.001439
A_OB_1.7999999999999998_1.0_225,COM,0.122195,1.038136,2.016,6.273,5.05,63152.794331,60796.001439
A_OB_1.7999999999999998_1.0_226,COM,0.755143,1.227388,1.8,5.966,4.598,61030.671568,60796.001439
A_OB_1.7999999999999998_1.0_227,COM,0.643935,1.211902,2.326,0.665,0.972,62537.101989,60796.001439
A_OB_1.7999999999999998_1.0_228,COM,1.393979,1.468661,1.092,0.647,5.271,62090.641554,60796.001439
A_OB_1.7999999999999998_1.0_229,COM,0.414515,1.151837,1.802,0.502,4.093,63270.183311,60796.001439
A_OB_1.7999999999999998_1.0_230,COM,0.888971,1.302007,1.84,5.502,4.532,63864.511841,60796.001439
A_OB_1.7999999999999998_1.0_231,COM,1.347021,1.44929,2.608,5.721,2.868,62625.537506,60796.001439
A_OB_1.7999999999999998_1.0_232,COM,2.011099,1.663404,1.096,4.884,4.226,62114.278657,60796.001439
A_OB_1.7999999999999998_1.0_233,COM,1.522058,1.531098,1.449,0.592,3.559,63809.712431,60796.001439
A_OB_1.7999999999999998_1.0_234,COM,2.036225,1.713343,0.953,2.737,3.925,61531.198586,60796.001439
A_OB_1.7999999999999998_1.0_235,COM,1.359361,1.48468,2.792,3.213,2.563,61739.36176,60796.001439
A_OB_1.7999999999999998_1.0_236,COM,1.253395,1.432778,1.327,5.379,3.708,62189.292146,60796.001439
A_OB_1.7999999999999998_1.0_237,COM,0.782549,1.271328,1.513,1.525,2.604,64479.625086,60796.001439
A_OB_1.7999999999999998_1.0_238,COM,1.388165,1.475683,2.951,3.229,4.257,61152.931594,60796.001439
A_OB_1.7999999999999998_1.0_239,COM,0.396325,1.137504,1.847,4.183,4.271,62798.816552,60796.001439
A_OB_1.7999999999999998_1.0_240,COM,1.264226,1.424658,2.946,1.24,5.399,62849.949564,60796.001439
A_OB_1.7999999999999998_1.0_241,COM,0.279054,1.093445,0.782,3.328,3.994,62166.288537,60796.001439
A_OB_1.7999999999999998_1.0_242,COM,1.229898,1.42968,0.893,2.361,3.71,64450.868121,60796.001439
A_OB_1.7999999999999998_1.0_243,COM,0.330147,1.11985,1.869,4.418,3.402,61923.510126,60796.001439
A_OB_1.7999999999999998_1.0_244,COM,0.418677,1.144375,2.449,2.174,6.103,64289.253994,60796.001439
A_OB_1.7999999999999998_1.0_245,COM,0.490177,1.161923,1.987,6.18,5.363,62620.891305,60796.001439
A_OB_1.7999999999999998_1.0_246,COM,0.463269,1.177046,2.372,1.059,4.804,60879.675992,60796.001439
A_OB_1.7999999999999998_1.0_247,COM,0.221326,1.082473,2.726,1.176,2.241,64133.1244,60796.001439
A_OB_1.7999999999999998_1.0_248,COM,1.236778,1.49083,1.534,4.401,3.54,64458.151762,60796.001439
A_OB_1.7999999999999998_1.0_249,COM,0.302145,1.116619,2.608,0.907,5.503,61401.010288,60796.001439
A_OB_1.7999999999999998_1.0_250,COM,0.82466,1.304053,0.486,5.155,5.453,62193.923932,60796.001439
A_OB_1.7999999999999998_1.0_251,COM,1.223555,1.481887,1.113,1.38,3.012,61828.043714,60796.001439
A_OB_1.7999999999999998_1.0_252,COM,1.315702,1.493578,1.89,4.604,2.952,63556.428533,60796.001439
A_OB_1.7999999999999998_1.0_253,COM,0.503244,1.188134,0.338,1.121,5.658,60848.523504,60796.001439
A_OB_1.7999999999999998_1.0_254,COM,0.695216,1.268599,1.453,4.318,3.645,64115.738451,60796.001439
A_OB_1.7999999999999998_1.0_255,COM,0.869789,1.328905,1.753,5.619,2.904,62023.716003,60796.001439
A_OB_1.7999999999999998_1.0_256,COM,0.579768,1.233636,1.149,4.085,3.794,64467.729535,60796.001439
A_OB_1.7999999999999998_1.0_257,COM,4.530049,2.732239,1.3,3.558,2.824,62056.810206,60796.001439
A_OB_1.7999999999999998_1.0_258,COM,0.305543,1.121225,1.232,5.959,5.195,64278.956253,60796.001439
A_OB_1.7999999999999998_1.0_259,COM,1.560501,1.597954,1.864,4.358,3.262,60775.578249,60796.001439
A_OB_1.7999999999999998_1.0_260,COM,1.40377,1.531879,2.1,2.401,4.113,60764.323358,60796.001439
A_OB_1.7999999999999998_1.0_261,COM,0.761319,1.296538,1.037,4.112,3.372,62807.945737,60796.001439
A_OB_1.7999999999999998_1.0_262,COM,1.522814,1.566727,1.499,4.031,3.906,61299.951067,60796.001439
A_OB_1.7999999999999998_1.0_263,COM,1.109583,1.421706,2.2,0.164,5.423,63066.660358,60796.001439
A_OB_1.7999999999999998_1.0_264,COM,0.213387,1.088147,1.934,4.736,3.867,63694.435899,60796.001439
A_OB_1.7999999999999998_1.0_265,COM,1.472812,1.639069,2.073,6.055,3.652,63810.111601,60796.001439
A_OB_1.7999999999999998_1.0_266,COM,0.364937,1.162127,1.75,5.009,3.749,64374.423397,60796.001439
A_OB_1.7999999999999998_1.0_267,COM,1.397046,1.60589,1.098,2.192,4.886,63271.487578,60796.001439
A_OB_1.7999999999999998_1.0_268,COM,1.184671,1.490024,2.897,3.515,3.859,61427.163036,60796.001439
A_OB_1.7999999999999998_1.0_269,COM,1.162938,1.48543,0.822,5.361,1.984,63357.2261,60796.001439
A_OB_1.7999999999999998_1.0_270,COM,1.030978,1.455049,0.672,3.86,2.753,62553.593743,60796.001439
A_OB_1.7999999999999998_1.0_271,COM,1.8943,1.808049,1.527,4.204,2.835,61106.573144,60796.001439
A_OB_1.7999999999999998_1.0_272,COM,1.421273,1.58979,2.055,0.499,3.883,64240.682544,60796.001439
A_OB_1.7999999999999998_1.0_273,COM,0.657672,1.276409,0.851,3.139,4.721,64127.373404,60796.001439
A_OB_1.7999999999999998_1.0_274,COM,1.276003,1.556055,2.238,3.656,2.133,61769.068829,60796.001439
A_OB_1.7999999999999998_1.0_275,COM,0.494859,1.210153,1.511,2.919,5.399,64467.328809,60796.001439
A_OB_1.7999999999999998_1.0_276,COM,1.523073,1.651185,1.075,2.748,3.614,62096.563979,60796.001439
A_OB_1.7999999999999998_1.0_277,COM,1.328145,1.584203,1.401,0.026,4.536,62780.524426,60796.001439
A_OB_1.7999999999999998_1.0_278,COM,0.285803,1.127883,1.138,3.549,3.655,62937.573892,60796.001439
A_OB_1.7999999999999998_1.0_279,COM,0.004677,1.001949,2.192,1.6,0.113,63648.174919,60796.001439
A_OB_1.7999999999999998_1.0_280,COM,1.041471,1.451695,1.944,1.456,4.609,62628.703505,60796.001439
A_OB_1.7999999999999998_1.0_281,COM,0.119414,1.050892,2.898,5.564,5.739,62195.791149,60796.001439
A_OB_1.7999999999999998_1.0_282,COM,0.351607,1.165751,1.369,3.642,3.799,61080.890209,60796.001439
A_OB_1.7999999999999998_1.0_283,COM,1.224349,1.56418,1.097,4.245,4.327,63849.533411,60796.001439
A_OB_1.7999999999999998_1.0_284,COM,0.669821,1.313231,2.057,1.45,5.965,63681.262592,60796.001439
A_OB_1.7999999999999998_1.0_285,COM,1.362109,1.656541,0.872,4.522,0.59,62898.122767,60796.001439
A_OB_1.7999999999999998_1.0_286,COM,2.415827,2.104303,2.224,4.323,4.186,62897.701855,60796.001439
A_OB_1.7999999999999998_1.0_287,COM,1.740699,1.837921,1.98,6.175,4.209,60947.431268,60796.001439
A_OB_1.7999999999999998_1.0_288,COM,0.776744,1.371726,1.374,4.708,2.717,63533.629322,60796.001439
A_OB_1.7999999999999998_1.0_289,COM,1.666154,1.776649,1.69,0.587,3.324,63739.957075,60796.001439
A_OB_1.7999999999999998_1.0_290,COM,1.035526,1.514203,1.411,3.894,2.633,63544.022506,60796.001439
A_OB_1.7999999999999998_1.0_291,COM,0.852147,1.413867,1.038,2.961,4.493,63811.942135,60796.001439
A_OB_1.7999999999999998_1.0_292,COM,0.503617,1.243352,2.269,5.984,4.571,60843.160708,60796.001439
A_OB_1.7999999999999998_1.0_293,COM,1.898605,1.877992,1.116,3.403,2.348,63289.817852,60796.001439
A_OB_1.7999999999999998_1.0_294,COM,0.921753,1.441207,1.73,0.49,4.518,61841.008024,60796.001439
A_OB_1.7999999999999998_1.0_295,COM,1.239516,1.613663,1.342,0.334,4.499,64366.684688,60796.001439
A_OB_1.7999999999999998_1.0_296,COM,1.64057,1.801436,2.506,5.878,3.577,61607.535267,60796.001439
A_OB_1.7999999999999998_1.0_297,COM,0.344032,1.170029,2.254,1.654,0.066,64336.408475,60796.001439
A_OB_1.7999999999999998_1.0_298,COM,0.944693,1.458603,1.736,4.136,3.155,63881.306623,60796.001439
A_OB_1.7999999999999998_1.0_299,COM,1.185375,1.543871,1.468,5.144,2.613,64288.28825,60796.001439
A_OB_1.7999999999999998_1.0_300,COM,1.09846,1.572145,1.629,0.566,4.694,62790.915518,60796.001439
A_OB_1.7999999999999998_1.0_301,COM,1.321399,1.71899,1.946,5.388,2.894,62600.278474,60796.001439
A_OB_1.7999999999999998_1.0_302,COM,2.997184,2.604046,2.312,4.203,3.315,62285.624314,60796.001439
A_OB_1.7999999999999998_1.0_303,COM,0.683645,1.365937,1.781,4.667,3.399,62677.460175,60796.001439
A_OB_1.7999999999999998_1.0_304,COM,0.094419,1.049674,1.11,2.023,5.222,63852.959107,60796.001439
A_OB_1.7999999999999998_1.0_305,COM,1.735293,1.885801,1.426,2.739,1.47,63594.601637,60796.001439
A_OB_1.7999999999999998_1.0_306,COM,0.930092,1.484287,1.161,1.644,4.787,63369.846649,60796.001439
A_OB_1.7999999999999998_1.0_307,COM,1.243203,1.68102,1.619,0.7,3.61,62895.321896,60796.001439
A_OB_1.7999999999999998_1.0_308,COM,1.624622,1.838495,1.457,4.608,2.025,64495.38414,60796.001439
A_OB_1.7999999999999998_1.0_309,COM,1.506623,1.764456,2.085,1.026,4.723,60907.296575,60796.001439
A_OB_1.7999999999999998_1.0_310,COM,1.159035,1.610314,2.043,1.081,4.049,63620.483334,60796.001439
A_OB_1.7999999999999998_1.0_311,COM,1.469315,1.743013,1.292,3.146,1.913,63005.097951,60796.001439
A_OB_1.7999999999999998_1.0_312,COM,0.635665,1.338754,1.999,4.653,3.723,63047.014169,60796.001439
A_OB_1.7999999999999998_1.0_313,COM,1.418785,1.712441,0.958,2.755,4.881,63176.418915,60796.001439
A_OB_1.7999999999999998_1.0_314,COM,1.285717,1.698852,1.875,2.926,3.529,63989.833456,60796.001439
A_OB_1.7999999999999998_1.0_315,COM,1.480527,1.74189,2.074,0.23,4.143,61214.290642,60796.001439
A_OB_1.7999999999999998_1.0_316,COM,1.697337,1.973469,2.632,1.241,4.158,61493.410119,60796.001439
A_OB_1.7999999999999998_1.0_317,COM,0.661428,1.383444,1.47,2.449,4.627,64464.701432,60796.001439
A_OB_1.7999999999999998_1.0_318,COM,1.491399,1.827045,2.852,0.341,4.367,62681.246712,60796.001439
A_OB_1.7999999999999998_1.0_319,COM,0.978547,1.576773,0.08,1.252,5.294,61916.220305,60796.001439
A_OB_1.7999999999999998_1.0_320,COM,6.217701,4.597289,0.269,2.348,0.132,61816.799152,60796.001439
A_OB_1.7999999999999998_1.0_321,COM,1.486858,1.889487,1.292,1.561,4.479,62692.745838,60796.001439
A_OB_1.7999999999999998_1.0_322,COM,0.886761,1.491993,1.127,5.14,3.534,63087.783333,60796.001439
A_OB_1.7999999999999998_1.0_323,COM,0.132829,1.079524,1.697,2.039,5.499,62332.28986,60796.001439
A_OB_1.7999999999999998_1.0_324,COM,1.861966,2.099735,1.501,1.749,3.892,62240.663952,60796.001439
A_OB_1.7999999999999998_1.0_325,COM,0.640664,1.356134,1.553,5.499,3.007,61490.168123,60796.001439
A_OB_1.7999999999999998_1.0_326,COM,2.453901,2.364555,0.817,1.441,4.249,64322.115025,60796.001439
A_OB_1.7999999999999998_1.0_327,COM,0.856637,1.505521,0.834,3.567,3.473,62633.414604,60796.001439
A_OB_1.7999999999999998_1.0_328,COM,1.059104,1.591278,1.797,5.998,3.644,62526.085468,60796.001439
A_OB_1.7999999999999998_1.0_329,COM,0.173234,1.103896,1.138,4.569,3.251,63849.485533,60796.001439
A_OB_1.7999999999999998_1.0_330,COM,1.221383,1.691349,2.147,5.897,3.042,63752.865903,60796.001439
A_OB_1.7999999999999998_1.0_331,COM,0.219793,1.129587,2.009,5.46,3.009,61700.313837,60796.001439
A_OB_1.7999999999999998_1.0_332,COM,2.097973,2.163923,0.712,3.425,3.189,61124.036077,60796.001439
A_OB_1.7999999999999998_1.0_333,COM,0.179821,1.102139,1.394,4.464,3.871,61245.041939,60796.001439
A_OB_1.7999999999999998_1.0_334,COM,0.137956,1.076965,1.032,4.939,2.87,64063.360465,60796.001439
A_OB_1.7999999999999998_1.0_335,COM,0.862101,1.507466,1.041,4.695,2.754,60760.631395,60796.001439
A_OB_1.7999999999999998_1.0_336,COM,1.566283,1.926366,2.362,5.107,3.922,64202.267212,60796.001439
A_OB_1.7999999999999998_1.0_337,COM,1.528616,1.883245,2.21,2.572,5.562,62830.929961,60796.001439
A_OB_1.7999999999999998_1.0_338,COM,0.027835,1.016543,0.779,2.974,4.271,64260.517115,60796.001439
A_OB_1.7999999999999998_1.0_339,COM,1.194019,1.661154,1.566,1.699,4.307,63731.579176,60796.001439
A_OB_1.7999999999999998_1.0_340,COM,1.869432,2.209726,1.87,0.88,4.273,61521.963177,60796.001439
A_OB_1.7999999999999998_1.0_341,COM,1.404997,1.855445,1.921,5.864,3.978,63887.169559,60796.001439
A_OB_1.7999999999999998_1.0_342,COM,1.167121,1.722731,2.502,0.163,4.625,61464.917631,60796.001439
A_OB_1.7999999999999998_1.0_343,COM,0.842338,1.524913,1.592,4.718,3.539,63046.29108,60796.001439
A_OB_1.7999999999999998_1.0_344,COM,0.567508,1.343643,1.552,5.53,3.58,63267.185532,60796.001439
A_OB_1.7999999999999998_1.0_345,COM,0.909219,1.594066,2.976,0.311,0.164,63060.661179,60796.001439
A_OB_1.7999999999999998_1.0_346,COM,0.074721,1.04586,0.626,3.754,3.765,62078.409561,60796.001439
A_OB_1.7999999999999998_1.0_347,COM,1.505118,1.970217,0.974,1.602,3.733,62857.913143,60796.001439
A_OB_1.7999999999999998_1.0_348,COM,0.916799,1.596661,2.246,5.449,4.046,63263.082793,60796.001439
A_OB_1.7999999999999998_1.0_349,COM,0.010818,1.006707,2.039,5.379,4.151,63409.579895,60796.001439
A_OB_1.7999999999999998_1.0_350,COM,0.353253,1.217856,1.421,6.035,5.205,61771.920066,60796.001439
A_OB_1.7999999999999998_1.0_351,COM,1.294542,1.804207,2.618,5.345,3.192,61353.160756,60796.001439
A_OB_1.7999999999999998_1.0_352,COM,1.320063,1.833081,1.993,4.519,3.303,61671.660049,60796.001439
A_OB_1.7999999999999998_1.0_353,COM,2.188242,2.338007,1.215,5.25,2.221,62611.775288,60796.001439
A_OB_1.7999999999999998_1.0_354,COM,1.16335,1.737894,1.525,5.612,3.102,62572.935099,60796.001439
A_OB_1.7999999999999998_1.0_355,COM,1.547882,1.949443,1.383,2.708,3.206,61791.629402,60796.001439
A_OB_1.7999999999999998_1.0_356,COM,0.442595,1.310689,1.534,6.052,3.709,62343.175282,60796.001439
A_OB_1.7999999999999998_1.0_357,COM,0.317706,1.208146,2.167,0.632,3.62,62670.599121,60796.001439
A_OB_1.7999999999999998_1.0_358,COM,0.662359,1.440877,2.039,5.087,3.327,63651.82986,60796.001439
A_OB_1.7999999999999998_1.0_359,COM,1.822347,2.282947,1.759,1.767,5.243,61059.82076,60796.001439
A_OB_1.7999999999999998_1.0_360,COM,0.239589,1.164205,1.516,4.355,3.308,62227.189336,60796.001439
A_OB_1.7999999999999998_1.0_361,COM,0.587496,1.409926,1.677,0.673,4.282,61736.380214,60796.001439
A_OB_1.7999999999999998_1.0_362,COM,0.97974,1.657157,1.94,5.094,3.254,61461.804397,60796.001439
A_OB_1.7999999999999998_1.0_363,COM,0.252562,1.165694,0.947,3.493,4.183,62631.415458,60796.001439
A_OB_1.7999999999999998_1.0_364,COM,0.995619,1.687383,1.358,1.116,4.887,63411.048672,60796.001439
A_OB_1.7999999999999998_1.0_365,COM,1.41781,1.978316,0.581,4.329,3.185,63428.68053,60796.001439
A_OB_1.7999999999999998_1.0_366,COM,0.792893,1.542111,1.198,1.972,5.008,64111.633085,60796.001439
A_OB_1.7999999999999998_1.0_367,COM,0.25568,1.177042,2.869,4.486,2.832,62445.420335,60796.001439
A_OB_1.7999999999999998_1.0_368,COM,1.52458,2.000445,1.862,3.373,3.503,61554.148321,60796.001439
A_OB_1.7999999999999998_1.0_369,COM,1.229454,1.805413,1.616,3.47,2.253,61214.111779,60796.001439
A_OB_1.7999999999999998_1.0_370,COM,0.25015,1.165284,1.286,1.813,3.635,61143.479813,60796.001439
A_OB_1.7999999999999998_1.0_371,COM,1.415532,2.071253,1.347,5.728,2.979,60929.887676,60796.001439
A_OB_1.7999999999999998_1.0_372,COM,1.201403,1.88842,1.913,4.342,2.751,62667.023115,60796.001439
A_OB_1.7999999999999998_1.0_373,COM,0.918599,1.691933,2.003,0.363,4.531,63031.670878,60796.001439
A_OB_1.7999999999999998_1.0_374,COM,0.673629,1.486088,2.941,3.226,0.791,62235.53946,60796.001439
A_OB_1.7999999999999998_1.0_375,COM,0.626773,1.467902,1.932,3.783,3.738,63736.789876,60796.001439
A_OB_1.7999999999999998_1.0_376,COM,1.361518,1.995004,2.017,1.375,4.654,64190.458291,60796.001439
A_OB_1.7999999999999998_1.0_377,COM,0.889449,1.649581,1.902,1.09,3.925,62574.799199,60796.001439
A_OB_1.7999999999999998_1.0_378,COM,1.717608,2.233457,1.612,0.737,5.003,61917.392052,60796.001439
A_OB_1.7999999999999998_1.0_379,COM,1.302144,1.929984,1.739,2.193,4.331,61314.356805,60796.001439
A_OB_1.7999999999999998_1.0_380,COM,1.009528,1.763382,1.318,4.587,3.431,61026.943445,60796.001439
A_OB_1.7999999999999998_1.0_381,COM,1.9183,2.363362,0.167,2.207,3.935,62345.411006,60796.001439
A_OB_1.7999999999999998_1.0_382,COM,1.84035,2.334873,1.126,2.708,3.343,64055.421001,60796.001439
A_OB_1.7999999999999998_1.0_383,COM,2.117189,2.579506,2.138,4.952,2.766,64348.402318,60796.001439
A_OB_1.7999999999999998_1.0_384,COM,2.482348,2.795995,1.439,1.719,1.52,60903.445774,60796.001439
A_OB_1.7999999999999998_1.0_385,COM,0.473854,1.341723,1.37,1.923,5.366,61185.494918,60796.001439
A_OB_1.7999999999999998_1.0_386,COM,1.263543,1.958041,1.758,5.196,3.026,60983.586351,60796.001439
A_OB_1.7999999999999998_1.0_387,COM,1.227515,1.898625,1.213,4.869,2.415,64290.248024,60796.001439
A_OB_1.7999999999999998_1.0_388,COM,1.209651,1.863671,1.785,3.723,3.155,63287.371535,60796.001439
A_OB_1.7999999999999998_1.0_389,COM,1.057235,1.796514,2.044,0.116,3.383,63321.26202,60796.001439
A_OB_1.7999999999999998_1.0_390,COM,0.818781,1.600315,1.658,3.351,2.55,63512.571969,60796.001439
A_OB_1.7999999999999998_1.0_391,COM,0.945708,1.695173,1.037,4.765,3.053,61287.546871,60796.001439
A_OB_1.7999999999999998_1.0_392,COM,0.867259,1.651072,2.254,6.183,4.4,63400.759686,60796.001439
A_OB_1.7999999999999998_1.0_393,COM,0.494248,1.368137,2.507,0.68,4.358,61833.291003,60796.001439
A_OB_1.7999999999999998_1.0_394,COM,0.539808,1.404217,1.833,4.27,3.168,62071.620367,60796.001439
A_OB_1.7999999999999998_1.0_395,COM,1.088623,1.811653,1.435,4.396,3.276,60972.076968,60796.001439
A_OB_1.7999999999999998_1.0_396,COM,1.641429,2.227631,0.41,2.485,4.506,62025.826301,60796.001439
A_OB_1.7999999999999998_1.0_397,COM,0.893314,1.659015,0.837,6.035,6.203,62273.300739,60796.001439
A_OB_1.7999999999999998_1.0_398,COM,1.002609,1.817997,0.612,0.742,5.036,63747.932734,60796.001439
A_OB_1.7999999999999998_1.0_399,COM,0.264589,1.217209,1.285,1.997,5.039,64310.330707,60796.001439
A_OB_1.7999999999999998_1.0_400,COM,0.746683,1.575223,1.282,2.351,3.856,62093.73958,60796.001439
A_OB_1.7999999999999998_1.0_401,COM,1.703906,2.395283,1.218,2.386,3.496,63243.55113,60796.001439
A_OB_1.7999999999999998_1.0_402,COM,1.569249,2.235662,1.499,2.04,3.259,61768.810092,60796.001439
A_OB_1.7999999999999998_1.0_403,COM,0.344114,1.265658,1.384,3.325,4.057,60851.055984,60796.001439
A_OB_1.7999999999999998_1.0_404,COM,0.636935,1.51334,2.606,6.106,3.602,61094.880496,60796.001439
A_OB_1.7999999999999998_1.0_405,COM,1.555048,2.195985,1.807,4.803,2.91,62277.213654,60796.001439
A_OB_1.7999999999999998_1.0_406,COM,0.741976,1.601228,1.582,1.103,4.346,62038.084808,60796.001439
A_OB_1.7999999999999998_1.0_407,COM,0.571558,1.441727,1.212,3.328,3.239,60833.386344,60796.001439
A_OB_1.7999999999999998_1.0_408,COM,1.663489,2.295675,1.734,5.016,3.188,62925.626235,60796.001439
A_OB_1.7999999999999998_1.0_409,COM,0.106933,1.086949,1.885,2.693,2.833,61335.150104,60796.001439
A_OB_1.7999999999999998_1.0_410,COM,1.100503,1.884621,1.268,3.262,3.627,60761.195934,60796.001439
A_OB_1.7999999999999998_1.0_411,COM,0.572714,1.446756,2.038,3.911,2.11,64034.017485,60796.001439
A_OB_1.7999999999999998_1.0_412,COM,1.402444,2.085322,1.337,1.287,3.191,64288.483162,60796.001439
A_OB_1.7999999999999998_1.0_413,COM,0.085494,1.066033,1.969,1.053,4.375,63152.083751,60796.001439
A_OB_1.7999999999999998_1.0_414,COM,1.319142,2.012724,2.557,5.987,3.704,64239.370002,60796.001439
A_OB_1.7999999999999998_1.0_415,COM,1.054542,1.852383,1.336,4.866,2.53,64441.627798,60796.001439
A_OB_1.7999999999999998_1.0_416,COM,1.685781,2.323092,0.877,4.492,3.819,61954.864964,60796.001439
A_OB_1.7999999999999998_1.0_417,COM,1.949433,2.721537,1.465,4.424,3.151,62911.988891,60796.001439
A_OB_1.7999999999999998_1.0_418,COM,1.224918,2.083574,1.292,2.059,4.726,61283.75946,60796.001439
A_OB_1.7999999999999998_1.0_419,COM,2.762489,3.393683,1.479,1.44,3.991,61477.741838,60796.001439
A_OB_1.7999999999999998_1.0_420,COM,1.12299,1.944705,1.179,2.157,3.864,63691.989534,60796.001439
A_OB_1.7999999999999998_1.0_421,COM,1.516748,2.33048,2.245,5.689,3.206,61315.18836,60796.001439
A_OB_1.7999999999999998_1.0_422,COM,1.023102,1.906889,1.222,4.701,3.773,62182.834112,60796.001439
A_OB_1.7999999999999998_1.0_423,COM,0.399623,1.340139,2.103,0.349,4.625,64390.150689,60796.001439
A_OB_1.7999999999999998_1.0_424,COM,1.29991,2.113615,2.182,1.479,5.206,63772.42059,60796.001439
A_OB_1.7999999999999998_1.0_425,COM,0.87202,1.821348,1.295,4.501,2.986,64252.046884,60796.001439
A_OB_1.7999999999999998_1.0_426,COM,1.157749,2.031915,1.132,2.243,4.091,62325.100862,60796.001439
A_OB_1.7999999999999998_1.0_427,COM,4.074312,4.70117,1.568,4.811,2.301,62654.746668,60796.001439
A_OB_1.7999999999999998_1.0_428,COM,0.313832,1.289724,0.545,2.899,3.655,62613.691279,60796.001439
A_OB_1.7999999999999998_1.0_429,COM,0.9576,1.866662,1.581,3.512,4.49,62414.217154,60796.001439
A_OB_1.7999999999999998_1.0_430,COM,1.495662,2.352967,0.681,4.294,1.748,61496.573337,60796.001439
A_OB_1.7999999999999998_1.0_431,COM,1.318492,2.230987,1.988,0.529,3.983,60999.274581,60796.001439
A_OB_1.7999999999999998_1.0_432,COM,0.222979,1.208316,1.474,1.102,5.261,62013.945771,60796.001439
A_OB_1.7999999999999998_1.0_433,COM,0.431688,1.398322,2.556,5.807,2.731,62088.166603,60796.001439
A_OB_1.7999999999999998_1.0_434,COM,0.755156,1.693328,2.607,1.27,4.155,60826.758565,60796.001439
A_OB_1.7999999999999998_1.0_435,COM,1.004251,1.925349,1.906,5.955,3.49,61093.097771,60796.001439
A_OB_1.7999999999999998_1.0_436,COM,4.366996,5.238379,1.903,5.708,3.054,62226.201366,60796.001439
A_OB_1.7999999999999998_1.0_437,COM,2.009074,2.97508,1.675,5.228,2.785,62986.907954,60796.001439
A_OB_1.7999999999999998_1.0_438,COM,1.345034,2.362929,1.918,0.508,3.981,61721.694406,60796.001439
A_OB_1.7999999999999998_1.0_439,COM,0.995226,1.989945,1.229,4.283,2.772,61069.734942,60796.001439
A_OB_1.7999999999999998_1.0_440,COM,0.872217,1.831649,1.221,3.983,2.998,62649.467237,60796.001439
A_OB_1.7999999999999998_1.0_441,COM,2.977625,3.892457,1.898,4.429,2.601,64205.220478,60796.001439
A_OB_1.7999999999999998_1.0_442,COM,1.443968,2.464964,2.617,5.501,2.842,63637.176093,60796.001439
A_OB_1.7999999999999998_1.0_443,COM,0.596726,1.574228,1.714,5.569,3.614,60970.792748,60796.001439
A_OB_1.7999999999999998_1.0_444,COM,1.613133,2.635614,1.387,2.413,2.713,64134.001146,60796.001439
A_OB_1.7999999999999998_1.0_445,COM,1.257329,2.243228,1.859,1.286,5.127,63607.533766,60796.001439
A_OB_1.7999999999999998_1.0_446,COM,1.093326,2.113677,1.912,4.874,2.663,64241.708505,60796.001439
A_OB_1.7999999999999998_1.0_447,COM,0.751585,1.753117,2.688,5.718,3.589,62732.252311,60796.001439
A_OB_1.7999999999999998_1.0_448,COM,0.415465,1.42707,1.968,0.83,3.981,62235.969896,60796.001439
A_OB_1.7999999999999998_1.0_449,COM,2.261851,3.399991,2.158,5.228,2.686,60943.589187,60796.001439
A_OB_1.7999999999999998_1.0_450,COM,0.112739,1.119874,2.076,5.927,3.69,63856.941748,60796.001439
A_OB_1.7999999999999998_1.0_451,COM,1.331594,2.367273,1.077,2.338,4.502,61033.495019,60796.001439
A_OB_1.7999999999999998_1.0_452,COM,1.021521,2.059896,1.589,1.783,4.359,62207.953146,60796.001439
A_OB_1.7999999999999998_1.0_453,COM,5.080209,6.326639,1.271,5.413,3.886,64461.347067,60796.001439
A_OB_1.7999999999999998_1.0_454,COM,4.267538,5.593685,2.603,5.25,2.083,63199.081546,60796.001439
A_OB_1.7999999999999998_1.0_455,COM,0.359293,1.379706,0.58,3.398,3.69,62412.21057,60796.001439
A_OB_1.7999999999999998_1.0_456,COM,0.112418,1.115118,1.043,3.699,3.759,61412.575162,60796.001439
A_OB_1.7999999999999998_1.0_457,COM,0.997497,2.051144,1.114,2.679,3.285,61494.282824,60796.001439
A_OB_1.7999999999999998_1.0_458,COM,1.174,2.277324,2.438,1.494,2.638,61159.581388,60796.001439
A_OB_1.7999999999999998_1.0_459,COM,4.571554,5.694295,2.062,1.293,4.008,63664.386559,60796.001439
A_OB_1.7999999999999998_1.0_460,COM,1.432997,2.498513,0.69,4.399,3.276,63915.659865,60796.001439
A_OB_1.7999999999999998_1.0_461,COM,1.662366,2.742737,1.491,4.941,2.303,60955.225151,60796.001439
A_OB_1.7999999999999998_1.0_462,COM,1.721631,2.756579,0.969,1.919,4.141,63383.010808,60796.001439
A_OB_1.7999999999999998_1.0_463,COM,1.458572,2.573488,2.423,0.484,3.695,62113.289723,60796.001439
A_OB_1.7999999999999998_1.0_464,COM,2.307638,3.372252,1.948,2.055,4.563,62383.59331,60796.001439
A_OB_1.7999999999999998_1.0_465,COM,0.753417,1.863182,1.773,5.256,3.394,63617.169214,60796.001439
A_OB_1.7999999999999998_1.0_466,COM,1.605023,2.748501,1.482,3.56,3.271,62390.247376,60796.001439
A_OB_1.7999999999999998_1.0_467,COM,1.286491,2.43485,1.119,2.76,4.067,60752.668876,60796.001439
A_OB_1.7999999999999998_1.0_468,COM,1.463832,2.673238,0.784,3.221,2.837,62886.521002,60796.001439
A_OB_1.7999999999999998_1.0_469,COM,1.836156,3.070508,0.921,2.34,4.003,61922.520199,60796.001439
A_OB_1.7999999999999998_1.0_470,COM,1.093658,2.206476,2.296,4.548,2.5,63786.479665,60796.001439
A_OB_1.7999999999999998_1.0_471,COM,1.452559,2.673654,0.755,3.554,3.269,61607.106492,60796.001439
A_OB_1.7999999999999998_1.0_472,COM,1.412365,2.691241,0.837,2.745,3.795,61907.04757,60796.001439
A_OB_1.7999999999999998_1.0_473,COM,3.212429,4.857494,0.298,3.392,3.198,61009.170204,60796.001439
A_OB_1.7999999999999998_1.0_474,COM,0.018919,1.02245,1.898,5.665,4.05,62786.161397,60796.001439
A_OB_1.7999999999999998_1.0_475,COM,0.913101,2.063751,1.622,4.695,2.581,64286.456282,60796.001439
A_OB_1.7999999999999998_1.0_476,COM,1.353112,2.656801,2.082,5.674,3.323,63981.511893,60796.001439
A_OB_1.7999999999999998_1.0_477,COM,1.394663,2.658203,3.072,2.803,6.134,63158.1338,60796.001439
A_OB_1.7999999999999998_1.0_478,COM,1.979041,3.483043,0.803,3.703,2.989,63392.318153,60796.001439
A_OB_1.7999999999999998_1.0_479,COM,0.859494,2.066503,1.695,1.574,4.124,63734.163852,60796.001439
A_OB_1.7999999999999998_1.0_480,COM,1.270953,2.614882,1.67,3.986,3.307,63496.059487,60796.001439
A_OB_1.7999999999999998_1.0_481,COM,1.455145,2.796186,1.744,5.231,3.096,61183.291967,60796.001439
A_OB_1.7999999999999998_1.0_482,COM,1.309933,2.710802,0.901,0.32,3.902,61549.743395,60796.001439
A_OB_1.7999999999999998_1.0_483,COM,1.809695,3.36207,2.31,1.413,4.232,63666.649327,60796.001439
A_OB_1.7999999999999998_1.0_484,COM,1.187822,2.464876,1.199,2.547,3.529,62940.575854,60796.001439
A_OB_1.7999999999999998_1.0_485,COM,1.050555,2.404527,2.432,5.814,2.79,63154.735679,60796.001439
A_OB_1.7999999999999998_1.0_486,COM,0.778597,2.045597,0.137,4.517,2.622,61962.969563,60796.001439
A_OB_1.7999999999999998_1.0_487,COM,1.559945,3.080009,0.216,3.196,3.545,64016.788262,60796.001439
A_OB_1.7999999999999998_1.0_488,COM,0.524802,1.689643,0.119,4.213,3.133,61621.790708,60796.001439
A_OB_1.7999999999999998_1.0_489,COM,0.617466,1.828843,1.45,3.794,3.533,61149.986483,60796.001439
A_OB_1.7999999999999998_1.0_490,COM,1.15778,2.556381,1.723,5.196,3.197,61031.794244,60796.001439
A_OB_1.7999999999999998_1.0_491,COM,0.254966,1.346042,2.0,2.814,3.686,62548.946636,60796.001439
A_OB_1.7999999999999998_1.0_492,COM,0.979504,2.321998,2.735,0.076,3.711,62802.9148,60796.001439
A_OB_1.7999999999999998_1.0_493,COM,1.055709,2.425106,1.939,5.05,2.517,61429.024098,60796.001439
A_OB_1.7999999999999998_1.0_494,COM,0.642923,1.909028,2.099,5.907,3.351,63611.829634,60796.001439
A_OB_1.7999999999999998_1.0_495,COM,0.526993,1.74187,1.063,4.128,2.911,62743.413778,60796.001439
A_OB_1.7999999999999998_1.0_496,COM,2.359264,4.346651,1.207,3.195,3.432,63540.020223,60796.001439
A_OB_1.7999999999999998_1.0_497,COM,1.153983,2.606732,1.409,1.701,4.075,62492.886149,60796.001439
A_OB_1.7999999999999998_1.0_498,COM,0.281005,1.414276,1.976,4.1,2.793,61002.19621,60796.001439
A_OB_1.7999999999999998_1.0_499,COM,0.83347,2.249561,1.544,5.115,2.89,61928.69586,60796.001439
A_OB_1.7999999999999998_1.0_500,COM,0.263387,1.405668,1.849,5.385,3.191,61373.779001,60796.001439
A_OB_1.7999999999999998_1.0_501,COM,0.714342,2.101192,1.576,1.009,4.408,60979.662079,60796.001439
A_OB_1.7999999999999998_1.0_502,COM,1.669939,3.465394,0.76,2.424,4.382,60855.806851,60796.001439
A_OB_1.7999999999999998_1.0_503,COM,1.47483,3.223475,1.343,4.176,2.503,63635.747237,60796.001439
A_OB_1.7999999999999998_1.0_504,COM,0.73714,2.09105,1.729,0.971,4.481,60918.005676,60796.001439
A_OB_1.7999999999999998_1.0_505,COM,0.46613,1.693263,0.883,3.547,3.533,60897.352704,60796.001439
A_OB_1.7999999999999998_1.0_506,COM,1.163859,2.78252,0.583,4.202,2.405,62907.413725,60796.001439
A_OB_1.7999999999999998_1.0_507,COM,0.819041,2.275362,2.111,5.223,3.841,60889.453774,60796.001439
A_OB_1.7999999999999998_1.0_508,COM,1.39193,3.167709,1.223,4.039,2.528,62588.092054,60796.001439
A_OB_1.7999999999999998_1.0_509,COM,0.585286,1.949544,2.042,0.756,4.516,64174.028018,60796.001439
A_OB_1.7999999999999998_1.0_510,COM,0.178029,1.285715,0.491,4.011,2.845,64233.693709,60796.001439
A_OB_1.7999999999999998_1.0_511,COM,0.976148,2.569178,0.697,3.11,3.839,63710.102427,60796.001439
A_OB_1.7999999999999998_1.0_512,COM,2.309433,4.62378,2.428,4.827,2.828,62383.960791,60796.001439
A_OB_1.7999999999999998_1.0_513,COM,0.213368,1.339473,1.311,3.926,3.539,61952.086353,60796.001439
A_OB_1.7999999999999998_1.0_514,COM,0.754551,2.262736,0.883,2.089,4.666,63763.842852,60796.001439
A_OB_1.7999999999999998_1.0_515,COM,0.165146,1.26991,1.636,1.246,4.752,63190.557242,60796.001439
A_OB_1.7999999999999998_1.0_516,COM,0.969553,2.603057,1.935,5.121,3.33,60923.528968,60796.001439
A_OB_1.7999999999999998_1.0_517,COM,1.552438,3.543271,0.956,2.713,4.593,62471.601388,60796.001439
A_OB_1.7999999999999998_1.0_518,COM,1.531951,3.513071,1.129,3.581,2.805,63724.708286,60796.001439
A_OB_1.7999999999999998_1.0_519,COM,0.838657,2.42978,1.757,1.441,4.919,60886.618087,60796.001439
A_OB_1.7999999999999998_1.0_520,COM,1.32924,3.346944,2.577,4.21,2.33,61198.02541,60796.001439
A_OB_1.7999999999999998_1.0_521,COM,0.173764,1.306437,1.748,0.827,4.643,63289.621161,60796.001439
A_OB_1.7999999999999998_1.0_522,COM,1.480723,3.671659,0.832,2.4,4.646,60924.802519,60796.001439
A_OB_1.7999999999999998_1.0_523,COM,2.74513,5.912826,0.536,4.71,2.366,62046.293494,60796.001439
A_OB_1.7999999999999998_1.0_524,COM,1.018223,2.875726,1.625,0.527,4.249,63644.218986,60796.001439
A_OB_1.7999999999999998_1.0_525,COM,1.285725,3.360301,2.096,1.035,4.467,64225.695616,60796.001439
A_OB_1.7999999999999998_1.0_526,COM,1.435356,3.669994,1.44,1.022,4.054,63291.233368,60796.001439
A_OB_1.7999999999999998_1.0_527,COM,0.687758,2.309593,1.907,5.402,2.781,62438.401844,60796.001439
A_OB_1.7999999999999998_1.0_528,COM,1.140744,3.20568,2.415,0.181,3.273,60939.329814,60796.001439
A_OB_1.7999999999999998_1.0_529,COM,0.657428,2.309712,1.757,4.154,2.751,63287.470259,60796.001439
A_OB_1.7999999999999998_1.0_530,COM,0.870796,2.75701,1.707,1.952,4.742,62256.298775,60796.001439
A_OB_1.7999999999999998_1.0_531,COM,0.649668,2.330639,2.09,5.215,2.669,60954.447533,60796.001439
A_OB_1.7999999999999998_1.0_532,COM,1.029186,3.234931,2.201,1.421,4.391,60819.029955,60796.001439
A_OB_1.7999999999999998_1.0_533,COM,1.489592,4.192781,2.948,4.867,1.775,61430.932831,60796.001439
A_OB_1.7999999999999998_1.0_534,COM,0.172839,1.381981,1.738,4.952,2.367,62353.829463,60796.001439
A_OB_1.7999999999999998_1.0_535,COM,1.071799,3.352067,1.96,5.056,2.68,64326.154807,60796.001439
A_OB_1.7999999999999998_1.0_536,COM,1.282363,3.865209,1.127,4.167,2.606,61999.004779,60796.001439
A_OB_1.7999999999999998_1.0_537,COM,2.054476,5.753043,1.077,2.278,4.35,64352.54979,60796.001439
A_OB_1.7999999999999998_1.0_538,COM,0.498995,2.176321,1.267,2.304,4.0,61479.015033,60796.001439
A_OB_1.7999999999999998_1.0_539,COM,0.366676,1.863088,1.509,5.531,3.734,63236.515477,60796.001439
A_OB_1.7999999999999998_1.0_540,COM,1.01074,3.355452,1.856,4.761,2.631,64291.417201,60796.001439
A_OB_1.7999999999999998_1.0_541,COM,3.087801,8.643531,2.45,5.944,2.8,64224.93261,60796.001439
A_OB_1.7999999999999998_1.0_542,COM,0.673942,2.695829,2.142,0.03,3.364,60923.632649,60796.001439
A_OB_1.7999999999999998_1.0_543,COM,1.310548,4.465978,1.581,5.119,1.843,62686.873582,60796.001439
A_OB_1.7999999999999998_1.0_544,COM,0.274023,1.738644,2.017,0.911,4.556,60936.539581,60796.001439
A_OB_1.7999999999999998_1.0_545,COM,1.035189,4.151583,2.124,4.961,2.587,62787.286364,60796.001439
A_OB_1.7999999999999998_1.0_546,COM,0.905062,3.732099,1.646,4.447,2.49,61751.665403,60796.001439
A_OB_1.7999999999999998_1.0_547,COM,1.73324,6.632953,1.324,4.502,2.624,63450.396205,60796.001439
A_OB_1.7999999999999998_1.0_548,COM,1.8264,7.428681,1.972,5.246,2.907,63169.099652,60796.001439
