ObjID,H_g,u-r,g-r,i-r,z-r,y-r,GS
A_OB_1.9999999999999998_1.0_0,25.52,2.31,0.73,-0.33,-0.5,-0.68,0.15
A_OB_1.9999999999999998_1.0_1,25.56,2.31,0.73,-0.33,-0.5,-0.68,0.15
A_OB_1.9999999999999998_1.0_2,24.01,2.31,0.73,-0.33,-0.5,-0.68,0.15
A_OB_1.9999999999999998_1.0_3,25.32,2.31,0.73,-0.33,-0.5,-0.68,0.15
A_OB_1.9999999999999998_1.0_4,25.41,2.31,0.73,-0.33,-0.5,-0.68,0.15
A_OB_1.9999999999999998_1.0_5,25.3,2.31,0.73,-0.33,-0.5,-0.68,0.15
A_OB_1.9999999999999998_1.0_6,20.0,2.31,0.73,-0.33,-0.5,-0.68,0.15
A_OB_1.9999999999999998_1.0_7,25.33,2.31,0.73,-0.33,-0.5,-0.68,0.15
A_OB_1.9999999999999998_1.0_8,24.61,2.31,0.73,-0.33,-0.5,-0.68,0.15
A_OB_1.9999999999999998_1.0_9,25.57,2.31,0.73,-0.33,-0.5,-0.68,0.15
A_OB_1.9999999999999998_1.0_10,24.99,2.31,0.73,-0.33,-0.5,-0.68,0.15
A_OB_1.9999999999999998_1.0_11,18.83,2.31,0.73,-0.33,-0.5,-0.68,0.15
A_OB_1.9999999999999998_1.0_12,22.05,2.31,0.73,-0.33,-0.5,-0.68,0.15
A_OB_1.9999999999999998_1.0_13,25.32,2.31,0.73,-0.33,-0.5,-0.68,0.15
A_OB_1.9999999999999998_1.0_14,25.18,2.31,0.73,-0.33,-0.5,-0.68,0.15
A_OB_1.9999999999999998_1.0_15,21.93,2.31,0.73,-0.33,-0.5,-0.68,0.15
A_OB_1.9999999999999998_1.0_16,22.91,2.31,0.73,-0.33,-0.5,-0.68,0.15
A_OB_1.9999999999999998_1.0_17,25.58,2.31,0.73,-0.33,-0.5,-0.68,0.15
A_OB_1.9999999999999998_1.0_18,24.23,2.31,0.73,-0.33,-0.5,-0.68,0.15
A_OB_1.9999999999999998_1.0_19,24.51,2.31,0.73,-0.33,-0.5,-0.68,0.15
A_OB_1.9999999999999998_1.0_20,25.04,2.31,0.73,-0.33,-0.5,-0.68,0.15
A_OB_1.9999999999999998_1.0_21,25.01,2.31,0.73,-0.33,-0.5,-0.68,0.15
A_OB_1.9999999999999998_1.0_22,24.42,2.31,0.73,-0.33,-0.5,-0.68,0.15
A_OB_1.9999999999999998_1.0_23,22.95,2.31,0.73,-0.33,-0.5,-0.68,0.15
A_OB_1.9999999999999998_1.0_24,22.7,2.31,0.73,-0.33,-0.5,-0.68,0.15
A_OB_1.9999999999999998_1.0_25,24.06,2.31,0.73,-0.33,-0.5,-0.68,0.15
A_OB_1.9999999999999998_1.0_26,25.42,2.31,0.73,-0.33,-0.5,-0.68,0.15
A_OB_1.9999999999999998_1.0_27,22.4,2.31,0.73,-0.33,-0.5,-0.68,0.15
A_OB_1.9999999999999998_1.0_28,24.32,2.31,0.73,-0.33,-0.5,-0.68,0.15
A_OB_1.9999999999999998_1.0_29,24.93,2.31,0.73,-0.33,-0.5,-0.68,0.15
A_OB_1.9999999999999998_1.0_30,24.53,2.31,0.73,-0.33,-0.5,-0.68,0.15
A_OB_1.9999999999999998_1.0_31,23.83,2.31,0.73,-0.33,-0.5,-0.68,0.15
A_OB_1.9999999999999998_1.0_32,24.56,2.31,0.73,-0.33,-0.5,-0.68,0.15
A_OB_1.9999999999999998_1.0_33,20.92,2.31,0.73,-0.33,-0.5,-0.68,0.15
A_OB_1.9999999999999998_1.0_34,24.03,2.31,0.73,-0.33,-0.5,-0.68,0.15
A_OB_1.9999999999999998_1.0_35,23.33,2.31,0.73,-0.33,-0.5,-0.68,0.15
A_OB_1.9999999999999998_1.0_36,24.68,2.31,0.73,-0.33,-0.5,-0.68,0.15
A_OB_1.9999999999999998_1.0_37,23.69,2.31,0.73,-0.33,-0.5,-0.68,0.15
A_OB_1.9999999999999998_1.0_38,24.89,2.31,0.73,-0.33,-0.5,-0.68,0.15
A_OB_1.9999999999999998_1.0_39,24.44,2.31,0.73,-0.33,-0.5,-0.68,0.15
A_OB_1.9999999999999998_1.0_40,25.54,2.31,0.73,-0.33,-0.5,-0.68,0.15
A_OB_1.9999999999999998_1.0_41,23.95,2.31,0.73,-0.33,-0.5,-0.68,0.15
A_OB_1.9999999999999998_1.0_42,25.35,2.31,0.73,-0.33,-0.5,-0.68,0.15
A_OB_1.9999999999999998_1.0_43,24.41,2.31,0.73,-0.33,-0.5,-0.68,0.15
A_OB_1.9999999999999998_1.0_44,25.32,2.31,0.73,-0.33,-0.5,-0.68,0.15
A_OB_1.9999999999999998_1.0_45,25.1,2.31,0.73,-0.33,-0.5,-0.68,0.15
A_OB_1.9999999999999998_1.0_46,20.08,2.31,0.73,-0.33,-0.5,-0.68,0.15
A_OB_1.9999999999999998_1.0_47,25.27,2.31,0.73,-0.33,-0.5,-0.68,0.15
A_OB_1.9999999999999998_1.0_48,25.51,2.31,0.73,-0.33,-0.5,-0.68,0.15
A_OB_1.9999999999999998_1.0_49,24.97,2.31,0.73,-0.33,-0.5,-0.68,0.15
A_OB_1.9999999999999998_1.0_50,20.33,2.31,0.73,-0.33,-0.5,-0.68,0.15
A_OB_1.9999999999999998_1.0_51,22.48,2.31,0.73,-0.33,-0.5,-0.68,0.15
A_OB_1.9999999999999998_1.0_52,24.85,2.31,0.73,-0.33,-0.5,-0.68,0.15
A_OB_1.9999999999999998_1.0_53,24.96,2.31,0.73,-0.33,-0.5,-0.68,0.15
A_OB_1.9999999999999998_1.0_54,25.18,2.31,0.73,-0.33,-0.5,-0.68,0.15
A_OB_1.9999999999999998_1.0_55,25.18,2.31,0.73,-0.33,-0.5,-0.68,0.15
A_OB_1.9999999999999998_1.0_56,25.29,2.31,0.73,-0.33,-0.5,-0.68,0.15
A_OB_1.9999999999999998_1.0_57,24.76,2.31,0.73,-0.33,-0.5,-0.68,0.15
A_OB_1.9999999999999998_1.0_58,25.51,2.31,0.73,-0.33,-0.5,-0.68,0.15
A_OB_1.9999999999999998_1.0_59,24.15,2.31,0.73,-0.33,-0.5,-0.68,0.15
A_OB_1.9999999999999998_1.0_60,25.35,2.31,0.73,-0.33,-0.5,-0.68,0.15
A_OB_1.9999999999999998_1.0_61,24.48,2.31,0.73,-0.33,-0.5,-0.68,0.15
A_OB_1.9999999999999998_1.0_62,25.39,2.31,0.73,-0.33,-0.5,-0.68,0.15
A_OB_1.9999999999999998_1.0_63,25.57,2.31,0.73,-0.33,-0.5,-0.68,0.15
A_OB_1.9999999999999998_1.0_64,24.69,2.31,0.73,-0.33,-0.5,-0.68,0.15
A_OB_1.9999999999999998_1.0_65,24.52,2.31,0.73,-0.33,-0.5,-0.68,0.15
A_OB_1.9999999999999998_1.0_66,21.08,2.31,0.73,-0.33,-0.5,-0.68,0.15
A_OB_1.9999999999999998_1.0_67,24.99,2.31,0.73,-0.33,-0.5,-0.68,0.15
A_OB_1.9999999999999998_1.0_68,24.82,2.31,0.73,-0.33,-0.5,-0.68,0.15
A_OB_1.9999999999999998_1.0_69,23.84,2.31,0.73,-0.33,-0.5,-0.68,0.15
A_OB_1.9999999999999998_1.0_70,23.42,2.31,0.73,-0.33,-0.5,-0.68,0.15
A_OB_1.9999999999999998_1.0_71,24.32,2.31,0.73,-0.33,-0.5,-0.68,0.15
A_OB_1.9999999999999998_1.0_72,24.07,2.31,0.73,-0.33,-0.5,-0.68,0.15
A_OB_1.9999999999999998_1.0_73,25.07,2.31,0.73,-0.33,-0.5,-0.68,0.15
A_OB_1.9999999999999998_1.0_74,24.32,2.31,0.73,-0.33,-0.5,-0.68,0.15
A_OB_1.9999999999999998_1.0_75,23.27,2.31,0.73,-0.33,-0.5,-0.68,0.15
A_OB_1.9999999999999998_1.0_76,24.2,2.31,0.73,-0.33,-0.5,-0.68,0.15
A_OB_1.9999999999999998_1.0_77,24.45,2.31,0.73,-0.33,-0.5,-0.68,0.15
A_OB_1.9999999999999998_1.0_78,25.33,2.31,0.73,-0.33,-0.5,-0.68,0.15
A_OB_1.9999999999999998_1.0_79,24.86,2.31,0.73,-0.33,-0.5,-0.68,0.15
A_OB_1.9999999999999998_1.0_80,24.2,2.31,0.73,-0.33,-0.5,-0.68,0.15
A_OB_1.9999999999999998_1.0_81,24.65,2.31,0.73,-0.33,-0.5,-0.68,0.15
A_OB_1.9999999999999998_1.0_82,22.02,2.31,0.73,-0.33,-0.5,-0.68,0.15
A_OB_1.9999999999999998_1.0_83,24.76,2.31,0.73,-0.33,-0.5,-0.68,0.15
A_OB_1.9999999999999998_1.0_84,25.5,2.31,0.73,-0.33,-0.5,-0.68,0.15
A_OB_1.9999999999999998_1.0_85,25.35,2.31,0.73,-0.33,-0.5,-0.68,0.15
A_OB_1.9999999999999998_1.0_86,23.48,2.31,0.73,-0.33,-0.5,-0.68,0.15
A_OB_1.9999999999999998_1.0_87,25.42,2.31,0.73,-0.33,-0.5,-0.68,0.15
A_OB_1.9999999999999998_1.0_88,24.83,2.31,0.73,-0.33,-0.5,-0.68,0.15
A_OB_1.9999999999999998_1.0_89,25.57,2.31,0.73,-0.33,-0.5,-0.68,0.15
A_OB_1.9999999999999998_1.0_90,25.5,2.31,0.73,-0.33,-0.5,-0.68,0.15
A_OB_1.9999999999999998_1.0_91,24.76,2.31,0.73,-0.33,-0.5,-0.68,0.15
A_OB_1.9999999999999998_1.0_92,25.23,2.31,0.73,-0.33,-0.5,-0.68,0.15
A_OB_1.9999999999999998_1.0_93,21.38,2.31,0.73,-0.33,-0.5,-0.68,0.15
A_OB_1.9999999999999998_1.0_94,24.18,2.31,0.73,-0.33,-0.5,-0.68,0.15
A_OB_1.9999999999999998_1.0_95,23.79,2.31,0.73,-0.33,-0.5,-0.68,0.15
A_OB_1.9999999999999998_1.0_96,25.38,2.31,0.73,-0.33,-0.5,-0.68,0.15
A_OB_1.9999999999999998_1.0_97,23.94,2.31,0.73,-0.33,-0.5,-0.68,0.15
A_OB_1.9999999999999998_1.0_98,25.31,2.31,0.73,-0.33,-0.5,-0.68,0.15
A_OB_1.9999999999999998_1.0_99,24.77,2.31,0.73,-0.33,-0.5,-0.68,0.15
A_OB_1.9999999999999998_1.0_100,21.36,2.31,0.73,-0.33,-0.5,-0.68,0.15
A_OB_1.9999999999999998_1.0_101,25.6,2.31,0.73,-0.33,-0.5,-0.68,0.15
A_OB_1.9999999999999998_1.0_102,25.61,2.31,0.73,-0.33,-0.5,-0.68,0.15
A_OB_1.9999999999999998_1.0_103,24.87,2.31,0.73,-0.33,-0.5,-0.68,0.15
A_OB_1.9999999999999998_1.0_104,25.09,2.31,0.73,-0.33,-0.5,-0.68,0.15
A_OB_1.9999999999999998_1.0_105,21.65,2.31,0.73,-0.33,-0.5,-0.68,0.15
A_OB_1.9999999999999998_1.0_106,24.49,2.31,0.73,-0.33,-0.5,-0.68,0.15
A_OB_1.9999999999999998_1.0_107,23.71,2.31,0.73,-0.33,-0.5,-0.68,0.15
A_OB_1.9999999999999998_1.0_108,24.14,2.31,0.73,-0.33,-0.5,-0.68,0.15
A_OB_1.9999999999999998_1.0_109,25.39,2.31,0.73,-0.33,-0.5,-0.68,0.15
A_OB_1.9999999999999998_1.0_110,25.43,2.31,0.73,-0.33,-0.5,-0.68,0.15
A_OB_1.9999999999999998_1.0_111,23.59,2.31,0.73,-0.33,-0.5,-0.68,0.15
A_OB_1.9999999999999998_1.0_112,25.36,2.31,0.73,-0.33,-0.5,-0.68,0.15
A_OB_1.9999999999999998_1.0_113,25.56,2.31,0.73,-0.33,-0.5,-0.68,0.15
A_OB_1.9999999999999998_1.0_114,25.56,2.31,0.73,-0.33,-0.5,-0.68,0.15
A_OB_1.9999999999999998_1.0_115,25.42,2.31,0.73,-0.33,-0.5,-0.68,0.15
A_OB_1.9999999999999998_1.0_116,25.27,2.31,0.73,-0.33,-0.5,-0.68,0.15
A_OB_1.9999999999999998_1.0_117,22.85,2.31,0.73,-0.33,-0.5,-0.68,0.15
A_OB_1.9999999999999998_1.0_118,23.34,2.31,0.73,-0.33,-0.5,-0.68,0.15
A_OB_1.9999999999999998_1.0_119,24.29,2.31,0.73,-0.33,-0.5,-0.68,0.15
A_OB_1.9999999999999998_1.0_120,25.48,2.31,0.73,-0.33,-0.5,-0.68,0.15
A_OB_1.9999999999999998_1.0_121,25.38,2.31,0.73,-0.33,-0.5,-0.68,0.15
A_OB_1.9999999999999998_1.0_122,25.36,2.31,0.73,-0.33,-0.5,-0.68,0.15
A_OB_1.9999999999999998_1.0_123,25.6,2.31,0.73,-0.33,-0.5,-0.68,0.15
A_OB_1.9999999999999998_1.0_124,24.7,2.31,0.73,-0.33,-0.5,-0.68,0.15
A_OB_1.9999999999999998_1.0_125,21.95,2.31,0.73,-0.33,-0.5,-0.68,0.15
A_OB_1.9999999999999998_1.0_126,25.02,2.31,0.73,-0.33,-0.5,-0.68,0.15
A_OB_1.9999999999999998_1.0_127,25.27,2.31,0.73,-0.33,-0.5,-0.68,0.15
A_OB_1.9999999999999998_1.0_128,22.23,2.31,0.73,-0.33,-0.5,-0.68,0.15
A_OB_1.9999999999999998_1.0_129,23.1,2.31,0.73,-0.33,-0.5,-0.68,0.15
A_OB_1.9999999999999998_1.0_130,25.02,2.31,0.73,-0.33,-0.5,-0.68,0.15
A_OB_1.9999999999999998_1.0_131,23.96,2.31,0.73,-0.33,-0.5,-0.68,0.15
A_OB_1.9999999999999998_1.0_132,25.25,2.31,0.73,-0.33,-0.5,-0.68,0.15
A_OB_1.9999999999999998_1.0_133,25.15,2.31,0.73,-0.33,-0.5,-0.68,0.15
A_OB_1.9999999999999998_1.0_134,25.41,2.31,0.73,-0.33,-0.5,-0.68,0.15
A_OB_1.9999999999999998_1.0_135,23.16,2.31,0.73,-0.33,-0.5,-0.68,0.15
A_OB_1.9999999999999998_1.0_136,25.24,2.31,0.73,-0.33,-0.5,-0.68,0.15
A_OB_1.9999999999999998_1.0_137,21.31,2.31,0.73,-0.33,-0.5,-0.68,0.15
A_OB_1.9999999999999998_1.0_138,25.6,2.31,0.73,-0.33,-0.5,-0.68,0.15
A_OB_1.9999999999999998_1.0_139,24.3,2.31,0.73,-0.33,-0.5,-0.68,0.15
A_OB_1.9999999999999998_1.0_140,24.72,2.31,0.73,-0.33,-0.5,-0.68,0.15
A_OB_1.9999999999999998_1.0_141,25.52,2.31,0.73,-0.33,-0.5,-0.68,0.15
A_OB_1.9999999999999998_1.0_142,21.35,2.31,0.73,-0.33,-0.5,-0.68,0.15
A_OB_1.9999999999999998_1.0_143,25.32,2.31,0.73,-0.33,-0.5,-0.68,0.15
A_OB_1.9999999999999998_1.0_144,24.68,2.31,0.73,-0.33,-0.5,-0.68,0.15
A_OB_1.9999999999999998_1.0_145,24.86,2.31,0.73,-0.33,-0.5,-0.68,0.15
A_OB_1.9999999999999998_1.0_146,22.14,2.31,0.73,-0.33,-0.5,-0.68,0.15
A_OB_1.9999999999999998_1.0_147,22.75,2.31,0.73,-0.33,-0.5,-0.68,0.15
A_OB_1.9999999999999998_1.0_148,25.38,2.31,0.73,-0.33,-0.5,-0.68,0.15
A_OB_1.9999999999999998_1.0_149,23.65,2.31,0.73,-0.33,-0.5,-0.68,0.15
A_OB_1.9999999999999998_1.0_150,25.45,2.31,0.73,-0.33,-0.5,-0.68,0.15
A_OB_1.9999999999999998_1.0_151,24.35,2.31,0.73,-0.33,-0.5,-0.68,0.15
A_OB_1.9999999999999998_1.0_152,25.1,2.31,0.73,-0.33,-0.5,-0.68,0.15
A_OB_1.9999999999999998_1.0_153,24.44,2.31,0.73,-0.33,-0.5,-0.68,0.15
A_OB_1.9999999999999998_1.0_154,25.5,2.31,0.73,-0.33,-0.5,-0.68,0.15
A_OB_1.9999999999999998_1.0_155,23.69,2.31,0.73,-0.33,-0.5,-0.68,0.15
A_OB_1.9999999999999998_1.0_156,22.28,2.31,0.73,-0.33,-0.5,-0.68,0.15
A_OB_1.9999999999999998_1.0_157,22.72,2.31,0.73,-0.33,-0.5,-0.68,0.15
A_OB_1.9999999999999998_1.0_158,24.03,2.31,0.73,-0.33,-0.5,-0.68,0.15
A_OB_1.9999999999999998_1.0_159,24.23,2.31,0.73,-0.33,-0.5,-0.68,0.15
A_OB_1.9999999999999998_1.0_160,23.43,2.31,0.73,-0.33,-0.5,-0.68,0.15
A_OB_1.9999999999999998_1.0_161,24.81,2.31,0.73,-0.33,-0.5,-0.68,0.15
A_OB_1.9999999999999998_1.0_162,25.16,2.31,0.73,-0.33,-0.5,-0.68,0.15
A_OB_1.9999999999999998_1.0_163,25.55,2.31,0.73,-0.33,-0.5,-0.68,0.15
A_OB_1.9999999999999998_1.0_164,18.61,2.31,0.73,-0.33,-0.5,-0.68,0.15
A_OB_1.9999999999999998_1.0_165,24.93,2.31,0.73,-0.33,-0.5,-0.68,0.15
A_OB_1.9999999999999998_1.0_166,24.91,2.31,0.73,-0.33,-0.5,-0.68,0.15
A_OB_1.9999999999999998_1.0_167,24.63,2.31,0.73,-0.33,-0.5,-0.68,0.15
A_OB_1.9999999999999998_1.0_168,25.5,2.31,0.73,-0.33,-0.5,-0.68,0.15
A_OB_1.9999999999999998_1.0_169,18.06,2.31,0.73,-0.33,-0.5,-0.68,0.15
A_OB_1.9999999999999998_1.0_170,25.16,2.31,0.73,-0.33,-0.5,-0.68,0.15
A_OB_1.9999999999999998_1.0_171,23.57,2.31,0.73,-0.33,-0.5,-0.68,0.15
A_OB_1.9999999999999998_1.0_172,24.97,2.31,0.73,-0.33,-0.5,-0.68,0.15
A_OB_1.9999999999999998_1.0_173,23.41,2.31,0.73,-0.33,-0.5,-0.68,0.15
A_OB_1.9999999999999998_1.0_174,25.31,2.31,0.73,-0.33,-0.5,-0.68,0.15
A_OB_1.9999999999999998_1.0_175,23.36,2.31,0.73,-0.33,-0.5,-0.68,0.15
A_OB_1.9999999999999998_1.0_176,25.34,2.31,0.73,-0.33,-0.5,-0.68,0.15
A_OB_1.9999999999999998_1.0_177,25.43,2.31,0.73,-0.33,-0.5,-0.68,0.15
A_OB_1.9999999999999998_1.0_178,25.61,2.31,0.73,-0.33,-0.5,-0.68,0.15
A_OB_1.9999999999999998_1.0_179,24.37,2.31,0.73,-0.33,-0.5,-0.68,0.15
A_OB_1.9999999999999998_1.0_180,24.88,2.31,0.73,-0.33,-0.5,-0.68,0.15
A_OB_1.9999999999999998_1.0_181,25.19,2.31,0.73,-0.33,-0.5,-0.68,0.15
A_OB_1.9999999999999998_1.0_182,23.07,2.31,0.73,-0.33,-0.5,-0.68,0.15
A_OB_1.9999999999999998_1.0_183,24.42,2.31,0.73,-0.33,-0.5,-0.68,0.15
A_OB_1.9999999999999998_1.0_184,23.91,2.31,0.73,-0.33,-0.5,-0.68,0.15
A_OB_1.9999999999999998_1.0_185,25.31,2.31,0.73,-0.33,-0.5,-0.68,0.15
A_OB_1.9999999999999998_1.0_186,25.05,2.31,0.73,-0.33,-0.5,-0.68,0.15
A_OB_1.9999999999999998_1.0_187,23.06,2.31,0.73,-0.33,-0.5,-0.68,0.15
A_OB_1.9999999999999998_1.0_188,24.6,2.31,0.73,-0.33,-0.5,-0.68,0.15
A_OB_1.9999999999999998_1.0_189,25.19,2.31,0.73,-0.33,-0.5,-0.68,0.15
A_OB_1.9999999999999998_1.0_190,22.52,2.31,0.73,-0.33,-0.5,-0.68,0.15
A_OB_1.9999999999999998_1.0_191,23.2,2.31,0.73,-0.33,-0.5,-0.68,0.15
A_OB_1.9999999999999998_1.0_192,24.75,2.31,0.73,-0.33,-0.5,-0.68,0.15
A_OB_1.9999999999999998_1.0_193,25.48,2.31,0.73,-0.33,-0.5,-0.68,0.15
A_OB_1.9999999999999998_1.0_194,24.5,2.31,0.73,-0.33,-0.5,-0.68,0.15
A_OB_1.9999999999999998_1.0_195,24.64,2.31,0.73,-0.33,-0.5,-0.68,0.15
A_OB_1.9999999999999998_1.0_196,23.9,2.31,0.73,-0.33,-0.5,-0.68,0.15
A_OB_1.9999999999999998_1.0_197,25.11,2.31,0.73,-0.33,-0.5,-0.68,0.15
A_OB_1.9999999999999998_1.0_198,25.03,2.31,0.73,-0.33,-0.5,-0.68,0.15
A_OB_1.9999999999999998_1.0_199,17.19,2.31,0.73,-0.33,-0.5,-0.68,0.15
A_OB_1.9999999999999998_1.0_200,24.45,2.31,0.73,-0.33,-0.5,-0.68,0.15
A_OB_1.9999999999999998_1.0_201,23.49,2.31,0.73,-0.33,-0.5,-0.68,0.15
A_OB_1.9999999999999998_1.0_202,24.59,2.31,0.73,-0.33,-0.5,-0.68,0.15
A_OB_1.9999999999999998_1.0_203,23.51,2.31,0.73,-0.33,-0.5,-0.68,0.15
A_OB_1.9999999999999998_1.0_204,23.79,2.31,0.73,-0.33,-0.5,-0.68,0.15
A_OB_1.9999999999999998_1.0_205,24.64,2.31,0.73,-0.33,-0.5,-0.68,0.15
A_OB_1.9999999999999998_1.0_206,23.43,2.31,0.73,-0.33,-0.5,-0.68,0.15
A_OB_1.9999999999999998_1.0_207,24.14,2.31,0.73,-0.33,-0.5,-0.68,0.15
A_OB_1.9999999999999998_1.0_208,25.2,2.31,0.73,-0.33,-0.5,-0.68,0.15
A_OB_1.9999999999999998_1.0_209,25.55,2.31,0.73,-0.33,-0.5,-0.68,0.15
A_OB_1.9999999999999998_1.0_210,24.65,2.31,0.73,-0.33,-0.5,-0.68,0.15
A_OB_1.9999999999999998_1.0_211,25.07,2.31,0.73,-0.33,-0.5,-0.68,0.15
A_OB_1.9999999999999998_1.0_212,25.44,2.31,0.73,-0.33,-0.5,-0.68,0.15
A_OB_1.9999999999999998_1.0_213,22.62,2.31,0.73,-0.33,-0.5,-0.68,0.15
A_OB_1.9999999999999998_1.0_214,22.18,2.31,0.73,-0.33,-0.5,-0.68,0.15
A_OB_1.9999999999999998_1.0_215,22.33,2.31,0.73,-0.33,-0.5,-0.68,0.15
A_OB_1.9999999999999998_1.0_216,24.39,2.31,0.73,-0.33,-0.5,-0.68,0.15
A_OB_1.9999999999999998_1.0_217,24.89,2.31,0.73,-0.33,-0.5,-0.68,0.15
A_OB_1.9999999999999998_1.0_218,25.62,2.31,0.73,-0.33,-0.5,-0.68,0.15
A_OB_1.9999999999999998_1.0_219,25.19,2.31,0.73,-0.33,-0.5,-0.68,0.15
A_OB_1.9999999999999998_1.0_220,25.36,2.31,0.73,-0.33,-0.5,-0.68,0.15
A_OB_1.9999999999999998_1.0_221,24.71,2.31,0.73,-0.33,-0.5,-0.68,0.15
A_OB_1.9999999999999998_1.0_222,25.25,2.31,0.73,-0.33,-0.5,-0.68,0.15
A_OB_1.9999999999999998_1.0_223,24.43,2.31,0.73,-0.33,-0.5,-0.68,0.15
A_OB_1.9999999999999998_1.0_224,23.58,2.31,0.73,-0.33,-0.5,-0.68,0.15
A_OB_1.9999999999999998_1.0_225,25.38,2.31,0.73,-0.33,-0.5,-0.68,0.15
A_OB_1.9999999999999998_1.0_226,24.84,2.31,0.73,-0.33,-0.5,-0.68,0.15
A_OB_1.9999999999999998_1.0_227,25.37,2.31,0.73,-0.33,-0.5,-0.68,0.15
A_OB_1.9999999999999998_1.0_228,24.04,2.31,0.73,-0.33,-0.5,-0.68,0.15
A_OB_1.9999999999999998_1.0_229,22.34,2.31,0.73,-0.33,-0.5,-0.68,0.15
A_OB_1.9999999999999998_1.0_230,24.88,2.31,0.73,-0.33,-0.5,-0.68,0.15
A_OB_1.9999999999999998_1.0_231,19.32,2.31,0.73,-0.33,-0.5,-0.68,0.15
A_OB_1.9999999999999998_1.0_232,22.3,2.31,0.73,-0.33,-0.5,-0.68,0.15
A_OB_1.9999999999999998_1.0_233,23.39,2.31,0.73,-0.33,-0.5,-0.68,0.15
A_OB_1.9999999999999998_1.0_234,25.1,2.31,0.73,-0.33,-0.5,-0.68,0.15
A_OB_1.9999999999999998_1.0_235,23.61,2.31,0.73,-0.33,-0.5,-0.68,0.15
A_OB_1.9999999999999998_1.0_236,25.36,2.31,0.73,-0.33,-0.5,-0.68,0.15
A_OB_1.9999999999999998_1.0_237,25.42,2.31,0.73,-0.33,-0.5,-0.68,0.15
A_OB_1.9999999999999998_1.0_238,24.93,2.31,0.73,-0.33,-0.5,-0.68,0.15
A_OB_1.9999999999999998_1.0_239,25.13,2.31,0.73,-0.33,-0.5,-0.68,0.15
A_OB_1.9999999999999998_1.0_240,25.55,2.31,0.73,-0.33,-0.5,-0.68,0.15
A_OB_1.9999999999999998_1.0_241,25.12,2.31,0.73,-0.33,-0.5,-0.68,0.15
A_OB_1.9999999999999998_1.0_242,25.59,2.31,0.73,-0.33,-0.5,-0.68,0.15
A_OB_1.9999999999999998_1.0_243,24.99,2.31,0.73,-0.33,-0.5,-0.68,0.15
A_OB_1.9999999999999998_1.0_244,25.01,2.31,0.73,-0.33,-0.5,-0.68,0.15
A_OB_1.9999999999999998_1.0_245,25.04,2.31,0.73,-0.33,-0.5,-0.68,0.15
A_OB_1.9999999999999998_1.0_246,21.99,2.31,0.73,-0.33,-0.5,-0.68,0.15
A_OB_1.9999999999999998_1.0_247,25.26,2.31,0.73,-0.33,-0.5,-0.68,0.15
A_OB_1.9999999999999998_1.0_248,22.1,2.31,0.73,-0.33,-0.5,-0.68,0.15
A_OB_1.9999999999999998_1.0_249,25.19,2.31,0.73,-0.33,-0.5,-0.68,0.15
A_OB_1.9999999999999998_1.0_250,24.1,2.31,0.73,-0.33,-0.5,-0.68,0.15
A_OB_1.9999999999999998_1.0_251,23.56,2.31,0.73,-0.33,-0.5,-0.68,0.15
A_OB_1.9999999999999998_1.0_252,24.78,2.31,0.73,-0.33,-0.5,-0.68,0.15
A_OB_1.9999999999999998_1.0_253,25.01,2.31,0.73,-0.33,-0.5,-0.68,0.15
A_OB_1.9999999999999998_1.0_254,25.56,2.31,0.73,-0.33,-0.5,-0.68,0.15
A_OB_1.9999999999999998_1.0_255,25.13,2.31,0.73,-0.33,-0.5,-0.68,0.15
A_OB_1.9999999999999998_1.0_256,25.28,2.31,0.73,-0.33,-0.5,-0.68,0.15
A_OB_1.9999999999999998_1.0_257,22.15,2.31,0.73,-0.33,-0.5,-0.68,0.15
A_OB_1.9999999999999998_1.0_258,24.66,2.31,0.73,-0.33,-0.5,-0.68,0.15
A_OB_1.9999999999999998_1.0_259,25.09,2.31,0.73,-0.33,-0.5,-0.68,0.15
A_OB_1.9999999999999998_1.0_260,23.78,2.31,0.73,-0.33,-0.5,-0.68,0.15
A_OB_1.9999999999999998_1.0_261,24.55,2.31,0.73,-0.33,-0.5,-0.68,0.15
A_OB_1.9999999999999998_1.0_262,25.56,2.31,0.73,-0.33,-0.5,-0.68,0.15
A_OB_1.9999999999999998_1.0_263,24.81,2.31,0.73,-0.33,-0.5,-0.68,0.15
A_OB_1.9999999999999998_1.0_264,25.35,2.31,0.73,-0.33,-0.5,-0.68,0.15
A_OB_1.9999999999999998_1.0_265,24.21,2.31,0.73,-0.33,-0.5,-0.68,0.15
A_OB_1.9999999999999998_1.0_266,25.48,2.31,0.73,-0.33,-0.5,-0.68,0.15
A_OB_1.9999999999999998_1.0_267,24.23,2.31,0.73,-0.33,-0.5,-0.68,0.15
A_OB_1.9999999999999998_1.0_268,25.57,2.31,0.73,-0.33,-0.5,-0.68,0.15
A_OB_1.9999999999999998_1.0_269,23.58,2.31,0.73,-0.33,-0.5,-0.68,0.15
A_OB_1.9999999999999998_1.0_270,24.44,2.31,0.73,-0.33,-0.5,-0.68,0.15
A_OB_1.9999999999999998_1.0_271,24.54,2.31,0.73,-0.33,-0.5,-0.68,0.15
A_OB_1.9999999999999998_1.0_272,23.33,2.31,0.73,-0.33,-0.5,-0.68,0.15
A_OB_1.9999999999999998_1.0_273,25.03,2.31,0.73,-0.33,-0.5,-0.68,0.15
A_OB_1.9999999999999998_1.0_274,24.46,2.31,0.73,-0.33,-0.5,-0.68,0.15
A_OB_1.9999999999999998_1.0_275,24.38,2.31,0.73,-0.33,-0.5,-0.68,0.15
A_OB_1.9999999999999998_1.0_276,24.98,2.31,0.73,-0.33,-0.5,-0.68,0.15
A_OB_1.9999999999999998_1.0_277,24.44,2.31,0.73,-0.33,-0.5,-0.68,0.15
A_OB_1.9999999999999998_1.0_278,24.95,2.31,0.73,-0.33,-0.5,-0.68,0.15
A_OB_1.9999999999999998_1.0_279,21.77,2.31,0.73,-0.33,-0.5,-0.68,0.15
A_OB_1.9999999999999998_1.0_280,24.8,2.31,0.73,-0.33,-0.5,-0.68,0.15
A_OB_1.9999999999999998_1.0_281,25.31,2.31,0.73,-0.33,-0.5,-0.68,0.15
A_OB_1.9999999999999998_1.0_282,23.92,2.31,0.73,-0.33,-0.5,-0.68,0.15
A_OB_1.9999999999999998_1.0_283,25.45,2.31,0.73,-0.33,-0.5,-0.68,0.15
A_OB_1.9999999999999998_1.0_284,25.58,2.31,0.73,-0.33,-0.5,-0.68,0.15
A_OB_1.9999999999999998_1.0_285,25.33,2.31,0.73,-0.33,-0.5,-0.68,0.15
A_OB_1.9999999999999998_1.0_286,24.74,2.31,0.73,-0.33,-0.5,-0.68,0.15
A_OB_1.9999999999999998_1.0_287,22.44,2.31,0.73,-0.33,-0.5,-0.68,0.15
A_OB_1.9999999999999998_1.0_288,25.61,2.31,0.73,-0.33,-0.5,-0.68,0.15
A_OB_1.9999999999999998_1.0_289,24.76,2.31,0.73,-0.33,-0.5,-0.68,0.15
A_OB_1.9999999999999998_1.0_290,25.39,2.31,0.73,-0.33,-0.5,-0.68,0.15
A_OB_1.9999999999999998_1.0_291,24.87,2.31,0.73,-0.33,-0.5,-0.68,0.15
A_OB_1.9999999999999998_1.0_292,23.4,2.31,0.73,-0.33,-0.5,-0.68,0.15
A_OB_1.9999999999999998_1.0_293,24.47,2.31,0.73,-0.33,-0.5,-0.68,0.15
A_OB_1.9999999999999998_1.0_294,25.47,2.31,0.73,-0.33,-0.5,-0.68,0.15
A_OB_1.9999999999999998_1.0_295,23.62,2.31,0.73,-0.33,-0.5,-0.68,0.15
A_OB_1.9999999999999998_1.0_296,24.72,2.31,0.73,-0.33,-0.5,-0.68,0.15
A_OB_1.9999999999999998_1.0_297,25.55,2.31,0.73,-0.33,-0.5,-0.68,0.15
A_OB_1.9999999999999998_1.0_298,25.02,2.31,0.73,-0.33,-0.5,-0.68,0.15
A_OB_1.9999999999999998_1.0_299,24.87,2.31,0.73,-0.33,-0.5,-0.68,0.15
A_OB_1.9999999999999998_1.0_300,25.13,2.31,0.73,-0.33,-0.5,-0.68,0.15
A_OB_1.9999999999999998_1.0_301,25.23,2.31,0.73,-0.33,-0.5,-0.68,0.15
A_OB_1.9999999999999998_1.0_302,25.24,2.31,0.73,-0.33,-0.5,-0.68,0.15
A_OB_1.9999999999999998_1.0_303,25.2,2.31,0.73,-0.33,-0.5,-0.68,0.15
A_OB_1.9999999999999998_1.0_304,19.75,2.31,0.73,-0.33,-0.5,-0.68,0.15
A_OB_1.9999999999999998_1.0_305,24.83,2.31,0.73,-0.33,-0.5,-0.68,0.15
A_OB_1.9999999999999998_1.0_306,25.51,2.31,0.73,-0.33,-0.5,-0.68,0.15
A_OB_1.9999999999999998_1.0_307,25.14,2.31,0.73,-0.33,-0.5,-0.68,0.15
A_OB_1.9999999999999998_1.0_308,24.17,2.31,0.73,-0.33,-0.5,-0.68,0.15
A_OB_1.9999999999999998_1.0_309,24.2,2.31,0.73,-0.33,-0.5,-0.68,0.15
A_OB_1.9999999999999998_1.0_310,25.4,2.31,0.73,-0.33,-0.5,-0.68,0.15
A_OB_1.9999999999999998_1.0_311,23.55,2.31,0.73,-0.33,-0.5,-0.68,0.15
A_OB_1.9999999999999998_1.0_312,25.24,2.31,0.73,-0.33,-0.5,-0.68,0.15
A_OB_1.9999999999999998_1.0_313,23.66,2.31,0.73,-0.33,-0.5,-0.68,0.15
A_OB_1.9999999999999998_1.0_314,25.37,2.31,0.73,-0.33,-0.5,-0.68,0.15
A_OB_1.9999999999999998_1.0_315,25.41,2.31,0.73,-0.33,-0.5,-0.68,0.15
A_OB_1.9999999999999998_1.0_316,22.36,2.31,0.73,-0.33,-0.5,-0.68,0.15
A_OB_1.9999999999999998_1.0_317,24.3,2.31,0.73,-0.33,-0.5,-0.68,0.15
A_OB_1.9999999999999998_1.0_318,22.82,2.31,0.73,-0.33,-0.5,-0.68,0.15
A_OB_1.9999999999999998_1.0_319,23.64,2.31,0.73,-0.33,-0.5,-0.68,0.15
A_OB_1.9999999999999998_1.0_320,24.71,2.31,0.73,-0.33,-0.5,-0.68,0.15
A_OB_1.9999999999999998_1.0_321,24.32,2.31,0.73,-0.33,-0.5,-0.68,0.15
A_OB_1.9999999999999998_1.0_322,23.97,2.31,0.73,-0.33,-0.5,-0.68,0.15
A_OB_1.9999999999999998_1.0_323,24.8,2.31,0.73,-0.33,-0.5,-0.68,0.15
A_OB_1.9999999999999998_1.0_324,24.78,2.31,0.73,-0.33,-0.5,-0.68,0.15
A_OB_1.9999999999999998_1.0_325,24.62,2.31,0.73,-0.33,-0.5,-0.68,0.15
A_OB_1.9999999999999998_1.0_326,24.72,2.31,0.73,-0.33,-0.5,-0.68,0.15
A_OB_1.9999999999999998_1.0_327,25.27,2.31,0.73,-0.33,-0.5,-0.68,0.15
A_OB_1.9999999999999998_1.0_328,23.09,2.31,0.73,-0.33,-0.5,-0.68,0.15
A_OB_1.9999999999999998_1.0_329,25.38,2.31,0.73,-0.33,-0.5,-0.68,0.15
A_OB_1.9999999999999998_1.0_330,25.24,2.31,0.73,-0.33,-0.5,-0.68,0.15
A_OB_1.9999999999999998_1.0_331,23.15,2.31,0.73,-0.33,-0.5,-0.68,0.15
A_OB_1.9999999999999998_1.0_332,22.55,2.31,0.73,-0.33,-0.5,-0.68,0.15
A_OB_1.9999999999999998_1.0_333,25.54,2.31,0.73,-0.33,-0.5,-0.68,0.15
A_OB_1.9999999999999998_1.0_334,25.36,2.31,0.73,-0.33,-0.5,-0.68,0.15
A_OB_1.9999999999999998_1.0_335,21.83,2.31,0.73,-0.33,-0.5,-0.68,0.15
A_OB_1.9999999999999998_1.0_336,25.22,2.31,0.73,-0.33,-0.5,-0.68,0.15
A_OB_1.9999999999999998_1.0_337,23.37,2.31,0.73,-0.33,-0.5,-0.68,0.15
A_OB_1.9999999999999998_1.0_338,20.68,2.31,0.73,-0.33,-0.5,-0.68,0.15
A_OB_1.9999999999999998_1.0_339,25.53,2.31,0.73,-0.33,-0.5,-0.68,0.15
A_OB_1.9999999999999998_1.0_340,25.57,2.31,0.73,-0.33,-0.5,-0.68,0.15
A_OB_1.9999999999999998_1.0_341,25.53,2.31,0.73,-0.33,-0.5,-0.68,0.15
A_OB_1.9999999999999998_1.0_342,23.93,2.31,0.73,-0.33,-0.5,-0.68,0.15
A_OB_1.9999999999999998_1.0_343,23.93,2.31,0.73,-0.33,-0.5,-0.68,0.15
A_OB_1.9999999999999998_1.0_344,23.98,2.31,0.73,-0.33,-0.5,-0.68,0.15
A_OB_1.9999999999999998_1.0_345,23.36,2.31,0.73,-0.33,-0.5,-0.68,0.15
A_OB_1.9999999999999998_1.0_346,23.95,2.31,0.73,-0.33,-0.5,-0.68,0.15
A_OB_1.9999999999999998_1.0_347,22.65,2.31,0.73,-0.33,-0.5,-0.68,0.15
A_OB_1.9999999999999998_1.0_348,25.49,2.31,0.73,-0.33,-0.5,-0.68,0.15
A_OB_1.9999999999999998_1.0_349,25.55,2.31,0.73,-0.33,-0.5,-0.68,0.15
A_OB_1.9999999999999998_1.0_350,25.17,2.31,0.73,-0.33,-0.5,-0.68,0.15
A_OB_1.9999999999999998_1.0_351,25.18,2.31,0.73,-0.33,-0.5,-0.68,0.15
A_OB_1.9999999999999998_1.0_352,24.95,2.31,0.73,-0.33,-0.5,-0.68,0.15
A_OB_1.9999999999999998_1.0_353,22.95,2.31,0.73,-0.33,-0.5,-0.68,0.15
A_OB_1.9999999999999998_1.0_354,24.45,2.31,0.73,-0.33,-0.5,-0.68,0.15
A_OB_1.9999999999999998_1.0_355,23.42,2.31,0.73,-0.33,-0.5,-0.68,0.15
A_OB_1.9999999999999998_1.0_356,22.87,2.31,0.73,-0.33,-0.5,-0.68,0.15
A_OB_1.9999999999999998_1.0_357,24.16,2.31,0.73,-0.33,-0.5,-0.68,0.15
A_OB_1.9999999999999998_1.0_358,24.95,2.31,0.73,-0.33,-0.5,-0.68,0.15
A_OB_1.9999999999999998_1.0_359,24.31,2.31,0.73,-0.33,-0.5,-0.68,0.15
A_OB_1.9999999999999998_1.0_360,23.75,2.31,0.73,-0.33,-0.5,-0.68,0.15
A_OB_1.9999999999999998_1.0_361,24.65,2.31,0.73,-0.33,-0.5,-0.68,0.15
A_OB_1.9999999999999998_1.0_362,25.17,2.31,0.73,-0.33,-0.5,-0.68,0.15
A_OB_1.9999999999999998_1.0_363,23.09,2.31,0.73,-0.33,-0.5,-0.68,0.15
A_OB_1.9999999999999998_1.0_364,22.94,2.31,0.73,-0.33,-0.5,-0.68,0.15
A_OB_1.9999999999999998_1.0_365,24.05,2.31,0.73,-0.33,-0.5,-0.68,0.15
A_OB_1.9999999999999998_1.0_366,24.98,2.31,0.73,-0.33,-0.5,-0.68,0.15
A_OB_1.9999999999999998_1.0_367,25.1,2.31,0.73,-0.33,-0.5,-0.68,0.15
A_OB_1.9999999999999998_1.0_368,25.5,2.31,0.73,-0.33,-0.5,-0.68,0.15
A_OB_1.9999999999999998_1.0_369,23.98,2.31,0.73,-0.33,-0.5,-0.68,0.15
A_OB_1.9999999999999998_1.0_370,23.78,2.31,0.73,-0.33,-0.5,-0.68,0.15
A_OB_1.9999999999999998_1.0_371,25.12,2.31,0.73,-0.33,-0.5,-0.68,0.15
A_OB_1.9999999999999998_1.0_372,25.3,2.31,0.73,-0.33,-0.5,-0.68,0.15
A_OB_1.9999999999999998_1.0_373,25.57,2.31,0.73,-0.33,-0.5,-0.68,0.15
A_OB_1.9999999999999998_1.0_374,25.54,2.31,0.73,-0.33,-0.5,-0.68,0.15
A_OB_1.9999999999999998_1.0_375,25.05,2.31,0.73,-0.33,-0.5,-0.68,0.15
A_OB_1.9999999999999998_1.0_376,25.53,2.31,0.73,-0.33,-0.5,-0.68,0.15
A_OB_1.9999999999999998_1.0_377,25.05,2.31,0.73,-0.33,-0.5,-0.68,0.15
A_OB_1.9999999999999998_1.0_378,22.66,2.31,0.73,-0.33,-0.5,-0.68,0.15
A_OB_1.9999999999999998_1.0_379,22.75,2.31,0.73,-0.33,-0.5,-0.68,0.15
A_OB_1.9999999999999998_1.0_380,22.95,2.31,0.73,-0.33,-0.5,-0.68,0.15
A_OB_1.9999999999999998_1.0_381,21.4,2.31,0.73,-0.33,-0.5,-0.68,0.15
A_OB_1.9999999999999998_1.0_382,23.66,2.31,0.73,-0.33,-0.5,-0.68,0.15
A_OB_1.9999999999999998_1.0_383,23.2,2.31,0.73,-0.33,-0.5,-0.68,0.15
A_OB_1.9999999999999998_1.0_384,25.2,2.31,0.73,-0.33,-0.5,-0.68,0.15
A_OB_1.9999999999999998_1.0_385,24.53,2.31,0.73,-0.33,-0.5,-0.68,0.15
A_OB_1.9999999999999998_1.0_386,22.97,2.31,0.73,-0.33,-0.5,-0.68,0.15
A_OB_1.9999999999999998_1.0_387,25.03,2.31,0.73,-0.33,-0.5,-0.68,0.15
A_OB_1.9999999999999998_1.0_388,25.15,2.31,0.73,-0.33,-0.5,-0.68,0.15
A_OB_1.9999999999999998_1.0_389,25.55,2.31,0.73,-0.33,-0.5,-0.68,0.15
A_OB_1.9999999999999998_1.0_390,25.39,2.31,0.73,-0.33,-0.5,-0.68,0.15
A_OB_1.9999999999999998_1.0_391,24.0,2.31,0.73,-0.33,-0.5,-0.68,0.15
A_OB_1.9999999999999998_1.0_392,25.42,2.31,0.73,-0.33,-0.5,-0.68,0.15
A_OB_1.9999999999999998_1.0_393,25.16,2.31,0.73,-0.33,-0.5,-0.68,0.15
A_OB_1.9999999999999998_1.0_394,25.37,2.31,0.73,-0.33,-0.5,-0.68,0.15
A_OB_1.9999999999999998_1.0_395,25.53,2.31,0.73,-0.33,-0.5,-0.68,0.15
A_OB_1.9999999999999998_1.0_396,24.42,2.31,0.73,-0.33,-0.5,-0.68,0.15
A_OB_1.9999999999999998_1.0_397,24.48,2.31,0.73,-0.33,-0.5,-0.68,0.15
A_OB_1.9999999999999998_1.0_398,22.46,2.31,0.73,-0.33,-0.5,-0.68,0.15
A_OB_1.9999999999999998_1.0_399,25.32,2.31,0.73,-0.33,-0.5,-0.68,0.15
A_OB_1.9999999999999998_1.0_400,24.44,2.31,0.73,-0.33,-0.5,-0.68,0.15
A_OB_1.9999999999999998_1.0_401,20.23,2.31,0.73,-0.33,-0.5,-0.68,0.15
A_OB_1.9999999999999998_1.0_402,25.13,2.31,0.73,-0.33,-0.5,-0.68,0.15
A_OB_1.9999999999999998_1.0_403,24.88,2.31,0.73,-0.33,-0.5,-0.68,0.15
A_OB_1.9999999999999998_1.0_404,25.19,2.31,0.73,-0.33,-0.5,-0.68,0.15
A_OB_1.9999999999999998_1.0_405,24.2,2.31,0.73,-0.33,-0.5,-0.68,0.15
A_OB_1.9999999999999998_1.0_406,25.51,2.31,0.73,-0.33,-0.5,-0.68,0.15
A_OB_1.9999999999999998_1.0_407,25.49,2.31,0.73,-0.33,-0.5,-0.68,0.15
A_OB_1.9999999999999998_1.0_408,23.6,2.31,0.73,-0.33,-0.5,-0.68,0.15
A_OB_1.9999999999999998_1.0_409,24.14,2.31,0.73,-0.33,-0.5,-0.68,0.15
A_OB_1.9999999999999998_1.0_410,24.5,2.31,0.73,-0.33,-0.5,-0.68,0.15
A_OB_1.9999999999999998_1.0_411,25.28,2.31,0.73,-0.33,-0.5,-0.68,0.15
A_OB_1.9999999999999998_1.0_412,25.42,2.31,0.73,-0.33,-0.5,-0.68,0.15
A_OB_1.9999999999999998_1.0_413,21.01,2.31,0.73,-0.33,-0.5,-0.68,0.15
A_OB_1.9999999999999998_1.0_414,24.42,2.31,0.73,-0.33,-0.5,-0.68,0.15
A_OB_1.9999999999999998_1.0_415,24.72,2.31,0.73,-0.33,-0.5,-0.68,0.15
A_OB_1.9999999999999998_1.0_416,25.07,2.31,0.73,-0.33,-0.5,-0.68,0.15
A_OB_1.9999999999999998_1.0_417,25.09,2.31,0.73,-0.33,-0.5,-0.68,0.15
A_OB_1.9999999999999998_1.0_418,25.13,2.31,0.73,-0.33,-0.5,-0.68,0.15
A_OB_1.9999999999999998_1.0_419,22.76,2.31,0.73,-0.33,-0.5,-0.68,0.15
A_OB_1.9999999999999998_1.0_420,20.55,2.31,0.73,-0.33,-0.5,-0.68,0.15
A_OB_1.9999999999999998_1.0_421,22.63,2.31,0.73,-0.33,-0.5,-0.68,0.15
A_OB_1.9999999999999998_1.0_422,24.49,2.31,0.73,-0.33,-0.5,-0.68,0.15
A_OB_1.9999999999999998_1.0_423,25.33,2.31,0.73,-0.33,-0.5,-0.68,0.15
A_OB_1.9999999999999998_1.0_424,23.58,2.31,0.73,-0.33,-0.5,-0.68,0.15
A_OB_1.9999999999999998_1.0_425,25.45,2.31,0.73,-0.33,-0.5,-0.68,0.15
A_OB_1.9999999999999998_1.0_426,25.41,2.31,0.73,-0.33,-0.5,-0.68,0.15
A_OB_1.9999999999999998_1.0_427,20.63,2.31,0.73,-0.33,-0.5,-0.68,0.15
A_OB_1.9999999999999998_1.0_428,24.97,2.31,0.73,-0.33,-0.5,-0.68,0.15
A_OB_1.9999999999999998_1.0_429,25.17,2.31,0.73,-0.33,-0.5,-0.68,0.15
A_OB_1.9999999999999998_1.0_430,24.22,2.31,0.73,-0.33,-0.5,-0.68,0.15
A_OB_1.9999999999999998_1.0_431,25.35,2.31,0.73,-0.33,-0.5,-0.68,0.15
A_OB_1.9999999999999998_1.0_432,19.2,2.31,0.73,-0.33,-0.5,-0.68,0.15
A_OB_1.9999999999999998_1.0_433,24.12,2.31,0.73,-0.33,-0.5,-0.68,0.15
A_OB_1.9999999999999998_1.0_434,23.85,2.31,0.73,-0.33,-0.5,-0.68,0.15
A_OB_1.9999999999999998_1.0_435,24.0,2.31,0.73,-0.33,-0.5,-0.68,0.15
A_OB_1.9999999999999998_1.0_436,25.2,2.31,0.73,-0.33,-0.5,-0.68,0.15
A_OB_1.9999999999999998_1.0_437,22.89,2.31,0.73,-0.33,-0.5,-0.68,0.15
A_OB_1.9999999999999998_1.0_438,24.62,2.31,0.73,-0.33,-0.5,-0.68,0.15
A_OB_1.9999999999999998_1.0_439,24.92,2.31,0.73,-0.33,-0.5,-0.68,0.15
A_OB_1.9999999999999998_1.0_440,22.65,2.31,0.73,-0.33,-0.5,-0.68,0.15
A_OB_1.9999999999999998_1.0_441,25.01,2.31,0.73,-0.33,-0.5,-0.68,0.15
A_OB_1.9999999999999998_1.0_442,25.14,2.31,0.73,-0.33,-0.5,-0.68,0.15
A_OB_1.9999999999999998_1.0_443,25.01,2.31,0.73,-0.33,-0.5,-0.68,0.15
A_OB_1.9999999999999998_1.0_444,21.75,2.31,0.73,-0.33,-0.5,-0.68,0.15
A_OB_1.9999999999999998_1.0_445,23.51,2.31,0.73,-0.33,-0.5,-0.68,0.15
A_OB_1.9999999999999998_1.0_446,25.59,2.31,0.73,-0.33,-0.5,-0.68,0.15
A_OB_1.9999999999999998_1.0_447,24.35,2.31,0.73,-0.33,-0.5,-0.68,0.15
A_OB_1.9999999999999998_1.0_448,24.88,2.31,0.73,-0.33,-0.5,-0.68,0.15
A_OB_1.9999999999999998_1.0_449,25.45,2.31,0.73,-0.33,-0.5,-0.68,0.15
A_OB_1.9999999999999998_1.0_450,25.28,2.31,0.73,-0.33,-0.5,-0.68,0.15
A_OB_1.9999999999999998_1.0_451,23.01,2.31,0.73,-0.33,-0.5,-0.68,0.15
A_OB_1.9999999999999998_1.0_452,23.64,2.31,0.73,-0.33,-0.5,-0.68,0.15
A_OB_1.9999999999999998_1.0_453,25.58,2.31,0.73,-0.33,-0.5,-0.68,0.15
A_OB_1.9999999999999998_1.0_454,25.36,2.31,0.73,-0.33,-0.5,-0.68,0.15
A_OB_1.9999999999999998_1.0_455,23.26,2.31,0.73,-0.33,-0.5,-0.68,0.15
A_OB_1.9999999999999998_1.0_456,24.89,2.31,0.73,-0.33,-0.5,-0.68,0.15
A_OB_1.9999999999999998_1.0_457,24.36,2.31,0.73,-0.33,-0.5,-0.68,0.15
A_OB_1.9999999999999998_1.0_458,18.54,2.31,0.73,-0.33,-0.5,-0.68,0.15
A_OB_1.9999999999999998_1.0_459,24.79,2.31,0.73,-0.33,-0.5,-0.68,0.15
A_OB_1.9999999999999998_1.0_460,25.38,2.31,0.73,-0.33,-0.5,-0.68,0.15
A_OB_1.9999999999999998_1.0_461,25.53,2.31,0.73,-0.33,-0.5,-0.68,0.15
A_OB_1.9999999999999998_1.0_462,23.81,2.31,0.73,-0.33,-0.5,-0.68,0.15
A_OB_1.9999999999999998_1.0_463,24.89,2.31,0.73,-0.33,-0.5,-0.68,0.15
A_OB_1.9999999999999998_1.0_464,24.8,2.31,0.73,-0.33,-0.5,-0.68,0.15
A_OB_1.9999999999999998_1.0_465,23.93,2.31,0.73,-0.33,-0.5,-0.68,0.15
A_OB_1.9999999999999998_1.0_466,24.36,2.31,0.73,-0.33,-0.5,-0.68,0.15
A_OB_1.9999999999999998_1.0_467,24.93,2.31,0.73,-0.33,-0.5,-0.68,0.15
A_OB_1.9999999999999998_1.0_468,25.58,2.31,0.73,-0.33,-0.5,-0.68,0.15
A_OB_1.9999999999999998_1.0_469,25.44,2.31,0.73,-0.33,-0.5,-0.68,0.15
A_OB_1.9999999999999998_1.0_470,25.45,2.31,0.73,-0.33,-0.5,-0.68,0.15
A_OB_1.9999999999999998_1.0_471,25.61,2.31,0.73,-0.33,-0.5,-0.68,0.15
A_OB_1.9999999999999998_1.0_472,24.03,2.31,0.73,-0.33,-0.5,-0.68,0.15
A_OB_1.9999999999999998_1.0_473,25.04,2.31,0.73,-0.33,-0.5,-0.68,0.15
A_OB_1.9999999999999998_1.0_474,24.29,2.31,0.73,-0.33,-0.5,-0.68,0.15
A_OB_1.9999999999999998_1.0_475,25.13,2.31,0.73,-0.33,-0.5,-0.68,0.15
A_OB_1.9999999999999998_1.0_476,24.77,2.31,0.73,-0.33,-0.5,-0.68,0.15
A_OB_1.9999999999999998_1.0_477,23.72,2.31,0.73,-0.33,-0.5,-0.68,0.15
A_OB_1.9999999999999998_1.0_478,24.33,2.31,0.73,-0.33,-0.5,-0.68,0.15
A_OB_1.9999999999999998_1.0_479,25.5,2.31,0.73,-0.33,-0.5,-0.68,0.15
A_OB_1.9999999999999998_1.0_480,23.49,2.31,0.73,-0.33,-0.5,-0.68,0.15
A_OB_1.9999999999999998_1.0_481,23.73,2.31,0.73,-0.33,-0.5,-0.68,0.15
A_OB_1.9999999999999998_1.0_482,25.6,2.31,0.73,-0.33,-0.5,-0.68,0.15
A_OB_1.9999999999999998_1.0_483,22.63,2.31,0.73,-0.33,-0.5,-0.68,0.15
A_OB_1.9999999999999998_1.0_484,22.73,2.31,0.73,-0.33,-0.5,-0.68,0.15
A_OB_1.9999999999999998_1.0_485,24.0,2.31,0.73,-0.33,-0.5,-0.68,0.15
A_OB_1.9999999999999998_1.0_486,24.78,2.31,0.73,-0.33,-0.5,-0.68,0.15
A_OB_1.9999999999999998_1.0_487,21.09,2.31,0.73,-0.33,-0.5,-0.68,0.15
A_OB_1.9999999999999998_1.0_488,23.7,2.31,0.73,-0.33,-0.5,-0.68,0.15
A_OB_1.9999999999999998_1.0_489,24.39,2.31,0.73,-0.33,-0.5,-0.68,0.15
A_OB_1.9999999999999998_1.0_490,24.79,2.31,0.73,-0.33,-0.5,-0.68,0.15
A_OB_1.9999999999999998_1.0_491,25.61,2.31,0.73,-0.33,-0.5,-0.68,0.15
A_OB_1.9999999999999998_1.0_492,24.97,2.31,0.73,-0.33,-0.5,-0.68,0.15
A_OB_1.9999999999999998_1.0_493,25.15,2.31,0.73,-0.33,-0.5,-0.68,0.15
A_OB_1.9999999999999998_1.0_494,24.47,2.31,0.73,-0.33,-0.5,-0.68,0.15
A_OB_1.9999999999999998_1.0_495,21.6,2.31,0.73,-0.33,-0.5,-0.68,0.15
A_OB_1.9999999999999998_1.0_496,20.49,2.31,0.73,-0.33,-0.5,-0.68,0.15
A_OB_1.9999999999999998_1.0_497,25.45,2.31,0.73,-0.33,-0.5,-0.68,0.15
A_OB_1.9999999999999998_1.0_498,22.21,2.31,0.73,-0.33,-0.5,-0.68,0.15
A_OB_1.9999999999999998_1.0_499,24.71,2.31,0.73,-0.33,-0.5,-0.68,0.15
A_OB_1.9999999999999998_1.0_500,24.96,2.31,0.73,-0.33,-0.5,-0.68,0.15
A_OB_1.9999999999999998_1.0_501,24.38,2.31,0.73,-0.33,-0.5,-0.68,0.15
A_OB_1.9999999999999998_1.0_502,24.54,2.31,0.73,-0.33,-0.5,-0.68,0.15
A_OB_1.9999999999999998_1.0_503,19.85,2.31,0.73,-0.33,-0.5,-0.68,0.15
A_OB_1.9999999999999998_1.0_504,20.99,2.31,0.73,-0.33,-0.5,-0.68,0.15
A_OB_1.9999999999999998_1.0_505,25.49,2.31,0.73,-0.33,-0.5,-0.68,0.15
A_OB_1.9999999999999998_1.0_506,18.72,2.31,0.73,-0.33,-0.5,-0.68,0.15
A_OB_1.9999999999999998_1.0_507,25.41,2.31,0.73,-0.33,-0.5,-0.68,0.15
A_OB_1.9999999999999998_1.0_508,25.35,2.31,0.73,-0.33,-0.5,-0.68,0.15
A_OB_1.9999999999999998_1.0_509,25.38,2.31,0.73,-0.33,-0.5,-0.68,0.15
A_OB_1.9999999999999998_1.0_510,24.14,2.31,0.73,-0.33,-0.5,-0.68,0.15
A_OB_1.9999999999999998_1.0_511,25.32,2.31,0.73,-0.33,-0.5,-0.68,0.15
A_OB_1.9999999999999998_1.0_512,25.01,2.31,0.73,-0.33,-0.5,-0.68,0.15
A_OB_1.9999999999999998_1.0_513,24.06,2.31,0.73,-0.33,-0.5,-0.68,0.15
A_OB_1.9999999999999998_1.0_514,25.54,2.31,0.73,-0.33,-0.5,-0.68,0.15
A_OB_1.9999999999999998_1.0_515,23.34,2.31,0.73,-0.33,-0.5,-0.68,0.15
A_OB_1.9999999999999998_1.0_516,23.46,2.31,0.73,-0.33,-0.5,-0.68,0.15
A_OB_1.9999999999999998_1.0_517,20.21,2.31,0.73,-0.33,-0.5,-0.68,0.15
A_OB_1.9999999999999998_1.0_518,24.86,2.31,0.73,-0.33,-0.5,-0.68,0.15
A_OB_1.9999999999999998_1.0_519,25.37,2.31,0.73,-0.33,-0.5,-0.68,0.15
A_OB_1.9999999999999998_1.0_520,23.94,2.31,0.73,-0.33,-0.5,-0.68,0.15
A_OB_1.9999999999999998_1.0_521,24.6,2.31,0.73,-0.33,-0.5,-0.68,0.15
A_OB_1.9999999999999998_1.0_522,25.15,2.31,0.73,-0.33,-0.5,-0.68,0.15
A_OB_1.9999999999999998_1.0_523,20.54,2.31,0.73,-0.33,-0.5,-0.68,0.15
A_OB_1.9999999999999998_1.0_524,23.5,2.31,0.73,-0.33,-0.5,-0.68,0.15
A_OB_1.9999999999999998_1.0_525,24.71,2.31,0.73,-0.33,-0.5,-0.68,0.15
A_OB_1.9999999999999998_1.0_526,25.54,2.31,0.73,-0.33,-0.5,-0.68,0.15
A_OB_1.9999999999999998_1.0_527,24.58,2.31,0.73,-0.33,-0.5,-0.68,0.15
A_OB_1.9999999999999998_1.0_528,24.37,2.31,0.73,-0.33,-0.5,-0.68,0.15
A_OB_1.9999999999999998_1.0_529,17.75,2.31,0.73,-0.33,-0.5,-0.68,0.15
A_OB_1.9999999999999998_1.0_530,25.17,2.31,0.73,-0.33,-0.5,-0.68,0.15
A_OB_1.9999999999999998_1.0_531,23.88,2.31,0.73,-0.33,-0.5,-0.68,0.15
A_OB_1.9999999999999998_1.0_532,24.75,2.31,0.73,-0.33,-0.5,-0.68,0.15
A_OB_1.9999999999999998_1.0_533,23.71,2.31,0.73,-0.33,-0.5,-0.68,0.15
A_OB_1.9999999999999998_1.0_534,24.64,2.31,0.73,-0.33,-0.5,-0.68,0.15
A_OB_1.9999999999999998_1.0_535,19.63,2.31,0.73,-0.33,-0.5,-0.68,0.15
A_OB_1.9999999999999998_1.0_536,23.55,2.31,0.73,-0.33,-0.5,-0.68,0.15
A_OB_1.9999999999999998_1.0_537,20.49,2.31,0.73,-0.33,-0.5,-0.68,0.15
A_OB_1.9999999999999998_1.0_538,25.54,2.31,0.73,-0.33,-0.5,-0.68,0.15
A_OB_1.9999999999999998_1.0_539,24.92,2.31,0.73,-0.33,-0.5,-0.68,0.15
A_OB_1.9999999999999998_1.0_540,24.86,2.31,0.73,-0.33,-0.5,-0.68,0.15
A_OB_1.9999999999999998_1.0_541,25.25,2.31,0.73,-0.33,-0.5,-0.68,0.15
A_OB_1.9999999999999998_1.0_542,25.5,2.31,0.73,-0.33,-0.5,-0.68,0.15
A_OB_1.9999999999999998_1.0_543,24.66,2.31,0.73,-0.33,-0.5,-0.68,0.15
A_OB_1.9999999999999998_1.0_544,25.58,2.31,0.73,-0.33,-0.5,-0.68,0.15
A_OB_1.9999999999999998_1.0_545,18.44,2.31,0.73,-0.33,-0.5,-0.68,0.15
A_OB_1.9999999999999998_1.0_546,25.36,2.31,0.73,-0.33,-0.5,-0.68,0.15
A_OB_1.9999999999999998_1.0_547,25.1,2.31,0.73,-0.33,-0.5,-0.68,0.15
A_OB_1.9999999999999998_1.0_548,21.0,2.31,0.73,-0.33,-0.5,-0.68,0.15
A_OB_1.9999999999999998_1.0_549,22.71,2.31,0.73,-0.33,-0.5,-0.68,0.15
A_OB_1.9999999999999998_1.0_550,24.47,2.31,0.73,-0.33,-0.5,-0.68,0.15
A_OB_1.9999999999999998_1.0_551,23.85,2.31,0.73,-0.33,-0.5,-0.68,0.15
A_OB_1.9999999999999998_1.0_552,18.26,2.31,0.73,-0.33,-0.5,-0.68,0.15
A_OB_1.9999999999999998_1.0_553,22.65,2.31,0.73,-0.33,-0.5,-0.68,0.15
A_OB_1.9999999999999998_1.0_554,23.11,2.31,0.73,-0.33,-0.5,-0.68,0.15
A_OB_1.9999999999999998_1.0_555,25.34,2.31,0.73,-0.33,-0.5,-0.68,0.15
A_OB_1.9999999999999998_1.0_556,24.72,2.31,0.73,-0.33,-0.5,-0.68,0.15
A_OB_1.9999999999999998_1.0_557,23.46,2.31,0.73,-0.33,-0.5,-0.68,0.15
A_OB_1.9999999999999998_1.0_558,25.57,2.31,0.73,-0.33,-0.5,-0.68,0.15
A_OB_1.9999999999999998_1.0_559,23.81,2.31,0.73,-0.33,-0.5,-0.68,0.15
A_OB_1.9999999999999998_1.0_560,25.34,2.31,0.73,-0.33,-0.5,-0.68,0.15
A_OB_1.9999999999999998_1.0_561,22.25,2.31,0.73,-0.33,-0.5,-0.68,0.15
A_OB_1.9999999999999998_1.0_562,22.83,2.31,0.73,-0.33,-0.5,-0.68,0.15
A_OB_1.9999999999999998_1.0_563,21.59,2.31,0.73,-0.33,-0.5,-0.68,0.15
A_OB_1.9999999999999998_1.0_564,25.12,2.31,0.73,-0.33,-0.5,-0.68,0.15
A_OB_1.9999999999999998_1.0_565,24.39,2.31,0.73,-0.33,-0.5,-0.68,0.15
A_OB_1.9999999999999998_1.0_566,25.23,2.31,0.73,-0.33,-0.5,-0.68,0.15
A_OB_1.9999999999999998_1.0_567,24.84,2.31,0.73,-0.33,-0.5,-0.68,0.15
A_OB_1.9999999999999998_1.0_568,25.11,2.31,0.73,-0.33,-0.5,-0.68,0.15
A_OB_1.9999999999999998_1.0_569,19.48,2.31,0.73,-0.33,-0.5,-0.68,0.15
A_OB_1.9999999999999998_1.0_570,25.42,2.31,0.73,-0.33,-0.5,-0.68,0.15
A_OB_1.9999999999999998_1.0_571,25.4,2.31,0.73,-0.33,-0.5,-0.68,0.15
A_OB_1.9999999999999998_1.0_572,25.54,2.31,0.73,-0.33,-0.5,-0.68,0.15
A_OB_1.9999999999999998_1.0_573,24.99,2.31,0.73,-0.33,-0.5,-0.68,0.15
A_OB_1.9999999999999998_1.0_574,24.39,2.31,0.73,-0.33,-0.5,-0.68,0.15
A_OB_1.9999999999999998_1.0_575,24.2,2.31,0.73,-0.33,-0.5,-0.68,0.15
A_OB_1.9999999999999998_1.0_576,25.41,2.31,0.73,-0.33,-0.5,-0.68,0.15
A_OB_1.9999999999999998_1.0_577,25.36,2.31,0.73,-0.33,-0.5,-0.68,0.15
A_OB_1.9999999999999998_1.0_578,25.24,2.31,0.73,-0.33,-0.5,-0.68,0.15
A_OB_1.9999999999999998_1.0_579,24.47,2.31,0.73,-0.33,-0.5,-0.68,0.15
A_OB_1.9999999999999998_1.0_580,24.15,2.31,0.73,-0.33,-0.5,-0.68,0.15
A_OB_1.9999999999999998_1.0_581,24.92,2.31,0.73,-0.33,-0.5,-0.68,0.15
A_OB_1.9999999999999998_1.0_582,25.15,2.31,0.73,-0.33,-0.5,-0.68,0.15
A_OB_1.9999999999999998_1.0_583,25.2,2.31,0.73,-0.33,-0.5,-0.68,0.15
A_OB_1.9999999999999998_1.0_584,22.19,2.31,0.73,-0.33,-0.5,-0.68,0.15
A_OB_1.9999999999999998_1.0_585,24.35,2.31,0.73,-0.33,-0.5,-0.68,0.15
A_OB_1.9999999999999998_1.0_586,23.71,2.31,0.73,-0.33,-0.5,-0.68,0.15
A_OB_1.9999999999999998_1.0_587,23.83,2.31,0.73,-0.33,-0.5,-0.68,0.15
A_OB_1.9999999999999998_1.0_588,23.57,2.31,0.73,-0.33,-0.5,-0.68,0.15
A_OB_1.9999999999999998_1.0_589,25.4,2.31,0.73,-0.33,-0.5,-0.68,0.15
A_OB_1.9999999999999998_1.0_590,24.95,2.31,0.73,-0.33,-0.5,-0.68,0.15
A_OB_1.9999999999999998_1.0_591,25.21,2.31,0.73,-0.33,-0.5,-0.68,0.15
A_OB_1.9999999999999998_1.0_592,24.51,2.31,0.73,-0.33,-0.5,-0.68,0.15
A_OB_1.9999999999999998_1.0_593,24.04,2.31,0.73,-0.33,-0.5,-0.68,0.15
A_OB_1.9999999999999998_1.0_594,25.37,2.31,0.73,-0.33,-0.5,-0.68,0.15
A_OB_1.9999999999999998_1.0_595,25.01,2.31,0.73,-0.33,-0.5,-0.68,0.15
A_OB_1.9999999999999998_1.0_596,24.93,2.31,0.73,-0.33,-0.5,-0.68,0.15
A_OB_1.9999999999999998_1.0_597,25.61,2.31,0.73,-0.33,-0.5,-0.68,0.15
A_OB_1.9999999999999998_1.0_598,19.1,2.31,0.73,-0.33,-0.5,-0.68,0.15
A_OB_1.9999999999999998_1.0_599,24.86,2.31,0.73,-0.33,-0.5,-0.68,0.15
A_OB_1.9999999999999998_1.0_600,25.25,2.31,0.73,-0.33,-0.5,-0.68,0.15
A_OB_1.9999999999999998_1.0_601,22.79,2.31,0.73,-0.33,-0.5,-0.68,0.15
A_OB_1.9999999999999998_1.0_602,17.64,2.31,0.73,-0.33,-0.5,-0.68,0.15
A_OB_1.9999999999999998_1.0_603,24.18,2.31,0.73,-0.33,-0.5,-0.68,0.15
A_OB_1.9999999999999998_1.0_604,24.58,2.31,0.73,-0.33,-0.5,-0.68,0.15
A_OB_1.9999999999999998_1.0_605,23.51,2.31,0.73,-0.33,-0.5,-0.68,0.15
A_OB_1.9999999999999998_1.0_606,25.26,2.31,0.73,-0.33,-0.5,-0.68,0.15
A_OB_1.9999999999999998_1.0_607,25.2,2.31,0.73,-0.33,-0.5,-0.68,0.15
A_OB_1.9999999999999998_1.0_608,25.18,2.31,0.73,-0.33,-0.5,-0.68,0.15
A_OB_1.9999999999999998_1.0_609,24.73,2.31,0.73,-0.33,-0.5,-0.68,0.15
A_OB_1.9999999999999998_1.0_610,22.57,2.31,0.73,-0.33,-0.5,-0.68,0.15
A_OB_1.9999999999999998_1.0_611,25.28,2.31,0.73,-0.33,-0.5,-0.68,0.15
A_OB_1.9999999999999998_1.0_612,22.96,2.31,0.73,-0.33,-0.5,-0.68,0.15
A_OB_1.9999999999999998_1.0_613,24.23,2.31,0.73,-0.33,-0.5,-0.68,0.15
A_OB_1.9999999999999998_1.0_614,25.42,2.31,0.73,-0.33,-0.5,-0.68,0.15
A_OB_1.9999999999999998_1.0_615,22.11,2.31,0.73,-0.33,-0.5,-0.68,0.15
A_OB_1.9999999999999998_1.0_616,24.02,2.31,0.73,-0.33,-0.5,-0.68,0.15
A_OB_1.9999999999999998_1.0_617,24.9,2.31,0.73,-0.33,-0.5,-0.68,0.15
A_OB_1.9999999999999998_1.0_618,22.65,2.31,0.73,-0.33,-0.5,-0.68,0.15
A_OB_1.9999999999999998_1.0_619,24.95,2.31,0.73,-0.33,-0.5,-0.68,0.15
A_OB_1.9999999999999998_1.0_620,24.05,2.31,0.73,-0.33,-0.5,-0.68,0.15
A_OB_1.9999999999999998_1.0_621,24.87,2.31,0.73,-0.33,-0.5,-0.68,0.15
A_OB_1.9999999999999998_1.0_622,24.5,2.31,0.73,-0.33,-0.5,-0.68,0.15
A_OB_1.9999999999999998_1.0_623,23.99,2.31,0.73,-0.33,-0.5,-0.68,0.15
A_OB_1.9999999999999998_1.0_624,24.12,2.31,0.73,-0.33,-0.5,-0.68,0.15
A_OB_1.9999999999999998_1.0_625,24.32,2.31,0.73,-0.33,-0.5,-0.68,0.15
A_OB_1.9999999999999998_1.0_626,22.85,2.31,0.73,-0.33,-0.5,-0.68,0.15
A_OB_1.9999999999999998_1.0_627,25.38,2.31,0.73,-0.33,-0.5,-0.68,0.15
A_OB_1.9999999999999998_1.0_628,24.94,2.31,0.73,-0.33,-0.5,-0.68,0.15
A_OB_1.9999999999999998_1.0_629,24.51,2.31,0.73,-0.33,-0.5,-0.68,0.15
A_OB_1.9999999999999998_1.0_630,20.15,2.31,0.73,-0.33,-0.5,-0.68,0.15
A_OB_1.9999999999999998_1.0_631,25.0,2.31,0.73,-0.33,-0.5,-0.68,0.15
A_OB_1.9999999999999998_1.0_632,24.0,2.31,0.73,-0.33,-0.5,-0.68,0.15
A_OB_1.9999999999999998_1.0_633,25.2,2.31,0.73,-0.33,-0.5,-0.68,0.15
A_OB_1.9999999999999998_1.0_634,24.88,2.31,0.73,-0.33,-0.5,-0.68,0.15
A_OB_1.9999999999999998_1.0_635,25.55,2.31,0.73,-0.33,-0.5,-0.68,0.15
A_OB_1.9999999999999998_1.0_636,25.06,2.31,0.73,-0.33,-0.5,-0.68,0.15
A_OB_1.9999999999999998_1.0_637,22.0,2.31,0.73,-0.33,-0.5,-0.68,0.15
A_OB_1.9999999999999998_1.0_638,25.49,2.31,0.73,-0.33,-0.5,-0.68,0.15
A_OB_1.9999999999999998_1.0_639,25.31,2.31,0.73,-0.33,-0.5,-0.68,0.15
A_OB_1.9999999999999998_1.0_640,25.18,2.31,0.73,-0.33,-0.5,-0.68,0.15
A_OB_1.9999999999999998_1.0_641,24.84,2.31,0.73,-0.33,-0.5,-0.68,0.15
A_OB_1.9999999999999998_1.0_642,24.67,2.31,0.73,-0.33,-0.5,-0.68,0.15
A_OB_1.9999999999999998_1.0_643,25.34,2.31,0.73,-0.33,-0.5,-0.68,0.15
A_OB_1.9999999999999998_1.0_644,23.2,2.31,0.73,-0.33,-0.5,-0.68,0.15
A_OB_1.9999999999999998_1.0_645,24.97,2.31,0.73,-0.33,-0.5,-0.68,0.15
A_OB_1.9999999999999998_1.0_646,25.09,2.31,0.73,-0.33,-0.5,-0.68,0.15
A_OB_1.9999999999999998_1.0_647,25.56,2.31,0.73,-0.33,-0.5,-0.68,0.15
A_OB_1.9999999999999998_1.0_648,25.48,2.31,0.73,-0.33,-0.5,-0.68,0.15
A_OB_1.9999999999999998_1.0_649,21.68,2.31,0.73,-0.33,-0.5,-0.68,0.15
A_OB_1.9999999999999998_1.0_650,25.61,2.31,0.73,-0.33,-0.5,-0.68,0.15
A_OB_1.9999999999999998_1.0_651,24.94,2.31,0.73,-0.33,-0.5,-0.68,0.15
A_OB_1.9999999999999998_1.0_652,23.32,2.31,0.73,-0.33,-0.5,-0.68,0.15
A_OB_1.9999999999999998_1.0_653,23.69,2.31,0.73,-0.33,-0.5,-0.68,0.15
A_OB_1.9999999999999998_1.0_654,24.2,2.31,0.73,-0.33,-0.5,-0.68,0.15
A_OB_1.9999999999999998_1.0_655,25.39,2.31,0.73,-0.33,-0.5,-0.68,0.15
A_OB_1.9999999999999998_1.0_656,23.89,2.31,0.73,-0.33,-0.5,-0.68,0.15
A_OB_1.9999999999999998_1.0_657,23.96,2.31,0.73,-0.33,-0.5,-0.68,0.15
A_OB_1.9999999999999998_1.0_658,25.6,2.31,0.73,-0.33,-0.5,-0.68,0.15
A_OB_1.9999999999999998_1.0_659,21.77,2.31,0.73,-0.33,-0.5,-0.68,0.15
A_OB_1.9999999999999998_1.0_660,24.05,2.31,0.73,-0.33,-0.5,-0.68,0.15
A_OB_1.9999999999999998_1.0_661,23.4,2.31,0.73,-0.33,-0.5,-0.68,0.15
A_OB_1.9999999999999998_1.0_662,25.36,2.31,0.73,-0.33,-0.5,-0.68,0.15
A_OB_1.9999999999999998_1.0_663,23.86,2.31,0.73,-0.33,-0.5,-0.68,0.15
A_OB_1.9999999999999998_1.0_664,24.56,2.31,0.73,-0.33,-0.5,-0.68,0.15
A_OB_1.9999999999999998_1.0_665,25.05,2.31,0.73,-0.33,-0.5,-0.68,0.15
A_OB_1.9999999999999998_1.0_666,24.3,2.31,0.73,-0.33,-0.5,-0.68,0.15
A_OB_1.9999999999999998_1.0_667,24.84,2.31,0.73,-0.33,-0.5,-0.68,0.15
A_OB_1.9999999999999998_1.0_668,22.97,2.31,0.73,-0.33,-0.5,-0.68,0.15
A_OB_1.9999999999999998_1.0_669,22.93,2.31,0.73,-0.33,-0.5,-0.68,0.15
A_OB_1.9999999999999998_1.0_670,25.36,2.31,0.73,-0.33,-0.5,-0.68,0.15
A_OB_1.9999999999999998_1.0_671,24.9,2.31,0.73,-0.33,-0.5,-0.68,0.15
A_OB_1.9999999999999998_1.0_672,25.14,2.31,0.73,-0.33,-0.5,-0.68,0.15
A_OB_1.9999999999999998_1.0_673,24.91,2.31,0.73,-0.33,-0.5,-0.68,0.15
A_OB_1.9999999999999998_1.0_674,24.85,2.31,0.73,-0.33,-0.5,-0.68,0.15
A_OB_1.9999999999999998_1.0_675,24.32,2.31,0.73,-0.33,-0.5,-0.68,0.15
A_OB_1.9999999999999998_1.0_676,23.99,2.31,0.73,-0.33,-0.5,-0.68,0.15
A_OB_1.9999999999999998_1.0_677,24.54,2.31,0.73,-0.33,-0.5,-0.68,0.15
A_OB_1.9999999999999998_1.0_678,23.14,2.31,0.73,-0.33,-0.5,-0.68,0.15
A_OB_1.9999999999999998_1.0_679,23.64,2.31,0.73,-0.33,-0.5,-0.68,0.15
A_OB_1.9999999999999998_1.0_680,22.3,2.31,0.73,-0.33,-0.5,-0.68,0.15
A_OB_1.9999999999999998_1.0_681,23.97,2.31,0.73,-0.33,-0.5,-0.68,0.15
A_OB_1.9999999999999998_1.0_682,25.04,2.31,0.73,-0.33,-0.5,-0.68,0.15
A_OB_1.9999999999999998_1.0_683,23.87,2.31,0.73,-0.33,-0.5,-0.68,0.15
A_OB_1.9999999999999998_1.0_684,25.27,2.31,0.73,-0.33,-0.5,-0.68,0.15
A_OB_1.9999999999999998_1.0_685,20.3,2.31,0.73,-0.33,-0.5,-0.68,0.15
A_OB_1.9999999999999998_1.0_686,23.66,2.31,0.73,-0.33,-0.5,-0.68,0.15
A_OB_1.9999999999999998_1.0_687,25.55,2.31,0.73,-0.33,-0.5,-0.68,0.15
A_OB_1.9999999999999998_1.0_688,25.32,2.31,0.73,-0.33,-0.5,-0.68,0.15
A_OB_1.9999999999999998_1.0_689,21.57,2.31,0.73,-0.33,-0.5,-0.68,0.15
A_OB_1.9999999999999998_1.0_690,25.11,2.31,0.73,-0.33,-0.5,-0.68,0.15
A_OB_1.9999999999999998_1.0_691,24.39,2.31,0.73,-0.33,-0.5,-0.68,0.15
A_OB_1.9999999999999998_1.0_692,23.36,2.31,0.73,-0.33,-0.5,-0.68,0.15
A_OB_1.9999999999999998_1.0_693,24.64,2.31,0.73,-0.33,-0.5,-0.68,0.15
A_OB_1.9999999999999998_1.0_694,23.77,2.31,0.73,-0.33,-0.5,-0.68,0.15
A_OB_1.9999999999999998_1.0_695,23.35,2.31,0.73,-0.33,-0.5,-0.68,0.15
A_OB_1.9999999999999998_1.0_696,24.56,2.31,0.73,-0.33,-0.5,-0.68,0.15
A_OB_1.9999999999999998_1.0_697,22.22,2.31,0.73,-0.33,-0.5,-0.68,0.15
A_OB_1.9999999999999998_1.0_698,24.56,2.31,0.73,-0.33,-0.5,-0.68,0.15
A_OB_1.9999999999999998_1.0_699,25.16,2.31,0.73,-0.33,-0.5,-0.68,0.15
A_OB_1.9999999999999998_1.0_700,25.47,2.31,0.73,-0.33,-0.5,-0.68,0.15
A_OB_1.9999999999999998_1.0_701,25.43,2.31,0.73,-0.33,-0.5,-0.68,0.15
A_OB_1.9999999999999998_1.0_702,24.45,2.31,0.73,-0.33,-0.5,-0.68,0.15
A_OB_1.9999999999999998_1.0_703,25.24,2.31,0.73,-0.33,-0.5,-0.68,0.15
A_OB_1.9999999999999998_1.0_704,22.6,2.31,0.73,-0.33,-0.5,-0.68,0.15
A_OB_1.9999999999999998_1.0_705,23.92,2.31,0.73,-0.33,-0.5,-0.68,0.15
A_OB_1.9999999999999998_1.0_706,24.31,2.31,0.73,-0.33,-0.5,-0.68,0.15
A_OB_1.9999999999999998_1.0_707,25.42,2.31,0.73,-0.33,-0.5,-0.68,0.15
A_OB_1.9999999999999998_1.0_708,23.45,2.31,0.73,-0.33,-0.5,-0.68,0.15
A_OB_1.9999999999999998_1.0_709,23.94,2.31,0.73,-0.33,-0.5,-0.68,0.15
A_OB_1.9999999999999998_1.0_710,24.74,2.31,0.73,-0.33,-0.5,-0.68,0.15
A_OB_1.9999999999999998_1.0_711,23.7,2.31,0.73,-0.33,-0.5,-0.68,0.15
A_OB_1.9999999999999998_1.0_712,24.22,2.31,0.73,-0.33,-0.5,-0.68,0.15
A_OB_1.9999999999999998_1.0_713,22.2,2.31,0.73,-0.33,-0.5,-0.68,0.15
A_OB_1.9999999999999998_1.0_714,24.66,2.31,0.73,-0.33,-0.5,-0.68,0.15
A_OB_1.9999999999999998_1.0_715,25.09,2.31,0.73,-0.33,-0.5,-0.68,0.15
A_OB_1.9999999999999998_1.0_716,24.43,2.31,0.73,-0.33,-0.5,-0.68,0.15
A_OB_1.9999999999999998_1.0_717,24.08,2.31,0.73,-0.33,-0.5,-0.68,0.15
A_OB_1.9999999999999998_1.0_718,23.65,2.31,0.73,-0.33,-0.5,-0.68,0.15
A_OB_1.9999999999999998_1.0_719,20.27,2.31,0.73,-0.33,-0.5,-0.68,0.15
A_OB_1.9999999999999998_1.0_720,24.91,2.31,0.73,-0.33,-0.5,-0.68,0.15
A_OB_1.9999999999999998_1.0_721,24.64,2.31,0.73,-0.33,-0.5,-0.68,0.15
A_OB_1.9999999999999998_1.0_722,23.23,2.31,0.73,-0.33,-0.5,-0.68,0.15
A_OB_1.9999999999999998_1.0_723,23.19,2.31,0.73,-0.33,-0.5,-0.68,0.15
A_OB_1.9999999999999998_1.0_724,23.45,2.31,0.73,-0.33,-0.5,-0.68,0.15
A_OB_1.9999999999999998_1.0_725,21.99,2.31,0.73,-0.33,-0.5,-0.68,0.15
A_OB_1.9999999999999998_1.0_726,21.44,2.31,0.73,-0.33,-0.5,-0.68,0.15
A_OB_1.9999999999999998_1.0_727,24.68,2.31,0.73,-0.33,-0.5,-0.68,0.15
A_OB_1.9999999999999998_1.0_728,25.28,2.31,0.73,-0.33,-0.5,-0.68,0.15
A_OB_1.9999999999999998_1.0_729,25.29,2.31,0.73,-0.33,-0.5,-0.68,0.15
A_OB_1.9999999999999998_1.0_730,24.82,2.31,0.73,-0.33,-0.5,-0.68,0.15
A_OB_1.9999999999999998_1.0_731,25.43,2.31,0.73,-0.33,-0.5,-0.68,0.15
A_OB_1.9999999999999998_1.0_732,24.15,2.31,0.73,-0.33,-0.5,-0.68,0.15
A_OB_1.9999999999999998_1.0_733,24.51,2.31,0.73,-0.33,-0.5,-0.68,0.15
A_OB_1.9999999999999998_1.0_734,25.26,2.31,0.73,-0.33,-0.5,-0.68,0.15
A_OB_1.9999999999999998_1.0_735,24.62,2.31,0.73,-0.33,-0.5,-0.68,0.15
A_OB_1.9999999999999998_1.0_736,23.56,2.31,0.73,-0.33,-0.5,-0.68,0.15
A_OB_1.9999999999999998_1.0_737,23.95,2.31,0.73,-0.33,-0.5,-0.68,0.15
A_OB_1.9999999999999998_1.0_738,22.99,2.31,0.73,-0.33,-0.5,-0.68,0.15
A_OB_1.9999999999999998_1.0_739,23.65,2.31,0.73,-0.33,-0.5,-0.68,0.15
A_OB_1.9999999999999998_1.0_740,21.99,2.31,0.73,-0.33,-0.5,-0.68,0.15
A_OB_1.9999999999999998_1.0_741,24.29,2.31,0.73,-0.33,-0.5,-0.68,0.15
A_OB_1.9999999999999998_1.0_742,21.69,2.31,0.73,-0.33,-0.5,-0.68,0.15
A_OB_1.9999999999999998_1.0_743,21.91,2.31,0.73,-0.33,-0.5,-0.68,0.15
A_OB_1.9999999999999998_1.0_744,25.46,2.31,0.73,-0.33,-0.5,-0.68,0.15
A_OB_1.9999999999999998_1.0_745,24.92,2.31,0.73,-0.33,-0.5,-0.68,0.15
A_OB_1.9999999999999998_1.0_746,25.12,2.31,0.73,-0.33,-0.5,-0.68,0.15
A_OB_1.9999999999999998_1.0_747,24.1,2.31,0.73,-0.33,-0.5,-0.68,0.15
A_OB_1.9999999999999998_1.0_748,24.72,2.31,0.73,-0.33,-0.5,-0.68,0.15
A_OB_1.9999999999999998_1.0_749,24.79,2.31,0.73,-0.33,-0.5,-0.68,0.15
A_OB_1.9999999999999998_1.0_750,24.82,2.31,0.73,-0.33,-0.5,-0.68,0.15
A_OB_1.9999999999999998_1.0_751,24.38,2.31,0.73,-0.33,-0.5,-0.68,0.15
A_OB_1.9999999999999998_1.0_752,25.29,2.31,0.73,-0.33,-0.5,-0.68,0.15
A_OB_1.9999999999999998_1.0_753,23.43,2.31,0.73,-0.33,-0.5,-0.68,0.15
A_OB_1.9999999999999998_1.0_754,25.5,2.31,0.73,-0.33,-0.5,-0.68,0.15
A_OB_1.9999999999999998_1.0_755,23.59,2.31,0.73,-0.33,-0.5,-0.68,0.15
A_OB_1.9999999999999998_1.0_756,23.85,2.31,0.73,-0.33,-0.5,-0.68,0.15
A_OB_1.9999999999999998_1.0_757,25.31,2.31,0.73,-0.33,-0.5,-0.68,0.15
A_OB_1.9999999999999998_1.0_758,17.41,2.31,0.73,-0.33,-0.5,-0.68,0.15
A_OB_1.9999999999999998_1.0_759,24.52,2.31,0.73,-0.33,-0.5,-0.68,0.15
A_OB_1.9999999999999998_1.0_760,20.83,2.31,0.73,-0.33,-0.5,-0.68,0.15
A_OB_1.9999999999999998_1.0_761,21.95,2.31,0.73,-0.33,-0.5,-0.68,0.15
A_OB_1.9999999999999998_1.0_762,25.44,2.31,0.73,-0.33,-0.5,-0.68,0.15
A_OB_1.9999999999999998_1.0_763,25.41,2.31,0.73,-0.33,-0.5,-0.68,0.15
A_OB_1.9999999999999998_1.0_764,21.11,2.31,0.73,-0.33,-0.5,-0.68,0.15
A_OB_1.9999999999999998_1.0_765,23.87,2.31,0.73,-0.33,-0.5,-0.68,0.15
A_OB_1.9999999999999998_1.0_766,24.06,2.31,0.73,-0.33,-0.5,-0.68,0.15
A_OB_1.9999999999999998_1.0_767,24.88,2.31,0.73,-0.33,-0.5,-0.68,0.15
A_OB_1.9999999999999998_1.0_768,23.43,2.31,0.73,-0.33,-0.5,-0.68,0.15
A_OB_1.9999999999999998_1.0_769,24.38,2.31,0.73,-0.33,-0.5,-0.68,0.15
A_OB_1.9999999999999998_1.0_770,24.55,2.31,0.73,-0.33,-0.5,-0.68,0.15
A_OB_1.9999999999999998_1.0_771,22.47,2.31,0.73,-0.33,-0.5,-0.68,0.15
A_OB_1.9999999999999998_1.0_772,22.99,2.31,0.73,-0.33,-0.5,-0.68,0.15
A_OB_1.9999999999999998_1.0_773,23.77,2.31,0.73,-0.33,-0.5,-0.68,0.15
A_OB_1.9999999999999998_1.0_774,23.55,2.31,0.73,-0.33,-0.5,-0.68,0.15
A_OB_1.9999999999999998_1.0_775,24.67,2.31,0.73,-0.33,-0.5,-0.68,0.15
A_OB_1.9999999999999998_1.0_776,23.38,2.31,0.73,-0.33,-0.5,-0.68,0.15
A_OB_1.9999999999999998_1.0_777,23.57,2.31,0.73,-0.33,-0.5,-0.68,0.15
A_OB_1.9999999999999998_1.0_778,25.22,2.31,0.73,-0.33,-0.5,-0.68,0.15
A_OB_1.9999999999999998_1.0_779,22.33,2.31,0.73,-0.33,-0.5,-0.68,0.15
A_OB_1.9999999999999998_1.0_780,25.41,2.31,0.73,-0.33,-0.5,-0.68,0.15
A_OB_1.9999999999999998_1.0_781,25.26,2.31,0.73,-0.33,-0.5,-0.68,0.15
A_OB_1.9999999999999998_1.0_782,25.23,2.31,0.73,-0.33,-0.5,-0.68,0.15
A_OB_1.9999999999999998_1.0_783,23.55,2.31,0.73,-0.33,-0.5,-0.68,0.15
A_OB_1.9999999999999998_1.0_784,24.49,2.31,0.73,-0.33,-0.5,-0.68,0.15
A_OB_1.9999999999999998_1.0_785,22.99,2.31,0.73,-0.33,-0.5,-0.68,0.15
A_OB_1.9999999999999998_1.0_786,25.57,2.31,0.73,-0.33,-0.5,-0.68,0.15
A_OB_1.9999999999999998_1.0_787,21.99,2.31,0.73,-0.33,-0.5,-0.68,0.15
A_OB_1.9999999999999998_1.0_788,22.91,2.31,0.73,-0.33,-0.5,-0.68,0.15
A_OB_1.9999999999999998_1.0_789,25.11,2.31,0.73,-0.33,-0.5,-0.68,0.15
A_OB_1.9999999999999998_1.0_790,23.29,2.31,0.73,-0.33,-0.5,-0.68,0.15
A_OB_1.9999999999999998_1.0_791,25.31,2.31,0.73,-0.33,-0.5,-0.68,0.15
A_OB_1.9999999999999998_1.0_792,22.4,2.31,0.73,-0.33,-0.5,-0.68,0.15
A_OB_1.9999999999999998_1.0_793,22.28,2.31,0.73,-0.33,-0.5,-0.68,0.15
A_OB_1.9999999999999998_1.0_794,25.56,2.31,0.73,-0.33,-0.5,-0.68,0.15
A_OB_1.9999999999999998_1.0_795,25.5,2.31,0.73,-0.33,-0.5,-0.68,0.15
A_OB_1.9999999999999998_1.0_796,25.12,2.31,0.73,-0.33,-0.5,-0.68,0.15
A_OB_1.9999999999999998_1.0_797,25.22,2.31,0.73,-0.33,-0.5,-0.68,0.15
A_OB_1.9999999999999998_1.0_798,23.86,2.31,0.73,-0.33,-0.5,-0.68,0.15
A_OB_1.9999999999999998_1.0_799,22.84,2.31,0.73,-0.33,-0.5,-0.68,0.15
A_OB_1.9999999999999998_1.0_800,24.98,2.31,0.73,-0.33,-0.5,-0.68,0.15
