ObjID,H_g,u-r,g-r,i-r,z-r,y-r,GS
A_OB_1.5999999999999999_1.0_0,23.96,2.31,0.73,-0.33,-0.5,-0.68,0.15
A_OB_1.5999999999999999_1.0_1,23.51,2.31,0.73,-0.33,-0.5,-0.68,0.15
A_OB_1.5999999999999999_1.0_2,22.82,2.31,0.73,-0.33,-0.5,-0.68,0.15
A_OB_1.5999999999999999_1.0_3,22.44,2.31,0.73,-0.33,-0.5,-0.68,0.15
A_OB_1.5999999999999999_1.0_4,23.51,2.31,0.73,-0.33,-0.5,-0.68,0.15
A_OB_1.5999999999999999_1.0_5,25.46,2.31,0.73,-0.33,-0.5,-0.68,0.15
A_OB_1.5999999999999999_1.0_6,25.56,2.31,0.73,-0.33,-0.5,-0.68,0.15
A_OB_1.5999999999999999_1.0_7,23.97,2.31,0.73,-0.33,-0.5,-0.68,0.15
A_OB_1.5999999999999999_1.0_8,24.75,2.31,0.73,-0.33,-0.5,-0.68,0.15
A_OB_1.5999999999999999_1.0_9,8.63,2.31,0.73,-0.33,-0.5,-0.68,0.15
A_OB_1.5999999999999999_1.0_10,25.09,2.31,0.73,-0.33,-0.5,-0.68,0.15
A_OB_1.5999999999999999_1.0_11,24.03,2.31,0.73,-0.33,-0.5,-0.68,0.15
A_OB_1.5999999999999999_1.0_12,23.47,2.31,0.73,-0.33,-0.5,-0.68,0.15
A_OB_1.5999999999999999_1.0_13,23.13,2.31,0.73,-0.33,-0.5,-0.68,0.15
A_OB_1.5999999999999999_1.0_14,23.93,2.31,0.73,-0.33,-0.5,-0.68,0.15
A_OB_1.5999999999999999_1.0_15,25.08,2.31,0.73,-0.33,-0.5,-0.68,0.15
A_OB_1.5999999999999999_1.0_16,25.51,2.31,0.73,-0.33,-0.5,-0.68,0.15
A_OB_1.5999999999999999_1.0_17,24.42,2.31,0.73,-0.33,-0.5,-0.68,0.15
A_OB_1.5999999999999999_1.0_18,25.33,2.31,0.73,-0.33,-0.5,-0.68,0.15
A_OB_1.5999999999999999_1.0_19,23.49,2.31,0.73,-0.33,-0.5,-0.68,0.15
A_OB_1.5999999999999999_1.0_20,17.71,2.31,0.73,-0.33,-0.5,-0.68,0.15
A_OB_1.5999999999999999_1.0_21,22.81,2.31,0.73,-0.33,-0.5,-0.68,0.15
A_OB_1.5999999999999999_1.0_22,25.47,2.31,0.73,-0.33,-0.5,-0.68,0.15
A_OB_1.5999999999999999_1.0_23,24.01,2.31,0.73,-0.33,-0.5,-0.68,0.15
A_OB_1.5999999999999999_1.0_24,19.41,2.31,0.73,-0.33,-0.5,-0.68,0.15
A_OB_1.5999999999999999_1.0_25,19.31,2.31,0.73,-0.33,-0.5,-0.68,0.15
A_OB_1.5999999999999999_1.0_26,23.07,2.31,0.73,-0.33,-0.5,-0.68,0.15
A_OB_1.5999999999999999_1.0_27,25.08,2.31,0.73,-0.33,-0.5,-0.68,0.15
A_OB_1.5999999999999999_1.0_28,23.65,2.31,0.73,-0.33,-0.5,-0.68,0.15
A_OB_1.5999999999999999_1.0_29,24.76,2.31,0.73,-0.33,-0.5,-0.68,0.15
A_OB_1.5999999999999999_1.0_30,25.48,2.31,0.73,-0.33,-0.5,-0.68,0.15
A_OB_1.5999999999999999_1.0_31,24.97,2.31,0.73,-0.33,-0.5,-0.68,0.15
A_OB_1.5999999999999999_1.0_32,21.42,2.31,0.73,-0.33,-0.5,-0.68,0.15
A_OB_1.5999999999999999_1.0_33,23.88,2.31,0.73,-0.33,-0.5,-0.68,0.15
A_OB_1.5999999999999999_1.0_34,19.64,2.31,0.73,-0.33,-0.5,-0.68,0.15
A_OB_1.5999999999999999_1.0_35,25.27,2.31,0.73,-0.33,-0.5,-0.68,0.15
A_OB_1.5999999999999999_1.0_36,23.43,2.31,0.73,-0.33,-0.5,-0.68,0.15
A_OB_1.5999999999999999_1.0_37,24.66,2.31,0.73,-0.33,-0.5,-0.68,0.15
A_OB_1.5999999999999999_1.0_38,25.44,2.31,0.73,-0.33,-0.5,-0.68,0.15
A_OB_1.5999999999999999_1.0_39,21.21,2.31,0.73,-0.33,-0.5,-0.68,0.15
A_OB_1.5999999999999999_1.0_40,24.43,2.31,0.73,-0.33,-0.5,-0.68,0.15
A_OB_1.5999999999999999_1.0_41,24.1,2.31,0.73,-0.33,-0.5,-0.68,0.15
A_OB_1.5999999999999999_1.0_42,22.77,2.31,0.73,-0.33,-0.5,-0.68,0.15
A_OB_1.5999999999999999_1.0_43,25.08,2.31,0.73,-0.33,-0.5,-0.68,0.15
A_OB_1.5999999999999999_1.0_44,19.76,2.31,0.73,-0.33,-0.5,-0.68,0.15
A_OB_1.5999999999999999_1.0_45,24.38,2.31,0.73,-0.33,-0.5,-0.68,0.15
A_OB_1.5999999999999999_1.0_46,24.63,2.31,0.73,-0.33,-0.5,-0.68,0.15
A_OB_1.5999999999999999_1.0_47,22.19,2.31,0.73,-0.33,-0.5,-0.68,0.15
A_OB_1.5999999999999999_1.0_48,24.58,2.31,0.73,-0.33,-0.5,-0.68,0.15
A_OB_1.5999999999999999_1.0_49,25.49,2.31,0.73,-0.33,-0.5,-0.68,0.15
A_OB_1.5999999999999999_1.0_50,23.99,2.31,0.73,-0.33,-0.5,-0.68,0.15
A_OB_1.5999999999999999_1.0_51,25.4,2.31,0.73,-0.33,-0.5,-0.68,0.15
A_OB_1.5999999999999999_1.0_52,18.54,2.31,0.73,-0.33,-0.5,-0.68,0.15
A_OB_1.5999999999999999_1.0_53,23.7,2.31,0.73,-0.33,-0.5,-0.68,0.15
A_OB_1.5999999999999999_1.0_54,24.22,2.31,0.73,-0.33,-0.5,-0.68,0.15
A_OB_1.5999999999999999_1.0_55,25.23,2.31,0.73,-0.33,-0.5,-0.68,0.15
A_OB_1.5999999999999999_1.0_56,25.55,2.31,0.73,-0.33,-0.5,-0.68,0.15
A_OB_1.5999999999999999_1.0_57,23.99,2.31,0.73,-0.33,-0.5,-0.68,0.15
A_OB_1.5999999999999999_1.0_58,25.46,2.31,0.73,-0.33,-0.5,-0.68,0.15
A_OB_1.5999999999999999_1.0_59,25.59,2.31,0.73,-0.33,-0.5,-0.68,0.15
A_OB_1.5999999999999999_1.0_60,22.72,2.31,0.73,-0.33,-0.5,-0.68,0.15
A_OB_1.5999999999999999_1.0_61,24.51,2.31,0.73,-0.33,-0.5,-0.68,0.15
A_OB_1.5999999999999999_1.0_62,25.48,2.31,0.73,-0.33,-0.5,-0.68,0.15
A_OB_1.5999999999999999_1.0_63,24.44,2.31,0.73,-0.33,-0.5,-0.68,0.15
A_OB_1.5999999999999999_1.0_64,25.34,2.31,0.73,-0.33,-0.5,-0.68,0.15
A_OB_1.5999999999999999_1.0_65,24.33,2.31,0.73,-0.33,-0.5,-0.68,0.15
A_OB_1.5999999999999999_1.0_66,25.13,2.31,0.73,-0.33,-0.5,-0.68,0.15
A_OB_1.5999999999999999_1.0_67,24.08,2.31,0.73,-0.33,-0.5,-0.68,0.15
A_OB_1.5999999999999999_1.0_68,14.76,2.31,0.73,-0.33,-0.5,-0.68,0.15
A_OB_1.5999999999999999_1.0_69,19.72,2.31,0.73,-0.33,-0.5,-0.68,0.15
A_OB_1.5999999999999999_1.0_70,22.62,2.31,0.73,-0.33,-0.5,-0.68,0.15
A_OB_1.5999999999999999_1.0_71,25.22,2.31,0.73,-0.33,-0.5,-0.68,0.15
A_OB_1.5999999999999999_1.0_72,23.14,2.31,0.73,-0.33,-0.5,-0.68,0.15
A_OB_1.5999999999999999_1.0_73,24.39,2.31,0.73,-0.33,-0.5,-0.68,0.15
A_OB_1.5999999999999999_1.0_74,23.07,2.31,0.73,-0.33,-0.5,-0.68,0.15
A_OB_1.5999999999999999_1.0_75,25.58,2.31,0.73,-0.33,-0.5,-0.68,0.15
A_OB_1.5999999999999999_1.0_76,21.93,2.31,0.73,-0.33,-0.5,-0.68,0.15
A_OB_1.5999999999999999_1.0_77,24.8,2.31,0.73,-0.33,-0.5,-0.68,0.15
A_OB_1.5999999999999999_1.0_78,25.06,2.31,0.73,-0.33,-0.5,-0.68,0.15
A_OB_1.5999999999999999_1.0_79,23.24,2.31,0.73,-0.33,-0.5,-0.68,0.15
A_OB_1.5999999999999999_1.0_80,23.24,2.31,0.73,-0.33,-0.5,-0.68,0.15
A_OB_1.5999999999999999_1.0_81,25.54,2.31,0.73,-0.33,-0.5,-0.68,0.15
A_OB_1.5999999999999999_1.0_82,25.44,2.31,0.73,-0.33,-0.5,-0.68,0.15
A_OB_1.5999999999999999_1.0_83,20.37,2.31,0.73,-0.33,-0.5,-0.68,0.15
A_OB_1.5999999999999999_1.0_84,22.92,2.31,0.73,-0.33,-0.5,-0.68,0.15
A_OB_1.5999999999999999_1.0_85,24.1,2.31,0.73,-0.33,-0.5,-0.68,0.15
A_OB_1.5999999999999999_1.0_86,20.97,2.31,0.73,-0.33,-0.5,-0.68,0.15
A_OB_1.5999999999999999_1.0_87,18.86,2.31,0.73,-0.33,-0.5,-0.68,0.15
A_OB_1.5999999999999999_1.0_88,24.75,2.31,0.73,-0.33,-0.5,-0.68,0.15
A_OB_1.5999999999999999_1.0_89,24.44,2.31,0.73,-0.33,-0.5,-0.68,0.15
A_OB_1.5999999999999999_1.0_90,24.85,2.31,0.73,-0.33,-0.5,-0.68,0.15
A_OB_1.5999999999999999_1.0_91,25.01,2.31,0.73,-0.33,-0.5,-0.68,0.15
A_OB_1.5999999999999999_1.0_92,22.76,2.31,0.73,-0.33,-0.5,-0.68,0.15
A_OB_1.5999999999999999_1.0_93,23.5,2.31,0.73,-0.33,-0.5,-0.68,0.15
A_OB_1.5999999999999999_1.0_94,24.72,2.31,0.73,-0.33,-0.5,-0.68,0.15
A_OB_1.5999999999999999_1.0_95,23.73,2.31,0.73,-0.33,-0.5,-0.68,0.15
A_OB_1.5999999999999999_1.0_96,21.16,2.31,0.73,-0.33,-0.5,-0.68,0.15
A_OB_1.5999999999999999_1.0_97,24.68,2.31,0.73,-0.33,-0.5,-0.68,0.15
A_OB_1.5999999999999999_1.0_98,24.27,2.31,0.73,-0.33,-0.5,-0.68,0.15
A_OB_1.5999999999999999_1.0_99,22.0,2.31,0.73,-0.33,-0.5,-0.68,0.15
A_OB_1.5999999999999999_1.0_100,24.63,2.31,0.73,-0.33,-0.5,-0.68,0.15
A_OB_1.5999999999999999_1.0_101,24.33,2.31,0.73,-0.33,-0.5,-0.68,0.15
A_OB_1.5999999999999999_1.0_102,24.46,2.31,0.73,-0.33,-0.5,-0.68,0.15
A_OB_1.5999999999999999_1.0_103,20.9,2.31,0.73,-0.33,-0.5,-0.68,0.15
A_OB_1.5999999999999999_1.0_104,25.38,2.31,0.73,-0.33,-0.5,-0.68,0.15
A_OB_1.5999999999999999_1.0_105,18.59,2.31,0.73,-0.33,-0.5,-0.68,0.15
A_OB_1.5999999999999999_1.0_106,23.45,2.31,0.73,-0.33,-0.5,-0.68,0.15
A_OB_1.5999999999999999_1.0_107,24.9,2.31,0.73,-0.33,-0.5,-0.68,0.15
A_OB_1.5999999999999999_1.0_108,24.93,2.31,0.73,-0.33,-0.5,-0.68,0.15
A_OB_1.5999999999999999_1.0_109,24.79,2.31,0.73,-0.33,-0.5,-0.68,0.15
A_OB_1.5999999999999999_1.0_110,23.71,2.31,0.73,-0.33,-0.5,-0.68,0.15
A_OB_1.5999999999999999_1.0_111,25.37,2.31,0.73,-0.33,-0.5,-0.68,0.15
A_OB_1.5999999999999999_1.0_112,24.55,2.31,0.73,-0.33,-0.5,-0.68,0.15
A_OB_1.5999999999999999_1.0_113,25.04,2.31,0.73,-0.33,-0.5,-0.68,0.15
A_OB_1.5999999999999999_1.0_114,24.33,2.31,0.73,-0.33,-0.5,-0.68,0.15
A_OB_1.5999999999999999_1.0_115,24.31,2.31,0.73,-0.33,-0.5,-0.68,0.15
A_OB_1.5999999999999999_1.0_116,23.45,2.31,0.73,-0.33,-0.5,-0.68,0.15
A_OB_1.5999999999999999_1.0_117,24.3,2.31,0.73,-0.33,-0.5,-0.68,0.15
A_OB_1.5999999999999999_1.0_118,25.28,2.31,0.73,-0.33,-0.5,-0.68,0.15
A_OB_1.5999999999999999_1.0_119,24.77,2.31,0.73,-0.33,-0.5,-0.68,0.15
A_OB_1.5999999999999999_1.0_120,23.89,2.31,0.73,-0.33,-0.5,-0.68,0.15
A_OB_1.5999999999999999_1.0_121,25.29,2.31,0.73,-0.33,-0.5,-0.68,0.15
A_OB_1.5999999999999999_1.0_122,24.02,2.31,0.73,-0.33,-0.5,-0.68,0.15
A_OB_1.5999999999999999_1.0_123,24.23,2.31,0.73,-0.33,-0.5,-0.68,0.15
A_OB_1.5999999999999999_1.0_124,21.95,2.31,0.73,-0.33,-0.5,-0.68,0.15
A_OB_1.5999999999999999_1.0_125,23.95,2.31,0.73,-0.33,-0.5,-0.68,0.15
A_OB_1.5999999999999999_1.0_126,21.16,2.31,0.73,-0.33,-0.5,-0.68,0.15
A_OB_1.5999999999999999_1.0_127,24.21,2.31,0.73,-0.33,-0.5,-0.68,0.15
A_OB_1.5999999999999999_1.0_128,24.05,2.31,0.73,-0.33,-0.5,-0.68,0.15
A_OB_1.5999999999999999_1.0_129,24.44,2.31,0.73,-0.33,-0.5,-0.68,0.15
A_OB_1.5999999999999999_1.0_130,25.23,2.31,0.73,-0.33,-0.5,-0.68,0.15
A_OB_1.5999999999999999_1.0_131,25.37,2.31,0.73,-0.33,-0.5,-0.68,0.15
A_OB_1.5999999999999999_1.0_132,24.15,2.31,0.73,-0.33,-0.5,-0.68,0.15
A_OB_1.5999999999999999_1.0_133,25.23,2.31,0.73,-0.33,-0.5,-0.68,0.15
A_OB_1.5999999999999999_1.0_134,25.4,2.31,0.73,-0.33,-0.5,-0.68,0.15
A_OB_1.5999999999999999_1.0_135,21.87,2.31,0.73,-0.33,-0.5,-0.68,0.15
A_OB_1.5999999999999999_1.0_136,25.52,2.31,0.73,-0.33,-0.5,-0.68,0.15
A_OB_1.5999999999999999_1.0_137,25.03,2.31,0.73,-0.33,-0.5,-0.68,0.15
A_OB_1.5999999999999999_1.0_138,25.37,2.31,0.73,-0.33,-0.5,-0.68,0.15
A_OB_1.5999999999999999_1.0_139,23.71,2.31,0.73,-0.33,-0.5,-0.68,0.15
A_OB_1.5999999999999999_1.0_140,23.83,2.31,0.73,-0.33,-0.5,-0.68,0.15
A_OB_1.5999999999999999_1.0_141,22.48,2.31,0.73,-0.33,-0.5,-0.68,0.15
A_OB_1.5999999999999999_1.0_142,22.29,2.31,0.73,-0.33,-0.5,-0.68,0.15
A_OB_1.5999999999999999_1.0_143,25.2,2.31,0.73,-0.33,-0.5,-0.68,0.15
A_OB_1.5999999999999999_1.0_144,25.53,2.31,0.73,-0.33,-0.5,-0.68,0.15
A_OB_1.5999999999999999_1.0_145,23.97,2.31,0.73,-0.33,-0.5,-0.68,0.15
A_OB_1.5999999999999999_1.0_146,22.61,2.31,0.73,-0.33,-0.5,-0.68,0.15
A_OB_1.5999999999999999_1.0_147,11.26,2.31,0.73,-0.33,-0.5,-0.68,0.15
A_OB_1.5999999999999999_1.0_148,23.1,2.31,0.73,-0.33,-0.5,-0.68,0.15
A_OB_1.5999999999999999_1.0_149,21.1,2.31,0.73,-0.33,-0.5,-0.68,0.15
A_OB_1.5999999999999999_1.0_150,24.88,2.31,0.73,-0.33,-0.5,-0.68,0.15
A_OB_1.5999999999999999_1.0_151,24.15,2.31,0.73,-0.33,-0.5,-0.68,0.15
A_OB_1.5999999999999999_1.0_152,24.38,2.31,0.73,-0.33,-0.5,-0.68,0.15
A_OB_1.5999999999999999_1.0_153,24.38,2.31,0.73,-0.33,-0.5,-0.68,0.15
A_OB_1.5999999999999999_1.0_154,23.93,2.31,0.73,-0.33,-0.5,-0.68,0.15
A_OB_1.5999999999999999_1.0_155,18.37,2.31,0.73,-0.33,-0.5,-0.68,0.15
A_OB_1.5999999999999999_1.0_156,20.68,2.31,0.73,-0.33,-0.5,-0.68,0.15
A_OB_1.5999999999999999_1.0_157,24.52,2.31,0.73,-0.33,-0.5,-0.68,0.15
A_OB_1.5999999999999999_1.0_158,21.85,2.31,0.73,-0.33,-0.5,-0.68,0.15
A_OB_1.5999999999999999_1.0_159,25.43,2.31,0.73,-0.33,-0.5,-0.68,0.15
A_OB_1.5999999999999999_1.0_160,21.84,2.31,0.73,-0.33,-0.5,-0.68,0.15
A_OB_1.5999999999999999_1.0_161,25.29,2.31,0.73,-0.33,-0.5,-0.68,0.15
A_OB_1.5999999999999999_1.0_162,25.15,2.31,0.73,-0.33,-0.5,-0.68,0.15
A_OB_1.5999999999999999_1.0_163,24.65,2.31,0.73,-0.33,-0.5,-0.68,0.15
A_OB_1.5999999999999999_1.0_164,25.61,2.31,0.73,-0.33,-0.5,-0.68,0.15
A_OB_1.5999999999999999_1.0_165,24.3,2.31,0.73,-0.33,-0.5,-0.68,0.15
A_OB_1.5999999999999999_1.0_166,24.12,2.31,0.73,-0.33,-0.5,-0.68,0.15
A_OB_1.5999999999999999_1.0_167,21.67,2.31,0.73,-0.33,-0.5,-0.68,0.15
A_OB_1.5999999999999999_1.0_168,24.62,2.31,0.73,-0.33,-0.5,-0.68,0.15
A_OB_1.5999999999999999_1.0_169,24.5,2.31,0.73,-0.33,-0.5,-0.68,0.15
A_OB_1.5999999999999999_1.0_170,25.51,2.31,0.73,-0.33,-0.5,-0.68,0.15
A_OB_1.5999999999999999_1.0_171,23.97,2.31,0.73,-0.33,-0.5,-0.68,0.15
A_OB_1.5999999999999999_1.0_172,25.37,2.31,0.73,-0.33,-0.5,-0.68,0.15
A_OB_1.5999999999999999_1.0_173,24.73,2.31,0.73,-0.33,-0.5,-0.68,0.15
A_OB_1.5999999999999999_1.0_174,22.93,2.31,0.73,-0.33,-0.5,-0.68,0.15
A_OB_1.5999999999999999_1.0_175,23.59,2.31,0.73,-0.33,-0.5,-0.68,0.15
A_OB_1.5999999999999999_1.0_176,24.71,2.31,0.73,-0.33,-0.5,-0.68,0.15
A_OB_1.5999999999999999_1.0_177,25.47,2.31,0.73,-0.33,-0.5,-0.68,0.15
A_OB_1.5999999999999999_1.0_178,22.87,2.31,0.73,-0.33,-0.5,-0.68,0.15
A_OB_1.5999999999999999_1.0_179,23.16,2.31,0.73,-0.33,-0.5,-0.68,0.15
A_OB_1.5999999999999999_1.0_180,6.11,2.31,0.73,-0.33,-0.5,-0.68,0.15
A_OB_1.5999999999999999_1.0_181,23.2,2.31,0.73,-0.33,-0.5,-0.68,0.15
A_OB_1.5999999999999999_1.0_182,24.83,2.31,0.73,-0.33,-0.5,-0.68,0.15
A_OB_1.5999999999999999_1.0_183,25.21,2.31,0.73,-0.33,-0.5,-0.68,0.15
A_OB_1.5999999999999999_1.0_184,23.88,2.31,0.73,-0.33,-0.5,-0.68,0.15
A_OB_1.5999999999999999_1.0_185,24.65,2.31,0.73,-0.33,-0.5,-0.68,0.15
A_OB_1.5999999999999999_1.0_186,24.59,2.31,0.73,-0.33,-0.5,-0.68,0.15
A_OB_1.5999999999999999_1.0_187,25.15,2.31,0.73,-0.33,-0.5,-0.68,0.15
A_OB_1.5999999999999999_1.0_188,24.23,2.31,0.73,-0.33,-0.5,-0.68,0.15
A_OB_1.5999999999999999_1.0_189,25.42,2.31,0.73,-0.33,-0.5,-0.68,0.15
A_OB_1.5999999999999999_1.0_190,23.44,2.31,0.73,-0.33,-0.5,-0.68,0.15
A_OB_1.5999999999999999_1.0_191,25.12,2.31,0.73,-0.33,-0.5,-0.68,0.15
A_OB_1.5999999999999999_1.0_192,25.07,2.31,0.73,-0.33,-0.5,-0.68,0.15
A_OB_1.5999999999999999_1.0_193,25.2,2.31,0.73,-0.33,-0.5,-0.68,0.15
A_OB_1.5999999999999999_1.0_194,24.79,2.31,0.73,-0.33,-0.5,-0.68,0.15
A_OB_1.5999999999999999_1.0_195,25.33,2.31,0.73,-0.33,-0.5,-0.68,0.15
A_OB_1.5999999999999999_1.0_196,24.16,2.31,0.73,-0.33,-0.5,-0.68,0.15
A_OB_1.5999999999999999_1.0_197,20.17,2.31,0.73,-0.33,-0.5,-0.68,0.15
A_OB_1.5999999999999999_1.0_198,23.39,2.31,0.73,-0.33,-0.5,-0.68,0.15
A_OB_1.5999999999999999_1.0_199,24.08,2.31,0.73,-0.33,-0.5,-0.68,0.15
A_OB_1.5999999999999999_1.0_200,24.76,2.31,0.73,-0.33,-0.5,-0.68,0.15
A_OB_1.5999999999999999_1.0_201,23.6,2.31,0.73,-0.33,-0.5,-0.68,0.15
A_OB_1.5999999999999999_1.0_202,24.58,2.31,0.73,-0.33,-0.5,-0.68,0.15
A_OB_1.5999999999999999_1.0_203,25.21,2.31,0.73,-0.33,-0.5,-0.68,0.15
A_OB_1.5999999999999999_1.0_204,22.81,2.31,0.73,-0.33,-0.5,-0.68,0.15
A_OB_1.5999999999999999_1.0_205,25.6,2.31,0.73,-0.33,-0.5,-0.68,0.15
A_OB_1.5999999999999999_1.0_206,24.75,2.31,0.73,-0.33,-0.5,-0.68,0.15
A_OB_1.5999999999999999_1.0_207,21.29,2.31,0.73,-0.33,-0.5,-0.68,0.15
A_OB_1.5999999999999999_1.0_208,24.29,2.31,0.73,-0.33,-0.5,-0.68,0.15
A_OB_1.5999999999999999_1.0_209,23.29,2.31,0.73,-0.33,-0.5,-0.68,0.15
A_OB_1.5999999999999999_1.0_210,23.39,2.31,0.73,-0.33,-0.5,-0.68,0.15
A_OB_1.5999999999999999_1.0_211,25.04,2.31,0.73,-0.33,-0.5,-0.68,0.15
A_OB_1.5999999999999999_1.0_212,24.92,2.31,0.73,-0.33,-0.5,-0.68,0.15
A_OB_1.5999999999999999_1.0_213,25.37,2.31,0.73,-0.33,-0.5,-0.68,0.15
A_OB_1.5999999999999999_1.0_214,25.55,2.31,0.73,-0.33,-0.5,-0.68,0.15
A_OB_1.5999999999999999_1.0_215,23.28,2.31,0.73,-0.33,-0.5,-0.68,0.15
A_OB_1.5999999999999999_1.0_216,25.03,2.31,0.73,-0.33,-0.5,-0.68,0.15
A_OB_1.5999999999999999_1.0_217,19.45,2.31,0.73,-0.33,-0.5,-0.68,0.15
A_OB_1.5999999999999999_1.0_218,25.45,2.31,0.73,-0.33,-0.5,-0.68,0.15
A_OB_1.5999999999999999_1.0_219,24.68,2.31,0.73,-0.33,-0.5,-0.68,0.15
A_OB_1.5999999999999999_1.0_220,24.16,2.31,0.73,-0.33,-0.5,-0.68,0.15
A_OB_1.5999999999999999_1.0_221,25.13,2.31,0.73,-0.33,-0.5,-0.68,0.15
A_OB_1.5999999999999999_1.0_222,24.31,2.31,0.73,-0.33,-0.5,-0.68,0.15
A_OB_1.5999999999999999_1.0_223,25.09,2.31,0.73,-0.33,-0.5,-0.68,0.15
A_OB_1.5999999999999999_1.0_224,25.38,2.31,0.73,-0.33,-0.5,-0.68,0.15
A_OB_1.5999999999999999_1.0_225,24.03,2.31,0.73,-0.33,-0.5,-0.68,0.15
A_OB_1.5999999999999999_1.0_226,24.95,2.31,0.73,-0.33,-0.5,-0.68,0.15
A_OB_1.5999999999999999_1.0_227,25.02,2.31,0.73,-0.33,-0.5,-0.68,0.15
A_OB_1.5999999999999999_1.0_228,23.85,2.31,0.73,-0.33,-0.5,-0.68,0.15
A_OB_1.5999999999999999_1.0_229,22.17,2.31,0.73,-0.33,-0.5,-0.68,0.15
A_OB_1.5999999999999999_1.0_230,23.61,2.31,0.73,-0.33,-0.5,-0.68,0.15
A_OB_1.5999999999999999_1.0_231,24.89,2.31,0.73,-0.33,-0.5,-0.68,0.15
A_OB_1.5999999999999999_1.0_232,22.68,2.31,0.73,-0.33,-0.5,-0.68,0.15
A_OB_1.5999999999999999_1.0_233,25.55,2.31,0.73,-0.33,-0.5,-0.68,0.15
A_OB_1.5999999999999999_1.0_234,24.19,2.31,0.73,-0.33,-0.5,-0.68,0.15
A_OB_1.5999999999999999_1.0_235,24.78,2.31,0.73,-0.33,-0.5,-0.68,0.15
A_OB_1.5999999999999999_1.0_236,23.45,2.31,0.73,-0.33,-0.5,-0.68,0.15
A_OB_1.5999999999999999_1.0_237,23.57,2.31,0.73,-0.33,-0.5,-0.68,0.15
A_OB_1.5999999999999999_1.0_238,24.85,2.31,0.73,-0.33,-0.5,-0.68,0.15
A_OB_1.5999999999999999_1.0_239,25.26,2.31,0.73,-0.33,-0.5,-0.68,0.15
A_OB_1.5999999999999999_1.0_240,25.44,2.31,0.73,-0.33,-0.5,-0.68,0.15
A_OB_1.5999999999999999_1.0_241,24.87,2.31,0.73,-0.33,-0.5,-0.68,0.15
A_OB_1.5999999999999999_1.0_242,21.43,2.31,0.73,-0.33,-0.5,-0.68,0.15
A_OB_1.5999999999999999_1.0_243,24.48,2.31,0.73,-0.33,-0.5,-0.68,0.15
A_OB_1.5999999999999999_1.0_244,19.65,2.31,0.73,-0.33,-0.5,-0.68,0.15
A_OB_1.5999999999999999_1.0_245,23.87,2.31,0.73,-0.33,-0.5,-0.68,0.15
A_OB_1.5999999999999999_1.0_246,24.36,2.31,0.73,-0.33,-0.5,-0.68,0.15
A_OB_1.5999999999999999_1.0_247,22.0,2.31,0.73,-0.33,-0.5,-0.68,0.15
A_OB_1.5999999999999999_1.0_248,24.16,2.31,0.73,-0.33,-0.5,-0.68,0.15
A_OB_1.5999999999999999_1.0_249,24.42,2.31,0.73,-0.33,-0.5,-0.68,0.15
A_OB_1.5999999999999999_1.0_250,24.05,2.31,0.73,-0.33,-0.5,-0.68,0.15
A_OB_1.5999999999999999_1.0_251,23.0,2.31,0.73,-0.33,-0.5,-0.68,0.15
A_OB_1.5999999999999999_1.0_252,23.41,2.31,0.73,-0.33,-0.5,-0.68,0.15
A_OB_1.5999999999999999_1.0_253,22.79,2.31,0.73,-0.33,-0.5,-0.68,0.15
A_OB_1.5999999999999999_1.0_254,20.9,2.31,0.73,-0.33,-0.5,-0.68,0.15
A_OB_1.5999999999999999_1.0_255,24.69,2.31,0.73,-0.33,-0.5,-0.68,0.15
A_OB_1.5999999999999999_1.0_256,25.35,2.31,0.73,-0.33,-0.5,-0.68,0.15
A_OB_1.5999999999999999_1.0_257,24.28,2.31,0.73,-0.33,-0.5,-0.68,0.15
A_OB_1.5999999999999999_1.0_258,24.69,2.31,0.73,-0.33,-0.5,-0.68,0.15
A_OB_1.5999999999999999_1.0_259,21.1,2.31,0.73,-0.33,-0.5,-0.68,0.15
A_OB_1.5999999999999999_1.0_260,24.79,2.31,0.73,-0.33,-0.5,-0.68,0.15
A_OB_1.5999999999999999_1.0_261,21.34,2.31,0.73,-0.33,-0.5,-0.68,0.15
A_OB_1.5999999999999999_1.0_262,22.85,2.31,0.73,-0.33,-0.5,-0.68,0.15
A_OB_1.5999999999999999_1.0_263,24.99,2.31,0.73,-0.33,-0.5,-0.68,0.15
A_OB_1.5999999999999999_1.0_264,25.55,2.31,0.73,-0.33,-0.5,-0.68,0.15
A_OB_1.5999999999999999_1.0_265,23.72,2.31,0.73,-0.33,-0.5,-0.68,0.15
A_OB_1.5999999999999999_1.0_266,25.5,2.31,0.73,-0.33,-0.5,-0.68,0.15
A_OB_1.5999999999999999_1.0_267,22.28,2.31,0.73,-0.33,-0.5,-0.68,0.15
A_OB_1.5999999999999999_1.0_268,22.33,2.31,0.73,-0.33,-0.5,-0.68,0.15
A_OB_1.5999999999999999_1.0_269,23.49,2.31,0.73,-0.33,-0.5,-0.68,0.15
A_OB_1.5999999999999999_1.0_270,24.74,2.31,0.73,-0.33,-0.5,-0.68,0.15
A_OB_1.5999999999999999_1.0_271,24.06,2.31,0.73,-0.33,-0.5,-0.68,0.15
A_OB_1.5999999999999999_1.0_272,25.16,2.31,0.73,-0.33,-0.5,-0.68,0.15
A_OB_1.5999999999999999_1.0_273,21.32,2.31,0.73,-0.33,-0.5,-0.68,0.15
A_OB_1.5999999999999999_1.0_274,25.47,2.31,0.73,-0.33,-0.5,-0.68,0.15
A_OB_1.5999999999999999_1.0_275,25.16,2.31,0.73,-0.33,-0.5,-0.68,0.15
A_OB_1.5999999999999999_1.0_276,25.03,2.31,0.73,-0.33,-0.5,-0.68,0.15
A_OB_1.5999999999999999_1.0_277,25.06,2.31,0.73,-0.33,-0.5,-0.68,0.15
A_OB_1.5999999999999999_1.0_278,25.32,2.31,0.73,-0.33,-0.5,-0.68,0.15
A_OB_1.5999999999999999_1.0_279,22.05,2.31,0.73,-0.33,-0.5,-0.68,0.15
A_OB_1.5999999999999999_1.0_280,24.27,2.31,0.73,-0.33,-0.5,-0.68,0.15
A_OB_1.5999999999999999_1.0_281,19.83,2.31,0.73,-0.33,-0.5,-0.68,0.15
A_OB_1.5999999999999999_1.0_282,24.96,2.31,0.73,-0.33,-0.5,-0.68,0.15
A_OB_1.5999999999999999_1.0_283,23.74,2.31,0.73,-0.33,-0.5,-0.68,0.15
A_OB_1.5999999999999999_1.0_284,24.17,2.31,0.73,-0.33,-0.5,-0.68,0.15
A_OB_1.5999999999999999_1.0_285,16.44,2.31,0.73,-0.33,-0.5,-0.68,0.15
A_OB_1.5999999999999999_1.0_286,18.35,2.31,0.73,-0.33,-0.5,-0.68,0.15
A_OB_1.5999999999999999_1.0_287,24.31,2.31,0.73,-0.33,-0.5,-0.68,0.15
A_OB_1.5999999999999999_1.0_288,20.9,2.31,0.73,-0.33,-0.5,-0.68,0.15
A_OB_1.5999999999999999_1.0_289,21.7,2.31,0.73,-0.33,-0.5,-0.68,0.15
A_OB_1.5999999999999999_1.0_290,23.38,2.31,0.73,-0.33,-0.5,-0.68,0.15
A_OB_1.5999999999999999_1.0_291,23.89,2.31,0.73,-0.33,-0.5,-0.68,0.15
A_OB_1.5999999999999999_1.0_292,25.6,2.31,0.73,-0.33,-0.5,-0.68,0.15
A_OB_1.5999999999999999_1.0_293,25.19,2.31,0.73,-0.33,-0.5,-0.68,0.15
A_OB_1.5999999999999999_1.0_294,25.51,2.31,0.73,-0.33,-0.5,-0.68,0.15
A_OB_1.5999999999999999_1.0_295,23.75,2.31,0.73,-0.33,-0.5,-0.68,0.15
A_OB_1.5999999999999999_1.0_296,23.29,2.31,0.73,-0.33,-0.5,-0.68,0.15
A_OB_1.5999999999999999_1.0_297,20.81,2.31,0.73,-0.33,-0.5,-0.68,0.15
A_OB_1.5999999999999999_1.0_298,25.16,2.31,0.73,-0.33,-0.5,-0.68,0.15
A_OB_1.5999999999999999_1.0_299,24.53,2.31,0.73,-0.33,-0.5,-0.68,0.15
A_OB_1.5999999999999999_1.0_300,25.01,2.31,0.73,-0.33,-0.5,-0.68,0.15
A_OB_1.5999999999999999_1.0_301,23.84,2.31,0.73,-0.33,-0.5,-0.68,0.15
A_OB_1.5999999999999999_1.0_302,22.25,2.31,0.73,-0.33,-0.5,-0.68,0.15
A_OB_1.5999999999999999_1.0_303,23.57,2.31,0.73,-0.33,-0.5,-0.68,0.15
A_OB_1.5999999999999999_1.0_304,25.36,2.31,0.73,-0.33,-0.5,-0.68,0.15
A_OB_1.5999999999999999_1.0_305,23.94,2.31,0.73,-0.33,-0.5,-0.68,0.15
A_OB_1.5999999999999999_1.0_306,23.52,2.31,0.73,-0.33,-0.5,-0.68,0.15
A_OB_1.5999999999999999_1.0_307,24.55,2.31,0.73,-0.33,-0.5,-0.68,0.15
A_OB_1.5999999999999999_1.0_308,23.23,2.31,0.73,-0.33,-0.5,-0.68,0.15
A_OB_1.5999999999999999_1.0_309,23.21,2.31,0.73,-0.33,-0.5,-0.68,0.15
A_OB_1.5999999999999999_1.0_310,19.34,2.31,0.73,-0.33,-0.5,-0.68,0.15
A_OB_1.5999999999999999_1.0_311,24.86,2.31,0.73,-0.33,-0.5,-0.68,0.15
A_OB_1.5999999999999999_1.0_312,23.79,2.31,0.73,-0.33,-0.5,-0.68,0.15
