ObjID,H_g,u-r,g-r,i-r,z-r,y-r,GS
A_OB_2.1999999999999997_1.0_0,25.55,2.31,0.73,-0.33,-0.5,-0.68,0.15
A_OB_2.1999999999999997_1.0_1,24.99,2.31,0.73,-0.33,-0.5,-0.68,0.15
A_OB_2.1999999999999997_1.0_2,25.53,2.31,0.73,-0.33,-0.5,-0.68,0.15
A_OB_2.1999999999999997_1.0_3,24.74,2.31,0.73,-0.33,-0.5,-0.68,0.15
A_OB_2.1999999999999997_1.0_4,24.4,2.31,0.73,-0.33,-0.5,-0.68,0.15
A_OB_2.1999999999999997_1.0_5,24.57,2.31,0.73,-0.33,-0.5,-0.68,0.15
A_OB_2.1999999999999997_1.0_6,23.69,2.31,0.73,-0.33,-0.5,-0.68,0.15
A_OB_2.1999999999999997_1.0_7,24.58,2.31,0.73,-0.33,-0.5,-0.68,0.15
A_OB_2.1999999999999997_1.0_8,21.73,2.31,0.73,-0.33,-0.5,-0.68,0.15
A_OB_2.1999999999999997_1.0_9,24.21,2.31,0.73,-0.33,-0.5,-0.68,0.15
A_OB_2.1999999999999997_1.0_10,21.83,2.31,0.73,-0.33,-0.5,-0.68,0.15
A_OB_2.1999999999999997_1.0_11,25.34,2.31,0.73,-0.33,-0.5,-0.68,0.15
A_OB_2.1999999999999997_1.0_12,25.56,2.31,0.73,-0.33,-0.5,-0.68,0.15
A_OB_2.1999999999999997_1.0_13,25.45,2.31,0.73,-0.33,-0.5,-0.68,0.15
A_OB_2.1999999999999997_1.0_14,25.3,2.31,0.73,-0.33,-0.5,-0.68,0.15
A_OB_2.1999999999999997_1.0_15,23.54,2.31,0.73,-0.33,-0.5,-0.68,0.15
A_OB_2.1999999999999997_1.0_16,25.37,2.31,0.73,-0.33,-0.5,-0.68,0.15
A_OB_2.1999999999999997_1.0_17,24.66,2.31,0.73,-0.33,-0.5,-0.68,0.15
A_OB_2.1999999999999997_1.0_18,24.5,2.31,0.73,-0.33,-0.5,-0.68,0.15
A_OB_2.1999999999999997_1.0_19,24.72,2.31,0.73,-0.33,-0.5,-0.68,0.15
A_OB_2.1999999999999997_1.0_20,24.12,2.31,0.73,-0.33,-0.5,-0.68,0.15
A_OB_2.1999999999999997_1.0_21,24.71,2.31,0.73,-0.33,-0.5,-0.68,0.15
A_OB_2.1999999999999997_1.0_22,25.17,2.31,0.73,-0.33,-0.5,-0.68,0.15
A_OB_2.1999999999999997_1.0_23,24.98,2.31,0.73,-0.33,-0.5,-0.68,0.15
A_OB_2.1999999999999997_1.0_24,25.42,2.31,0.73,-0.33,-0.5,-0.68,0.15
A_OB_2.1999999999999997_1.0_25,25.39,2.31,0.73,-0.33,-0.5,-0.68,0.15
A_OB_2.1999999999999997_1.0_26,25.19,2.31,0.73,-0.33,-0.5,-0.68,0.15
A_OB_2.1999999999999997_1.0_27,23.32,2.31,0.73,-0.33,-0.5,-0.68,0.15
A_OB_2.1999999999999997_1.0_28,24.8,2.31,0.73,-0.33,-0.5,-0.68,0.15
A_OB_2.1999999999999997_1.0_29,25.45,2.31,0.73,-0.33,-0.5,-0.68,0.15
A_OB_2.1999999999999997_1.0_30,25.36,2.31,0.73,-0.33,-0.5,-0.68,0.15
A_OB_2.1999999999999997_1.0_31,24.31,2.31,0.73,-0.33,-0.5,-0.68,0.15
A_OB_2.1999999999999997_1.0_32,25.39,2.31,0.73,-0.33,-0.5,-0.68,0.15
A_OB_2.1999999999999997_1.0_33,23.75,2.31,0.73,-0.33,-0.5,-0.68,0.15
A_OB_2.1999999999999997_1.0_34,24.23,2.31,0.73,-0.33,-0.5,-0.68,0.15
A_OB_2.1999999999999997_1.0_35,25.62,2.31,0.73,-0.33,-0.5,-0.68,0.15
A_OB_2.1999999999999997_1.0_36,25.09,2.31,0.73,-0.33,-0.5,-0.68,0.15
A_OB_2.1999999999999997_1.0_37,24.2,2.31,0.73,-0.33,-0.5,-0.68,0.15
A_OB_2.1999999999999997_1.0_38,24.41,2.31,0.73,-0.33,-0.5,-0.68,0.15
A_OB_2.1999999999999997_1.0_39,24.07,2.31,0.73,-0.33,-0.5,-0.68,0.15
A_OB_2.1999999999999997_1.0_40,25.55,2.31,0.73,-0.33,-0.5,-0.68,0.15
A_OB_2.1999999999999997_1.0_41,24.83,2.31,0.73,-0.33,-0.5,-0.68,0.15
A_OB_2.1999999999999997_1.0_42,25.48,2.31,0.73,-0.33,-0.5,-0.68,0.15
A_OB_2.1999999999999997_1.0_43,25.38,2.31,0.73,-0.33,-0.5,-0.68,0.15
A_OB_2.1999999999999997_1.0_44,25.34,2.31,0.73,-0.33,-0.5,-0.68,0.15
A_OB_2.1999999999999997_1.0_45,20.78,2.31,0.73,-0.33,-0.5,-0.68,0.15
A_OB_2.1999999999999997_1.0_46,25.0,2.31,0.73,-0.33,-0.5,-0.68,0.15
A_OB_2.1999999999999997_1.0_47,24.29,2.31,0.73,-0.33,-0.5,-0.68,0.15
A_OB_2.1999999999999997_1.0_48,21.7,2.31,0.73,-0.33,-0.5,-0.68,0.15
A_OB_2.1999999999999997_1.0_49,23.79,2.31,0.73,-0.33,-0.5,-0.68,0.15
A_OB_2.1999999999999997_1.0_50,25.13,2.31,0.73,-0.33,-0.5,-0.68,0.15
A_OB_2.1999999999999997_1.0_51,25.6,2.31,0.73,-0.33,-0.5,-0.68,0.15
A_OB_2.1999999999999997_1.0_52,24.02,2.31,0.73,-0.33,-0.5,-0.68,0.15
A_OB_2.1999999999999997_1.0_53,24.49,2.31,0.73,-0.33,-0.5,-0.68,0.15
A_OB_2.1999999999999997_1.0_54,24.88,2.31,0.73,-0.33,-0.5,-0.68,0.15
A_OB_2.1999999999999997_1.0_55,25.6,2.31,0.73,-0.33,-0.5,-0.68,0.15
A_OB_2.1999999999999997_1.0_56,24.05,2.31,0.73,-0.33,-0.5,-0.68,0.15
A_OB_2.1999999999999997_1.0_57,25.1,2.31,0.73,-0.33,-0.5,-0.68,0.15
A_OB_2.1999999999999997_1.0_58,23.6,2.31,0.73,-0.33,-0.5,-0.68,0.15
A_OB_2.1999999999999997_1.0_59,23.59,2.31,0.73,-0.33,-0.5,-0.68,0.15
A_OB_2.1999999999999997_1.0_60,25.13,2.31,0.73,-0.33,-0.5,-0.68,0.15
A_OB_2.1999999999999997_1.0_61,25.34,2.31,0.73,-0.33,-0.5,-0.68,0.15
A_OB_2.1999999999999997_1.0_62,24.54,2.31,0.73,-0.33,-0.5,-0.68,0.15
A_OB_2.1999999999999997_1.0_63,25.31,2.31,0.73,-0.33,-0.5,-0.68,0.15
A_OB_2.1999999999999997_1.0_64,21.22,2.31,0.73,-0.33,-0.5,-0.68,0.15
A_OB_2.1999999999999997_1.0_65,25.43,2.31,0.73,-0.33,-0.5,-0.68,0.15
A_OB_2.1999999999999997_1.0_66,24.72,2.31,0.73,-0.33,-0.5,-0.68,0.15
A_OB_2.1999999999999997_1.0_67,25.49,2.31,0.73,-0.33,-0.5,-0.68,0.15
A_OB_2.1999999999999997_1.0_68,22.24,2.31,0.73,-0.33,-0.5,-0.68,0.15
A_OB_2.1999999999999997_1.0_69,24.97,2.31,0.73,-0.33,-0.5,-0.68,0.15
A_OB_2.1999999999999997_1.0_70,25.22,2.31,0.73,-0.33,-0.5,-0.68,0.15
A_OB_2.1999999999999997_1.0_71,25.4,2.31,0.73,-0.33,-0.5,-0.68,0.15
A_OB_2.1999999999999997_1.0_72,24.77,2.31,0.73,-0.33,-0.5,-0.68,0.15
A_OB_2.1999999999999997_1.0_73,25.32,2.31,0.73,-0.33,-0.5,-0.68,0.15
A_OB_2.1999999999999997_1.0_74,25.4,2.31,0.73,-0.33,-0.5,-0.68,0.15
A_OB_2.1999999999999997_1.0_75,24.7,2.31,0.73,-0.33,-0.5,-0.68,0.15
A_OB_2.1999999999999997_1.0_76,25.49,2.31,0.73,-0.33,-0.5,-0.68,0.15
A_OB_2.1999999999999997_1.0_77,25.06,2.31,0.73,-0.33,-0.5,-0.68,0.15
A_OB_2.1999999999999997_1.0_78,20.92,2.31,0.73,-0.33,-0.5,-0.68,0.15
A_OB_2.1999999999999997_1.0_79,25.23,2.31,0.73,-0.33,-0.5,-0.68,0.15
A_OB_2.1999999999999997_1.0_80,25.56,2.31,0.73,-0.33,-0.5,-0.68,0.15
A_OB_2.1999999999999997_1.0_81,24.48,2.31,0.73,-0.33,-0.5,-0.68,0.15
A_OB_2.1999999999999997_1.0_82,25.44,2.31,0.73,-0.33,-0.5,-0.68,0.15
A_OB_2.1999999999999997_1.0_83,25.48,2.31,0.73,-0.33,-0.5,-0.68,0.15
A_OB_2.1999999999999997_1.0_84,23.18,2.31,0.73,-0.33,-0.5,-0.68,0.15
A_OB_2.1999999999999997_1.0_85,25.38,2.31,0.73,-0.33,-0.5,-0.68,0.15
A_OB_2.1999999999999997_1.0_86,19.02,2.31,0.73,-0.33,-0.5,-0.68,0.15
A_OB_2.1999999999999997_1.0_87,25.54,2.31,0.73,-0.33,-0.5,-0.68,0.15
A_OB_2.1999999999999997_1.0_88,25.55,2.31,0.73,-0.33,-0.5,-0.68,0.15
A_OB_2.1999999999999997_1.0_89,25.33,2.31,0.73,-0.33,-0.5,-0.68,0.15
A_OB_2.1999999999999997_1.0_90,23.23,2.31,0.73,-0.33,-0.5,-0.68,0.15
A_OB_2.1999999999999997_1.0_91,25.39,2.31,0.73,-0.33,-0.5,-0.68,0.15
A_OB_2.1999999999999997_1.0_92,24.07,2.31,0.73,-0.33,-0.5,-0.68,0.15
A_OB_2.1999999999999997_1.0_93,24.76,2.31,0.73,-0.33,-0.5,-0.68,0.15
A_OB_2.1999999999999997_1.0_94,24.64,2.31,0.73,-0.33,-0.5,-0.68,0.15
A_OB_2.1999999999999997_1.0_95,23.86,2.31,0.73,-0.33,-0.5,-0.68,0.15
A_OB_2.1999999999999997_1.0_96,24.62,2.31,0.73,-0.33,-0.5,-0.68,0.15
A_OB_2.1999999999999997_1.0_97,23.11,2.31,0.73,-0.33,-0.5,-0.68,0.15
A_OB_2.1999999999999997_1.0_98,25.45,2.31,0.73,-0.33,-0.5,-0.68,0.15
A_OB_2.1999999999999997_1.0_99,25.06,2.31,0.73,-0.33,-0.5,-0.68,0.15
A_OB_2.1999999999999997_1.0_100,24.91,2.31,0.73,-0.33,-0.5,-0.68,0.15
A_OB_2.1999999999999997_1.0_101,23.13,2.31,0.73,-0.33,-0.5,-0.68,0.15
A_OB_2.1999999999999997_1.0_102,24.36,2.31,0.73,-0.33,-0.5,-0.68,0.15
A_OB_2.1999999999999997_1.0_103,25.11,2.31,0.73,-0.33,-0.5,-0.68,0.15
A_OB_2.1999999999999997_1.0_104,25.58,2.31,0.73,-0.33,-0.5,-0.68,0.15
A_OB_2.1999999999999997_1.0_105,25.1,2.31,0.73,-0.33,-0.5,-0.68,0.15
A_OB_2.1999999999999997_1.0_106,25.04,2.31,0.73,-0.33,-0.5,-0.68,0.15
A_OB_2.1999999999999997_1.0_107,22.9,2.31,0.73,-0.33,-0.5,-0.68,0.15
A_OB_2.1999999999999997_1.0_108,25.41,2.31,0.73,-0.33,-0.5,-0.68,0.15
A_OB_2.1999999999999997_1.0_109,25.59,2.31,0.73,-0.33,-0.5,-0.68,0.15
A_OB_2.1999999999999997_1.0_110,24.54,2.31,0.73,-0.33,-0.5,-0.68,0.15
A_OB_2.1999999999999997_1.0_111,25.53,2.31,0.73,-0.33,-0.5,-0.68,0.15
A_OB_2.1999999999999997_1.0_112,24.69,2.31,0.73,-0.33,-0.5,-0.68,0.15
A_OB_2.1999999999999997_1.0_113,25.61,2.31,0.73,-0.33,-0.5,-0.68,0.15
A_OB_2.1999999999999997_1.0_114,24.9,2.31,0.73,-0.33,-0.5,-0.68,0.15
A_OB_2.1999999999999997_1.0_115,24.16,2.31,0.73,-0.33,-0.5,-0.68,0.15
A_OB_2.1999999999999997_1.0_116,24.02,2.31,0.73,-0.33,-0.5,-0.68,0.15
A_OB_2.1999999999999997_1.0_117,25.28,2.31,0.73,-0.33,-0.5,-0.68,0.15
A_OB_2.1999999999999997_1.0_118,25.45,2.31,0.73,-0.33,-0.5,-0.68,0.15
A_OB_2.1999999999999997_1.0_119,25.41,2.31,0.73,-0.33,-0.5,-0.68,0.15
A_OB_2.1999999999999997_1.0_120,23.76,2.31,0.73,-0.33,-0.5,-0.68,0.15
A_OB_2.1999999999999997_1.0_121,25.61,2.31,0.73,-0.33,-0.5,-0.68,0.15
A_OB_2.1999999999999997_1.0_122,24.32,2.31,0.73,-0.33,-0.5,-0.68,0.15
A_OB_2.1999999999999997_1.0_123,23.58,2.31,0.73,-0.33,-0.5,-0.68,0.15
A_OB_2.1999999999999997_1.0_124,24.37,2.31,0.73,-0.33,-0.5,-0.68,0.15
A_OB_2.1999999999999997_1.0_125,22.52,2.31,0.73,-0.33,-0.5,-0.68,0.15
A_OB_2.1999999999999997_1.0_126,25.4,2.31,0.73,-0.33,-0.5,-0.68,0.15
A_OB_2.1999999999999997_1.0_127,24.51,2.31,0.73,-0.33,-0.5,-0.68,0.15
A_OB_2.1999999999999997_1.0_128,23.97,2.31,0.73,-0.33,-0.5,-0.68,0.15
A_OB_2.1999999999999997_1.0_129,25.14,2.31,0.73,-0.33,-0.5,-0.68,0.15
A_OB_2.1999999999999997_1.0_130,25.18,2.31,0.73,-0.33,-0.5,-0.68,0.15
A_OB_2.1999999999999997_1.0_131,24.09,2.31,0.73,-0.33,-0.5,-0.68,0.15
A_OB_2.1999999999999997_1.0_132,25.53,2.31,0.73,-0.33,-0.5,-0.68,0.15
A_OB_2.1999999999999997_1.0_133,25.58,2.31,0.73,-0.33,-0.5,-0.68,0.15
A_OB_2.1999999999999997_1.0_134,24.83,2.31,0.73,-0.33,-0.5,-0.68,0.15
A_OB_2.1999999999999997_1.0_135,22.98,2.31,0.73,-0.33,-0.5,-0.68,0.15
A_OB_2.1999999999999997_1.0_136,25.58,2.31,0.73,-0.33,-0.5,-0.68,0.15
A_OB_2.1999999999999997_1.0_137,24.18,2.31,0.73,-0.33,-0.5,-0.68,0.15
A_OB_2.1999999999999997_1.0_138,24.53,2.31,0.73,-0.33,-0.5,-0.68,0.15
A_OB_2.1999999999999997_1.0_139,24.45,2.31,0.73,-0.33,-0.5,-0.68,0.15
A_OB_2.1999999999999997_1.0_140,25.2,2.31,0.73,-0.33,-0.5,-0.68,0.15
A_OB_2.1999999999999997_1.0_141,24.55,2.31,0.73,-0.33,-0.5,-0.68,0.15
A_OB_2.1999999999999997_1.0_142,24.38,2.31,0.73,-0.33,-0.5,-0.68,0.15
A_OB_2.1999999999999997_1.0_143,24.77,2.31,0.73,-0.33,-0.5,-0.68,0.15
A_OB_2.1999999999999997_1.0_144,25.27,2.31,0.73,-0.33,-0.5,-0.68,0.15
A_OB_2.1999999999999997_1.0_145,25.38,2.31,0.73,-0.33,-0.5,-0.68,0.15
A_OB_2.1999999999999997_1.0_146,24.13,2.31,0.73,-0.33,-0.5,-0.68,0.15
A_OB_2.1999999999999997_1.0_147,24.87,2.31,0.73,-0.33,-0.5,-0.68,0.15
A_OB_2.1999999999999997_1.0_148,25.55,2.31,0.73,-0.33,-0.5,-0.68,0.15
A_OB_2.1999999999999997_1.0_149,25.22,2.31,0.73,-0.33,-0.5,-0.68,0.15
A_OB_2.1999999999999997_1.0_150,24.46,2.31,0.73,-0.33,-0.5,-0.68,0.15
A_OB_2.1999999999999997_1.0_151,23.31,2.31,0.73,-0.33,-0.5,-0.68,0.15
A_OB_2.1999999999999997_1.0_152,24.27,2.31,0.73,-0.33,-0.5,-0.68,0.15
A_OB_2.1999999999999997_1.0_153,24.36,2.31,0.73,-0.33,-0.5,-0.68,0.15
A_OB_2.1999999999999997_1.0_154,24.97,2.31,0.73,-0.33,-0.5,-0.68,0.15
A_OB_2.1999999999999997_1.0_155,25.11,2.31,0.73,-0.33,-0.5,-0.68,0.15
A_OB_2.1999999999999997_1.0_156,25.52,2.31,0.73,-0.33,-0.5,-0.68,0.15
A_OB_2.1999999999999997_1.0_157,22.83,2.31,0.73,-0.33,-0.5,-0.68,0.15
A_OB_2.1999999999999997_1.0_158,20.45,2.31,0.73,-0.33,-0.5,-0.68,0.15
A_OB_2.1999999999999997_1.0_159,24.58,2.31,0.73,-0.33,-0.5,-0.68,0.15
A_OB_2.1999999999999997_1.0_160,23.79,2.31,0.73,-0.33,-0.5,-0.68,0.15
A_OB_2.1999999999999997_1.0_161,21.7,2.31,0.73,-0.33,-0.5,-0.68,0.15
A_OB_2.1999999999999997_1.0_162,25.52,2.31,0.73,-0.33,-0.5,-0.68,0.15
A_OB_2.1999999999999997_1.0_163,22.34,2.31,0.73,-0.33,-0.5,-0.68,0.15
A_OB_2.1999999999999997_1.0_164,20.83,2.31,0.73,-0.33,-0.5,-0.68,0.15
A_OB_2.1999999999999997_1.0_165,24.28,2.31,0.73,-0.33,-0.5,-0.68,0.15
A_OB_2.1999999999999997_1.0_166,24.85,2.31,0.73,-0.33,-0.5,-0.68,0.15
A_OB_2.1999999999999997_1.0_167,25.28,2.31,0.73,-0.33,-0.5,-0.68,0.15
A_OB_2.1999999999999997_1.0_168,24.74,2.31,0.73,-0.33,-0.5,-0.68,0.15
A_OB_2.1999999999999997_1.0_169,25.34,2.31,0.73,-0.33,-0.5,-0.68,0.15
A_OB_2.1999999999999997_1.0_170,25.07,2.31,0.73,-0.33,-0.5,-0.68,0.15
A_OB_2.1999999999999997_1.0_171,23.1,2.31,0.73,-0.33,-0.5,-0.68,0.15
A_OB_2.1999999999999997_1.0_172,23.07,2.31,0.73,-0.33,-0.5,-0.68,0.15
A_OB_2.1999999999999997_1.0_173,23.94,2.31,0.73,-0.33,-0.5,-0.68,0.15
A_OB_2.1999999999999997_1.0_174,24.69,2.31,0.73,-0.33,-0.5,-0.68,0.15
A_OB_2.1999999999999997_1.0_175,24.12,2.31,0.73,-0.33,-0.5,-0.68,0.15
A_OB_2.1999999999999997_1.0_176,24.74,2.31,0.73,-0.33,-0.5,-0.68,0.15
A_OB_2.1999999999999997_1.0_177,24.81,2.31,0.73,-0.33,-0.5,-0.68,0.15
A_OB_2.1999999999999997_1.0_178,23.37,2.31,0.73,-0.33,-0.5,-0.68,0.15
A_OB_2.1999999999999997_1.0_179,24.43,2.31,0.73,-0.33,-0.5,-0.68,0.15
A_OB_2.1999999999999997_1.0_180,25.09,2.31,0.73,-0.33,-0.5,-0.68,0.15
A_OB_2.1999999999999997_1.0_181,23.5,2.31,0.73,-0.33,-0.5,-0.68,0.15
A_OB_2.1999999999999997_1.0_182,23.33,2.31,0.73,-0.33,-0.5,-0.68,0.15
A_OB_2.1999999999999997_1.0_183,25.11,2.31,0.73,-0.33,-0.5,-0.68,0.15
A_OB_2.1999999999999997_1.0_184,24.78,2.31,0.73,-0.33,-0.5,-0.68,0.15
A_OB_2.1999999999999997_1.0_185,22.89,2.31,0.73,-0.33,-0.5,-0.68,0.15
A_OB_2.1999999999999997_1.0_186,25.41,2.31,0.73,-0.33,-0.5,-0.68,0.15
A_OB_2.1999999999999997_1.0_187,23.93,2.31,0.73,-0.33,-0.5,-0.68,0.15
A_OB_2.1999999999999997_1.0_188,25.48,2.31,0.73,-0.33,-0.5,-0.68,0.15
A_OB_2.1999999999999997_1.0_189,24.93,2.31,0.73,-0.33,-0.5,-0.68,0.15
A_OB_2.1999999999999997_1.0_190,25.15,2.31,0.73,-0.33,-0.5,-0.68,0.15
A_OB_2.1999999999999997_1.0_191,25.07,2.31,0.73,-0.33,-0.5,-0.68,0.15
A_OB_2.1999999999999997_1.0_192,25.3,2.31,0.73,-0.33,-0.5,-0.68,0.15
A_OB_2.1999999999999997_1.0_193,25.32,2.31,0.73,-0.33,-0.5,-0.68,0.15
A_OB_2.1999999999999997_1.0_194,23.87,2.31,0.73,-0.33,-0.5,-0.68,0.15
A_OB_2.1999999999999997_1.0_195,22.32,2.31,0.73,-0.33,-0.5,-0.68,0.15
A_OB_2.1999999999999997_1.0_196,23.92,2.31,0.73,-0.33,-0.5,-0.68,0.15
A_OB_2.1999999999999997_1.0_197,23.24,2.31,0.73,-0.33,-0.5,-0.68,0.15
A_OB_2.1999999999999997_1.0_198,24.78,2.31,0.73,-0.33,-0.5,-0.68,0.15
A_OB_2.1999999999999997_1.0_199,24.79,2.31,0.73,-0.33,-0.5,-0.68,0.15
A_OB_2.1999999999999997_1.0_200,23.98,2.31,0.73,-0.33,-0.5,-0.68,0.15
A_OB_2.1999999999999997_1.0_201,22.33,2.31,0.73,-0.33,-0.5,-0.68,0.15
A_OB_2.1999999999999997_1.0_202,24.92,2.31,0.73,-0.33,-0.5,-0.68,0.15
A_OB_2.1999999999999997_1.0_203,25.61,2.31,0.73,-0.33,-0.5,-0.68,0.15
A_OB_2.1999999999999997_1.0_204,22.0,2.31,0.73,-0.33,-0.5,-0.68,0.15
A_OB_2.1999999999999997_1.0_205,23.83,2.31,0.73,-0.33,-0.5,-0.68,0.15
A_OB_2.1999999999999997_1.0_206,24.58,2.31,0.73,-0.33,-0.5,-0.68,0.15
A_OB_2.1999999999999997_1.0_207,25.61,2.31,0.73,-0.33,-0.5,-0.68,0.15
A_OB_2.1999999999999997_1.0_208,25.6,2.31,0.73,-0.33,-0.5,-0.68,0.15
A_OB_2.1999999999999997_1.0_209,25.43,2.31,0.73,-0.33,-0.5,-0.68,0.15
A_OB_2.1999999999999997_1.0_210,25.42,2.31,0.73,-0.33,-0.5,-0.68,0.15
A_OB_2.1999999999999997_1.0_211,24.39,2.31,0.73,-0.33,-0.5,-0.68,0.15
A_OB_2.1999999999999997_1.0_212,24.16,2.31,0.73,-0.33,-0.5,-0.68,0.15
A_OB_2.1999999999999997_1.0_213,25.58,2.31,0.73,-0.33,-0.5,-0.68,0.15
A_OB_2.1999999999999997_1.0_214,24.23,2.31,0.73,-0.33,-0.5,-0.68,0.15
A_OB_2.1999999999999997_1.0_215,24.34,2.31,0.73,-0.33,-0.5,-0.68,0.15
A_OB_2.1999999999999997_1.0_216,25.03,2.31,0.73,-0.33,-0.5,-0.68,0.15
A_OB_2.1999999999999997_1.0_217,22.34,2.31,0.73,-0.33,-0.5,-0.68,0.15
A_OB_2.1999999999999997_1.0_218,23.94,2.31,0.73,-0.33,-0.5,-0.68,0.15
A_OB_2.1999999999999997_1.0_219,21.86,2.31,0.73,-0.33,-0.5,-0.68,0.15
A_OB_2.1999999999999997_1.0_220,25.41,2.31,0.73,-0.33,-0.5,-0.68,0.15
A_OB_2.1999999999999997_1.0_221,24.82,2.31,0.73,-0.33,-0.5,-0.68,0.15
A_OB_2.1999999999999997_1.0_222,19.99,2.31,0.73,-0.33,-0.5,-0.68,0.15
A_OB_2.1999999999999997_1.0_223,21.46,2.31,0.73,-0.33,-0.5,-0.68,0.15
A_OB_2.1999999999999997_1.0_224,24.14,2.31,0.73,-0.33,-0.5,-0.68,0.15
A_OB_2.1999999999999997_1.0_225,22.98,2.31,0.73,-0.33,-0.5,-0.68,0.15
A_OB_2.1999999999999997_1.0_226,24.75,2.31,0.73,-0.33,-0.5,-0.68,0.15
A_OB_2.1999999999999997_1.0_227,22.2,2.31,0.73,-0.33,-0.5,-0.68,0.15
A_OB_2.1999999999999997_1.0_228,24.56,2.31,0.73,-0.33,-0.5,-0.68,0.15
A_OB_2.1999999999999997_1.0_229,25.11,2.31,0.73,-0.33,-0.5,-0.68,0.15
A_OB_2.1999999999999997_1.0_230,25.58,2.31,0.73,-0.33,-0.5,-0.68,0.15
A_OB_2.1999999999999997_1.0_231,23.74,2.31,0.73,-0.33,-0.5,-0.68,0.15
A_OB_2.1999999999999997_1.0_232,24.74,2.31,0.73,-0.33,-0.5,-0.68,0.15
A_OB_2.1999999999999997_1.0_233,25.49,2.31,0.73,-0.33,-0.5,-0.68,0.15
A_OB_2.1999999999999997_1.0_234,25.24,2.31,0.73,-0.33,-0.5,-0.68,0.15
A_OB_2.1999999999999997_1.0_235,22.39,2.31,0.73,-0.33,-0.5,-0.68,0.15
A_OB_2.1999999999999997_1.0_236,25.61,2.31,0.73,-0.33,-0.5,-0.68,0.15
A_OB_2.1999999999999997_1.0_237,25.21,2.31,0.73,-0.33,-0.5,-0.68,0.15
A_OB_2.1999999999999997_1.0_238,24.34,2.31,0.73,-0.33,-0.5,-0.68,0.15
A_OB_2.1999999999999997_1.0_239,23.21,2.31,0.73,-0.33,-0.5,-0.68,0.15
A_OB_2.1999999999999997_1.0_240,24.62,2.31,0.73,-0.33,-0.5,-0.68,0.15
A_OB_2.1999999999999997_1.0_241,24.93,2.31,0.73,-0.33,-0.5,-0.68,0.15
A_OB_2.1999999999999997_1.0_242,24.98,2.31,0.73,-0.33,-0.5,-0.68,0.15
A_OB_2.1999999999999997_1.0_243,25.03,2.31,0.73,-0.33,-0.5,-0.68,0.15
A_OB_2.1999999999999997_1.0_244,24.34,2.31,0.73,-0.33,-0.5,-0.68,0.15
A_OB_2.1999999999999997_1.0_245,25.21,2.31,0.73,-0.33,-0.5,-0.68,0.15
A_OB_2.1999999999999997_1.0_246,25.49,2.31,0.73,-0.33,-0.5,-0.68,0.15
A_OB_2.1999999999999997_1.0_247,23.26,2.31,0.73,-0.33,-0.5,-0.68,0.15
A_OB_2.1999999999999997_1.0_248,25.06,2.31,0.73,-0.33,-0.5,-0.68,0.15
A_OB_2.1999999999999997_1.0_249,25.42,2.31,0.73,-0.33,-0.5,-0.68,0.15
A_OB_2.1999999999999997_1.0_250,25.32,2.31,0.73,-0.33,-0.5,-0.68,0.15
A_OB_2.1999999999999997_1.0_251,23.39,2.31,0.73,-0.33,-0.5,-0.68,0.15
A_OB_2.1999999999999997_1.0_252,25.26,2.31,0.73,-0.33,-0.5,-0.68,0.15
A_OB_2.1999999999999997_1.0_253,25.3,2.31,0.73,-0.33,-0.5,-0.68,0.15
A_OB_2.1999999999999997_1.0_254,24.03,2.31,0.73,-0.33,-0.5,-0.68,0.15
A_OB_2.1999999999999997_1.0_255,24.07,2.31,0.73,-0.33,-0.5,-0.68,0.15
A_OB_2.1999999999999997_1.0_256,25.5,2.31,0.73,-0.33,-0.5,-0.68,0.15
A_OB_2.1999999999999997_1.0_257,25.62,2.31,0.73,-0.33,-0.5,-0.68,0.15
A_OB_2.1999999999999997_1.0_258,23.52,2.31,0.73,-0.33,-0.5,-0.68,0.15
A_OB_2.1999999999999997_1.0_259,25.52,2.31,0.73,-0.33,-0.5,-0.68,0.15
A_OB_2.1999999999999997_1.0_260,24.85,2.31,0.73,-0.33,-0.5,-0.68,0.15
A_OB_2.1999999999999997_1.0_261,24.39,2.31,0.73,-0.33,-0.5,-0.68,0.15
A_OB_2.1999999999999997_1.0_262,23.1,2.31,0.73,-0.33,-0.5,-0.68,0.15
A_OB_2.1999999999999997_1.0_263,25.47,2.31,0.73,-0.33,-0.5,-0.68,0.15
A_OB_2.1999999999999997_1.0_264,24.05,2.31,0.73,-0.33,-0.5,-0.68,0.15
A_OB_2.1999999999999997_1.0_265,25.21,2.31,0.73,-0.33,-0.5,-0.68,0.15
A_OB_2.1999999999999997_1.0_266,24.88,2.31,0.73,-0.33,-0.5,-0.68,0.15
A_OB_2.1999999999999997_1.0_267,25.45,2.31,0.73,-0.33,-0.5,-0.68,0.15
A_OB_2.1999999999999997_1.0_268,25.39,2.31,0.73,-0.33,-0.5,-0.68,0.15
A_OB_2.1999999999999997_1.0_269,25.43,2.31,0.73,-0.33,-0.5,-0.68,0.15
A_OB_2.1999999999999997_1.0_270,22.66,2.31,0.73,-0.33,-0.5,-0.68,0.15
A_OB_2.1999999999999997_1.0_271,25.52,2.31,0.73,-0.33,-0.5,-0.68,0.15
A_OB_2.1999999999999997_1.0_272,20.38,2.31,0.73,-0.33,-0.5,-0.68,0.15
A_OB_2.1999999999999997_1.0_273,23.15,2.31,0.73,-0.33,-0.5,-0.68,0.15
A_OB_2.1999999999999997_1.0_274,25.49,2.31,0.73,-0.33,-0.5,-0.68,0.15
A_OB_2.1999999999999997_1.0_275,22.96,2.31,0.73,-0.33,-0.5,-0.68,0.15
A_OB_2.1999999999999997_1.0_276,24.22,2.31,0.73,-0.33,-0.5,-0.68,0.15
A_OB_2.1999999999999997_1.0_277,24.86,2.31,0.73,-0.33,-0.5,-0.68,0.15
A_OB_2.1999999999999997_1.0_278,25.14,2.31,0.73,-0.33,-0.5,-0.68,0.15
A_OB_2.1999999999999997_1.0_279,25.54,2.31,0.73,-0.33,-0.5,-0.68,0.15
A_OB_2.1999999999999997_1.0_280,22.44,2.31,0.73,-0.33,-0.5,-0.68,0.15
A_OB_2.1999999999999997_1.0_281,25.51,2.31,0.73,-0.33,-0.5,-0.68,0.15
A_OB_2.1999999999999997_1.0_282,24.43,2.31,0.73,-0.33,-0.5,-0.68,0.15
A_OB_2.1999999999999997_1.0_283,24.33,2.31,0.73,-0.33,-0.5,-0.68,0.15
A_OB_2.1999999999999997_1.0_284,24.75,2.31,0.73,-0.33,-0.5,-0.68,0.15
A_OB_2.1999999999999997_1.0_285,23.69,2.31,0.73,-0.33,-0.5,-0.68,0.15
A_OB_2.1999999999999997_1.0_286,22.52,2.31,0.73,-0.33,-0.5,-0.68,0.15
A_OB_2.1999999999999997_1.0_287,23.92,2.31,0.73,-0.33,-0.5,-0.68,0.15
A_OB_2.1999999999999997_1.0_288,25.53,2.31,0.73,-0.33,-0.5,-0.68,0.15
A_OB_2.1999999999999997_1.0_289,24.12,2.31,0.73,-0.33,-0.5,-0.68,0.15
A_OB_2.1999999999999997_1.0_290,25.55,2.31,0.73,-0.33,-0.5,-0.68,0.15
A_OB_2.1999999999999997_1.0_291,25.57,2.31,0.73,-0.33,-0.5,-0.68,0.15
A_OB_2.1999999999999997_1.0_292,24.6,2.31,0.73,-0.33,-0.5,-0.68,0.15
A_OB_2.1999999999999997_1.0_293,25.28,2.31,0.73,-0.33,-0.5,-0.68,0.15
A_OB_2.1999999999999997_1.0_294,25.45,2.31,0.73,-0.33,-0.5,-0.68,0.15
A_OB_2.1999999999999997_1.0_295,24.54,2.31,0.73,-0.33,-0.5,-0.68,0.15
A_OB_2.1999999999999997_1.0_296,24.56,2.31,0.73,-0.33,-0.5,-0.68,0.15
A_OB_2.1999999999999997_1.0_297,25.04,2.31,0.73,-0.33,-0.5,-0.68,0.15
A_OB_2.1999999999999997_1.0_298,25.51,2.31,0.73,-0.33,-0.5,-0.68,0.15
A_OB_2.1999999999999997_1.0_299,25.16,2.31,0.73,-0.33,-0.5,-0.68,0.15
A_OB_2.1999999999999997_1.0_300,25.29,2.31,0.73,-0.33,-0.5,-0.68,0.15
A_OB_2.1999999999999997_1.0_301,24.12,2.31,0.73,-0.33,-0.5,-0.68,0.15
A_OB_2.1999999999999997_1.0_302,24.16,2.31,0.73,-0.33,-0.5,-0.68,0.15
A_OB_2.1999999999999997_1.0_303,24.29,2.31,0.73,-0.33,-0.5,-0.68,0.15
A_OB_2.1999999999999997_1.0_304,23.2,2.31,0.73,-0.33,-0.5,-0.68,0.15
A_OB_2.1999999999999997_1.0_305,24.34,2.31,0.73,-0.33,-0.5,-0.68,0.15
A_OB_2.1999999999999997_1.0_306,24.71,2.31,0.73,-0.33,-0.5,-0.68,0.15
A_OB_2.1999999999999997_1.0_307,25.53,2.31,0.73,-0.33,-0.5,-0.68,0.15
A_OB_2.1999999999999997_1.0_308,24.8,2.31,0.73,-0.33,-0.5,-0.68,0.15
A_OB_2.1999999999999997_1.0_309,24.27,2.31,0.73,-0.33,-0.5,-0.68,0.15
A_OB_2.1999999999999997_1.0_310,25.32,2.31,0.73,-0.33,-0.5,-0.68,0.15
A_OB_2.1999999999999997_1.0_311,24.82,2.31,0.73,-0.33,-0.5,-0.68,0.15
A_OB_2.1999999999999997_1.0_312,25.35,2.31,0.73,-0.33,-0.5,-0.68,0.15
A_OB_2.1999999999999997_1.0_313,25.17,2.31,0.73,-0.33,-0.5,-0.68,0.15
A_OB_2.1999999999999997_1.0_314,25.16,2.31,0.73,-0.33,-0.5,-0.68,0.15
A_OB_2.1999999999999997_1.0_315,24.49,2.31,0.73,-0.33,-0.5,-0.68,0.15
A_OB_2.1999999999999997_1.0_316,25.36,2.31,0.73,-0.33,-0.5,-0.68,0.15
A_OB_2.1999999999999997_1.0_317,24.57,2.31,0.73,-0.33,-0.5,-0.68,0.15
A_OB_2.1999999999999997_1.0_318,23.65,2.31,0.73,-0.33,-0.5,-0.68,0.15
A_OB_2.1999999999999997_1.0_319,25.15,2.31,0.73,-0.33,-0.5,-0.68,0.15
A_OB_2.1999999999999997_1.0_320,24.27,2.31,0.73,-0.33,-0.5,-0.68,0.15
A_OB_2.1999999999999997_1.0_321,24.86,2.31,0.73,-0.33,-0.5,-0.68,0.15
A_OB_2.1999999999999997_1.0_322,24.94,2.31,0.73,-0.33,-0.5,-0.68,0.15
A_OB_2.1999999999999997_1.0_323,20.04,2.31,0.73,-0.33,-0.5,-0.68,0.15
A_OB_2.1999999999999997_1.0_324,25.16,2.31,0.73,-0.33,-0.5,-0.68,0.15
A_OB_2.1999999999999997_1.0_325,23.6,2.31,0.73,-0.33,-0.5,-0.68,0.15
A_OB_2.1999999999999997_1.0_326,25.25,2.31,0.73,-0.33,-0.5,-0.68,0.15
A_OB_2.1999999999999997_1.0_327,22.07,2.31,0.73,-0.33,-0.5,-0.68,0.15
A_OB_2.1999999999999997_1.0_328,22.17,2.31,0.73,-0.33,-0.5,-0.68,0.15
A_OB_2.1999999999999997_1.0_329,24.94,2.31,0.73,-0.33,-0.5,-0.68,0.15
A_OB_2.1999999999999997_1.0_330,24.84,2.31,0.73,-0.33,-0.5,-0.68,0.15
A_OB_2.1999999999999997_1.0_331,24.43,2.31,0.73,-0.33,-0.5,-0.68,0.15
A_OB_2.1999999999999997_1.0_332,23.42,2.31,0.73,-0.33,-0.5,-0.68,0.15
A_OB_2.1999999999999997_1.0_333,25.26,2.31,0.73,-0.33,-0.5,-0.68,0.15
A_OB_2.1999999999999997_1.0_334,24.73,2.31,0.73,-0.33,-0.5,-0.68,0.15
A_OB_2.1999999999999997_1.0_335,19.57,2.31,0.73,-0.33,-0.5,-0.68,0.15
A_OB_2.1999999999999997_1.0_336,25.4,2.31,0.73,-0.33,-0.5,-0.68,0.15
A_OB_2.1999999999999997_1.0_337,25.45,2.31,0.73,-0.33,-0.5,-0.68,0.15
A_OB_2.1999999999999997_1.0_338,25.54,2.31,0.73,-0.33,-0.5,-0.68,0.15
A_OB_2.1999999999999997_1.0_339,24.07,2.31,0.73,-0.33,-0.5,-0.68,0.15
A_OB_2.1999999999999997_1.0_340,25.05,2.31,0.73,-0.33,-0.5,-0.68,0.15
A_OB_2.1999999999999997_1.0_341,25.27,2.31,0.73,-0.33,-0.5,-0.68,0.15
A_OB_2.1999999999999997_1.0_342,25.57,2.31,0.73,-0.33,-0.5,-0.68,0.15
A_OB_2.1999999999999997_1.0_343,25.48,2.31,0.73,-0.33,-0.5,-0.68,0.15
A_OB_2.1999999999999997_1.0_344,25.21,2.31,0.73,-0.33,-0.5,-0.68,0.15
A_OB_2.1999999999999997_1.0_345,21.72,2.31,0.73,-0.33,-0.5,-0.68,0.15
A_OB_2.1999999999999997_1.0_346,24.75,2.31,0.73,-0.33,-0.5,-0.68,0.15
A_OB_2.1999999999999997_1.0_347,22.46,2.31,0.73,-0.33,-0.5,-0.68,0.15
A_OB_2.1999999999999997_1.0_348,24.69,2.31,0.73,-0.33,-0.5,-0.68,0.15
A_OB_2.1999999999999997_1.0_349,24.9,2.31,0.73,-0.33,-0.5,-0.68,0.15
A_OB_2.1999999999999997_1.0_350,25.54,2.31,0.73,-0.33,-0.5,-0.68,0.15
A_OB_2.1999999999999997_1.0_351,25.51,2.31,0.73,-0.33,-0.5,-0.68,0.15
A_OB_2.1999999999999997_1.0_352,25.39,2.31,0.73,-0.33,-0.5,-0.68,0.15
A_OB_2.1999999999999997_1.0_353,23.19,2.31,0.73,-0.33,-0.5,-0.68,0.15
A_OB_2.1999999999999997_1.0_354,23.81,2.31,0.73,-0.33,-0.5,-0.68,0.15
A_OB_2.1999999999999997_1.0_355,24.88,2.31,0.73,-0.33,-0.5,-0.68,0.15
A_OB_2.1999999999999997_1.0_356,24.92,2.31,0.73,-0.33,-0.5,-0.68,0.15
A_OB_2.1999999999999997_1.0_357,24.97,2.31,0.73,-0.33,-0.5,-0.68,0.15
A_OB_2.1999999999999997_1.0_358,23.75,2.31,0.73,-0.33,-0.5,-0.68,0.15
A_OB_2.1999999999999997_1.0_359,23.78,2.31,0.73,-0.33,-0.5,-0.68,0.15
A_OB_2.1999999999999997_1.0_360,24.25,2.31,0.73,-0.33,-0.5,-0.68,0.15
A_OB_2.1999999999999997_1.0_361,25.5,2.31,0.73,-0.33,-0.5,-0.68,0.15
A_OB_2.1999999999999997_1.0_362,24.4,2.31,0.73,-0.33,-0.5,-0.68,0.15
A_OB_2.1999999999999997_1.0_363,24.08,2.31,0.73,-0.33,-0.5,-0.68,0.15
A_OB_2.1999999999999997_1.0_364,25.41,2.31,0.73,-0.33,-0.5,-0.68,0.15
A_OB_2.1999999999999997_1.0_365,24.99,2.31,0.73,-0.33,-0.5,-0.68,0.15
A_OB_2.1999999999999997_1.0_366,22.89,2.31,0.73,-0.33,-0.5,-0.68,0.15
A_OB_2.1999999999999997_1.0_367,24.13,2.31,0.73,-0.33,-0.5,-0.68,0.15
A_OB_2.1999999999999997_1.0_368,25.5,2.31,0.73,-0.33,-0.5,-0.68,0.15
A_OB_2.1999999999999997_1.0_369,24.72,2.31,0.73,-0.33,-0.5,-0.68,0.15
A_OB_2.1999999999999997_1.0_370,25.37,2.31,0.73,-0.33,-0.5,-0.68,0.15
A_OB_2.1999999999999997_1.0_371,25.6,2.31,0.73,-0.33,-0.5,-0.68,0.15
A_OB_2.1999999999999997_1.0_372,25.05,2.31,0.73,-0.33,-0.5,-0.68,0.15
A_OB_2.1999999999999997_1.0_373,25.53,2.31,0.73,-0.33,-0.5,-0.68,0.15
A_OB_2.1999999999999997_1.0_374,24.44,2.31,0.73,-0.33,-0.5,-0.68,0.15
A_OB_2.1999999999999997_1.0_375,25.13,2.31,0.73,-0.33,-0.5,-0.68,0.15
A_OB_2.1999999999999997_1.0_376,24.3,2.31,0.73,-0.33,-0.5,-0.68,0.15
A_OB_2.1999999999999997_1.0_377,25.12,2.31,0.73,-0.33,-0.5,-0.68,0.15
A_OB_2.1999999999999997_1.0_378,25.22,2.31,0.73,-0.33,-0.5,-0.68,0.15
A_OB_2.1999999999999997_1.0_379,25.52,2.31,0.73,-0.33,-0.5,-0.68,0.15
A_OB_2.1999999999999997_1.0_380,24.67,2.31,0.73,-0.33,-0.5,-0.68,0.15
A_OB_2.1999999999999997_1.0_381,23.77,2.31,0.73,-0.33,-0.5,-0.68,0.15
A_OB_2.1999999999999997_1.0_382,25.48,2.31,0.73,-0.33,-0.5,-0.68,0.15
A_OB_2.1999999999999997_1.0_383,23.66,2.31,0.73,-0.33,-0.5,-0.68,0.15
A_OB_2.1999999999999997_1.0_384,23.46,2.31,0.73,-0.33,-0.5,-0.68,0.15
A_OB_2.1999999999999997_1.0_385,23.29,2.31,0.73,-0.33,-0.5,-0.68,0.15
A_OB_2.1999999999999997_1.0_386,25.37,2.31,0.73,-0.33,-0.5,-0.68,0.15
A_OB_2.1999999999999997_1.0_387,25.54,2.31,0.73,-0.33,-0.5,-0.68,0.15
A_OB_2.1999999999999997_1.0_388,22.95,2.31,0.73,-0.33,-0.5,-0.68,0.15
A_OB_2.1999999999999997_1.0_389,23.6,2.31,0.73,-0.33,-0.5,-0.68,0.15
A_OB_2.1999999999999997_1.0_390,25.22,2.31,0.73,-0.33,-0.5,-0.68,0.15
A_OB_2.1999999999999997_1.0_391,24.57,2.31,0.73,-0.33,-0.5,-0.68,0.15
A_OB_2.1999999999999997_1.0_392,25.51,2.31,0.73,-0.33,-0.5,-0.68,0.15
A_OB_2.1999999999999997_1.0_393,23.76,2.31,0.73,-0.33,-0.5,-0.68,0.15
A_OB_2.1999999999999997_1.0_394,24.72,2.31,0.73,-0.33,-0.5,-0.68,0.15
A_OB_2.1999999999999997_1.0_395,24.82,2.31,0.73,-0.33,-0.5,-0.68,0.15
A_OB_2.1999999999999997_1.0_396,23.59,2.31,0.73,-0.33,-0.5,-0.68,0.15
A_OB_2.1999999999999997_1.0_397,25.61,2.31,0.73,-0.33,-0.5,-0.68,0.15
A_OB_2.1999999999999997_1.0_398,25.37,2.31,0.73,-0.33,-0.5,-0.68,0.15
A_OB_2.1999999999999997_1.0_399,25.54,2.31,0.73,-0.33,-0.5,-0.68,0.15
A_OB_2.1999999999999997_1.0_400,25.02,2.31,0.73,-0.33,-0.5,-0.68,0.15
A_OB_2.1999999999999997_1.0_401,21.57,2.31,0.73,-0.33,-0.5,-0.68,0.15
A_OB_2.1999999999999997_1.0_402,22.61,2.31,0.73,-0.33,-0.5,-0.68,0.15
A_OB_2.1999999999999997_1.0_403,25.31,2.31,0.73,-0.33,-0.5,-0.68,0.15
A_OB_2.1999999999999997_1.0_404,25.08,2.31,0.73,-0.33,-0.5,-0.68,0.15
A_OB_2.1999999999999997_1.0_405,25.58,2.31,0.73,-0.33,-0.5,-0.68,0.15
A_OB_2.1999999999999997_1.0_406,25.11,2.31,0.73,-0.33,-0.5,-0.68,0.15
A_OB_2.1999999999999997_1.0_407,22.99,2.31,0.73,-0.33,-0.5,-0.68,0.15
A_OB_2.1999999999999997_1.0_408,24.55,2.31,0.73,-0.33,-0.5,-0.68,0.15
A_OB_2.1999999999999997_1.0_409,25.28,2.31,0.73,-0.33,-0.5,-0.68,0.15
A_OB_2.1999999999999997_1.0_410,25.51,2.31,0.73,-0.33,-0.5,-0.68,0.15
A_OB_2.1999999999999997_1.0_411,24.54,2.31,0.73,-0.33,-0.5,-0.68,0.15
A_OB_2.1999999999999997_1.0_412,24.43,2.31,0.73,-0.33,-0.5,-0.68,0.15
A_OB_2.1999999999999997_1.0_413,22.71,2.31,0.73,-0.33,-0.5,-0.68,0.15
A_OB_2.1999999999999997_1.0_414,25.53,2.31,0.73,-0.33,-0.5,-0.68,0.15
A_OB_2.1999999999999997_1.0_415,24.72,2.31,0.73,-0.33,-0.5,-0.68,0.15
A_OB_2.1999999999999997_1.0_416,24.84,2.31,0.73,-0.33,-0.5,-0.68,0.15
A_OB_2.1999999999999997_1.0_417,25.51,2.31,0.73,-0.33,-0.5,-0.68,0.15
A_OB_2.1999999999999997_1.0_418,24.8,2.31,0.73,-0.33,-0.5,-0.68,0.15
A_OB_2.1999999999999997_1.0_419,25.38,2.31,0.73,-0.33,-0.5,-0.68,0.15
A_OB_2.1999999999999997_1.0_420,25.6,2.31,0.73,-0.33,-0.5,-0.68,0.15
A_OB_2.1999999999999997_1.0_421,25.62,2.31,0.73,-0.33,-0.5,-0.68,0.15
A_OB_2.1999999999999997_1.0_422,25.2,2.31,0.73,-0.33,-0.5,-0.68,0.15
A_OB_2.1999999999999997_1.0_423,24.3,2.31,0.73,-0.33,-0.5,-0.68,0.15
A_OB_2.1999999999999997_1.0_424,25.6,2.31,0.73,-0.33,-0.5,-0.68,0.15
A_OB_2.1999999999999997_1.0_425,23.93,2.31,0.73,-0.33,-0.5,-0.68,0.15
A_OB_2.1999999999999997_1.0_426,25.39,2.31,0.73,-0.33,-0.5,-0.68,0.15
A_OB_2.1999999999999997_1.0_427,24.19,2.31,0.73,-0.33,-0.5,-0.68,0.15
A_OB_2.1999999999999997_1.0_428,24.79,2.31,0.73,-0.33,-0.5,-0.68,0.15
A_OB_2.1999999999999997_1.0_429,23.36,2.31,0.73,-0.33,-0.5,-0.68,0.15
A_OB_2.1999999999999997_1.0_430,24.05,2.31,0.73,-0.33,-0.5,-0.68,0.15
A_OB_2.1999999999999997_1.0_431,21.64,2.31,0.73,-0.33,-0.5,-0.68,0.15
A_OB_2.1999999999999997_1.0_432,25.08,2.31,0.73,-0.33,-0.5,-0.68,0.15
A_OB_2.1999999999999997_1.0_433,23.9,2.31,0.73,-0.33,-0.5,-0.68,0.15
A_OB_2.1999999999999997_1.0_434,25.26,2.31,0.73,-0.33,-0.5,-0.68,0.15
A_OB_2.1999999999999997_1.0_435,25.01,2.31,0.73,-0.33,-0.5,-0.68,0.15
A_OB_2.1999999999999997_1.0_436,24.19,2.31,0.73,-0.33,-0.5,-0.68,0.15
A_OB_2.1999999999999997_1.0_437,24.35,2.31,0.73,-0.33,-0.5,-0.68,0.15
A_OB_2.1999999999999997_1.0_438,25.43,2.31,0.73,-0.33,-0.5,-0.68,0.15
A_OB_2.1999999999999997_1.0_439,24.99,2.31,0.73,-0.33,-0.5,-0.68,0.15
A_OB_2.1999999999999997_1.0_440,23.96,2.31,0.73,-0.33,-0.5,-0.68,0.15
A_OB_2.1999999999999997_1.0_441,24.57,2.31,0.73,-0.33,-0.5,-0.68,0.15
A_OB_2.1999999999999997_1.0_442,24.73,2.31,0.73,-0.33,-0.5,-0.68,0.15
A_OB_2.1999999999999997_1.0_443,22.52,2.31,0.73,-0.33,-0.5,-0.68,0.15
A_OB_2.1999999999999997_1.0_444,25.36,2.31,0.73,-0.33,-0.5,-0.68,0.15
A_OB_2.1999999999999997_1.0_445,21.12,2.31,0.73,-0.33,-0.5,-0.68,0.15
A_OB_2.1999999999999997_1.0_446,25.41,2.31,0.73,-0.33,-0.5,-0.68,0.15
A_OB_2.1999999999999997_1.0_447,24.99,2.31,0.73,-0.33,-0.5,-0.68,0.15
A_OB_2.1999999999999997_1.0_448,25.44,2.31,0.73,-0.33,-0.5,-0.68,0.15
A_OB_2.1999999999999997_1.0_449,24.64,2.31,0.73,-0.33,-0.5,-0.68,0.15
A_OB_2.1999999999999997_1.0_450,22.31,2.31,0.73,-0.33,-0.5,-0.68,0.15
A_OB_2.1999999999999997_1.0_451,24.93,2.31,0.73,-0.33,-0.5,-0.68,0.15
A_OB_2.1999999999999997_1.0_452,24.1,2.31,0.73,-0.33,-0.5,-0.68,0.15
A_OB_2.1999999999999997_1.0_453,25.38,2.31,0.73,-0.33,-0.5,-0.68,0.15
A_OB_2.1999999999999997_1.0_454,25.4,2.31,0.73,-0.33,-0.5,-0.68,0.15
A_OB_2.1999999999999997_1.0_455,20.6,2.31,0.73,-0.33,-0.5,-0.68,0.15
A_OB_2.1999999999999997_1.0_456,25.53,2.31,0.73,-0.33,-0.5,-0.68,0.15
A_OB_2.1999999999999997_1.0_457,24.86,2.31,0.73,-0.33,-0.5,-0.68,0.15
A_OB_2.1999999999999997_1.0_458,25.14,2.31,0.73,-0.33,-0.5,-0.68,0.15
A_OB_2.1999999999999997_1.0_459,24.53,2.31,0.73,-0.33,-0.5,-0.68,0.15
A_OB_2.1999999999999997_1.0_460,22.9,2.31,0.73,-0.33,-0.5,-0.68,0.15
A_OB_2.1999999999999997_1.0_461,25.5,2.31,0.73,-0.33,-0.5,-0.68,0.15
A_OB_2.1999999999999997_1.0_462,23.94,2.31,0.73,-0.33,-0.5,-0.68,0.15
A_OB_2.1999999999999997_1.0_463,22.98,2.31,0.73,-0.33,-0.5,-0.68,0.15
A_OB_2.1999999999999997_1.0_464,25.12,2.31,0.73,-0.33,-0.5,-0.68,0.15
A_OB_2.1999999999999997_1.0_465,25.4,2.31,0.73,-0.33,-0.5,-0.68,0.15
A_OB_2.1999999999999997_1.0_466,25.36,2.31,0.73,-0.33,-0.5,-0.68,0.15
A_OB_2.1999999999999997_1.0_467,25.39,2.31,0.73,-0.33,-0.5,-0.68,0.15
A_OB_2.1999999999999997_1.0_468,24.02,2.31,0.73,-0.33,-0.5,-0.68,0.15
A_OB_2.1999999999999997_1.0_469,25.18,2.31,0.73,-0.33,-0.5,-0.68,0.15
A_OB_2.1999999999999997_1.0_470,19.52,2.31,0.73,-0.33,-0.5,-0.68,0.15
A_OB_2.1999999999999997_1.0_471,25.53,2.31,0.73,-0.33,-0.5,-0.68,0.15
A_OB_2.1999999999999997_1.0_472,25.38,2.31,0.73,-0.33,-0.5,-0.68,0.15
A_OB_2.1999999999999997_1.0_473,24.78,2.31,0.73,-0.33,-0.5,-0.68,0.15
A_OB_2.1999999999999997_1.0_474,24.48,2.31,0.73,-0.33,-0.5,-0.68,0.15
A_OB_2.1999999999999997_1.0_475,24.44,2.31,0.73,-0.33,-0.5,-0.68,0.15
A_OB_2.1999999999999997_1.0_476,23.23,2.31,0.73,-0.33,-0.5,-0.68,0.15
A_OB_2.1999999999999997_1.0_477,23.84,2.31,0.73,-0.33,-0.5,-0.68,0.15
A_OB_2.1999999999999997_1.0_478,24.0,2.31,0.73,-0.33,-0.5,-0.68,0.15
A_OB_2.1999999999999997_1.0_479,25.6,2.31,0.73,-0.33,-0.5,-0.68,0.15
A_OB_2.1999999999999997_1.0_480,20.23,2.31,0.73,-0.33,-0.5,-0.68,0.15
A_OB_2.1999999999999997_1.0_481,24.33,2.31,0.73,-0.33,-0.5,-0.68,0.15
A_OB_2.1999999999999997_1.0_482,25.45,2.31,0.73,-0.33,-0.5,-0.68,0.15
A_OB_2.1999999999999997_1.0_483,20.37,2.31,0.73,-0.33,-0.5,-0.68,0.15
A_OB_2.1999999999999997_1.0_484,24.01,2.31,0.73,-0.33,-0.5,-0.68,0.15
A_OB_2.1999999999999997_1.0_485,23.12,2.31,0.73,-0.33,-0.5,-0.68,0.15
A_OB_2.1999999999999997_1.0_486,25.06,2.31,0.73,-0.33,-0.5,-0.68,0.15
A_OB_2.1999999999999997_1.0_487,25.4,2.31,0.73,-0.33,-0.5,-0.68,0.15
A_OB_2.1999999999999997_1.0_488,24.86,2.31,0.73,-0.33,-0.5,-0.68,0.15
A_OB_2.1999999999999997_1.0_489,25.19,2.31,0.73,-0.33,-0.5,-0.68,0.15
A_OB_2.1999999999999997_1.0_490,24.56,2.31,0.73,-0.33,-0.5,-0.68,0.15
A_OB_2.1999999999999997_1.0_491,25.27,2.31,0.73,-0.33,-0.5,-0.68,0.15
A_OB_2.1999999999999997_1.0_492,25.18,2.31,0.73,-0.33,-0.5,-0.68,0.15
A_OB_2.1999999999999997_1.0_493,24.71,2.31,0.73,-0.33,-0.5,-0.68,0.15
A_OB_2.1999999999999997_1.0_494,25.21,2.31,0.73,-0.33,-0.5,-0.68,0.15
A_OB_2.1999999999999997_1.0_495,23.09,2.31,0.73,-0.33,-0.5,-0.68,0.15
A_OB_2.1999999999999997_1.0_496,23.85,2.31,0.73,-0.33,-0.5,-0.68,0.15
A_OB_2.1999999999999997_1.0_497,23.96,2.31,0.73,-0.33,-0.5,-0.68,0.15
A_OB_2.1999999999999997_1.0_498,24.25,2.31,0.73,-0.33,-0.5,-0.68,0.15
A_OB_2.1999999999999997_1.0_499,25.61,2.31,0.73,-0.33,-0.5,-0.68,0.15
A_OB_2.1999999999999997_1.0_500,24.06,2.31,0.73,-0.33,-0.5,-0.68,0.15
A_OB_2.1999999999999997_1.0_501,24.53,2.31,0.73,-0.33,-0.5,-0.68,0.15
A_OB_2.1999999999999997_1.0_502,22.36,2.31,0.73,-0.33,-0.5,-0.68,0.15
A_OB_2.1999999999999997_1.0_503,23.65,2.31,0.73,-0.33,-0.5,-0.68,0.15
A_OB_2.1999999999999997_1.0_504,21.2,2.31,0.73,-0.33,-0.5,-0.68,0.15
A_OB_2.1999999999999997_1.0_505,24.94,2.31,0.73,-0.33,-0.5,-0.68,0.15
A_OB_2.1999999999999997_1.0_506,24.85,2.31,0.73,-0.33,-0.5,-0.68,0.15
A_OB_2.1999999999999997_1.0_507,24.22,2.31,0.73,-0.33,-0.5,-0.68,0.15
A_OB_2.1999999999999997_1.0_508,24.47,2.31,0.73,-0.33,-0.5,-0.68,0.15
A_OB_2.1999999999999997_1.0_509,24.96,2.31,0.73,-0.33,-0.5,-0.68,0.15
A_OB_2.1999999999999997_1.0_510,22.16,2.31,0.73,-0.33,-0.5,-0.68,0.15
A_OB_2.1999999999999997_1.0_511,25.52,2.31,0.73,-0.33,-0.5,-0.68,0.15
A_OB_2.1999999999999997_1.0_512,24.97,2.31,0.73,-0.33,-0.5,-0.68,0.15
A_OB_2.1999999999999997_1.0_513,24.17,2.31,0.73,-0.33,-0.5,-0.68,0.15
A_OB_2.1999999999999997_1.0_514,25.25,2.31,0.73,-0.33,-0.5,-0.68,0.15
A_OB_2.1999999999999997_1.0_515,21.52,2.31,0.73,-0.33,-0.5,-0.68,0.15
A_OB_2.1999999999999997_1.0_516,23.42,2.31,0.73,-0.33,-0.5,-0.68,0.15
A_OB_2.1999999999999997_1.0_517,25.07,2.31,0.73,-0.33,-0.5,-0.68,0.15
A_OB_2.1999999999999997_1.0_518,25.24,2.31,0.73,-0.33,-0.5,-0.68,0.15
A_OB_2.1999999999999997_1.0_519,25.13,2.31,0.73,-0.33,-0.5,-0.68,0.15
A_OB_2.1999999999999997_1.0_520,24.11,2.31,0.73,-0.33,-0.5,-0.68,0.15
A_OB_2.1999999999999997_1.0_521,25.33,2.31,0.73,-0.33,-0.5,-0.68,0.15
A_OB_2.1999999999999997_1.0_522,25.29,2.31,0.73,-0.33,-0.5,-0.68,0.15
A_OB_2.1999999999999997_1.0_523,22.16,2.31,0.73,-0.33,-0.5,-0.68,0.15
A_OB_2.1999999999999997_1.0_524,25.18,2.31,0.73,-0.33,-0.5,-0.68,0.15
A_OB_2.1999999999999997_1.0_525,25.5,2.31,0.73,-0.33,-0.5,-0.68,0.15
A_OB_2.1999999999999997_1.0_526,25.55,2.31,0.73,-0.33,-0.5,-0.68,0.15
A_OB_2.1999999999999997_1.0_527,25.4,2.31,0.73,-0.33,-0.5,-0.68,0.15
A_OB_2.1999999999999997_1.0_528,25.55,2.31,0.73,-0.33,-0.5,-0.68,0.15
A_OB_2.1999999999999997_1.0_529,25.16,2.31,0.73,-0.33,-0.5,-0.68,0.15
A_OB_2.1999999999999997_1.0_530,23.52,2.31,0.73,-0.33,-0.5,-0.68,0.15
A_OB_2.1999999999999997_1.0_531,22.3,2.31,0.73,-0.33,-0.5,-0.68,0.15
A_OB_2.1999999999999997_1.0_532,25.25,2.31,0.73,-0.33,-0.5,-0.68,0.15
A_OB_2.1999999999999997_1.0_533,21.56,2.31,0.73,-0.33,-0.5,-0.68,0.15
A_OB_2.1999999999999997_1.0_534,25.19,2.31,0.73,-0.33,-0.5,-0.68,0.15
A_OB_2.1999999999999997_1.0_535,25.37,2.31,0.73,-0.33,-0.5,-0.68,0.15
A_OB_2.1999999999999997_1.0_536,24.15,2.31,0.73,-0.33,-0.5,-0.68,0.15
A_OB_2.1999999999999997_1.0_537,25.39,2.31,0.73,-0.33,-0.5,-0.68,0.15
A_OB_2.1999999999999997_1.0_538,25.4,2.31,0.73,-0.33,-0.5,-0.68,0.15
A_OB_2.1999999999999997_1.0_539,22.61,2.31,0.73,-0.33,-0.5,-0.68,0.15
A_OB_2.1999999999999997_1.0_540,24.7,2.31,0.73,-0.33,-0.5,-0.68,0.15
A_OB_2.1999999999999997_1.0_541,25.38,2.31,0.73,-0.33,-0.5,-0.68,0.15
A_OB_2.1999999999999997_1.0_542,23.75,2.31,0.73,-0.33,-0.5,-0.68,0.15
A_OB_2.1999999999999997_1.0_543,22.68,2.31,0.73,-0.33,-0.5,-0.68,0.15
A_OB_2.1999999999999997_1.0_544,23.32,2.31,0.73,-0.33,-0.5,-0.68,0.15
A_OB_2.1999999999999997_1.0_545,25.51,2.31,0.73,-0.33,-0.5,-0.68,0.15
A_OB_2.1999999999999997_1.0_546,23.0,2.31,0.73,-0.33,-0.5,-0.68,0.15
A_OB_2.1999999999999997_1.0_547,20.27,2.31,0.73,-0.33,-0.5,-0.68,0.15
A_OB_2.1999999999999997_1.0_548,24.79,2.31,0.73,-0.33,-0.5,-0.68,0.15
A_OB_2.1999999999999997_1.0_549,25.1,2.31,0.73,-0.33,-0.5,-0.68,0.15
A_OB_2.1999999999999997_1.0_550,25.07,2.31,0.73,-0.33,-0.5,-0.68,0.15
A_OB_2.1999999999999997_1.0_551,23.82,2.31,0.73,-0.33,-0.5,-0.68,0.15
A_OB_2.1999999999999997_1.0_552,25.51,2.31,0.73,-0.33,-0.5,-0.68,0.15
A_OB_2.1999999999999997_1.0_553,25.27,2.31,0.73,-0.33,-0.5,-0.68,0.15
A_OB_2.1999999999999997_1.0_554,25.38,2.31,0.73,-0.33,-0.5,-0.68,0.15
A_OB_2.1999999999999997_1.0_555,25.23,2.31,0.73,-0.33,-0.5,-0.68,0.15
A_OB_2.1999999999999997_1.0_556,23.98,2.31,0.73,-0.33,-0.5,-0.68,0.15
A_OB_2.1999999999999997_1.0_557,24.66,2.31,0.73,-0.33,-0.5,-0.68,0.15
A_OB_2.1999999999999997_1.0_558,25.16,2.31,0.73,-0.33,-0.5,-0.68,0.15
A_OB_2.1999999999999997_1.0_559,25.03,2.31,0.73,-0.33,-0.5,-0.68,0.15
A_OB_2.1999999999999997_1.0_560,25.56,2.31,0.73,-0.33,-0.5,-0.68,0.15
A_OB_2.1999999999999997_1.0_561,25.1,2.31,0.73,-0.33,-0.5,-0.68,0.15
A_OB_2.1999999999999997_1.0_562,24.88,2.31,0.73,-0.33,-0.5,-0.68,0.15
A_OB_2.1999999999999997_1.0_563,25.61,2.31,0.73,-0.33,-0.5,-0.68,0.15
A_OB_2.1999999999999997_1.0_564,24.43,2.31,0.73,-0.33,-0.5,-0.68,0.15
A_OB_2.1999999999999997_1.0_565,25.01,2.31,0.73,-0.33,-0.5,-0.68,0.15
A_OB_2.1999999999999997_1.0_566,24.79,2.31,0.73,-0.33,-0.5,-0.68,0.15
A_OB_2.1999999999999997_1.0_567,23.58,2.31,0.73,-0.33,-0.5,-0.68,0.15
A_OB_2.1999999999999997_1.0_568,25.38,2.31,0.73,-0.33,-0.5,-0.68,0.15
A_OB_2.1999999999999997_1.0_569,24.07,2.31,0.73,-0.33,-0.5,-0.68,0.15
A_OB_2.1999999999999997_1.0_570,25.01,2.31,0.73,-0.33,-0.5,-0.68,0.15
A_OB_2.1999999999999997_1.0_571,24.98,2.31,0.73,-0.33,-0.5,-0.68,0.15
A_OB_2.1999999999999997_1.0_572,21.67,2.31,0.73,-0.33,-0.5,-0.68,0.15
A_OB_2.1999999999999997_1.0_573,20.72,2.31,0.73,-0.33,-0.5,-0.68,0.15
A_OB_2.1999999999999997_1.0_574,25.61,2.31,0.73,-0.33,-0.5,-0.68,0.15
A_OB_2.1999999999999997_1.0_575,25.45,2.31,0.73,-0.33,-0.5,-0.68,0.15
A_OB_2.1999999999999997_1.0_576,25.6,2.31,0.73,-0.33,-0.5,-0.68,0.15
A_OB_2.1999999999999997_1.0_577,20.28,2.31,0.73,-0.33,-0.5,-0.68,0.15
A_OB_2.1999999999999997_1.0_578,25.04,2.31,0.73,-0.33,-0.5,-0.68,0.15
A_OB_2.1999999999999997_1.0_579,24.19,2.31,0.73,-0.33,-0.5,-0.68,0.15
A_OB_2.1999999999999997_1.0_580,25.36,2.31,0.73,-0.33,-0.5,-0.68,0.15
A_OB_2.1999999999999997_1.0_581,21.3,2.31,0.73,-0.33,-0.5,-0.68,0.15
A_OB_2.1999999999999997_1.0_582,23.97,2.31,0.73,-0.33,-0.5,-0.68,0.15
A_OB_2.1999999999999997_1.0_583,23.81,2.31,0.73,-0.33,-0.5,-0.68,0.15
A_OB_2.1999999999999997_1.0_584,22.74,2.31,0.73,-0.33,-0.5,-0.68,0.15
A_OB_2.1999999999999997_1.0_585,23.75,2.31,0.73,-0.33,-0.5,-0.68,0.15
A_OB_2.1999999999999997_1.0_586,25.32,2.31,0.73,-0.33,-0.5,-0.68,0.15
A_OB_2.1999999999999997_1.0_587,25.19,2.31,0.73,-0.33,-0.5,-0.68,0.15
A_OB_2.1999999999999997_1.0_588,23.96,2.31,0.73,-0.33,-0.5,-0.68,0.15
A_OB_2.1999999999999997_1.0_589,25.53,2.31,0.73,-0.33,-0.5,-0.68,0.15
A_OB_2.1999999999999997_1.0_590,25.55,2.31,0.73,-0.33,-0.5,-0.68,0.15
A_OB_2.1999999999999997_1.0_591,25.06,2.31,0.73,-0.33,-0.5,-0.68,0.15
A_OB_2.1999999999999997_1.0_592,24.01,2.31,0.73,-0.33,-0.5,-0.68,0.15
A_OB_2.1999999999999997_1.0_593,24.25,2.31,0.73,-0.33,-0.5,-0.68,0.15
A_OB_2.1999999999999997_1.0_594,24.53,2.31,0.73,-0.33,-0.5,-0.68,0.15
A_OB_2.1999999999999997_1.0_595,25.18,2.31,0.73,-0.33,-0.5,-0.68,0.15
A_OB_2.1999999999999997_1.0_596,24.99,2.31,0.73,-0.33,-0.5,-0.68,0.15
A_OB_2.1999999999999997_1.0_597,25.4,2.31,0.73,-0.33,-0.5,-0.68,0.15
A_OB_2.1999999999999997_1.0_598,24.24,2.31,0.73,-0.33,-0.5,-0.68,0.15
A_OB_2.1999999999999997_1.0_599,23.29,2.31,0.73,-0.33,-0.5,-0.68,0.15
A_OB_2.1999999999999997_1.0_600,22.44,2.31,0.73,-0.33,-0.5,-0.68,0.15
A_OB_2.1999999999999997_1.0_601,24.69,2.31,0.73,-0.33,-0.5,-0.68,0.15
A_OB_2.1999999999999997_1.0_602,23.34,2.31,0.73,-0.33,-0.5,-0.68,0.15
A_OB_2.1999999999999997_1.0_603,25.37,2.31,0.73,-0.33,-0.5,-0.68,0.15
A_OB_2.1999999999999997_1.0_604,25.1,2.31,0.73,-0.33,-0.5,-0.68,0.15
A_OB_2.1999999999999997_1.0_605,25.31,2.31,0.73,-0.33,-0.5,-0.68,0.15
A_OB_2.1999999999999997_1.0_606,25.39,2.31,0.73,-0.33,-0.5,-0.68,0.15
A_OB_2.1999999999999997_1.0_607,24.12,2.31,0.73,-0.33,-0.5,-0.68,0.15
A_OB_2.1999999999999997_1.0_608,24.41,2.31,0.73,-0.33,-0.5,-0.68,0.15
A_OB_2.1999999999999997_1.0_609,24.9,2.31,0.73,-0.33,-0.5,-0.68,0.15
A_OB_2.1999999999999997_1.0_610,21.23,2.31,0.73,-0.33,-0.5,-0.68,0.15
A_OB_2.1999999999999997_1.0_611,24.12,2.31,0.73,-0.33,-0.5,-0.68,0.15
A_OB_2.1999999999999997_1.0_612,25.25,2.31,0.73,-0.33,-0.5,-0.68,0.15
A_OB_2.1999999999999997_1.0_613,25.52,2.31,0.73,-0.33,-0.5,-0.68,0.15
A_OB_2.1999999999999997_1.0_614,25.05,2.31,0.73,-0.33,-0.5,-0.68,0.15
A_OB_2.1999999999999997_1.0_615,24.23,2.31,0.73,-0.33,-0.5,-0.68,0.15
A_OB_2.1999999999999997_1.0_616,25.49,2.31,0.73,-0.33,-0.5,-0.68,0.15
A_OB_2.1999999999999997_1.0_617,25.16,2.31,0.73,-0.33,-0.5,-0.68,0.15
A_OB_2.1999999999999997_1.0_618,23.19,2.31,0.73,-0.33,-0.5,-0.68,0.15
A_OB_2.1999999999999997_1.0_619,21.99,2.31,0.73,-0.33,-0.5,-0.68,0.15
A_OB_2.1999999999999997_1.0_620,25.6,2.31,0.73,-0.33,-0.5,-0.68,0.15
A_OB_2.1999999999999997_1.0_621,21.62,2.31,0.73,-0.33,-0.5,-0.68,0.15
A_OB_2.1999999999999997_1.0_622,25.39,2.31,0.73,-0.33,-0.5,-0.68,0.15
A_OB_2.1999999999999997_1.0_623,24.6,2.31,0.73,-0.33,-0.5,-0.68,0.15
A_OB_2.1999999999999997_1.0_624,24.33,2.31,0.73,-0.33,-0.5,-0.68,0.15
A_OB_2.1999999999999997_1.0_625,23.22,2.31,0.73,-0.33,-0.5,-0.68,0.15
A_OB_2.1999999999999997_1.0_626,25.62,2.31,0.73,-0.33,-0.5,-0.68,0.15
A_OB_2.1999999999999997_1.0_627,25.27,2.31,0.73,-0.33,-0.5,-0.68,0.15
A_OB_2.1999999999999997_1.0_628,22.2,2.31,0.73,-0.33,-0.5,-0.68,0.15
A_OB_2.1999999999999997_1.0_629,25.51,2.31,0.73,-0.33,-0.5,-0.68,0.15
A_OB_2.1999999999999997_1.0_630,24.03,2.31,0.73,-0.33,-0.5,-0.68,0.15
A_OB_2.1999999999999997_1.0_631,24.67,2.31,0.73,-0.33,-0.5,-0.68,0.15
A_OB_2.1999999999999997_1.0_632,25.22,2.31,0.73,-0.33,-0.5,-0.68,0.15
A_OB_2.1999999999999997_1.0_633,25.48,2.31,0.73,-0.33,-0.5,-0.68,0.15
A_OB_2.1999999999999997_1.0_634,24.32,2.31,0.73,-0.33,-0.5,-0.68,0.15
A_OB_2.1999999999999997_1.0_635,24.96,2.31,0.73,-0.33,-0.5,-0.68,0.15
A_OB_2.1999999999999997_1.0_636,24.38,2.31,0.73,-0.33,-0.5,-0.68,0.15
A_OB_2.1999999999999997_1.0_637,24.28,2.31,0.73,-0.33,-0.5,-0.68,0.15
A_OB_2.1999999999999997_1.0_638,25.58,2.31,0.73,-0.33,-0.5,-0.68,0.15
A_OB_2.1999999999999997_1.0_639,19.18,2.31,0.73,-0.33,-0.5,-0.68,0.15
A_OB_2.1999999999999997_1.0_640,23.49,2.31,0.73,-0.33,-0.5,-0.68,0.15
A_OB_2.1999999999999997_1.0_641,23.91,2.31,0.73,-0.33,-0.5,-0.68,0.15
A_OB_2.1999999999999997_1.0_642,21.92,2.31,0.73,-0.33,-0.5,-0.68,0.15
A_OB_2.1999999999999997_1.0_643,25.19,2.31,0.73,-0.33,-0.5,-0.68,0.15
A_OB_2.1999999999999997_1.0_644,25.32,2.31,0.73,-0.33,-0.5,-0.68,0.15
A_OB_2.1999999999999997_1.0_645,24.33,2.31,0.73,-0.33,-0.5,-0.68,0.15
A_OB_2.1999999999999997_1.0_646,25.37,2.31,0.73,-0.33,-0.5,-0.68,0.15
A_OB_2.1999999999999997_1.0_647,25.38,2.31,0.73,-0.33,-0.5,-0.68,0.15
A_OB_2.1999999999999997_1.0_648,24.75,2.31,0.73,-0.33,-0.5,-0.68,0.15
A_OB_2.1999999999999997_1.0_649,24.98,2.31,0.73,-0.33,-0.5,-0.68,0.15
A_OB_2.1999999999999997_1.0_650,24.4,2.31,0.73,-0.33,-0.5,-0.68,0.15
A_OB_2.1999999999999997_1.0_651,23.3,2.31,0.73,-0.33,-0.5,-0.68,0.15
A_OB_2.1999999999999997_1.0_652,24.39,2.31,0.73,-0.33,-0.5,-0.68,0.15
A_OB_2.1999999999999997_1.0_653,24.04,2.31,0.73,-0.33,-0.5,-0.68,0.15
A_OB_2.1999999999999997_1.0_654,24.93,2.31,0.73,-0.33,-0.5,-0.68,0.15
A_OB_2.1999999999999997_1.0_655,22.47,2.31,0.73,-0.33,-0.5,-0.68,0.15
A_OB_2.1999999999999997_1.0_656,24.02,2.31,0.73,-0.33,-0.5,-0.68,0.15
A_OB_2.1999999999999997_1.0_657,24.03,2.31,0.73,-0.33,-0.5,-0.68,0.15
A_OB_2.1999999999999997_1.0_658,25.32,2.31,0.73,-0.33,-0.5,-0.68,0.15
A_OB_2.1999999999999997_1.0_659,24.95,2.31,0.73,-0.33,-0.5,-0.68,0.15
A_OB_2.1999999999999997_1.0_660,25.02,2.31,0.73,-0.33,-0.5,-0.68,0.15
A_OB_2.1999999999999997_1.0_661,23.14,2.31,0.73,-0.33,-0.5,-0.68,0.15
A_OB_2.1999999999999997_1.0_662,25.14,2.31,0.73,-0.33,-0.5,-0.68,0.15
A_OB_2.1999999999999997_1.0_663,25.38,2.31,0.73,-0.33,-0.5,-0.68,0.15
A_OB_2.1999999999999997_1.0_664,25.05,2.31,0.73,-0.33,-0.5,-0.68,0.15
A_OB_2.1999999999999997_1.0_665,24.59,2.31,0.73,-0.33,-0.5,-0.68,0.15
A_OB_2.1999999999999997_1.0_666,25.08,2.31,0.73,-0.33,-0.5,-0.68,0.15
A_OB_2.1999999999999997_1.0_667,23.63,2.31,0.73,-0.33,-0.5,-0.68,0.15
A_OB_2.1999999999999997_1.0_668,25.59,2.31,0.73,-0.33,-0.5,-0.68,0.15
A_OB_2.1999999999999997_1.0_669,23.86,2.31,0.73,-0.33,-0.5,-0.68,0.15
A_OB_2.1999999999999997_1.0_670,24.38,2.31,0.73,-0.33,-0.5,-0.68,0.15
A_OB_2.1999999999999997_1.0_671,24.5,2.31,0.73,-0.33,-0.5,-0.68,0.15
A_OB_2.1999999999999997_1.0_672,23.67,2.31,0.73,-0.33,-0.5,-0.68,0.15
A_OB_2.1999999999999997_1.0_673,25.46,2.31,0.73,-0.33,-0.5,-0.68,0.15
A_OB_2.1999999999999997_1.0_674,24.98,2.31,0.73,-0.33,-0.5,-0.68,0.15
A_OB_2.1999999999999997_1.0_675,24.33,2.31,0.73,-0.33,-0.5,-0.68,0.15
A_OB_2.1999999999999997_1.0_676,24.56,2.31,0.73,-0.33,-0.5,-0.68,0.15
A_OB_2.1999999999999997_1.0_677,25.01,2.31,0.73,-0.33,-0.5,-0.68,0.15
A_OB_2.1999999999999997_1.0_678,25.4,2.31,0.73,-0.33,-0.5,-0.68,0.15
A_OB_2.1999999999999997_1.0_679,25.29,2.31,0.73,-0.33,-0.5,-0.68,0.15
A_OB_2.1999999999999997_1.0_680,25.43,2.31,0.73,-0.33,-0.5,-0.68,0.15
A_OB_2.1999999999999997_1.0_681,24.51,2.31,0.73,-0.33,-0.5,-0.68,0.15
A_OB_2.1999999999999997_1.0_682,24.39,2.31,0.73,-0.33,-0.5,-0.68,0.15
A_OB_2.1999999999999997_1.0_683,20.72,2.31,0.73,-0.33,-0.5,-0.68,0.15
A_OB_2.1999999999999997_1.0_684,24.08,2.31,0.73,-0.33,-0.5,-0.68,0.15
A_OB_2.1999999999999997_1.0_685,20.27,2.31,0.73,-0.33,-0.5,-0.68,0.15
A_OB_2.1999999999999997_1.0_686,24.63,2.31,0.73,-0.33,-0.5,-0.68,0.15
A_OB_2.1999999999999997_1.0_687,23.48,2.31,0.73,-0.33,-0.5,-0.68,0.15
A_OB_2.1999999999999997_1.0_688,24.69,2.31,0.73,-0.33,-0.5,-0.68,0.15
A_OB_2.1999999999999997_1.0_689,25.57,2.31,0.73,-0.33,-0.5,-0.68,0.15
A_OB_2.1999999999999997_1.0_690,24.58,2.31,0.73,-0.33,-0.5,-0.68,0.15
A_OB_2.1999999999999997_1.0_691,24.72,2.31,0.73,-0.33,-0.5,-0.68,0.15
A_OB_2.1999999999999997_1.0_692,25.39,2.31,0.73,-0.33,-0.5,-0.68,0.15
A_OB_2.1999999999999997_1.0_693,23.11,2.31,0.73,-0.33,-0.5,-0.68,0.15
A_OB_2.1999999999999997_1.0_694,25.21,2.31,0.73,-0.33,-0.5,-0.68,0.15
A_OB_2.1999999999999997_1.0_695,22.3,2.31,0.73,-0.33,-0.5,-0.68,0.15
A_OB_2.1999999999999997_1.0_696,24.88,2.31,0.73,-0.33,-0.5,-0.68,0.15
A_OB_2.1999999999999997_1.0_697,24.3,2.31,0.73,-0.33,-0.5,-0.68,0.15
A_OB_2.1999999999999997_1.0_698,23.65,2.31,0.73,-0.33,-0.5,-0.68,0.15
A_OB_2.1999999999999997_1.0_699,24.96,2.31,0.73,-0.33,-0.5,-0.68,0.15
A_OB_2.1999999999999997_1.0_700,23.94,2.31,0.73,-0.33,-0.5,-0.68,0.15
A_OB_2.1999999999999997_1.0_701,23.79,2.31,0.73,-0.33,-0.5,-0.68,0.15
A_OB_2.1999999999999997_1.0_702,22.9,2.31,0.73,-0.33,-0.5,-0.68,0.15
A_OB_2.1999999999999997_1.0_703,25.48,2.31,0.73,-0.33,-0.5,-0.68,0.15
A_OB_2.1999999999999997_1.0_704,24.77,2.31,0.73,-0.33,-0.5,-0.68,0.15
A_OB_2.1999999999999997_1.0_705,24.63,2.31,0.73,-0.33,-0.5,-0.68,0.15
A_OB_2.1999999999999997_1.0_706,21.43,2.31,0.73,-0.33,-0.5,-0.68,0.15
A_OB_2.1999999999999997_1.0_707,23.34,2.31,0.73,-0.33,-0.5,-0.68,0.15
A_OB_2.1999999999999997_1.0_708,23.24,2.31,0.73,-0.33,-0.5,-0.68,0.15
A_OB_2.1999999999999997_1.0_709,25.13,2.31,0.73,-0.33,-0.5,-0.68,0.15
A_OB_2.1999999999999997_1.0_710,23.26,2.31,0.73,-0.33,-0.5,-0.68,0.15
A_OB_2.1999999999999997_1.0_711,25.58,2.31,0.73,-0.33,-0.5,-0.68,0.15
A_OB_2.1999999999999997_1.0_712,23.45,2.31,0.73,-0.33,-0.5,-0.68,0.15
A_OB_2.1999999999999997_1.0_713,23.62,2.31,0.73,-0.33,-0.5,-0.68,0.15
A_OB_2.1999999999999997_1.0_714,22.81,2.31,0.73,-0.33,-0.5,-0.68,0.15
A_OB_2.1999999999999997_1.0_715,23.64,2.31,0.73,-0.33,-0.5,-0.68,0.15
A_OB_2.1999999999999997_1.0_716,24.53,2.31,0.73,-0.33,-0.5,-0.68,0.15
A_OB_2.1999999999999997_1.0_717,24.12,2.31,0.73,-0.33,-0.5,-0.68,0.15
A_OB_2.1999999999999997_1.0_718,23.96,2.31,0.73,-0.33,-0.5,-0.68,0.15
A_OB_2.1999999999999997_1.0_719,25.05,2.31,0.73,-0.33,-0.5,-0.68,0.15
A_OB_2.1999999999999997_1.0_720,24.57,2.31,0.73,-0.33,-0.5,-0.68,0.15
A_OB_2.1999999999999997_1.0_721,24.43,2.31,0.73,-0.33,-0.5,-0.68,0.15
A_OB_2.1999999999999997_1.0_722,25.11,2.31,0.73,-0.33,-0.5,-0.68,0.15
A_OB_2.1999999999999997_1.0_723,23.75,2.31,0.73,-0.33,-0.5,-0.68,0.15
A_OB_2.1999999999999997_1.0_724,24.39,2.31,0.73,-0.33,-0.5,-0.68,0.15
A_OB_2.1999999999999997_1.0_725,23.5,2.31,0.73,-0.33,-0.5,-0.68,0.15
A_OB_2.1999999999999997_1.0_726,25.39,2.31,0.73,-0.33,-0.5,-0.68,0.15
A_OB_2.1999999999999997_1.0_727,20.18,2.31,0.73,-0.33,-0.5,-0.68,0.15
A_OB_2.1999999999999997_1.0_728,23.7,2.31,0.73,-0.33,-0.5,-0.68,0.15
A_OB_2.1999999999999997_1.0_729,24.51,2.31,0.73,-0.33,-0.5,-0.68,0.15
A_OB_2.1999999999999997_1.0_730,24.76,2.31,0.73,-0.33,-0.5,-0.68,0.15
A_OB_2.1999999999999997_1.0_731,22.61,2.31,0.73,-0.33,-0.5,-0.68,0.15
A_OB_2.1999999999999997_1.0_732,24.84,2.31,0.73,-0.33,-0.5,-0.68,0.15
A_OB_2.1999999999999997_1.0_733,25.56,2.31,0.73,-0.33,-0.5,-0.68,0.15
A_OB_2.1999999999999997_1.0_734,24.1,2.31,0.73,-0.33,-0.5,-0.68,0.15
A_OB_2.1999999999999997_1.0_735,23.54,2.31,0.73,-0.33,-0.5,-0.68,0.15
A_OB_2.1999999999999997_1.0_736,23.37,2.31,0.73,-0.33,-0.5,-0.68,0.15
A_OB_2.1999999999999997_1.0_737,24.99,2.31,0.73,-0.33,-0.5,-0.68,0.15
A_OB_2.1999999999999997_1.0_738,23.81,2.31,0.73,-0.33,-0.5,-0.68,0.15
A_OB_2.1999999999999997_1.0_739,22.48,2.31,0.73,-0.33,-0.5,-0.68,0.15
A_OB_2.1999999999999997_1.0_740,24.99,2.31,0.73,-0.33,-0.5,-0.68,0.15
A_OB_2.1999999999999997_1.0_741,24.99,2.31,0.73,-0.33,-0.5,-0.68,0.15
A_OB_2.1999999999999997_1.0_742,24.34,2.31,0.73,-0.33,-0.5,-0.68,0.15
A_OB_2.1999999999999997_1.0_743,24.99,2.31,0.73,-0.33,-0.5,-0.68,0.15
A_OB_2.1999999999999997_1.0_744,23.94,2.31,0.73,-0.33,-0.5,-0.68,0.15
A_OB_2.1999999999999997_1.0_745,22.78,2.31,0.73,-0.33,-0.5,-0.68,0.15
A_OB_2.1999999999999997_1.0_746,24.82,2.31,0.73,-0.33,-0.5,-0.68,0.15
A_OB_2.1999999999999997_1.0_747,25.56,2.31,0.73,-0.33,-0.5,-0.68,0.15
A_OB_2.1999999999999997_1.0_748,25.5,2.31,0.73,-0.33,-0.5,-0.68,0.15
A_OB_2.1999999999999997_1.0_749,25.32,2.31,0.73,-0.33,-0.5,-0.68,0.15
A_OB_2.1999999999999997_1.0_750,25.15,2.31,0.73,-0.33,-0.5,-0.68,0.15
A_OB_2.1999999999999997_1.0_751,24.59,2.31,0.73,-0.33,-0.5,-0.68,0.15
A_OB_2.1999999999999997_1.0_752,22.65,2.31,0.73,-0.33,-0.5,-0.68,0.15
A_OB_2.1999999999999997_1.0_753,25.25,2.31,0.73,-0.33,-0.5,-0.68,0.15
A_OB_2.1999999999999997_1.0_754,20.68,2.31,0.73,-0.33,-0.5,-0.68,0.15
A_OB_2.1999999999999997_1.0_755,23.94,2.31,0.73,-0.33,-0.5,-0.68,0.15
A_OB_2.1999999999999997_1.0_756,25.17,2.31,0.73,-0.33,-0.5,-0.68,0.15
A_OB_2.1999999999999997_1.0_757,25.43,2.31,0.73,-0.33,-0.5,-0.68,0.15
A_OB_2.1999999999999997_1.0_758,25.43,2.31,0.73,-0.33,-0.5,-0.68,0.15
A_OB_2.1999999999999997_1.0_759,24.21,2.31,0.73,-0.33,-0.5,-0.68,0.15
A_OB_2.1999999999999997_1.0_760,23.58,2.31,0.73,-0.33,-0.5,-0.68,0.15
A_OB_2.1999999999999997_1.0_761,24.68,2.31,0.73,-0.33,-0.5,-0.68,0.15
A_OB_2.1999999999999997_1.0_762,25.6,2.31,0.73,-0.33,-0.5,-0.68,0.15
A_OB_2.1999999999999997_1.0_763,25.53,2.31,0.73,-0.33,-0.5,-0.68,0.15
A_OB_2.1999999999999997_1.0_764,25.06,2.31,0.73,-0.33,-0.5,-0.68,0.15
A_OB_2.1999999999999997_1.0_765,25.47,2.31,0.73,-0.33,-0.5,-0.68,0.15
A_OB_2.1999999999999997_1.0_766,23.18,2.31,0.73,-0.33,-0.5,-0.68,0.15
A_OB_2.1999999999999997_1.0_767,25.26,2.31,0.73,-0.33,-0.5,-0.68,0.15
A_OB_2.1999999999999997_1.0_768,24.71,2.31,0.73,-0.33,-0.5,-0.68,0.15
A_OB_2.1999999999999997_1.0_769,24.73,2.31,0.73,-0.33,-0.5,-0.68,0.15
A_OB_2.1999999999999997_1.0_770,23.29,2.31,0.73,-0.33,-0.5,-0.68,0.15
A_OB_2.1999999999999997_1.0_771,24.44,2.31,0.73,-0.33,-0.5,-0.68,0.15
A_OB_2.1999999999999997_1.0_772,25.41,2.31,0.73,-0.33,-0.5,-0.68,0.15
A_OB_2.1999999999999997_1.0_773,23.47,2.31,0.73,-0.33,-0.5,-0.68,0.15
A_OB_2.1999999999999997_1.0_774,25.15,2.31,0.73,-0.33,-0.5,-0.68,0.15
A_OB_2.1999999999999997_1.0_775,25.58,2.31,0.73,-0.33,-0.5,-0.68,0.15
A_OB_2.1999999999999997_1.0_776,24.09,2.31,0.73,-0.33,-0.5,-0.68,0.15
A_OB_2.1999999999999997_1.0_777,22.48,2.31,0.73,-0.33,-0.5,-0.68,0.15
A_OB_2.1999999999999997_1.0_778,24.86,2.31,0.73,-0.33,-0.5,-0.68,0.15
A_OB_2.1999999999999997_1.0_779,25.59,2.31,0.73,-0.33,-0.5,-0.68,0.15
A_OB_2.1999999999999997_1.0_780,24.23,2.31,0.73,-0.33,-0.5,-0.68,0.15
A_OB_2.1999999999999997_1.0_781,25.33,2.31,0.73,-0.33,-0.5,-0.68,0.15
A_OB_2.1999999999999997_1.0_782,25.1,2.31,0.73,-0.33,-0.5,-0.68,0.15
A_OB_2.1999999999999997_1.0_783,25.02,2.31,0.73,-0.33,-0.5,-0.68,0.15
A_OB_2.1999999999999997_1.0_784,25.36,2.31,0.73,-0.33,-0.5,-0.68,0.15
A_OB_2.1999999999999997_1.0_785,25.32,2.31,0.73,-0.33,-0.5,-0.68,0.15
A_OB_2.1999999999999997_1.0_786,25.48,2.31,0.73,-0.33,-0.5,-0.68,0.15
A_OB_2.1999999999999997_1.0_787,24.73,2.31,0.73,-0.33,-0.5,-0.68,0.15
A_OB_2.1999999999999997_1.0_788,24.85,2.31,0.73,-0.33,-0.5,-0.68,0.15
A_OB_2.1999999999999997_1.0_789,24.93,2.31,0.73,-0.33,-0.5,-0.68,0.15
A_OB_2.1999999999999997_1.0_790,24.93,2.31,0.73,-0.33,-0.5,-0.68,0.15
A_OB_2.1999999999999997_1.0_791,24.5,2.31,0.73,-0.33,-0.5,-0.68,0.15
A_OB_2.1999999999999997_1.0_792,19.2,2.31,0.73,-0.33,-0.5,-0.68,0.15
A_OB_2.1999999999999997_1.0_793,25.11,2.31,0.73,-0.33,-0.5,-0.68,0.15
A_OB_2.1999999999999997_1.0_794,24.18,2.31,0.73,-0.33,-0.5,-0.68,0.15
A_OB_2.1999999999999997_1.0_795,25.6,2.31,0.73,-0.33,-0.5,-0.68,0.15
A_OB_2.1999999999999997_1.0_796,24.77,2.31,0.73,-0.33,-0.5,-0.68,0.15
A_OB_2.1999999999999997_1.0_797,24.13,2.31,0.73,-0.33,-0.5,-0.68,0.15
A_OB_2.1999999999999997_1.0_798,24.11,2.31,0.73,-0.33,-0.5,-0.68,0.15
A_OB_2.1999999999999997_1.0_799,24.64,2.31,0.73,-0.33,-0.5,-0.68,0.15
A_OB_2.1999999999999997_1.0_800,25.19,2.31,0.73,-0.33,-0.5,-0.68,0.15
A_OB_2.1999999999999997_1.0_801,25.04,2.31,0.73,-0.33,-0.5,-0.68,0.15
A_OB_2.1999999999999997_1.0_802,24.95,2.31,0.73,-0.33,-0.5,-0.68,0.15
A_OB_2.1999999999999997_1.0_803,24.52,2.31,0.73,-0.33,-0.5,-0.68,0.15
A_OB_2.1999999999999997_1.0_804,24.26,2.31,0.73,-0.33,-0.5,-0.68,0.15
A_OB_2.1999999999999997_1.0_805,20.81,2.31,0.73,-0.33,-0.5,-0.68,0.15
A_OB_2.1999999999999997_1.0_806,25.44,2.31,0.73,-0.33,-0.5,-0.68,0.15
A_OB_2.1999999999999997_1.0_807,25.43,2.31,0.73,-0.33,-0.5,-0.68,0.15
A_OB_2.1999999999999997_1.0_808,25.33,2.31,0.73,-0.33,-0.5,-0.68,0.15
A_OB_2.1999999999999997_1.0_809,20.55,2.31,0.73,-0.33,-0.5,-0.68,0.15
A_OB_2.1999999999999997_1.0_810,24.18,2.31,0.73,-0.33,-0.5,-0.68,0.15
A_OB_2.1999999999999997_1.0_811,25.54,2.31,0.73,-0.33,-0.5,-0.68,0.15
A_OB_2.1999999999999997_1.0_812,24.95,2.31,0.73,-0.33,-0.5,-0.68,0.15
A_OB_2.1999999999999997_1.0_813,25.19,2.31,0.73,-0.33,-0.5,-0.68,0.15
A_OB_2.1999999999999997_1.0_814,24.15,2.31,0.73,-0.33,-0.5,-0.68,0.15
A_OB_2.1999999999999997_1.0_815,25.4,2.31,0.73,-0.33,-0.5,-0.68,0.15
A_OB_2.1999999999999997_1.0_816,24.53,2.31,0.73,-0.33,-0.5,-0.68,0.15
A_OB_2.1999999999999997_1.0_817,25.39,2.31,0.73,-0.33,-0.5,-0.68,0.15
A_OB_2.1999999999999997_1.0_818,25.59,2.31,0.73,-0.33,-0.5,-0.68,0.15
A_OB_2.1999999999999997_1.0_819,23.95,2.31,0.73,-0.33,-0.5,-0.68,0.15
A_OB_2.1999999999999997_1.0_820,23.0,2.31,0.73,-0.33,-0.5,-0.68,0.15
A_OB_2.1999999999999997_1.0_821,25.49,2.31,0.73,-0.33,-0.5,-0.68,0.15
A_OB_2.1999999999999997_1.0_822,25.61,2.31,0.73,-0.33,-0.5,-0.68,0.15
A_OB_2.1999999999999997_1.0_823,22.59,2.31,0.73,-0.33,-0.5,-0.68,0.15
A_OB_2.1999999999999997_1.0_824,24.51,2.31,0.73,-0.33,-0.5,-0.68,0.15
A_OB_2.1999999999999997_1.0_825,24.38,2.31,0.73,-0.33,-0.5,-0.68,0.15
A_OB_2.1999999999999997_1.0_826,24.94,2.31,0.73,-0.33,-0.5,-0.68,0.15
A_OB_2.1999999999999997_1.0_827,24.94,2.31,0.73,-0.33,-0.5,-0.68,0.15
A_OB_2.1999999999999997_1.0_828,25.31,2.31,0.73,-0.33,-0.5,-0.68,0.15
A_OB_2.1999999999999997_1.0_829,19.33,2.31,0.73,-0.33,-0.5,-0.68,0.15
A_OB_2.1999999999999997_1.0_830,25.26,2.31,0.73,-0.33,-0.5,-0.68,0.15
A_OB_2.1999999999999997_1.0_831,25.41,2.31,0.73,-0.33,-0.5,-0.68,0.15
A_OB_2.1999999999999997_1.0_832,24.36,2.31,0.73,-0.33,-0.5,-0.68,0.15
A_OB_2.1999999999999997_1.0_833,25.36,2.31,0.73,-0.33,-0.5,-0.68,0.15
A_OB_2.1999999999999997_1.0_834,23.07,2.31,0.73,-0.33,-0.5,-0.68,0.15
A_OB_2.1999999999999997_1.0_835,25.48,2.31,0.73,-0.33,-0.5,-0.68,0.15
A_OB_2.1999999999999997_1.0_836,24.54,2.31,0.73,-0.33,-0.5,-0.68,0.15
A_OB_2.1999999999999997_1.0_837,25.62,2.31,0.73,-0.33,-0.5,-0.68,0.15
A_OB_2.1999999999999997_1.0_838,24.59,2.31,0.73,-0.33,-0.5,-0.68,0.15
A_OB_2.1999999999999997_1.0_839,24.39,2.31,0.73,-0.33,-0.5,-0.68,0.15
A_OB_2.1999999999999997_1.0_840,25.52,2.31,0.73,-0.33,-0.5,-0.68,0.15
A_OB_2.1999999999999997_1.0_841,24.05,2.31,0.73,-0.33,-0.5,-0.68,0.15
A_OB_2.1999999999999997_1.0_842,25.49,2.31,0.73,-0.33,-0.5,-0.68,0.15
A_OB_2.1999999999999997_1.0_843,25.49,2.31,0.73,-0.33,-0.5,-0.68,0.15
A_OB_2.1999999999999997_1.0_844,23.06,2.31,0.73,-0.33,-0.5,-0.68,0.15
A_OB_2.1999999999999997_1.0_845,25.35,2.31,0.73,-0.33,-0.5,-0.68,0.15
A_OB_2.1999999999999997_1.0_846,25.47,2.31,0.73,-0.33,-0.5,-0.68,0.15
A_OB_2.1999999999999997_1.0_847,22.8,2.31,0.73,-0.33,-0.5,-0.68,0.15
A_OB_2.1999999999999997_1.0_848,22.75,2.31,0.73,-0.33,-0.5,-0.68,0.15
A_OB_2.1999999999999997_1.0_849,25.2,2.31,0.73,-0.33,-0.5,-0.68,0.15
A_OB_2.1999999999999997_1.0_850,23.83,2.31,0.73,-0.33,-0.5,-0.68,0.15
A_OB_2.1999999999999997_1.0_851,25.5,2.31,0.73,-0.33,-0.5,-0.68,0.15
A_OB_2.1999999999999997_1.0_852,23.79,2.31,0.73,-0.33,-0.5,-0.68,0.15
A_OB_2.1999999999999997_1.0_853,23.68,2.31,0.73,-0.33,-0.5,-0.68,0.15
A_OB_2.1999999999999997_1.0_854,22.11,2.31,0.73,-0.33,-0.5,-0.68,0.15
A_OB_2.1999999999999997_1.0_855,24.93,2.31,0.73,-0.33,-0.5,-0.68,0.15
A_OB_2.1999999999999997_1.0_856,23.65,2.31,0.73,-0.33,-0.5,-0.68,0.15
A_OB_2.1999999999999997_1.0_857,24.71,2.31,0.73,-0.33,-0.5,-0.68,0.15
A_OB_2.1999999999999997_1.0_858,24.31,2.31,0.73,-0.33,-0.5,-0.68,0.15
A_OB_2.1999999999999997_1.0_859,25.61,2.31,0.73,-0.33,-0.5,-0.68,0.15
A_OB_2.1999999999999997_1.0_860,22.06,2.31,0.73,-0.33,-0.5,-0.68,0.15
A_OB_2.1999999999999997_1.0_861,25.61,2.31,0.73,-0.33,-0.5,-0.68,0.15
A_OB_2.1999999999999997_1.0_862,24.82,2.31,0.73,-0.33,-0.5,-0.68,0.15
A_OB_2.1999999999999997_1.0_863,23.62,2.31,0.73,-0.33,-0.5,-0.68,0.15
A_OB_2.1999999999999997_1.0_864,24.76,2.31,0.73,-0.33,-0.5,-0.68,0.15
A_OB_2.1999999999999997_1.0_865,22.41,2.31,0.73,-0.33,-0.5,-0.68,0.15
A_OB_2.1999999999999997_1.0_866,23.25,2.31,0.73,-0.33,-0.5,-0.68,0.15
A_OB_2.1999999999999997_1.0_867,24.23,2.31,0.73,-0.33,-0.5,-0.68,0.15
A_OB_2.1999999999999997_1.0_868,23.58,2.31,0.73,-0.33,-0.5,-0.68,0.15
A_OB_2.1999999999999997_1.0_869,25.14,2.31,0.73,-0.33,-0.5,-0.68,0.15
A_OB_2.1999999999999997_1.0_870,24.76,2.31,0.73,-0.33,-0.5,-0.68,0.15
A_OB_2.1999999999999997_1.0_871,25.29,2.31,0.73,-0.33,-0.5,-0.68,0.15
A_OB_2.1999999999999997_1.0_872,25.5,2.31,0.73,-0.33,-0.5,-0.68,0.15
A_OB_2.1999999999999997_1.0_873,24.8,2.31,0.73,-0.33,-0.5,-0.68,0.15
A_OB_2.1999999999999997_1.0_874,25.47,2.31,0.73,-0.33,-0.5,-0.68,0.15
A_OB_2.1999999999999997_1.0_875,23.73,2.31,0.73,-0.33,-0.5,-0.68,0.15
A_OB_2.1999999999999997_1.0_876,25.28,2.31,0.73,-0.33,-0.5,-0.68,0.15
A_OB_2.1999999999999997_1.0_877,22.94,2.31,0.73,-0.33,-0.5,-0.68,0.15
A_OB_2.1999999999999997_1.0_878,23.89,2.31,0.73,-0.33,-0.5,-0.68,0.15
A_OB_2.1999999999999997_1.0_879,24.58,2.31,0.73,-0.33,-0.5,-0.68,0.15
A_OB_2.1999999999999997_1.0_880,25.33,2.31,0.73,-0.33,-0.5,-0.68,0.15
A_OB_2.1999999999999997_1.0_881,25.2,2.31,0.73,-0.33,-0.5,-0.68,0.15
A_OB_2.1999999999999997_1.0_882,24.82,2.31,0.73,-0.33,-0.5,-0.68,0.15
A_OB_2.1999999999999997_1.0_883,25.18,2.31,0.73,-0.33,-0.5,-0.68,0.15
A_OB_2.1999999999999997_1.0_884,24.86,2.31,0.73,-0.33,-0.5,-0.68,0.15
A_OB_2.1999999999999997_1.0_885,25.6,2.31,0.73,-0.33,-0.5,-0.68,0.15
A_OB_2.1999999999999997_1.0_886,23.75,2.31,0.73,-0.33,-0.5,-0.68,0.15
A_OB_2.1999999999999997_1.0_887,23.5,2.31,0.73,-0.33,-0.5,-0.68,0.15
A_OB_2.1999999999999997_1.0_888,24.42,2.31,0.73,-0.33,-0.5,-0.68,0.15
A_OB_2.1999999999999997_1.0_889,24.87,2.31,0.73,-0.33,-0.5,-0.68,0.15
A_OB_2.1999999999999997_1.0_890,24.81,2.31,0.73,-0.33,-0.5,-0.68,0.15
A_OB_2.1999999999999997_1.0_891,24.27,2.31,0.73,-0.33,-0.5,-0.68,0.15
A_OB_2.1999999999999997_1.0_892,24.38,2.31,0.73,-0.33,-0.5,-0.68,0.15
A_OB_2.1999999999999997_1.0_893,23.01,2.31,0.73,-0.33,-0.5,-0.68,0.15
A_OB_2.1999999999999997_1.0_894,25.37,2.31,0.73,-0.33,-0.5,-0.68,0.15
A_OB_2.1999999999999997_1.0_895,24.85,2.31,0.73,-0.33,-0.5,-0.68,0.15
A_OB_2.1999999999999997_1.0_896,25.26,2.31,0.73,-0.33,-0.5,-0.68,0.15
A_OB_2.1999999999999997_1.0_897,22.32,2.31,0.73,-0.33,-0.5,-0.68,0.15
A_OB_2.1999999999999997_1.0_898,25.26,2.31,0.73,-0.33,-0.5,-0.68,0.15
A_OB_2.1999999999999997_1.0_899,22.77,2.31,0.73,-0.33,-0.5,-0.68,0.15
A_OB_2.1999999999999997_1.0_900,20.79,2.31,0.73,-0.33,-0.5,-0.68,0.15
A_OB_2.1999999999999997_1.0_901,24.15,2.31,0.73,-0.33,-0.5,-0.68,0.15
A_OB_2.1999999999999997_1.0_902,24.11,2.31,0.73,-0.33,-0.5,-0.68,0.15
A_OB_2.1999999999999997_1.0_903,23.7,2.31,0.73,-0.33,-0.5,-0.68,0.15
A_OB_2.1999999999999997_1.0_904,24.52,2.31,0.73,-0.33,-0.5,-0.68,0.15
A_OB_2.1999999999999997_1.0_905,23.74,2.31,0.73,-0.33,-0.5,-0.68,0.15
A_OB_2.1999999999999997_1.0_906,24.37,2.31,0.73,-0.33,-0.5,-0.68,0.15
A_OB_2.1999999999999997_1.0_907,25.38,2.31,0.73,-0.33,-0.5,-0.68,0.15
A_OB_2.1999999999999997_1.0_908,23.89,2.31,0.73,-0.33,-0.5,-0.68,0.15
A_OB_2.1999999999999997_1.0_909,23.64,2.31,0.73,-0.33,-0.5,-0.68,0.15
A_OB_2.1999999999999997_1.0_910,25.04,2.31,0.73,-0.33,-0.5,-0.68,0.15
A_OB_2.1999999999999997_1.0_911,25.62,2.31,0.73,-0.33,-0.5,-0.68,0.15
A_OB_2.1999999999999997_1.0_912,25.5,2.31,0.73,-0.33,-0.5,-0.68,0.15
A_OB_2.1999999999999997_1.0_913,25.52,2.31,0.73,-0.33,-0.5,-0.68,0.15
A_OB_2.1999999999999997_1.0_914,24.61,2.31,0.73,-0.33,-0.5,-0.68,0.15
A_OB_2.1999999999999997_1.0_915,24.41,2.31,0.73,-0.33,-0.5,-0.68,0.15
A_OB_2.1999999999999997_1.0_916,25.06,2.31,0.73,-0.33,-0.5,-0.68,0.15
A_OB_2.1999999999999997_1.0_917,23.83,2.31,0.73,-0.33,-0.5,-0.68,0.15
A_OB_2.1999999999999997_1.0_918,25.41,2.31,0.73,-0.33,-0.5,-0.68,0.15
A_OB_2.1999999999999997_1.0_919,24.47,2.31,0.73,-0.33,-0.5,-0.68,0.15
A_OB_2.1999999999999997_1.0_920,24.84,2.31,0.73,-0.33,-0.5,-0.68,0.15
A_OB_2.1999999999999997_1.0_921,24.64,2.31,0.73,-0.33,-0.5,-0.68,0.15
A_OB_2.1999999999999997_1.0_922,23.73,2.31,0.73,-0.33,-0.5,-0.68,0.15
A_OB_2.1999999999999997_1.0_923,25.33,2.31,0.73,-0.33,-0.5,-0.68,0.15
A_OB_2.1999999999999997_1.0_924,23.54,2.31,0.73,-0.33,-0.5,-0.68,0.15
A_OB_2.1999999999999997_1.0_925,25.25,2.31,0.73,-0.33,-0.5,-0.68,0.15
A_OB_2.1999999999999997_1.0_926,23.93,2.31,0.73,-0.33,-0.5,-0.68,0.15
A_OB_2.1999999999999997_1.0_927,24.01,2.31,0.73,-0.33,-0.5,-0.68,0.15
A_OB_2.1999999999999997_1.0_928,25.38,2.31,0.73,-0.33,-0.5,-0.68,0.15
A_OB_2.1999999999999997_1.0_929,25.43,2.31,0.73,-0.33,-0.5,-0.68,0.15
A_OB_2.1999999999999997_1.0_930,25.39,2.31,0.73,-0.33,-0.5,-0.68,0.15
A_OB_2.1999999999999997_1.0_931,24.91,2.31,0.73,-0.33,-0.5,-0.68,0.15
A_OB_2.1999999999999997_1.0_932,25.4,2.31,0.73,-0.33,-0.5,-0.68,0.15
A_OB_2.1999999999999997_1.0_933,25.55,2.31,0.73,-0.33,-0.5,-0.68,0.15
A_OB_2.1999999999999997_1.0_934,25.25,2.31,0.73,-0.33,-0.5,-0.68,0.15
A_OB_2.1999999999999997_1.0_935,23.25,2.31,0.73,-0.33,-0.5,-0.68,0.15
A_OB_2.1999999999999997_1.0_936,24.32,2.31,0.73,-0.33,-0.5,-0.68,0.15
A_OB_2.1999999999999997_1.0_937,25.37,2.31,0.73,-0.33,-0.5,-0.68,0.15
A_OB_2.1999999999999997_1.0_938,24.73,2.31,0.73,-0.33,-0.5,-0.68,0.15
A_OB_2.1999999999999997_1.0_939,22.46,2.31,0.73,-0.33,-0.5,-0.68,0.15
A_OB_2.1999999999999997_1.0_940,25.42,2.31,0.73,-0.33,-0.5,-0.68,0.15
A_OB_2.1999999999999997_1.0_941,25.05,2.31,0.73,-0.33,-0.5,-0.68,0.15
A_OB_2.1999999999999997_1.0_942,25.51,2.31,0.73,-0.33,-0.5,-0.68,0.15
A_OB_2.1999999999999997_1.0_943,21.25,2.31,0.73,-0.33,-0.5,-0.68,0.15
A_OB_2.1999999999999997_1.0_944,25.19,2.31,0.73,-0.33,-0.5,-0.68,0.15
A_OB_2.1999999999999997_1.0_945,24.73,2.31,0.73,-0.33,-0.5,-0.68,0.15
A_OB_2.1999999999999997_1.0_946,24.54,2.31,0.73,-0.33,-0.5,-0.68,0.15
A_OB_2.1999999999999997_1.0_947,25.23,2.31,0.73,-0.33,-0.5,-0.68,0.15
A_OB_2.1999999999999997_1.0_948,24.8,2.31,0.73,-0.33,-0.5,-0.68,0.15
A_OB_2.1999999999999997_1.0_949,25.45,2.31,0.73,-0.33,-0.5,-0.68,0.15
A_OB_2.1999999999999997_1.0_950,25.57,2.31,0.73,-0.33,-0.5,-0.68,0.15
A_OB_2.1999999999999997_1.0_951,20.3,2.31,0.73,-0.33,-0.5,-0.68,0.15
A_OB_2.1999999999999997_1.0_952,24.35,2.31,0.73,-0.33,-0.5,-0.68,0.15
A_OB_2.1999999999999997_1.0_953,25.51,2.31,0.73,-0.33,-0.5,-0.68,0.15
A_OB_2.1999999999999997_1.0_954,25.04,2.31,0.73,-0.33,-0.5,-0.68,0.15
A_OB_2.1999999999999997_1.0_955,24.64,2.31,0.73,-0.33,-0.5,-0.68,0.15
A_OB_2.1999999999999997_1.0_956,25.16,2.31,0.73,-0.33,-0.5,-0.68,0.15
A_OB_2.1999999999999997_1.0_957,25.29,2.31,0.73,-0.33,-0.5,-0.68,0.15
A_OB_2.1999999999999997_1.0_958,25.06,2.31,0.73,-0.33,-0.5,-0.68,0.15
A_OB_2.1999999999999997_1.0_959,23.67,2.31,0.73,-0.33,-0.5,-0.68,0.15
A_OB_2.1999999999999997_1.0_960,25.14,2.31,0.73,-0.33,-0.5,-0.68,0.15
A_OB_2.1999999999999997_1.0_961,25.6,2.31,0.73,-0.33,-0.5,-0.68,0.15
A_OB_2.1999999999999997_1.0_962,25.26,2.31,0.73,-0.33,-0.5,-0.68,0.15
A_OB_2.1999999999999997_1.0_963,24.74,2.31,0.73,-0.33,-0.5,-0.68,0.15
A_OB_2.1999999999999997_1.0_964,25.42,2.31,0.73,-0.33,-0.5,-0.68,0.15
A_OB_2.1999999999999997_1.0_965,25.21,2.31,0.73,-0.33,-0.5,-0.68,0.15
A_OB_2.1999999999999997_1.0_966,25.08,2.31,0.73,-0.33,-0.5,-0.68,0.15
A_OB_2.1999999999999997_1.0_967,25.44,2.31,0.73,-0.33,-0.5,-0.68,0.15
A_OB_2.1999999999999997_1.0_968,23.42,2.31,0.73,-0.33,-0.5,-0.68,0.15
A_OB_2.1999999999999997_1.0_969,24.25,2.31,0.73,-0.33,-0.5,-0.68,0.15
A_OB_2.1999999999999997_1.0_970,25.3,2.31,0.73,-0.33,-0.5,-0.68,0.15
A_OB_2.1999999999999997_1.0_971,25.44,2.31,0.73,-0.33,-0.5,-0.68,0.15
A_OB_2.1999999999999997_1.0_972,24.62,2.31,0.73,-0.33,-0.5,-0.68,0.15
A_OB_2.1999999999999997_1.0_973,22.48,2.31,0.73,-0.33,-0.5,-0.68,0.15
A_OB_2.1999999999999997_1.0_974,25.16,2.31,0.73,-0.33,-0.5,-0.68,0.15
A_OB_2.1999999999999997_1.0_975,25.31,2.31,0.73,-0.33,-0.5,-0.68,0.15
A_OB_2.1999999999999997_1.0_976,25.41,2.31,0.73,-0.33,-0.5,-0.68,0.15
A_OB_2.1999999999999997_1.0_977,25.48,2.31,0.73,-0.33,-0.5,-0.68,0.15
A_OB_2.1999999999999997_1.0_978,22.86,2.31,0.73,-0.33,-0.5,-0.68,0.15
A_OB_2.1999999999999997_1.0_979,22.11,2.31,0.73,-0.33,-0.5,-0.68,0.15
A_OB_2.1999999999999997_1.0_980,23.95,2.31,0.73,-0.33,-0.5,-0.68,0.15
A_OB_2.1999999999999997_1.0_981,24.16,2.31,0.73,-0.33,-0.5,-0.68,0.15
A_OB_2.1999999999999997_1.0_982,24.67,2.31,0.73,-0.33,-0.5,-0.68,0.15
A_OB_2.1999999999999997_1.0_983,23.21,2.31,0.73,-0.33,-0.5,-0.68,0.15
A_OB_2.1999999999999997_1.0_984,22.19,2.31,0.73,-0.33,-0.5,-0.68,0.15
A_OB_2.1999999999999997_1.0_985,24.3,2.31,0.73,-0.33,-0.5,-0.68,0.15
A_OB_2.1999999999999997_1.0_986,25.54,2.31,0.73,-0.33,-0.5,-0.68,0.15
A_OB_2.1999999999999997_1.0_987,24.29,2.31,0.73,-0.33,-0.5,-0.68,0.15
A_OB_2.1999999999999997_1.0_988,24.36,2.31,0.73,-0.33,-0.5,-0.68,0.15
A_OB_2.1999999999999997_1.0_989,23.5,2.31,0.73,-0.33,-0.5,-0.68,0.15
A_OB_2.1999999999999997_1.0_990,24.95,2.31,0.73,-0.33,-0.5,-0.68,0.15
A_OB_2.1999999999999997_1.0_991,25.51,2.31,0.73,-0.33,-0.5,-0.68,0.15
A_OB_2.1999999999999997_1.0_992,24.46,2.31,0.73,-0.33,-0.5,-0.68,0.15
A_OB_2.1999999999999997_1.0_993,24.02,2.31,0.73,-0.33,-0.5,-0.68,0.15
A_OB_2.1999999999999997_1.0_994,22.43,2.31,0.73,-0.33,-0.5,-0.68,0.15
A_OB_2.1999999999999997_1.0_995,19.76,2.31,0.73,-0.33,-0.5,-0.68,0.15
A_OB_2.1999999999999997_1.0_996,25.34,2.31,0.73,-0.33,-0.5,-0.68,0.15
A_OB_2.1999999999999997_1.0_997,24.28,2.31,0.73,-0.33,-0.5,-0.68,0.15
A_OB_2.1999999999999997_1.0_998,23.99,2.31,0.73,-0.33,-0.5,-0.68,0.15
A_OB_2.1999999999999997_1.0_999,23.95,2.31,0.73,-0.33,-0.5,-0.68,0.15
A_OB_2.1999999999999997_1.0_1000,25.62,2.31,0.73,-0.33,-0.5,-0.68,0.15
A_OB_2.1999999999999997_1.0_1001,25.12,2.31,0.73,-0.33,-0.5,-0.68,0.15
A_OB_2.1999999999999997_1.0_1002,25.02,2.31,0.73,-0.33,-0.5,-0.68,0.15
A_OB_2.1999999999999997_1.0_1003,24.12,2.31,0.73,-0.33,-0.5,-0.68,0.15
A_OB_2.1999999999999997_1.0_1004,20.11,2.31,0.73,-0.33,-0.5,-0.68,0.15
A_OB_2.1999999999999997_1.0_1005,24.93,2.31,0.73,-0.33,-0.5,-0.68,0.15
A_OB_2.1999999999999997_1.0_1006,24.79,2.31,0.73,-0.33,-0.5,-0.68,0.15
A_OB_2.1999999999999997_1.0_1007,25.18,2.31,0.73,-0.33,-0.5,-0.68,0.15
A_OB_2.1999999999999997_1.0_1008,23.52,2.31,0.73,-0.33,-0.5,-0.68,0.15
A_OB_2.1999999999999997_1.0_1009,25.24,2.31,0.73,-0.33,-0.5,-0.68,0.15
A_OB_2.1999999999999997_1.0_1010,23.5,2.31,0.73,-0.33,-0.5,-0.68,0.15
A_OB_2.1999999999999997_1.0_1011,24.48,2.31,0.73,-0.33,-0.5,-0.68,0.15
A_OB_2.1999999999999997_1.0_1012,25.53,2.31,0.73,-0.33,-0.5,-0.68,0.15
A_OB_2.1999999999999997_1.0_1013,22.37,2.31,0.73,-0.33,-0.5,-0.68,0.15
A_OB_2.1999999999999997_1.0_1014,25.2,2.31,0.73,-0.33,-0.5,-0.68,0.15
A_OB_2.1999999999999997_1.0_1015,24.77,2.31,0.73,-0.33,-0.5,-0.68,0.15
A_OB_2.1999999999999997_1.0_1016,24.07,2.31,0.73,-0.33,-0.5,-0.68,0.15
A_OB_2.1999999999999997_1.0_1017,25.59,2.31,0.73,-0.33,-0.5,-0.68,0.15
A_OB_2.1999999999999997_1.0_1018,24.98,2.31,0.73,-0.33,-0.5,-0.68,0.15
A_OB_2.1999999999999997_1.0_1019,25.54,2.31,0.73,-0.33,-0.5,-0.68,0.15
A_OB_2.1999999999999997_1.0_1020,24.39,2.31,0.73,-0.33,-0.5,-0.68,0.15
A_OB_2.1999999999999997_1.0_1021,24.22,2.31,0.73,-0.33,-0.5,-0.68,0.15
A_OB_2.1999999999999997_1.0_1022,23.24,2.31,0.73,-0.33,-0.5,-0.68,0.15
A_OB_2.1999999999999997_1.0_1023,25.22,2.31,0.73,-0.33,-0.5,-0.68,0.15
A_OB_2.1999999999999997_1.0_1024,21.99,2.31,0.73,-0.33,-0.5,-0.68,0.15
A_OB_2.1999999999999997_1.0_1025,23.02,2.31,0.73,-0.33,-0.5,-0.68,0.15
A_OB_2.1999999999999997_1.0_1026,23.49,2.31,0.73,-0.33,-0.5,-0.68,0.15
A_OB_2.1999999999999997_1.0_1027,24.56,2.31,0.73,-0.33,-0.5,-0.68,0.15
A_OB_2.1999999999999997_1.0_1028,25.39,2.31,0.73,-0.33,-0.5,-0.68,0.15
A_OB_2.1999999999999997_1.0_1029,23.76,2.31,0.73,-0.33,-0.5,-0.68,0.15
A_OB_2.1999999999999997_1.0_1030,25.23,2.31,0.73,-0.33,-0.5,-0.68,0.15
A_OB_2.1999999999999997_1.0_1031,24.69,2.31,0.73,-0.33,-0.5,-0.68,0.15
A_OB_2.1999999999999997_1.0_1032,11.28,2.31,0.73,-0.33,-0.5,-0.68,0.15
A_OB_2.1999999999999997_1.0_1033,22.27,2.31,0.73,-0.33,-0.5,-0.68,0.15
A_OB_2.1999999999999997_1.0_1034,25.09,2.31,0.73,-0.33,-0.5,-0.68,0.15
A_OB_2.1999999999999997_1.0_1035,25.44,2.31,0.73,-0.33,-0.5,-0.68,0.15
A_OB_2.1999999999999997_1.0_1036,25.17,2.31,0.73,-0.33,-0.5,-0.68,0.15
A_OB_2.1999999999999997_1.0_1037,23.42,2.31,0.73,-0.33,-0.5,-0.68,0.15
A_OB_2.1999999999999997_1.0_1038,25.16,2.31,0.73,-0.33,-0.5,-0.68,0.15
A_OB_2.1999999999999997_1.0_1039,25.14,2.31,0.73,-0.33,-0.5,-0.68,0.15
A_OB_2.1999999999999997_1.0_1040,22.17,2.31,0.73,-0.33,-0.5,-0.68,0.15
A_OB_2.1999999999999997_1.0_1041,22.89,2.31,0.73,-0.33,-0.5,-0.68,0.15
A_OB_2.1999999999999997_1.0_1042,25.4,2.31,0.73,-0.33,-0.5,-0.68,0.15
A_OB_2.1999999999999997_1.0_1043,25.59,2.31,0.73,-0.33,-0.5,-0.68,0.15
A_OB_2.1999999999999997_1.0_1044,24.62,2.31,0.73,-0.33,-0.5,-0.68,0.15
A_OB_2.1999999999999997_1.0_1045,24.66,2.31,0.73,-0.33,-0.5,-0.68,0.15
A_OB_2.1999999999999997_1.0_1046,25.3,2.31,0.73,-0.33,-0.5,-0.68,0.15
A_OB_2.1999999999999997_1.0_1047,24.88,2.31,0.73,-0.33,-0.5,-0.68,0.15
A_OB_2.1999999999999997_1.0_1048,23.11,2.31,0.73,-0.33,-0.5,-0.68,0.15
A_OB_2.1999999999999997_1.0_1049,25.31,2.31,0.73,-0.33,-0.5,-0.68,0.15
A_OB_2.1999999999999997_1.0_1050,22.55,2.31,0.73,-0.33,-0.5,-0.68,0.15
A_OB_2.1999999999999997_1.0_1051,23.62,2.31,0.73,-0.33,-0.5,-0.68,0.15
A_OB_2.1999999999999997_1.0_1052,25.47,2.31,0.73,-0.33,-0.5,-0.68,0.15
A_OB_2.1999999999999997_1.0_1053,23.74,2.31,0.73,-0.33,-0.5,-0.68,0.15
A_OB_2.1999999999999997_1.0_1054,23.58,2.31,0.73,-0.33,-0.5,-0.68,0.15
A_OB_2.1999999999999997_1.0_1055,23.29,2.31,0.73,-0.33,-0.5,-0.68,0.15
A_OB_2.1999999999999997_1.0_1056,25.61,2.31,0.73,-0.33,-0.5,-0.68,0.15
A_OB_2.1999999999999997_1.0_1057,23.01,2.31,0.73,-0.33,-0.5,-0.68,0.15
A_OB_2.1999999999999997_1.0_1058,23.08,2.31,0.73,-0.33,-0.5,-0.68,0.15
A_OB_2.1999999999999997_1.0_1059,23.94,2.31,0.73,-0.33,-0.5,-0.68,0.15
A_OB_2.1999999999999997_1.0_1060,25.12,2.31,0.73,-0.33,-0.5,-0.68,0.15
A_OB_2.1999999999999997_1.0_1061,24.6,2.31,0.73,-0.33,-0.5,-0.68,0.15
A_OB_2.1999999999999997_1.0_1062,25.34,2.31,0.73,-0.33,-0.5,-0.68,0.15
A_OB_2.1999999999999997_1.0_1063,24.86,2.31,0.73,-0.33,-0.5,-0.68,0.15
A_OB_2.1999999999999997_1.0_1064,23.34,2.31,0.73,-0.33,-0.5,-0.68,0.15
A_OB_2.1999999999999997_1.0_1065,25.6,2.31,0.73,-0.33,-0.5,-0.68,0.15
A_OB_2.1999999999999997_1.0_1066,24.77,2.31,0.73,-0.33,-0.5,-0.68,0.15
A_OB_2.1999999999999997_1.0_1067,24.09,2.31,0.73,-0.33,-0.5,-0.68,0.15
A_OB_2.1999999999999997_1.0_1068,24.15,2.31,0.73,-0.33,-0.5,-0.68,0.15
A_OB_2.1999999999999997_1.0_1069,25.52,2.31,0.73,-0.33,-0.5,-0.68,0.15
A_OB_2.1999999999999997_1.0_1070,23.57,2.31,0.73,-0.33,-0.5,-0.68,0.15
A_OB_2.1999999999999997_1.0_1071,24.59,2.31,0.73,-0.33,-0.5,-0.68,0.15
A_OB_2.1999999999999997_1.0_1072,24.98,2.31,0.73,-0.33,-0.5,-0.68,0.15
A_OB_2.1999999999999997_1.0_1073,25.38,2.31,0.73,-0.33,-0.5,-0.68,0.15
A_OB_2.1999999999999997_1.0_1074,23.88,2.31,0.73,-0.33,-0.5,-0.68,0.15
A_OB_2.1999999999999997_1.0_1075,24.06,2.31,0.73,-0.33,-0.5,-0.68,0.15
A_OB_2.1999999999999997_1.0_1076,25.47,2.31,0.73,-0.33,-0.5,-0.68,0.15
A_OB_2.1999999999999997_1.0_1077,25.53,2.31,0.73,-0.33,-0.5,-0.68,0.15
A_OB_2.1999999999999997_1.0_1078,25.36,2.31,0.73,-0.33,-0.5,-0.68,0.15
A_OB_2.1999999999999997_1.0_1079,24.88,2.31,0.73,-0.33,-0.5,-0.68,0.15
A_OB_2.1999999999999997_1.0_1080,23.16,2.31,0.73,-0.33,-0.5,-0.68,0.15
A_OB_2.1999999999999997_1.0_1081,23.9,2.31,0.73,-0.33,-0.5,-0.68,0.15
A_OB_2.1999999999999997_1.0_1082,25.61,2.31,0.73,-0.33,-0.5,-0.68,0.15
A_OB_2.1999999999999997_1.0_1083,24.87,2.31,0.73,-0.33,-0.5,-0.68,0.15
A_OB_2.1999999999999997_1.0_1084,25.51,2.31,0.73,-0.33,-0.5,-0.68,0.15
A_OB_2.1999999999999997_1.0_1085,25.07,2.31,0.73,-0.33,-0.5,-0.68,0.15
A_OB_2.1999999999999997_1.0_1086,24.08,2.31,0.73,-0.33,-0.5,-0.68,0.15
A_OB_2.1999999999999997_1.0_1087,25.42,2.31,0.73,-0.33,-0.5,-0.68,0.15
A_OB_2.1999999999999997_1.0_1088,24.08,2.31,0.73,-0.33,-0.5,-0.68,0.15
A_OB_2.1999999999999997_1.0_1089,24.77,2.31,0.73,-0.33,-0.5,-0.68,0.15
A_OB_2.1999999999999997_1.0_1090,24.16,2.31,0.73,-0.33,-0.5,-0.68,0.15
A_OB_2.1999999999999997_1.0_1091,23.2,2.31,0.73,-0.33,-0.5,-0.68,0.15
A_OB_2.1999999999999997_1.0_1092,24.27,2.31,0.73,-0.33,-0.5,-0.68,0.15
A_OB_2.1999999999999997_1.0_1093,25.54,2.31,0.73,-0.33,-0.5,-0.68,0.15
A_OB_2.1999999999999997_1.0_1094,24.74,2.31,0.73,-0.33,-0.5,-0.68,0.15
A_OB_2.1999999999999997_1.0_1095,24.26,2.31,0.73,-0.33,-0.5,-0.68,0.15
A_OB_2.1999999999999997_1.0_1096,24.96,2.31,0.73,-0.33,-0.5,-0.68,0.15
A_OB_2.1999999999999997_1.0_1097,25.03,2.31,0.73,-0.33,-0.5,-0.68,0.15
A_OB_2.1999999999999997_1.0_1098,25.46,2.31,0.73,-0.33,-0.5,-0.68,0.15
A_OB_2.1999999999999997_1.0_1099,23.74,2.31,0.73,-0.33,-0.5,-0.68,0.15
A_OB_2.1999999999999997_1.0_1100,25.04,2.31,0.73,-0.33,-0.5,-0.68,0.15
A_OB_2.1999999999999997_1.0_1101,25.26,2.31,0.73,-0.33,-0.5,-0.68,0.15
A_OB_2.1999999999999997_1.0_1102,25.56,2.31,0.73,-0.33,-0.5,-0.68,0.15
A_OB_2.1999999999999997_1.0_1103,24.47,2.31,0.73,-0.33,-0.5,-0.68,0.15
A_OB_2.1999999999999997_1.0_1104,24.82,2.31,0.73,-0.33,-0.5,-0.68,0.15
A_OB_2.1999999999999997_1.0_1105,23.63,2.31,0.73,-0.33,-0.5,-0.68,0.15
A_OB_2.1999999999999997_1.0_1106,22.52,2.31,0.73,-0.33,-0.5,-0.68,0.15
A_OB_2.1999999999999997_1.0_1107,25.62,2.31,0.73,-0.33,-0.5,-0.68,0.15
A_OB_2.1999999999999997_1.0_1108,23.63,2.31,0.73,-0.33,-0.5,-0.68,0.15
A_OB_2.1999999999999997_1.0_1109,22.39,2.31,0.73,-0.33,-0.5,-0.68,0.15
A_OB_2.1999999999999997_1.0_1110,24.81,2.31,0.73,-0.33,-0.5,-0.68,0.15
A_OB_2.1999999999999997_1.0_1111,25.18,2.31,0.73,-0.33,-0.5,-0.68,0.15
A_OB_2.1999999999999997_1.0_1112,25.22,2.31,0.73,-0.33,-0.5,-0.68,0.15
A_OB_2.1999999999999997_1.0_1113,24.59,2.31,0.73,-0.33,-0.5,-0.68,0.15
A_OB_2.1999999999999997_1.0_1114,25.57,2.31,0.73,-0.33,-0.5,-0.68,0.15
A_OB_2.1999999999999997_1.0_1115,24.92,2.31,0.73,-0.33,-0.5,-0.68,0.15
A_OB_2.1999999999999997_1.0_1116,23.31,2.31,0.73,-0.33,-0.5,-0.68,0.15
A_OB_2.1999999999999997_1.0_1117,25.51,2.31,0.73,-0.33,-0.5,-0.68,0.15
A_OB_2.1999999999999997_1.0_1118,25.59,2.31,0.73,-0.33,-0.5,-0.68,0.15
A_OB_2.1999999999999997_1.0_1119,22.54,2.31,0.73,-0.33,-0.5,-0.68,0.15
A_OB_2.1999999999999997_1.0_1120,25.21,2.31,0.73,-0.33,-0.5,-0.68,0.15
A_OB_2.1999999999999997_1.0_1121,24.98,2.31,0.73,-0.33,-0.5,-0.68,0.15
A_OB_2.1999999999999997_1.0_1122,23.68,2.31,0.73,-0.33,-0.5,-0.68,0.15
A_OB_2.1999999999999997_1.0_1123,25.24,2.31,0.73,-0.33,-0.5,-0.68,0.15
A_OB_2.1999999999999997_1.0_1124,22.25,2.31,0.73,-0.33,-0.5,-0.68,0.15
A_OB_2.1999999999999997_1.0_1125,24.41,2.31,0.73,-0.33,-0.5,-0.68,0.15
A_OB_2.1999999999999997_1.0_1126,19.97,2.31,0.73,-0.33,-0.5,-0.68,0.15
A_OB_2.1999999999999997_1.0_1127,24.93,2.31,0.73,-0.33,-0.5,-0.68,0.15
A_OB_2.1999999999999997_1.0_1128,24.76,2.31,0.73,-0.33,-0.5,-0.68,0.15
A_OB_2.1999999999999997_1.0_1129,21.66,2.31,0.73,-0.33,-0.5,-0.68,0.15
A_OB_2.1999999999999997_1.0_1130,24.82,2.31,0.73,-0.33,-0.5,-0.68,0.15
A_OB_2.1999999999999997_1.0_1131,23.94,2.31,0.73,-0.33,-0.5,-0.68,0.15
A_OB_2.1999999999999997_1.0_1132,25.61,2.31,0.73,-0.33,-0.5,-0.68,0.15
A_OB_2.1999999999999997_1.0_1133,24.99,2.31,0.73,-0.33,-0.5,-0.68,0.15
A_OB_2.1999999999999997_1.0_1134,24.39,2.31,0.73,-0.33,-0.5,-0.68,0.15
A_OB_2.1999999999999997_1.0_1135,25.06,2.31,0.73,-0.33,-0.5,-0.68,0.15
A_OB_2.1999999999999997_1.0_1136,24.75,2.31,0.73,-0.33,-0.5,-0.68,0.15
A_OB_2.1999999999999997_1.0_1137,25.48,2.31,0.73,-0.33,-0.5,-0.68,0.15
A_OB_2.1999999999999997_1.0_1138,24.15,2.31,0.73,-0.33,-0.5,-0.68,0.15
A_OB_2.1999999999999997_1.0_1139,24.75,2.31,0.73,-0.33,-0.5,-0.68,0.15
A_OB_2.1999999999999997_1.0_1140,24.2,2.31,0.73,-0.33,-0.5,-0.68,0.15
A_OB_2.1999999999999997_1.0_1141,25.48,2.31,0.73,-0.33,-0.5,-0.68,0.15
A_OB_2.1999999999999997_1.0_1142,25.55,2.31,0.73,-0.33,-0.5,-0.68,0.15
A_OB_2.1999999999999997_1.0_1143,25.43,2.31,0.73,-0.33,-0.5,-0.68,0.15
A_OB_2.1999999999999997_1.0_1144,25.39,2.31,0.73,-0.33,-0.5,-0.68,0.15
A_OB_2.1999999999999997_1.0_1145,24.2,2.31,0.73,-0.33,-0.5,-0.68,0.15
A_OB_2.1999999999999997_1.0_1146,23.33,2.31,0.73,-0.33,-0.5,-0.68,0.15
A_OB_2.1999999999999997_1.0_1147,25.43,2.31,0.73,-0.33,-0.5,-0.68,0.15
A_OB_2.1999999999999997_1.0_1148,23.86,2.31,0.73,-0.33,-0.5,-0.68,0.15
A_OB_2.1999999999999997_1.0_1149,24.82,2.31,0.73,-0.33,-0.5,-0.68,0.15
A_OB_2.1999999999999997_1.0_1150,22.01,2.31,0.73,-0.33,-0.5,-0.68,0.15
A_OB_2.1999999999999997_1.0_1151,24.27,2.31,0.73,-0.33,-0.5,-0.68,0.15
A_OB_2.1999999999999997_1.0_1152,23.16,2.31,0.73,-0.33,-0.5,-0.68,0.15
A_OB_2.1999999999999997_1.0_1153,24.07,2.31,0.73,-0.33,-0.5,-0.68,0.15
A_OB_2.1999999999999997_1.0_1154,23.89,2.31,0.73,-0.33,-0.5,-0.68,0.15
A_OB_2.1999999999999997_1.0_1155,17.59,2.31,0.73,-0.33,-0.5,-0.68,0.15
A_OB_2.1999999999999997_1.0_1156,22.62,2.31,0.73,-0.33,-0.5,-0.68,0.15
A_OB_2.1999999999999997_1.0_1157,24.91,2.31,0.73,-0.33,-0.5,-0.68,0.15
A_OB_2.1999999999999997_1.0_1158,24.26,2.31,0.73,-0.33,-0.5,-0.68,0.15
A_OB_2.1999999999999997_1.0_1159,25.43,2.31,0.73,-0.33,-0.5,-0.68,0.15
A_OB_2.1999999999999997_1.0_1160,22.37,2.31,0.73,-0.33,-0.5,-0.68,0.15
A_OB_2.1999999999999997_1.0_1161,24.09,2.31,0.73,-0.33,-0.5,-0.68,0.15
A_OB_2.1999999999999997_1.0_1162,25.59,2.31,0.73,-0.33,-0.5,-0.68,0.15
A_OB_2.1999999999999997_1.0_1163,25.05,2.31,0.73,-0.33,-0.5,-0.68,0.15
A_OB_2.1999999999999997_1.0_1164,25.43,2.31,0.73,-0.33,-0.5,-0.68,0.15
A_OB_2.1999999999999997_1.0_1165,25.58,2.31,0.73,-0.33,-0.5,-0.68,0.15
A_OB_2.1999999999999997_1.0_1166,21.39,2.31,0.73,-0.33,-0.5,-0.68,0.15
A_OB_2.1999999999999997_1.0_1167,25.45,2.31,0.73,-0.33,-0.5,-0.68,0.15
A_OB_2.1999999999999997_1.0_1168,24.42,2.31,0.73,-0.33,-0.5,-0.68,0.15
A_OB_2.1999999999999997_1.0_1169,24.93,2.31,0.73,-0.33,-0.5,-0.68,0.15
A_OB_2.1999999999999997_1.0_1170,25.38,2.31,0.73,-0.33,-0.5,-0.68,0.15
A_OB_2.1999999999999997_1.0_1171,25.23,2.31,0.73,-0.33,-0.5,-0.68,0.15
A_OB_2.1999999999999997_1.0_1172,24.02,2.31,0.73,-0.33,-0.5,-0.68,0.15
A_OB_2.1999999999999997_1.0_1173,24.77,2.31,0.73,-0.33,-0.5,-0.68,0.15
A_OB_2.1999999999999997_1.0_1174,24.94,2.31,0.73,-0.33,-0.5,-0.68,0.15
A_OB_2.1999999999999997_1.0_1175,25.05,2.31,0.73,-0.33,-0.5,-0.68,0.15
A_OB_2.1999999999999997_1.0_1176,24.97,2.31,0.73,-0.33,-0.5,-0.68,0.15
A_OB_2.1999999999999997_1.0_1177,25.45,2.31,0.73,-0.33,-0.5,-0.68,0.15
A_OB_2.1999999999999997_1.0_1178,24.23,2.31,0.73,-0.33,-0.5,-0.68,0.15
A_OB_2.1999999999999997_1.0_1179,20.98,2.31,0.73,-0.33,-0.5,-0.68,0.15
A_OB_2.1999999999999997_1.0_1180,25.6,2.31,0.73,-0.33,-0.5,-0.68,0.15
A_OB_2.1999999999999997_1.0_1181,21.97,2.31,0.73,-0.33,-0.5,-0.68,0.15
A_OB_2.1999999999999997_1.0_1182,25.34,2.31,0.73,-0.33,-0.5,-0.68,0.15
A_OB_2.1999999999999997_1.0_1183,22.28,2.31,0.73,-0.33,-0.5,-0.68,0.15
A_OB_2.1999999999999997_1.0_1184,25.61,2.31,0.73,-0.33,-0.5,-0.68,0.15
A_OB_2.1999999999999997_1.0_1185,25.2,2.31,0.73,-0.33,-0.5,-0.68,0.15
A_OB_2.1999999999999997_1.0_1186,25.03,2.31,0.73,-0.33,-0.5,-0.68,0.15
A_OB_2.1999999999999997_1.0_1187,22.85,2.31,0.73,-0.33,-0.5,-0.68,0.15
A_OB_2.1999999999999997_1.0_1188,24.65,2.31,0.73,-0.33,-0.5,-0.68,0.15
A_OB_2.1999999999999997_1.0_1189,25.38,2.31,0.73,-0.33,-0.5,-0.68,0.15
A_OB_2.1999999999999997_1.0_1190,23.21,2.31,0.73,-0.33,-0.5,-0.68,0.15
A_OB_2.1999999999999997_1.0_1191,25.01,2.31,0.73,-0.33,-0.5,-0.68,0.15
A_OB_2.1999999999999997_1.0_1192,23.06,2.31,0.73,-0.33,-0.5,-0.68,0.15
A_OB_2.1999999999999997_1.0_1193,24.52,2.31,0.73,-0.33,-0.5,-0.68,0.15
A_OB_2.1999999999999997_1.0_1194,22.71,2.31,0.73,-0.33,-0.5,-0.68,0.15
A_OB_2.1999999999999997_1.0_1195,25.47,2.31,0.73,-0.33,-0.5,-0.68,0.15
A_OB_2.1999999999999997_1.0_1196,25.07,2.31,0.73,-0.33,-0.5,-0.68,0.15
A_OB_2.1999999999999997_1.0_1197,24.54,2.31,0.73,-0.33,-0.5,-0.68,0.15
A_OB_2.1999999999999997_1.0_1198,23.66,2.31,0.73,-0.33,-0.5,-0.68,0.15
A_OB_2.1999999999999997_1.0_1199,25.07,2.31,0.73,-0.33,-0.5,-0.68,0.15
A_OB_2.1999999999999997_1.0_1200,23.24,2.31,0.73,-0.33,-0.5,-0.68,0.15
A_OB_2.1999999999999997_1.0_1201,25.56,2.31,0.73,-0.33,-0.5,-0.68,0.15
A_OB_2.1999999999999997_1.0_1202,25.45,2.31,0.73,-0.33,-0.5,-0.68,0.15
A_OB_2.1999999999999997_1.0_1203,24.96,2.31,0.73,-0.33,-0.5,-0.68,0.15
A_OB_2.1999999999999997_1.0_1204,21.34,2.31,0.73,-0.33,-0.5,-0.68,0.15
A_OB_2.1999999999999997_1.0_1205,25.57,2.31,0.73,-0.33,-0.5,-0.68,0.15
A_OB_2.1999999999999997_1.0_1206,23.42,2.31,0.73,-0.33,-0.5,-0.68,0.15
A_OB_2.1999999999999997_1.0_1207,25.5,2.31,0.73,-0.33,-0.5,-0.68,0.15
A_OB_2.1999999999999997_1.0_1208,25.4,2.31,0.73,-0.33,-0.5,-0.68,0.15
A_OB_2.1999999999999997_1.0_1209,24.33,2.31,0.73,-0.33,-0.5,-0.68,0.15
A_OB_2.1999999999999997_1.0_1210,24.61,2.31,0.73,-0.33,-0.5,-0.68,0.15
A_OB_2.1999999999999997_1.0_1211,24.95,2.31,0.73,-0.33,-0.5,-0.68,0.15
A_OB_2.1999999999999997_1.0_1212,25.36,2.31,0.73,-0.33,-0.5,-0.68,0.15
A_OB_2.1999999999999997_1.0_1213,23.98,2.31,0.73,-0.33,-0.5,-0.68,0.15
A_OB_2.1999999999999997_1.0_1214,24.95,2.31,0.73,-0.33,-0.5,-0.68,0.15
A_OB_2.1999999999999997_1.0_1215,24.05,2.31,0.73,-0.33,-0.5,-0.68,0.15
A_OB_2.1999999999999997_1.0_1216,24.98,2.31,0.73,-0.33,-0.5,-0.68,0.15
A_OB_2.1999999999999997_1.0_1217,24.38,2.31,0.73,-0.33,-0.5,-0.68,0.15
A_OB_2.1999999999999997_1.0_1218,25.12,2.31,0.73,-0.33,-0.5,-0.68,0.15
A_OB_2.1999999999999997_1.0_1219,25.55,2.31,0.73,-0.33,-0.5,-0.68,0.15
A_OB_2.1999999999999997_1.0_1220,25.12,2.31,0.73,-0.33,-0.5,-0.68,0.15
A_OB_2.1999999999999997_1.0_1221,22.77,2.31,0.73,-0.33,-0.5,-0.68,0.15
A_OB_2.1999999999999997_1.0_1222,25.58,2.31,0.73,-0.33,-0.5,-0.68,0.15
A_OB_2.1999999999999997_1.0_1223,23.31,2.31,0.73,-0.33,-0.5,-0.68,0.15
A_OB_2.1999999999999997_1.0_1224,20.61,2.31,0.73,-0.33,-0.5,-0.68,0.15
A_OB_2.1999999999999997_1.0_1225,25.18,2.31,0.73,-0.33,-0.5,-0.68,0.15
A_OB_2.1999999999999997_1.0_1226,21.86,2.31,0.73,-0.33,-0.5,-0.68,0.15
A_OB_2.1999999999999997_1.0_1227,25.35,2.31,0.73,-0.33,-0.5,-0.68,0.15
A_OB_2.1999999999999997_1.0_1228,25.4,2.31,0.73,-0.33,-0.5,-0.68,0.15
A_OB_2.1999999999999997_1.0_1229,24.86,2.31,0.73,-0.33,-0.5,-0.68,0.15
A_OB_2.1999999999999997_1.0_1230,24.57,2.31,0.73,-0.33,-0.5,-0.68,0.15
A_OB_2.1999999999999997_1.0_1231,24.47,2.31,0.73,-0.33,-0.5,-0.68,0.15
A_OB_2.1999999999999997_1.0_1232,24.12,2.31,0.73,-0.33,-0.5,-0.68,0.15
A_OB_2.1999999999999997_1.0_1233,25.28,2.31,0.73,-0.33,-0.5,-0.68,0.15
