ObjID,FORMAT,q,e,inc,node,argPeri,t_p_MJD_TDB,epochMJD_TDB
A_OB_1.9999999999999998_1.0_0,COM,0.295762,1.001241,1.295,1.382,4.035,62623.972061,60796.001439
A_OB_1.9999999999999998_1.0_1,COM,0.538128,1.000962,0.497,4.421,4.79,64150.354572,60796.001439
A_OB_1.9999999999999998_1.0_2,COM,1.467224,1.003981,1.034,1.436,2.609,63726.09082,60796.001439
A_OB_1.9999999999999998_1.0_3,COM,0.836832,1.003648,1.821,1.153,6.247,63521.286547,60796.001439
A_OB_1.9999999999999998_1.0_4,COM,1.752798,1.003316,0.706,0.85,3.894,63971.794091,60796.001439
A_OB_1.9999999999999998_1.0_5,COM,2.025755,1.00692,1.177,3.44,3.889,61983.139523,60796.001439
A_OB_1.9999999999999998_1.0_6,COM,0.410833,1.002871,2.662,5.728,5.504,62828.286419,60796.001439
A_OB_1.9999999999999998_1.0_7,COM,1.12896,1.012132,2.841,2.854,0.37,61241.4591,60796.001439
A_OB_1.9999999999999998_1.0_8,COM,0.613399,1.004984,3.024,3.168,2.149,61819.09873,60796.001439
A_OB_1.9999999999999998_1.0_9,COM,0.832093,1.008684,1.879,0.974,4.095,62850.262501,60796.001439
A_OB_1.9999999999999998_1.0_10,COM,1.512496,1.009686,2.069,0.292,2.917,63836.028306,60796.001439
A_OB_1.9999999999999998_1.0_11,COM,1.033984,1.00815,0.481,0.509,5.954,62527.542361,60796.001439
A_OB_1.9999999999999998_1.0_12,COM,0.57534,1.006029,2.134,0.078,4.701,63059.626725,60796.001439
A_OB_1.9999999999999998_1.0_13,COM,1.140961,1.012292,0.617,0.778,5.725,61972.813565,60796.001439
A_OB_1.9999999999999998_1.0_14,COM,0.93893,1.012191,1.119,6.034,6.239,62665.392029,60796.001439
A_OB_1.9999999999999998_1.0_15,COM,0.80858,1.010573,1.671,2.114,1.805,64135.25791,60796.001439
A_OB_1.9999999999999998_1.0_16,COM,1.273272,1.02012,0.159,6.095,5.984,61013.627832,60796.001439
A_OB_1.9999999999999998_1.0_17,COM,0.373427,1.004109,1.815,2.286,4.041,62472.293902,60796.001439
A_OB_1.9999999999999998_1.0_18,COM,0.251847,1.003104,2.49,4.336,3.55,60798.442708,60796.001439
A_OB_1.9999999999999998_1.0_19,COM,1.282182,1.017493,1.631,3.901,4.535,62472.87275,60796.001439
A_OB_1.9999999999999998_1.0_20,COM,0.038756,1.00042,1.1,0.352,4.569,61697.526803,60796.001439
A_OB_1.9999999999999998_1.0_21,COM,1.458678,1.022911,2.61,5.556,6.15,63470.123667,60796.001439
A_OB_1.9999999999999998_1.0_22,COM,0.36453,1.00679,1.735,1.232,5.297,62999.506908,60796.001439
A_OB_1.9999999999999998_1.0_23,COM,0.93356,1.014737,2.176,5.051,5.396,61161.851277,60796.001439
A_OB_1.9999999999999998_1.0_24,COM,1.230461,1.020179,1.847,0.702,5.812,60809.779754,60796.001439
A_OB_1.9999999999999998_1.0_25,COM,0.181137,1.002159,0.214,2.215,4.073,63914.79094,60796.001439
A_OB_1.9999999999999998_1.0_26,COM,0.302247,1.004773,1.402,1.397,2.542,61438.106851,60796.001439
A_OB_1.9999999999999998_1.0_27,COM,1.359903,1.018542,1.318,5.18,5.009,63844.030764,60796.001439
A_OB_1.9999999999999998_1.0_28,COM,0.888898,1.025454,2.383,2.026,4.971,61018.316354,60796.001439
A_OB_1.9999999999999998_1.0_29,COM,0.310697,1.00707,1.696,0.823,5.481,61974.274499,60796.001439
A_OB_1.9999999999999998_1.0_30,COM,0.230504,1.006628,0.572,0.323,6.253,64489.563817,60796.001439
A_OB_1.9999999999999998_1.0_31,COM,0.454618,1.013216,1.997,5.494,3.128,60756.194855,60796.001439
A_OB_1.9999999999999998_1.0_32,COM,0.177834,1.003816,0.924,4.262,0.293,63427.862567,60796.001439
A_OB_1.9999999999999998_1.0_33,COM,0.773368,1.016704,0.883,1.829,4.209,61529.786311,60796.001439
A_OB_1.9999999999999998_1.0_34,COM,0.949854,1.027522,0.889,5.548,2.253,63739.17568,60796.001439
A_OB_1.9999999999999998_1.0_35,COM,0.825749,1.01678,1.754,1.62,5.313,64439.639969,60796.001439
A_OB_1.9999999999999998_1.0_36,COM,1.306545,1.043846,1.338,4.287,0.058,61964.889161,60796.001439
A_OB_1.9999999999999998_1.0_37,COM,0.840911,1.03172,2.783,4.63,5.136,63339.893116,60796.001439
A_OB_1.9999999999999998_1.0_38,COM,0.743768,1.026035,0.536,1.964,3.982,63177.184033,60796.001439
A_OB_1.9999999999999998_1.0_39,COM,1.069904,1.034912,0.799,3.567,2.787,60954.440077,60796.001439
A_OB_1.9999999999999998_1.0_40,COM,3.757799,1.147153,0.827,3.622,5.741,64452.838461,60796.001439
A_OB_1.9999999999999998_1.0_41,COM,0.18777,1.007361,1.76,4.796,1.997,62846.515264,60796.001439
A_OB_1.9999999999999998_1.0_42,COM,0.444687,1.013248,1.582,0.75,0.601,61081.865684,60796.001439
A_OB_1.9999999999999998_1.0_43,COM,0.526386,1.020542,1.367,4.873,0.932,64370.189118,60796.001439
A_OB_1.9999999999999998_1.0_44,COM,0.107793,1.004236,1.148,1.644,5.455,62478.046761,60796.001439
A_OB_1.9999999999999998_1.0_45,COM,0.990026,1.035207,1.205,1.019,6.215,61398.959522,60796.001439
A_OB_1.9999999999999998_1.0_46,COM,0.325641,1.009986,1.305,0.553,3.42,61647.507764,60796.001439
A_OB_1.9999999999999998_1.0_47,COM,0.911992,1.034277,0.71,1.166,2.853,63013.617871,60796.001439
A_OB_1.9999999999999998_1.0_48,COM,0.196938,1.006931,2.477,2.892,3.142,63358.15882,60796.001439
A_OB_1.9999999999999998_1.0_49,COM,1.295265,1.048748,0.727,2.66,4.995,61015.616094,60796.001439
A_OB_1.9999999999999998_1.0_50,COM,0.34622,1.013612,2.897,6.226,2.446,64539.179367,60796.001439
A_OB_1.9999999999999998_1.0_51,COM,0.876771,1.047884,2.042,2.549,1.805,62635.450404,60796.001439
A_OB_1.9999999999999998_1.0_52,COM,0.188896,1.00793,2.899,4.483,0.586,60755.567991,60796.001439
A_OB_1.9999999999999998_1.0_53,COM,0.296406,1.016153,0.586,1.202,4.974,61018.066557,60796.001439
A_OB_1.9999999999999998_1.0_54,COM,0.1984,1.009356,0.633,2.359,4.015,63674.497848,60796.001439
A_OB_1.9999999999999998_1.0_55,COM,0.708248,1.03064,1.844,0.311,5.164,60975.740675,60796.001439
A_OB_1.9999999999999998_1.0_56,COM,1.137915,1.063992,0.473,3.997,5.885,62476.284871,60796.001439
A_OB_1.9999999999999998_1.0_57,COM,1.195902,1.061577,1.187,1.958,2.672,62855.037515,60796.001439
A_OB_1.9999999999999998_1.0_58,COM,1.293352,1.064832,2.687,5.803,0.224,62588.910282,60796.001439
A_OB_1.9999999999999998_1.0_59,COM,0.501232,1.024498,1.188,6.21,3.885,62353.582057,60796.001439
A_OB_1.9999999999999998_1.0_60,COM,0.639748,1.028764,0.367,1.406,6.104,62213.077874,60796.001439
A_OB_1.9999999999999998_1.0_61,COM,0.756339,1.040311,1.893,5.003,0.189,61452.031033,60796.001439
A_OB_1.9999999999999998_1.0_62,COM,1.370303,1.061242,1.92,1.441,3.849,61926.880984,60796.001439
A_OB_1.9999999999999998_1.0_63,COM,1.067179,1.049257,2.281,6.248,5.002,63816.760433,60796.001439
A_OB_1.9999999999999998_1.0_64,COM,0.056525,1.002505,1.467,2.939,1.488,62735.138489,60796.001439
A_OB_1.9999999999999998_1.0_65,COM,0.543376,1.025341,1.455,2.092,0.689,63095.212388,60796.001439
A_OB_1.9999999999999998_1.0_66,COM,0.046815,1.001999,1.924,3.352,3.396,63460.505469,60796.001439
A_OB_1.9999999999999998_1.0_67,COM,0.58336,1.027871,0.733,3.05,0.858,63492.091134,60796.001439
A_OB_1.9999999999999998_1.0_68,COM,0.945137,1.043086,0.78,1.23,0.24,60879.578003,60796.001439
A_OB_1.9999999999999998_1.0_69,COM,0.422193,1.028161,1.63,1.86,1.135,62001.86334,60796.001439
A_OB_1.9999999999999998_1.0_70,COM,1.78439,1.118839,1.296,3.349,2.823,63564.330673,60796.001439
A_OB_1.9999999999999998_1.0_71,COM,0.536465,1.037107,1.216,1.341,4.846,63305.169292,60796.001439
A_OB_1.9999999999999998_1.0_72,COM,0.625552,1.042765,0.36,4.471,3.054,63393.583895,60796.001439
A_OB_1.9999999999999998_1.0_73,COM,0.953196,1.0663,1.723,1.497,5.275,61002.461368,60796.001439
A_OB_1.9999999999999998_1.0_74,COM,1.152935,1.070951,0.901,3.967,2.808,63135.425056,60796.001439
A_OB_1.9999999999999998_1.0_75,COM,6.708659,1.484624,1.61,3.757,1.506,59252.086292,60796.001439
A_OB_1.9999999999999998_1.0_76,COM,1.063362,1.074617,1.243,4.707,3.778,61468.417323,60796.001439
A_OB_1.9999999999999998_1.0_77,COM,1.016183,1.064275,0.381,3.484,4.733,62255.907155,60796.001439
A_OB_1.9999999999999998_1.0_78,COM,0.253104,1.017007,1.896,5.416,2.978,62931.383103,60796.001439
A_OB_1.9999999999999998_1.0_79,COM,0.623508,1.044529,0.318,5.43,2.61,62177.075646,60796.001439
A_OB_1.9999999999999998_1.0_80,COM,0.15561,1.010679,0.319,2.048,1.63,64172.282317,60796.001439
A_OB_1.9999999999999998_1.0_81,COM,0.766596,1.045681,2.184,1.077,5.015,62274.489503,60796.001439
A_OB_1.9999999999999998_1.0_82,COM,0.64517,1.047567,1.249,0.879,2.765,61454.073482,60796.001439
A_OB_1.9999999999999998_1.0_83,COM,0.656421,1.03857,2.307,5.739,3.556,63286.863073,60796.001439
A_OB_1.9999999999999998_1.0_84,COM,0.777822,1.049354,2.263,3.691,5.511,61687.065877,60796.001439
A_OB_1.9999999999999998_1.0_85,COM,0.740234,1.046433,1.781,3.17,4.714,61471.781561,60796.001439
A_OB_1.9999999999999998_1.0_86,COM,0.229916,1.016612,1.444,3.233,4.067,63297.824298,60796.001439
A_OB_1.9999999999999998_1.0_87,COM,0.223767,1.014003,1.43,3.716,3.81,64345.305073,60796.001439
A_OB_1.9999999999999998_1.0_88,COM,0.98529,1.066534,0.388,6.113,5.965,61567.211083,60796.001439
A_OB_1.9999999999999998_1.0_89,COM,0.960483,1.058807,2.337,3.938,2.196,60718.220321,60796.001439
A_OB_1.9999999999999998_1.0_90,COM,1.263921,1.088155,2.259,5.521,5.456,62429.776425,60796.001439
A_OB_1.9999999999999998_1.0_91,COM,0.146926,1.010506,2.7,3.451,2.144,63901.694934,60796.001439
A_OB_1.9999999999999998_1.0_92,COM,0.433554,1.028872,2.257,5.501,4.477,61997.21199,60796.001439
A_OB_1.9999999999999998_1.0_93,COM,1.913183,1.115201,0.526,0.93,2.344,62449.899809,60796.001439
A_OB_1.9999999999999998_1.0_94,COM,0.649999,1.054196,0.818,3.092,3.654,63378.919216,60796.001439
A_OB_1.9999999999999998_1.0_95,COM,0.982303,1.087353,0.98,3.924,4.784,61066.421434,60796.001439
A_OB_1.9999999999999998_1.0_96,COM,1.190495,1.105375,1.739,4.721,3.346,61110.215339,60796.001439
A_OB_1.9999999999999998_1.0_97,COM,1.195205,1.098635,2.761,4.733,4.554,60975.519701,60796.001439
A_OB_1.9999999999999998_1.0_98,COM,0.245724,1.018318,2.654,3.418,2.144,61013.934602,60796.001439
A_OB_1.9999999999999998_1.0_99,COM,1.526064,1.12647,1.948,2.189,3.506,62005.248754,60796.001439
A_OB_1.9999999999999998_1.0_100,COM,0.021352,1.001823,0.622,1.549,0.898,63071.120481,60796.001439
A_OB_1.9999999999999998_1.0_101,COM,1.374065,1.11651,1.951,0.967,4.627,61035.080552,60796.001439
A_OB_1.9999999999999998_1.0_102,COM,0.109218,1.010012,0.809,3.33,2.921,62543.611656,60796.001439
A_OB_1.9999999999999998_1.0_103,COM,0.381184,1.032488,2.483,5.761,4.821,62107.78458,60796.001439
A_OB_1.9999999999999998_1.0_104,COM,0.954606,1.080619,0.867,0.454,6.123,63761.799161,60796.001439
A_OB_1.9999999999999998_1.0_105,COM,1.314475,1.100759,1.519,5.477,6.239,62918.35716,60796.001439
A_OB_1.9999999999999998_1.0_106,COM,1.14501,1.10281,0.612,4.06,4.48,63707.966712,60796.001439
A_OB_1.9999999999999998_1.0_107,COM,0.55903,1.045135,2.362,1.281,5.294,61446.407492,60796.001439
A_OB_1.9999999999999998_1.0_108,COM,0.593463,1.054464,2.928,4.084,2.112,61227.848747,60796.001439
A_OB_1.9999999999999998_1.0_109,COM,1.191701,1.093932,1.342,0.427,0.474,63944.01783,60796.001439
A_OB_1.9999999999999998_1.0_110,COM,1.405176,1.134197,1.996,5.599,4.142,62982.522746,60796.001439
A_OB_1.9999999999999998_1.0_111,COM,1.400406,1.141154,1.353,3.603,5.828,63636.412361,60796.001439
A_OB_1.9999999999999998_1.0_112,COM,1.361281,1.14393,0.931,5.788,2.687,61811.486879,60796.001439
A_OB_1.9999999999999998_1.0_113,COM,0.724522,1.068666,2.317,1.141,5.185,62578.00618,60796.001439
A_OB_1.9999999999999998_1.0_114,COM,0.486523,1.055103,2.646,6.244,3.888,62968.955011,60796.001439
A_OB_1.9999999999999998_1.0_115,COM,1.919262,1.189993,1.137,4.376,3.559,60952.473996,60796.001439
A_OB_1.9999999999999998_1.0_116,COM,0.497253,1.047098,0.592,6.148,0.981,62775.070733,60796.001439
A_OB_1.9999999999999998_1.0_117,COM,1.207397,1.125882,2.241,4.742,5.714,61877.944318,60796.001439
A_OB_1.9999999999999998_1.0_118,COM,1.117165,1.108303,1.918,5.244,3.017,62222.762934,60796.001439
A_OB_1.9999999999999998_1.0_119,COM,1.981593,1.219035,1.483,3.793,3.701,64546.767343,60796.001439
A_OB_1.9999999999999998_1.0_120,COM,1.490502,1.141035,1.336,0.191,4.036,61495.77387,60796.001439
A_OB_1.9999999999999998_1.0_121,COM,1.255209,1.118573,0.562,5.866,0.543,63094.849419,60796.001439
A_OB_1.9999999999999998_1.0_122,COM,1.146208,1.128062,1.806,1.216,5.079,62636.519272,60796.001439
A_OB_1.9999999999999998_1.0_123,COM,1.633365,1.182026,1.869,5.795,4.24,60940.315044,60796.001439
A_OB_1.9999999999999998_1.0_124,COM,0.770797,1.085056,1.408,2.58,4.737,62181.943071,60796.001439
A_OB_1.9999999999999998_1.0_125,COM,0.629991,1.06611,2.568,1.254,5.035,61306.940872,60796.001439
A_OB_1.9999999999999998_1.0_126,COM,0.944766,1.091051,1.815,1.61,0.043,63161.365564,60796.001439
A_OB_1.9999999999999998_1.0_127,COM,0.381952,1.035683,2.484,1.52,0.481,63019.41757,60796.001439
A_OB_1.9999999999999998_1.0_128,COM,1.689229,1.186837,0.249,5.773,2.364,61777.734071,60796.001439
A_OB_1.9999999999999998_1.0_129,COM,0.84202,1.093169,1.841,5.458,4.262,63709.021359,60796.001439
A_OB_1.9999999999999998_1.0_130,COM,0.634974,1.072759,1.156,3.309,2.829,60832.70196,60796.001439
A_OB_1.9999999999999998_1.0_131,COM,0.912607,1.109181,0.571,0.447,5.091,63930.271211,60796.001439
A_OB_1.9999999999999998_1.0_132,COM,1.233845,1.146817,0.239,1.179,0.47,62970.866772,60796.001439
A_OB_1.9999999999999998_1.0_133,COM,1.016149,1.121392,1.129,5.292,5.249,62074.737074,60796.001439
A_OB_1.9999999999999998_1.0_134,COM,0.618132,1.075039,1.349,3.619,2.828,61244.70242,60796.001439
A_OB_1.9999999999999998_1.0_135,COM,0.755823,1.104416,1.692,5.346,1.564,64243.467231,60796.001439
A_OB_1.9999999999999998_1.0_136,COM,0.100162,1.012362,0.483,1.273,4.182,61032.094351,60796.001439
A_OB_1.9999999999999998_1.0_137,COM,1.806447,1.234325,2.029,5.382,3.975,62916.491869,60796.001439
A_OB_1.9999999999999998_1.0_138,COM,1.201091,1.151922,1.237,3.19,0.153,61932.793492,60796.001439
A_OB_1.9999999999999998_1.0_139,COM,0.115405,1.015881,2.255,6.279,4.903,61914.107452,60796.001439
A_OB_1.9999999999999998_1.0_140,COM,0.70374,1.096152,1.206,0.848,4.488,64339.482137,60796.001439
A_OB_1.9999999999999998_1.0_141,COM,1.283458,1.162757,2.533,3.957,1.79,60954.199526,60796.001439
A_OB_1.9999999999999998_1.0_142,COM,0.536964,1.071808,2.426,2.235,3.704,64097.354698,60796.001439
A_OB_1.9999999999999998_1.0_143,COM,1.409883,1.170956,0.848,0.774,5.181,60878.571752,60796.001439
A_OB_1.9999999999999998_1.0_144,COM,0.350559,1.047383,0.964,3.533,4.119,63481.402286,60796.001439
A_OB_1.9999999999999998_1.0_145,COM,0.332392,1.045635,1.991,3.976,2.737,63227.723717,60796.001439
A_OB_1.9999999999999998_1.0_146,COM,0.911841,1.120732,1.727,0.781,5.517,64422.050214,60796.001439
A_OB_1.9999999999999998_1.0_147,COM,0.5725,1.069195,0.703,3.302,4.257,62312.552519,60796.001439
A_OB_1.9999999999999998_1.0_148,COM,1.175062,1.154689,1.018,4.634,6.154,62434.075996,60796.001439
A_OB_1.9999999999999998_1.0_149,COM,0.195409,1.024281,1.07,0.48,1.918,64031.813056,60796.001439
A_OB_1.9999999999999998_1.0_150,COM,0.619888,1.078897,0.597,5.154,5.009,62310.700581,60796.001439
A_OB_1.9999999999999998_1.0_151,COM,1.495066,1.203114,0.377,3.021,0.199,61591.772425,60796.001439
A_OB_1.9999999999999998_1.0_152,COM,1.369751,1.167634,2.425,0.993,5.258,64018.121211,60796.001439
A_OB_1.9999999999999998_1.0_153,COM,0.802063,1.10082,1.782,5.043,5.088,63971.553954,60796.001439
A_OB_1.9999999999999998_1.0_154,COM,0.042832,1.005532,0.671,2.632,4.71,61507.544514,60796.001439
A_OB_1.9999999999999998_1.0_155,COM,1.189281,1.150033,2.373,2.803,5.956,62450.069317,60796.001439
A_OB_1.9999999999999998_1.0_156,COM,1.323986,1.154228,1.32,1.605,4.847,64149.678707,60796.001439
A_OB_1.9999999999999998_1.0_157,COM,1.556836,1.199957,1.607,2.434,5.281,61480.276084,60796.001439
A_OB_1.9999999999999998_1.0_158,COM,1.722693,1.21289,0.884,0.909,3.967,61895.644832,60796.001439
A_OB_1.9999999999999998_1.0_159,COM,1.029039,1.119938,1.649,2.626,4.619,63334.486017,60796.001439
A_OB_1.9999999999999998_1.0_160,COM,1.332725,1.174644,1.352,5.31,2.442,63480.091665,60796.001439
A_OB_1.9999999999999998_1.0_161,COM,0.516133,1.083784,1.146,2.102,2.963,62559.60518,60796.001439
A_OB_1.9999999999999998_1.0_162,COM,0.440473,1.063057,1.949,3.963,2.534,61755.099745,60796.001439
A_OB_1.9999999999999998_1.0_163,COM,0.688668,1.098582,2.013,0.94,4.806,63370.123184,60796.001439
A_OB_1.9999999999999998_1.0_164,COM,0.818684,1.12069,0.68,4.309,2.719,62974.331365,60796.001439
A_OB_1.9999999999999998_1.0_165,COM,0.450009,1.071858,2.298,0.187,5.069,62174.704246,60796.001439
A_OB_1.9999999999999998_1.0_166,COM,1.334599,1.202591,0.832,3.855,0.317,63747.139084,60796.001439
A_OB_1.9999999999999998_1.0_167,COM,0.237524,1.033619,1.462,4.791,3.655,61560.052187,60796.001439
A_OB_1.9999999999999998_1.0_168,COM,0.839747,1.127417,1.709,3.773,2.946,63530.678042,60796.001439
A_OB_1.9999999999999998_1.0_169,COM,1.408859,1.222339,1.81,0.947,4.239,63468.09121,60796.001439
A_OB_1.9999999999999998_1.0_170,COM,2.029854,1.283903,2.193,4.528,3.168,62042.805734,60796.001439
A_OB_1.9999999999999998_1.0_171,COM,1.737824,1.285725,0.756,4.466,4.1,61065.911162,60796.001439
A_OB_1.9999999999999998_1.0_172,COM,0.772868,1.12617,0.441,0.34,2.151,62221.543123,60796.001439
A_OB_1.9999999999999998_1.0_173,COM,0.924473,1.138849,1.061,4.0,3.758,63917.224647,60796.001439
A_OB_1.9999999999999998_1.0_174,COM,1.788998,1.277761,0.751,3.369,4.13,64175.404181,60796.001439
A_OB_1.9999999999999998_1.0_175,COM,1.103165,1.153732,1.048,5.231,2.365,63063.675948,60796.001439
A_OB_1.9999999999999998_1.0_176,COM,1.528726,1.232324,1.34,0.294,5.713,61322.438807,60796.001439
A_OB_1.9999999999999998_1.0_177,COM,0.397005,1.057984,1.586,1.102,5.466,61537.743527,60796.001439
A_OB_1.9999999999999998_1.0_178,COM,0.691572,1.102269,1.552,2.995,3.911,62062.569815,60796.001439
A_OB_1.9999999999999998_1.0_179,COM,0.516929,1.079883,2.301,5.45,1.66,61258.106033,60796.001439
A_OB_1.9999999999999998_1.0_180,COM,0.463221,1.065251,1.765,4.994,3.983,63902.356683,60796.001439
A_OB_1.9999999999999998_1.0_181,COM,1.355683,1.216242,2.216,6.187,4.895,63131.633362,60796.001439
A_OB_1.9999999999999998_1.0_182,COM,1.590197,1.221205,2.478,3.087,0.938,61039.619981,60796.001439
A_OB_1.9999999999999998_1.0_183,COM,1.506584,1.236201,0.263,2.901,3.299,63594.7247,60796.001439
A_OB_1.9999999999999998_1.0_184,COM,0.846521,1.119457,1.115,3.172,3.852,61689.668205,60796.001439
A_OB_1.9999999999999998_1.0_185,COM,0.145047,1.022934,2.474,1.894,5.077,62124.03706,60796.001439
A_OB_1.9999999999999998_1.0_186,COM,1.018587,1.151168,0.898,2.834,3.673,64070.427833,60796.001439
A_OB_1.9999999999999998_1.0_187,COM,0.225366,1.032739,2.134,4.888,1.603,60895.535991,60796.001439
A_OB_1.9999999999999998_1.0_188,COM,1.331528,1.211455,2.776,1.135,0.961,60893.698908,60796.001439
A_OB_1.9999999999999998_1.0_189,COM,0.799198,1.113366,1.249,3.078,4.159,61624.991287,60796.001439
A_OB_1.9999999999999998_1.0_190,COM,1.876324,1.358476,1.959,4.558,2.988,62477.211899,60796.001439
A_OB_1.9999999999999998_1.0_191,COM,0.591066,1.105199,1.598,0.357,3.744,63131.432429,60796.001439
A_OB_1.9999999999999998_1.0_192,COM,1.348376,1.230606,0.945,4.208,2.01,64207.79773,60796.001439
A_OB_1.9999999999999998_1.0_193,COM,0.204347,1.034727,2.037,6.095,4.709,61536.38686,60796.001439
A_OB_1.9999999999999998_1.0_194,COM,1.555983,1.298835,1.791,0.12,4.818,61678.198704,60796.001439
A_OB_1.9999999999999998_1.0_195,COM,0.008514,1.001624,1.895,4.629,4.252,64294.45173,60796.001439
A_OB_1.9999999999999998_1.0_196,COM,0.8779,1.155588,1.681,2.765,4.763,61212.865931,60796.001439
A_OB_1.9999999999999998_1.0_197,COM,0.754795,1.137168,1.369,2.211,4.617,63018.186574,60796.001439
A_OB_1.9999999999999998_1.0_198,COM,0.340624,1.056198,0.953,5.793,4.697,61575.053459,60796.001439
A_OB_1.9999999999999998_1.0_199,COM,0.500159,1.096321,1.705,2.923,5.522,63195.761019,60796.001439
A_OB_1.9999999999999998_1.0_200,COM,1.061121,1.183866,2.698,3.134,1.33,61667.939287,60796.001439
A_OB_1.9999999999999998_1.0_201,COM,1.549092,1.267735,1.422,1.388,3.481,63960.048721,60796.001439
A_OB_1.9999999999999998_1.0_202,COM,0.608354,1.109897,1.786,2.855,4.554,64255.182701,60796.001439
A_OB_1.9999999999999998_1.0_203,COM,1.054217,1.190262,0.694,0.677,5.849,64184.105476,60796.001439
A_OB_1.9999999999999998_1.0_204,COM,1.076024,1.189305,2.256,5.158,4.499,63828.800505,60796.001439
A_OB_1.9999999999999998_1.0_205,COM,1.106918,1.196764,1.784,1.538,5.401,64088.165053,60796.001439
A_OB_1.9999999999999998_1.0_206,COM,0.390641,1.073261,1.285,3.078,5.277,64108.349276,60796.001439
A_OB_1.9999999999999998_1.0_207,COM,0.340337,1.05941,1.119,3.338,4.409,61254.447317,60796.001439
A_OB_1.9999999999999998_1.0_208,COM,0.423884,1.075559,2.679,2.482,3.229,62048.614368,60796.001439
A_OB_1.9999999999999998_1.0_209,COM,1.485091,1.266175,1.75,0.266,3.854,64251.583151,60796.001439
A_OB_1.9999999999999998_1.0_210,COM,1.26878,1.233146,1.498,1.704,3.614,62238.293263,60796.001439
A_OB_1.9999999999999998_1.0_211,COM,0.627476,1.119997,2.198,1.381,5.824,62185.612223,60796.001439
A_OB_1.9999999999999998_1.0_212,COM,1.375506,1.237823,1.937,6.246,4.586,61377.944226,60796.001439
A_OB_1.9999999999999998_1.0_213,COM,0.89932,1.172685,1.506,2.601,3.25,62559.897658,60796.001439
A_OB_1.9999999999999998_1.0_214,COM,1.391526,1.245154,0.68,4.802,2.806,62271.325718,60796.001439
A_OB_1.9999999999999998_1.0_215,COM,1.25695,1.234261,0.993,2.735,2.793,63572.230436,60796.001439
A_OB_1.9999999999999998_1.0_216,COM,1.191511,1.222521,1.439,3.985,2.589,62649.532382,60796.001439
A_OB_1.9999999999999998_1.0_217,COM,0.222722,1.037792,0.738,2.837,4.469,64356.753168,60796.001439
A_OB_1.9999999999999998_1.0_218,COM,1.031663,1.229076,1.15,0.405,5.443,63695.673278,60796.001439
A_OB_1.9999999999999998_1.0_219,COM,1.275887,1.257537,1.202,4.09,2.974,62737.983342,60796.001439
A_OB_1.9999999999999998_1.0_220,COM,0.697457,1.135057,1.366,3.792,2.792,62470.727276,60796.001439
A_OB_1.9999999999999998_1.0_221,COM,0.634759,1.129964,1.075,1.708,5.233,61485.202427,60796.001439
A_OB_1.9999999999999998_1.0_222,COM,0.527023,1.116449,0.996,3.501,4.94,61460.713249,60796.001439
A_OB_1.9999999999999998_1.0_223,COM,1.343991,1.280479,1.857,3.091,5.113,62045.292419,60796.001439
A_OB_1.9999999999999998_1.0_224,COM,0.950124,1.184855,2.226,0.856,1.295,64130.923237,60796.001439
A_OB_1.9999999999999998_1.0_225,COM,0.316761,1.063766,1.477,1.219,5.731,61493.985034,60796.001439
A_OB_1.9999999999999998_1.0_226,COM,1.497608,1.33448,2.726,4.259,2.38,62812.041241,60796.001439
A_OB_1.9999999999999998_1.0_227,COM,1.79688,1.35939,2.222,1.571,5.026,61541.760559,60796.001439
A_OB_1.9999999999999998_1.0_228,COM,0.963543,1.199897,1.943,5.622,3.244,62682.094912,60796.001439
A_OB_1.9999999999999998_1.0_229,COM,1.311907,1.269245,1.228,0.898,5.123,64055.845467,60796.001439
A_OB_1.9999999999999998_1.0_230,COM,0.206275,1.043451,1.493,4.108,3.97,63064.546816,60796.001439
A_OB_1.9999999999999998_1.0_231,COM,0.313767,1.06731,1.755,3.512,4.579,62928.812904,60796.001439
A_OB_1.9999999999999998_1.0_232,COM,1.528171,1.336896,2.386,3.923,3.184,61600.722627,60796.001439
A_OB_1.9999999999999998_1.0_233,COM,1.180896,1.239411,0.524,4.921,4.192,62515.42729,60796.001439
A_OB_1.9999999999999998_1.0_234,COM,0.684831,1.145623,1.586,5.742,3.875,62009.414708,60796.001439
A_OB_1.9999999999999998_1.0_235,COM,0.058063,1.011771,0.481,3.842,5.163,63026.608527,60796.001439
A_OB_1.9999999999999998_1.0_236,COM,0.605305,1.125305,1.73,5.25,2.883,61791.237956,60796.001439
A_OB_1.9999999999999998_1.0_237,COM,1.643451,1.354172,1.318,4.687,3.121,63325.017997,60796.001439
A_OB_1.9999999999999998_1.0_238,COM,0.884793,1.174689,0.917,2.37,3.752,62283.996161,60796.001439
A_OB_1.9999999999999998_1.0_239,COM,1.12673,1.241461,0.665,4.819,3.655,62502.507834,60796.001439
A_OB_1.9999999999999998_1.0_240,COM,1.079543,1.22189,2.248,6.235,4.061,62374.168534,60796.001439
A_OB_1.9999999999999998_1.0_241,COM,0.320798,1.07154,2.17,4.335,4.129,62798.223182,60796.001439
A_OB_1.9999999999999998_1.0_242,COM,1.252784,1.258561,1.796,2.337,2.863,61154.464012,60796.001439
A_OB_1.9999999999999998_1.0_243,COM,1.51051,1.310955,1.368,4.615,2.212,61141.134503,60796.001439
A_OB_1.9999999999999998_1.0_244,COM,2.387009,1.507919,2.801,4.47,1.623,61971.678987,60796.001439
A_OB_1.9999999999999998_1.0_245,COM,0.719176,1.155395,1.567,3.846,4.006,63886.596009,60796.001439
A_OB_1.9999999999999998_1.0_246,COM,1.331117,1.268881,1.704,2.355,5.915,61801.933198,60796.001439
A_OB_1.9999999999999998_1.0_247,COM,1.119203,1.241987,1.882,3.864,3.025,63148.404419,60796.001439
A_OB_1.9999999999999998_1.0_248,COM,0.067737,1.014561,1.423,3.935,3.629,62261.301582,60796.001439
A_OB_1.9999999999999998_1.0_249,COM,0.172042,1.038251,1.584,2.473,4.696,62251.716821,60796.001439
A_OB_1.9999999999999998_1.0_250,COM,0.362558,1.075338,1.379,1.537,5.892,62148.672888,60796.001439
A_OB_1.9999999999999998_1.0_251,COM,1.220467,1.311319,2.782,2.869,3.38,61545.300719,60796.001439
A_OB_1.9999999999999998_1.0_252,COM,1.633563,1.391921,1.297,2.649,2.979,61316.949718,60796.001439
A_OB_1.9999999999999998_1.0_253,COM,1.08149,1.268107,0.386,5.659,2.218,61081.62955,60796.001439
A_OB_1.9999999999999998_1.0_254,COM,1.104759,1.269247,0.481,3.692,3.063,63964.380531,60796.001439
A_OB_1.9999999999999998_1.0_255,COM,0.69064,1.1641,1.636,3.555,4.102,61276.60582,60796.001439
A_OB_1.9999999999999998_1.0_256,COM,0.148685,1.03441,2.3,2.612,5.304,61517.911407,60796.001439
A_OB_1.9999999999999998_1.0_257,COM,0.969694,1.227694,1.375,5.477,2.723,61505.971889,60796.001439
A_OB_1.9999999999999998_1.0_258,COM,1.276544,1.288612,2.151,3.483,4.969,62969.839007,60796.001439
A_OB_1.9999999999999998_1.0_259,COM,0.057469,1.013547,1.163,0.911,0.499,64396.869189,60796.001439
A_OB_1.9999999999999998_1.0_260,COM,2.151993,1.508098,1.945,2.18,4.856,64290.772698,60796.001439
A_OB_1.9999999999999998_1.0_261,COM,0.491011,1.117719,1.185,2.983,6.221,60696.09772,60796.001439
A_OB_1.9999999999999998_1.0_262,COM,0.01287,1.003068,2.858,5.685,3.706,61344.391561,60796.001439
A_OB_1.9999999999999998_1.0_263,COM,0.375952,1.090657,1.309,4.35,4.524,63927.822828,60796.001439
A_OB_1.9999999999999998_1.0_264,COM,0.664526,1.166008,2.122,3.768,3.36,62378.155133,60796.001439
A_OB_1.9999999999999998_1.0_265,COM,0.365767,1.088462,1.991,4.973,4.231,63041.807711,60796.001439
A_OB_1.9999999999999998_1.0_266,COM,0.182907,1.043564,2.066,5.889,4.416,62767.974283,60796.001439
A_OB_1.9999999999999998_1.0_267,COM,0.480701,1.116015,2.159,1.689,5.084,63571.657561,60796.001439
A_OB_1.9999999999999998_1.0_268,COM,1.256673,1.285857,1.951,5.115,3.386,61429.70711,60796.001439
A_OB_1.9999999999999998_1.0_269,COM,1.452771,1.366628,1.155,1.285,4.465,61347.51197,60796.001439
A_OB_1.9999999999999998_1.0_270,COM,0.996419,1.223656,1.351,1.52,5.819,64306.217489,60796.001439
A_OB_1.9999999999999998_1.0_271,COM,0.883278,1.210243,1.397,2.362,5.669,62696.888775,60796.001439
A_OB_1.9999999999999998_1.0_272,COM,1.074302,1.255012,1.403,3.23,2.26,60715.984609,60796.001439
A_OB_1.9999999999999998_1.0_273,COM,1.007927,1.252861,1.27,1.731,4.782,63297.041853,60796.001439
A_OB_1.9999999999999998_1.0_274,COM,1.876394,1.436315,1.563,4.942,4.946,63680.754182,60796.001439
A_OB_1.9999999999999998_1.0_275,COM,0.043368,1.010901,0.189,2.3,4.491,64355.291474,60796.001439
A_OB_1.9999999999999998_1.0_276,COM,1.000002,1.244864,1.61,1.65,4.891,62210.267497,60796.001439
A_OB_1.9999999999999998_1.0_277,COM,0.684759,1.17376,1.633,1.447,5.838,60822.964002,60796.001439
A_OB_1.9999999999999998_1.0_278,COM,1.351015,1.312782,1.699,6.12,3.357,64335.055957,60796.001439
A_OB_1.9999999999999998_1.0_279,COM,1.378087,1.338746,1.0,1.2,4.607,62970.139819,60796.001439
A_OB_1.9999999999999998_1.0_280,COM,0.083422,1.023433,1.484,2.773,3.751,63268.95815,60796.001439
A_OB_1.9999999999999998_1.0_281,COM,1.357889,1.377716,2.403,2.499,3.862,63383.211553,60796.001439
A_OB_1.9999999999999998_1.0_282,COM,1.404083,1.401662,2.112,1.463,5.59,60767.341828,60796.001439
A_OB_1.9999999999999998_1.0_283,COM,0.862034,1.232595,2.282,1.869,0.534,61628.776717,60796.001439
A_OB_1.9999999999999998_1.0_284,COM,0.042262,1.011063,1.383,2.338,5.871,62809.737931,60796.001439
A_OB_1.9999999999999998_1.0_285,COM,1.127039,1.312796,2.209,4.633,4.105,61017.600587,60796.001439
A_OB_1.9999999999999998_1.0_286,COM,0.812836,1.215089,2.232,0.629,5.552,61513.894035,60796.001439
A_OB_1.9999999999999998_1.0_287,COM,1.267993,1.343144,1.19,3.468,2.863,62261.104065,60796.001439
A_OB_1.9999999999999998_1.0_288,COM,1.624144,1.423446,2.799,5.931,0.299,60948.693426,60796.001439
A_OB_1.9999999999999998_1.0_289,COM,0.993131,1.268917,2.191,2.658,2.789,63516.820392,60796.001439
A_OB_1.9999999999999998_1.0_290,COM,0.84173,1.222554,2.169,4.078,2.829,62665.537161,60796.001439
A_OB_1.9999999999999998_1.0_291,COM,0.890533,1.255372,1.244,1.129,4.617,63396.337884,60796.001439
A_OB_1.9999999999999998_1.0_292,COM,1.23962,1.323266,2.688,2.333,0.387,60930.448955,60796.001439
A_OB_1.9999999999999998_1.0_293,COM,0.803738,1.213412,2.033,3.535,3.666,61414.620727,60796.001439
A_OB_1.9999999999999998_1.0_294,COM,1.413972,1.367366,1.668,5.07,4.166,61805.561248,60796.001439
A_OB_1.9999999999999998_1.0_295,COM,0.814503,1.214622,1.504,1.55,5.048,61165.361524,60796.001439
A_OB_1.9999999999999998_1.0_296,COM,0.793733,1.213877,0.375,1.629,4.536,62910.870445,60796.001439
A_OB_1.9999999999999998_1.0_297,COM,0.562599,1.147256,2.416,6.018,5.18,61006.333358,60796.001439
A_OB_1.9999999999999998_1.0_298,COM,1.296703,1.345281,2.178,4.47,2.771,64409.529643,60796.001439
A_OB_1.9999999999999998_1.0_299,COM,1.107462,1.287201,0.943,4.082,3.185,62598.436104,60796.001439
A_OB_1.9999999999999998_1.0_300,COM,1.121771,1.309986,0.763,4.739,2.989,62704.870982,60796.001439
A_OB_1.9999999999999998_1.0_301,COM,0.488381,1.140618,2.113,0.525,4.735,63559.959814,60796.001439
A_OB_1.9999999999999998_1.0_302,COM,1.072545,1.292919,0.668,4.334,3.652,61609.406449,60796.001439
A_OB_1.9999999999999998_1.0_303,COM,0.9228,1.268896,2.116,1.033,4.562,63419.188987,60796.001439
A_OB_1.9999999999999998_1.0_304,COM,0.508896,1.14604,2.096,1.353,0.404,61389.881824,60796.001439
A_OB_1.9999999999999998_1.0_305,COM,1.4376,1.38302,1.531,2.383,3.914,61730.897598,60796.001439
A_OB_1.9999999999999998_1.0_306,COM,1.291773,1.332379,2.402,1.131,1.691,61976.799123,60796.001439
A_OB_1.9999999999999998_1.0_307,COM,0.305051,1.07885,1.737,5.908,5.914,63217.060556,60796.001439
A_OB_1.9999999999999998_1.0_308,COM,1.037536,1.274613,1.55,3.269,4.959,63558.936376,60796.001439
A_OB_1.9999999999999998_1.0_309,COM,0.251872,1.06797,3.03,1.281,1.708,61940.874072,60796.001439
A_OB_1.9999999999999998_1.0_310,COM,0.064015,1.01858,1.07,2.232,4.444,63169.462128,60796.001439
A_OB_1.9999999999999998_1.0_311,COM,1.505911,1.417582,0.699,0.327,2.196,63032.706587,60796.001439
A_OB_1.9999999999999998_1.0_312,COM,0.980077,1.280965,0.575,1.265,4.365,62615.272616,60796.001439
A_OB_1.9999999999999998_1.0_313,COM,1.105437,1.342321,0.713,1.113,5.804,63761.100466,60796.001439
A_OB_1.9999999999999998_1.0_314,COM,0.742659,1.222147,1.062,1.837,4.36,62633.84978,60796.001439
A_OB_1.9999999999999998_1.0_315,COM,1.166172,1.377348,1.906,3.416,3.32,60844.817149,60796.001439
A_OB_1.9999999999999998_1.0_316,COM,4.198957,2.31662,1.72,3.554,2.793,60884.106543,60796.001439
A_OB_1.9999999999999998_1.0_317,COM,0.445095,1.137827,1.748,2.083,5.027,60854.708159,60796.001439
A_OB_1.9999999999999998_1.0_318,COM,0.480315,1.147101,1.064,4.415,3.336,63560.930026,60796.001439
A_OB_1.9999999999999998_1.0_319,COM,0.159293,1.048751,1.539,2.331,3.784,63086.02992,60796.001439
A_OB_1.9999999999999998_1.0_320,COM,0.791919,1.257332,2.747,2.386,0.82,63382.396935,60796.001439
A_OB_1.9999999999999998_1.0_321,COM,0.994742,1.305472,0.627,5.768,4.793,61184.581838,60796.001439
A_OB_1.9999999999999998_1.0_322,COM,0.459887,1.149232,2.268,5.798,4.166,61402.675795,60796.001439
A_OB_1.9999999999999998_1.0_323,COM,0.74359,1.220351,0.885,0.648,4.339,64325.420794,60796.001439
A_OB_1.9999999999999998_1.0_324,COM,1.025862,1.317271,1.657,5.897,4.463,62826.611646,60796.001439
A_OB_1.9999999999999998_1.0_325,COM,1.208497,1.380396,1.433,0.245,4.498,64017.008757,60796.001439
A_OB_1.9999999999999998_1.0_326,COM,0.45153,1.140389,0.715,1.538,4.73,63871.288216,60796.001439
A_OB_1.9999999999999998_1.0_327,COM,0.349258,1.104404,1.464,2.937,4.204,62791.225626,60796.001439
A_OB_1.9999999999999998_1.0_328,COM,1.503295,1.448046,1.853,0.568,3.887,60947.949346,60796.001439
A_OB_1.9999999999999998_1.0_329,COM,0.70718,1.220025,1.134,2.738,4.032,61126.114698,60796.001439
A_OB_1.9999999999999998_1.0_330,COM,0.771916,1.23137,2.043,3.329,3.594,62586.667437,60796.001439
A_OB_1.9999999999999998_1.0_331,COM,1.941778,1.585997,1.078,6.043,5.135,63674.680896,60796.001439
A_OB_1.9999999999999998_1.0_332,COM,0.08591,1.0272,1.017,0.664,4.559,62940.676388,60796.001439
A_OB_1.9999999999999998_1.0_333,COM,0.888158,1.265493,1.123,2.233,4.591,63501.005786,60796.001439
A_OB_1.9999999999999998_1.0_334,COM,0.664006,1.240159,2.218,4.213,3.474,61833.748477,60796.001439
A_OB_1.9999999999999998_1.0_335,COM,0.733161,1.264819,0.588,2.842,4.311,62156.567578,60796.001439
A_OB_1.9999999999999998_1.0_336,COM,1.460595,1.523875,1.17,2.604,3.503,60856.938421,60796.001439
A_OB_1.9999999999999998_1.0_337,COM,0.902863,1.317193,0.949,2.523,4.78,63255.002264,60796.001439
A_OB_1.9999999999999998_1.0_338,COM,1.22577,1.411473,1.558,1.115,4.674,61408.381497,60796.001439
A_OB_1.9999999999999998_1.0_339,COM,0.351051,1.118847,1.24,4.685,3.933,63503.50627,60796.001439
A_OB_1.9999999999999998_1.0_340,COM,1.257387,1.422011,0.463,1.923,3.282,62657.743603,60796.001439
A_OB_1.9999999999999998_1.0_341,COM,0.956434,1.327548,2.198,3.219,1.035,62335.513654,60796.001439
A_OB_1.9999999999999998_1.0_342,COM,1.247741,1.446605,1.159,0.841,5.077,63465.304317,60796.001439
A_OB_1.9999999999999998_1.0_343,COM,1.693974,1.576456,0.966,0.823,4.054,62916.549163,60796.001439
A_OB_1.9999999999999998_1.0_344,COM,0.522413,1.182659,2.248,5.31,3.955,60783.81582,60796.001439
A_OB_1.9999999999999998_1.0_345,COM,0.101362,1.033667,0.993,1.142,5.141,60977.199354,60796.001439
A_OB_1.9999999999999998_1.0_346,COM,0.38486,1.138887,1.498,5.552,4.184,61718.838417,60796.001439
A_OB_1.9999999999999998_1.0_347,COM,0.498378,1.1732,2.028,6.187,3.181,63272.978173,60796.001439
A_OB_1.9999999999999998_1.0_348,COM,1.486272,1.542936,2.288,5.82,4.534,62821.440533,60796.001439
A_OB_1.9999999999999998_1.0_349,COM,1.344135,1.471203,1.857,0.854,4.755,61931.924228,60796.001439
A_OB_1.9999999999999998_1.0_350,COM,0.287365,1.095139,1.132,1.88,3.98,63644.078116,60796.001439
A_OB_1.9999999999999998_1.0_351,COM,0.371538,1.130261,1.753,0.021,4.428,63104.015994,60796.001439
A_OB_1.9999999999999998_1.0_352,COM,1.759622,1.588167,0.934,1.313,2.917,64473.919645,60796.001439
A_OB_1.9999999999999998_1.0_353,COM,0.742548,1.246275,1.154,4.277,3.511,63280.635309,60796.001439
A_OB_1.9999999999999998_1.0_354,COM,1.189432,1.437542,0.855,1.55,4.268,64193.38528,60796.001439
A_OB_1.9999999999999998_1.0_355,COM,1.237271,1.442463,0.909,1.324,4.869,64042.452525,60796.001439
A_OB_1.9999999999999998_1.0_356,COM,1.204561,1.425577,1.094,0.932,3.626,61449.981152,60796.001439
A_OB_1.9999999999999998_1.0_357,COM,1.159999,1.420777,2.821,3.391,3.314,63231.268691,60796.001439
A_OB_1.9999999999999998_1.0_358,COM,1.332938,1.44349,1.919,5.725,3.101,63683.249234,60796.001439
A_OB_1.9999999999999998_1.0_359,COM,1.622082,1.574949,0.56,5.498,4.93,61500.85739,60796.001439
A_OB_1.9999999999999998_1.0_360,COM,2.122459,1.800605,1.394,1.278,4.583,61552.361912,60796.001439
A_OB_1.9999999999999998_1.0_361,COM,1.110049,1.413776,0.09,5.772,5.007,61726.464835,60796.001439
A_OB_1.9999999999999998_1.0_362,COM,1.061914,1.403852,2.184,1.897,3.076,63091.869373,60796.001439
A_OB_1.9999999999999998_1.0_363,COM,0.838032,1.309754,2.306,5.319,3.009,64269.397844,60796.001439
A_OB_1.9999999999999998_1.0_364,COM,1.716923,1.687288,0.876,1.136,4.027,62025.789316,60796.001439
A_OB_1.9999999999999998_1.0_365,COM,0.626199,1.25344,2.063,4.11,3.291,62795.788959,60796.001439
A_OB_1.9999999999999998_1.0_366,COM,0.209711,1.080183,1.337,3.592,3.736,64505.010435,60796.001439
A_OB_1.9999999999999998_1.0_367,COM,1.006009,1.374,2.472,0.426,4.284,60740.011174,60796.001439
A_OB_1.9999999999999998_1.0_368,COM,1.396431,1.530047,1.947,1.979,0.909,63397.178447,60796.001439
A_OB_1.9999999999999998_1.0_369,COM,1.469,1.573153,2.489,0.746,4.237,61274.657908,60796.001439
A_OB_1.9999999999999998_1.0_370,COM,0.377395,1.143247,1.318,3.898,3.29,64078.889713,60796.001439
A_OB_1.9999999999999998_1.0_371,COM,0.751667,1.287483,1.675,2.107,2.746,62679.523549,60796.001439
A_OB_1.9999999999999998_1.0_372,COM,0.597903,1.224015,2.079,1.597,4.946,64365.64787,60796.001439
A_OB_1.9999999999999998_1.0_373,COM,1.818947,1.679419,1.256,1.337,4.67,62904.381652,60796.001439
A_OB_1.9999999999999998_1.0_374,COM,1.526831,1.6037,2.047,5.629,3.432,63827.347096,60796.001439
A_OB_1.9999999999999998_1.0_375,COM,0.989785,1.37952,1.728,0.669,3.321,60896.101243,60796.001439
A_OB_1.9999999999999998_1.0_376,COM,1.178051,1.473345,2.712,3.761,2.164,64165.354374,60796.001439
A_OB_1.9999999999999998_1.0_377,COM,0.100864,1.038542,0.997,4.33,3.924,64281.049505,60796.001439
A_OB_1.9999999999999998_1.0_378,COM,0.215168,1.086333,2.572,0.563,0.787,63578.948673,60796.001439
A_OB_1.9999999999999998_1.0_379,COM,0.9555,1.359737,1.825,0.485,3.496,61331.830543,60796.001439
A_OB_1.9999999999999998_1.0_380,COM,0.19285,1.072413,1.958,3.324,4.209,61308.441365,60796.001439
A_OB_1.9999999999999998_1.0_381,COM,1.100154,1.419833,1.173,2.159,4.195,61160.269287,60796.001439
A_OB_1.9999999999999998_1.0_382,COM,0.045214,1.017047,1.001,3.171,4.096,64239.991199,60796.001439
A_OB_1.9999999999999998_1.0_383,COM,1.211864,1.457123,1.676,0.779,5.292,62390.21751,60796.001439
A_OB_1.9999999999999998_1.0_384,COM,1.710503,1.713063,1.617,6.173,3.539,61352.391401,60796.001439
A_OB_1.9999999999999998_1.0_385,COM,0.437806,1.187864,1.178,2.82,3.315,61401.425351,60796.001439
A_OB_1.9999999999999998_1.0_386,COM,0.622272,1.266778,1.94,1.452,4.953,63464.911922,60796.001439
A_OB_1.9999999999999998_1.0_387,COM,0.507095,1.218749,1.151,3.906,4.316,61364.687463,60796.001439
A_OB_1.9999999999999998_1.0_388,COM,1.368676,1.606871,1.702,1.304,5.41,62642.36878,60796.001439
A_OB_1.9999999999999998_1.0_389,COM,0.140614,1.059248,1.76,4.67,4.167,62096.402151,60796.001439
A_OB_1.9999999999999998_1.0_390,COM,0.710103,1.29803,1.647,1.101,3.758,60943.000383,60796.001439
A_OB_1.9999999999999998_1.0_391,COM,0.840652,1.363315,1.628,0.029,4.176,64102.528968,60796.001439
A_OB_1.9999999999999998_1.0_392,COM,0.941004,1.387052,0.144,0.478,5.943,63632.376557,60796.001439
A_OB_1.9999999999999998_1.0_393,COM,0.897251,1.39449,1.097,3.928,3.127,61625.821596,60796.001439
A_OB_1.9999999999999998_1.0_394,COM,0.52604,1.222805,1.488,1.745,4.12,63973.214917,60796.001439
A_OB_1.9999999999999998_1.0_395,COM,1.05781,1.458893,1.098,4.342,2.795,64499.572513,60796.001439
A_OB_1.9999999999999998_1.0_396,COM,1.042449,1.468013,2.325,1.323,4.975,61490.132143,60796.001439
A_OB_1.9999999999999998_1.0_397,COM,0.839335,1.367171,1.663,5.695,3.691,61735.637547,60796.001439
A_OB_1.9999999999999998_1.0_398,COM,0.90379,1.381716,1.916,5.247,2.829,61971.95981,60796.001439
A_OB_1.9999999999999998_1.0_399,COM,0.456811,1.201765,1.637,5.287,3.707,60819.643811,60796.001439
A_OB_1.9999999999999998_1.0_400,COM,1.374903,1.578204,2.335,3.667,3.172,63339.561214,60796.001439
A_OB_1.9999999999999998_1.0_401,COM,1.532259,1.647544,2.361,3.225,1.31,62917.628812,60796.001439
A_OB_1.9999999999999998_1.0_402,COM,1.36958,1.613413,2.576,0.974,0.913,60888.16015,60796.001439
A_OB_1.9999999999999998_1.0_403,COM,1.263435,1.521439,2.027,4.998,3.009,62719.897406,60796.001439
A_OB_1.9999999999999998_1.0_404,COM,0.307087,1.127877,2.028,0.957,5.904,63203.612624,60796.001439
A_OB_1.9999999999999998_1.0_405,COM,1.004853,1.42232,2.042,5.996,4.822,61442.806687,60796.001439
A_OB_1.9999999999999998_1.0_406,COM,0.184704,1.076696,2.555,5.699,4.794,60822.938086,60796.001439
A_OB_1.9999999999999998_1.0_407,COM,0.9736,1.420427,2.205,0.518,5.732,62210.306644,60796.001439
A_OB_1.9999999999999998_1.0_408,COM,0.358333,1.152413,0.451,4.815,1.247,61779.540694,60796.001439
A_OB_1.9999999999999998_1.0_409,COM,1.384459,1.628251,1.883,0.495,5.235,63881.423809,60796.001439
A_OB_1.9999999999999998_1.0_410,COM,0.177076,1.074489,1.64,4.751,3.612,61265.750899,60796.001439
A_OB_1.9999999999999998_1.0_411,COM,1.334333,1.560889,1.825,1.127,5.061,62212.91998,60796.001439
A_OB_1.9999999999999998_1.0_412,COM,0.353245,1.166612,1.003,1.364,5.137,63149.077991,60796.001439
A_OB_1.9999999999999998_1.0_413,COM,0.259669,1.125897,1.063,5.827,3.93,63606.228442,60796.001439
A_OB_1.9999999999999998_1.0_414,COM,0.48741,1.241251,2.022,4.463,4.164,62437.892143,60796.001439
A_OB_1.9999999999999998_1.0_415,COM,0.762542,1.380176,2.692,6.087,3.425,62557.433335,60796.001439
A_OB_1.9999999999999998_1.0_416,COM,1.587991,1.759598,2.054,1.855,5.732,61649.672363,60796.001439
A_OB_1.9999999999999998_1.0_417,COM,1.433308,1.654085,0.64,5.214,3.817,64431.026228,60796.001439
A_OB_1.9999999999999998_1.0_418,COM,0.333189,1.165587,1.631,2.939,4.622,63515.82223,60796.001439
A_OB_1.9999999999999998_1.0_419,COM,1.050676,1.526203,1.402,4.11,3.598,60881.086853,60796.001439
A_OB_1.9999999999999998_1.0_420,COM,0.673505,1.327702,0.745,3.718,1.893,62854.694981,60796.001439
A_OB_1.9999999999999998_1.0_421,COM,0.326445,1.149451,1.699,4.8,3.754,63116.401387,60796.001439
A_OB_1.9999999999999998_1.0_422,COM,1.606579,1.768399,2.262,6.201,2.466,62054.779048,60796.001439
A_OB_1.9999999999999998_1.0_423,COM,1.059453,1.504747,1.923,0.304,4.17,62102.210994,60796.001439
A_OB_1.9999999999999998_1.0_424,COM,1.29376,1.59836,2.568,0.132,4.403,60991.585424,60796.001439
A_OB_1.9999999999999998_1.0_425,COM,0.789771,1.362194,0.802,1.557,5.785,61762.399895,60796.001439
A_OB_1.9999999999999998_1.0_426,COM,1.062634,1.515867,2.009,1.222,4.46,63786.324669,60796.001439
A_OB_1.9999999999999998_1.0_427,COM,0.632019,1.290558,2.045,6.154,4.524,63344.796382,60796.001439
A_OB_1.9999999999999998_1.0_428,COM,1.144615,1.561892,1.628,4.305,3.208,61234.480908,60796.001439
A_OB_1.9999999999999998_1.0_429,COM,0.394337,1.179504,2.505,4.745,3.3,61480.348499,60796.001439
A_OB_1.9999999999999998_1.0_430,COM,0.704465,1.338173,0.825,5.406,2.356,61428.219317,60796.001439
A_OB_1.9999999999999998_1.0_431,COM,1.369387,1.677754,1.684,5.26,3.46,63854.076497,60796.001439
A_OB_1.9999999999999998_1.0_432,COM,0.51045,1.25515,2.371,1.139,4.699,62997.593199,60796.001439
A_OB_1.9999999999999998_1.0_433,COM,1.815893,1.857984,1.338,3.695,3.999,61887.145449,60796.001439
A_OB_1.9999999999999998_1.0_434,COM,0.510347,1.252272,2.717,3.043,4.145,63133.893597,60796.001439
A_OB_1.9999999999999998_1.0_435,COM,0.807559,1.374754,1.27,1.457,4.807,62307.658398,60796.001439
A_OB_1.9999999999999998_1.0_436,COM,0.909779,1.414061,1.646,1.934,4.874,62588.892983,60796.001439
A_OB_1.9999999999999998_1.0_437,COM,1.383567,1.646425,1.246,6.177,2.379,62245.373113,60796.001439
A_OB_1.9999999999999998_1.0_438,COM,1.591469,1.822183,0.975,2.326,4.873,61113.303005,60796.001439
A_OB_1.9999999999999998_1.0_439,COM,0.93247,1.501083,0.692,4.157,3.052,62002.071526,60796.001439
A_OB_1.9999999999999998_1.0_440,COM,0.68036,1.347413,2.034,1.473,1.949,62362.764804,60796.001439
A_OB_1.9999999999999998_1.0_441,COM,0.474538,1.243425,1.457,1.459,5.296,63729.554331,60796.001439
A_OB_1.9999999999999998_1.0_442,COM,0.950803,1.499173,1.256,2.224,4.433,62000.165891,60796.001439
A_OB_1.9999999999999998_1.0_443,COM,0.645796,1.351462,2.309,1.447,4.186,63887.7872,60796.001439
A_OB_1.9999999999999998_1.0_444,COM,1.103713,1.603161,1.15,3.763,3.49,63591.071567,60796.001439
A_OB_1.9999999999999998_1.0_445,COM,0.843812,1.462888,1.026,1.863,3.748,61059.684482,60796.001439
A_OB_1.9999999999999998_1.0_446,COM,1.210939,1.61133,2.385,5.26,2.398,64220.989199,60796.001439
A_OB_1.9999999999999998_1.0_447,COM,0.516464,1.260466,0.539,3.625,3.584,63517.684449,60796.001439
A_OB_1.9999999999999998_1.0_448,COM,0.19835,1.099613,1.509,2.517,4.447,64189.281895,60796.001439
A_OB_1.9999999999999998_1.0_449,COM,0.860634,1.462918,1.511,5.926,3.389,63892.165959,60796.001439
A_OB_1.9999999999999998_1.0_450,COM,1.229978,1.666635,2.008,5.014,2.771,62638.611177,60796.001439
A_OB_1.9999999999999998_1.0_451,COM,1.292856,1.672956,1.228,2.85,4.654,63781.610195,60796.001439
A_OB_1.9999999999999998_1.0_452,COM,1.169099,1.593483,1.281,3.838,4.153,61053.887464,60796.001439
A_OB_1.9999999999999998_1.0_453,COM,0.327608,1.165361,0.832,2.219,4.663,62114.354218,60796.001439
A_OB_1.9999999999999998_1.0_454,COM,2.181198,2.142828,1.893,4.846,2.977,62521.098785,60796.001439
A_OB_1.9999999999999998_1.0_455,COM,0.841639,1.432263,1.801,0.367,3.542,61312.651908,60796.001439
A_OB_1.9999999999999998_1.0_456,COM,1.474714,1.783437,1.848,0.755,3.609,60974.887375,60796.001439
A_OB_1.9999999999999998_1.0_457,COM,0.46522,1.25241,1.06,2.711,3.297,62510.391917,60796.001439
A_OB_1.9999999999999998_1.0_458,COM,0.132662,1.070917,1.666,4.227,3.424,62171.743951,60796.001439
A_OB_1.9999999999999998_1.0_459,COM,0.702944,1.359033,2.545,0.977,3.573,61299.879621,60796.001439
A_OB_1.9999999999999998_1.0_460,COM,1.112106,1.578509,1.521,3.371,2.484,61509.588339,60796.001439
A_OB_1.9999999999999998_1.0_461,COM,0.412948,1.213317,2.97,0.506,0.37,63943.275503,60796.001439
A_OB_1.9999999999999998_1.0_462,COM,1.069818,1.613275,2.939,1.167,4.579,61121.001612,60796.001439
A_OB_1.9999999999999998_1.0_463,COM,1.25349,1.690239,0.808,3.645,2.641,60852.848889,60796.001439
A_OB_1.9999999999999998_1.0_464,COM,1.220988,1.71599,1.732,1.693,4.714,64436.020222,60796.001439
A_OB_1.9999999999999998_1.0_465,COM,1.55317,1.863573,1.708,1.747,2.846,63676.587806,60796.001439
A_OB_1.9999999999999998_1.0_466,COM,1.358496,1.779297,1.659,1.1,4.916,63077.903761,60796.001439
A_OB_1.9999999999999998_1.0_467,COM,0.696734,1.393255,1.939,5.191,3.101,63467.737358,60796.001439
A_OB_1.9999999999999998_1.0_468,COM,1.10395,1.621863,2.786,0.257,3.367,61831.597728,60796.001439
A_OB_1.9999999999999998_1.0_469,COM,0.94385,1.526464,2.142,5.558,2.729,62002.083811,60796.001439
A_OB_1.9999999999999998_1.0_470,COM,1.688185,1.95625,0.67,1.94,3.749,61521.727658,60796.001439
A_OB_1.9999999999999998_1.0_471,COM,0.962618,1.544841,1.409,4.921,2.951,60929.645151,60796.001439
A_OB_1.9999999999999998_1.0_472,COM,0.958762,1.532519,2.794,2.876,6.21,63403.95032,60796.001439
A_OB_1.9999999999999998_1.0_473,COM,0.115376,1.068584,2.21,4.656,3.65,63073.046772,60796.001439
A_OB_1.9999999999999998_1.0_474,COM,0.28164,1.161501,2.251,4.479,3.971,62037.597249,60796.001439
A_OB_1.9999999999999998_1.0_475,COM,0.345021,1.205663,2.193,4.61,4.747,64456.176564,60796.001439
A_OB_1.9999999999999998_1.0_476,COM,0.669227,1.380447,2.11,4.829,2.938,64203.658944,60796.001439
A_OB_1.9999999999999998_1.0_477,COM,1.3965,1.798544,0.274,2.909,2.46,62705.136043,60796.001439
A_OB_1.9999999999999998_1.0_478,COM,0.444877,1.261814,1.087,2.135,5.176,60872.159899,60796.001439
A_OB_1.9999999999999998_1.0_479,COM,1.390254,1.827054,1.615,1.662,4.059,64139.184761,60796.001439
A_OB_1.9999999999999998_1.0_480,COM,0.9141,1.512949,1.795,4.182,3.047,62407.514978,60796.001439
A_OB_1.9999999999999998_1.0_481,COM,3.49809,3.063826,1.054,4.067,2.773,60700.459463,60796.001439
A_OB_1.9999999999999998_1.0_482,COM,0.629166,1.352052,1.703,5.992,4.105,61534.250658,60796.001439
A_OB_1.9999999999999998_1.0_483,COM,0.265743,1.155706,1.935,1.313,5.15,62929.352725,60796.001439
A_OB_1.9999999999999998_1.0_484,COM,0.26997,1.156078,1.486,4.015,2.972,62731.344946,60796.001439
A_OB_1.9999999999999998_1.0_485,COM,1.037738,1.591316,1.003,4.242,2.463,61644.243202,60796.001439
A_OB_1.9999999999999998_1.0_486,COM,0.030005,1.016751,1.849,5.89,3.958,62510.01139,60796.001439
A_OB_1.9999999999999998_1.0_487,COM,1.371847,1.852515,1.274,1.799,4.363,61082.366917,60796.001439
A_OB_1.9999999999999998_1.0_488,COM,0.305198,1.188343,1.558,1.172,4.765,60763.080173,60796.001439
A_OB_1.9999999999999998_1.0_489,COM,0.852039,1.554939,1.38,1.45,5.64,64187.597776,60796.001439
A_OB_1.9999999999999998_1.0_490,COM,1.919805,2.188186,1.994,5.363,3.996,62341.261987,60796.001439
A_OB_1.9999999999999998_1.0_491,COM,0.702674,1.434638,1.507,1.274,5.552,61876.147505,60796.001439
A_OB_1.9999999999999998_1.0_492,COM,1.374744,1.872704,2.352,4.716,3.345,64428.996138,60796.001439
A_OB_1.9999999999999998_1.0_493,COM,0.43691,1.284057,2.095,5.241,4.367,62974.354099,60796.001439
A_OB_1.9999999999999998_1.0_494,COM,1.186017,1.755481,2.422,2.247,4.432,63922.492314,60796.001439
A_OB_1.9999999999999998_1.0_495,COM,1.130022,1.718907,1.083,3.533,3.541,64302.279449,60796.001439
A_OB_1.9999999999999998_1.0_496,COM,1.676094,2.082557,0.918,3.593,2.791,61471.278663,60796.001439
A_OB_1.9999999999999998_1.0_497,COM,1.045453,1.667732,0.832,2.674,5.052,61195.508172,60796.001439
A_OB_1.9999999999999998_1.0_498,COM,1.233356,1.805436,0.847,3.673,4.163,62917.653633,60796.001439
A_OB_1.9999999999999998_1.0_499,COM,1.138943,1.735039,0.511,6.21,4.2,63750.505946,60796.001439
A_OB_1.9999999999999998_1.0_500,COM,1.316001,1.841612,2.263,5.558,2.46,64249.724153,60796.001439
A_OB_1.9999999999999998_1.0_501,COM,0.642142,1.411334,0.764,4.757,2.318,63856.386556,60796.001439
A_OB_1.9999999999999998_1.0_502,COM,0.265168,1.162318,2.743,0.364,3.935,61262.401126,60796.001439
A_OB_1.9999999999999998_1.0_503,COM,0.922954,1.554982,1.312,4.317,2.827,63256.41901,60796.001439
A_OB_1.9999999999999998_1.0_504,COM,0.996345,1.604507,1.807,2.179,5.129,61404.644935,60796.001439
A_OB_1.9999999999999998_1.0_505,COM,0.54273,1.353332,2.579,3.138,0.812,62892.342657,60796.001439
A_OB_1.9999999999999998_1.0_506,COM,0.358926,1.216104,0.671,0.533,5.865,63065.507468,60796.001439
A_OB_1.9999999999999998_1.0_507,COM,2.487841,2.633253,0.584,1.821,4.225,63284.906598,60796.001439
A_OB_1.9999999999999998_1.0_508,COM,1.042283,1.713849,1.842,0.789,5.645,64042.930472,60796.001439
A_OB_1.9999999999999998_1.0_509,COM,0.376213,1.258684,1.586,4.876,3.548,61677.821929,60796.001439
A_OB_1.9999999999999998_1.0_510,COM,0.360501,1.253329,2.045,0.732,4.534,62648.319976,60796.001439
A_OB_1.9999999999999998_1.0_511,COM,0.218033,1.143888,1.294,3.712,3.85,61553.224143,60796.001439
A_OB_1.9999999999999998_1.0_512,COM,0.899507,1.592723,0.922,3.868,3.429,63177.696168,60796.001439
A_OB_1.9999999999999998_1.0_513,COM,0.498272,1.340289,0.267,1.586,4.682,63502.998611,60796.001439
A_OB_1.9999999999999998_1.0_514,COM,0.439319,1.294049,1.4,4.093,4.536,61126.910299,60796.001439
A_OB_1.9999999999999998_1.0_515,COM,0.980582,1.672237,1.269,3.409,3.649,64014.585319,60796.001439
A_OB_1.9999999999999998_1.0_516,COM,0.14221,1.096383,0.963,3.777,3.798,64050.651735,60796.001439
A_OB_1.9999999999999998_1.0_517,COM,0.764826,1.512163,1.227,4.659,2.618,61835.04607,60796.001439
A_OB_1.9999999999999998_1.0_518,COM,0.603505,1.417099,1.093,3.029,4.211,61666.04919,60796.001439
A_OB_1.9999999999999998_1.0_519,COM,0.909261,1.636672,1.352,4.863,2.649,63162.819404,60796.001439
A_OB_1.9999999999999998_1.0_520,COM,0.816197,1.574289,0.991,0.894,4.405,63395.788114,60796.001439
A_OB_1.9999999999999998_1.0_521,COM,1.280598,1.88545,2.925,0.244,4.949,61386.762994,60796.001439
A_OB_1.9999999999999998_1.0_522,COM,0.308097,1.215101,1.118,4.078,3.409,62196.763705,60796.001439
A_OB_1.9999999999999998_1.0_523,COM,0.493739,1.340537,0.698,2.906,4.268,61872.168072,60796.001439
A_OB_1.9999999999999998_1.0_524,COM,1.446671,1.99957,0.935,3.49,3.718,63896.008498,60796.001439
A_OB_1.9999999999999998_1.0_525,COM,1.338004,1.875832,0.429,4.424,2.802,62538.669517,60796.001439
A_OB_1.9999999999999998_1.0_526,COM,1.054766,1.722702,2.129,6.191,4.221,62761.837966,60796.001439
A_OB_1.9999999999999998_1.0_527,COM,1.133613,1.763929,1.444,2.29,3.645,61906.031576,60796.001439
A_OB_1.9999999999999998_1.0_528,COM,1.206471,1.793193,2.015,1.359,4.806,62580.159213,60796.001439
A_OB_1.9999999999999998_1.0_529,COM,1.350582,1.940013,1.404,0.963,4.866,61885.052564,60796.001439
A_OB_1.9999999999999998_1.0_530,COM,1.067901,1.716749,0.575,2.078,4.333,64031.739712,60796.001439
A_OB_1.9999999999999998_1.0_531,COM,0.16623,1.116,1.907,0.588,5.248,62208.152785,60796.001439
A_OB_1.9999999999999998_1.0_532,COM,0.105588,1.07244,0.884,2.468,5.123,61933.864294,60796.001439
A_OB_1.9999999999999998_1.0_533,COM,0.938293,1.660248,1.959,0.997,4.226,63621.931487,60796.001439
A_OB_1.9999999999999998_1.0_534,COM,0.951853,1.6236,1.799,4.868,2.947,62471.952066,60796.001439
A_OB_1.9999999999999998_1.0_535,COM,0.827453,1.60096,1.187,2.757,2.546,64318.995635,60796.001439
A_OB_1.9999999999999998_1.0_536,COM,1.125208,1.852621,2.306,5.872,4.305,62647.445655,60796.001439
A_OB_1.9999999999999998_1.0_537,COM,2.653057,2.976992,1.655,3.748,2.907,62078.435487,60796.001439
A_OB_1.9999999999999998_1.0_538,COM,0.440106,1.332399,2.07,5.939,3.88,63717.545888,60796.001439
A_OB_1.9999999999999998_1.0_539,COM,1.787853,2.36265,1.475,1.194,2.991,64193.421455,60796.001439
A_OB_1.9999999999999998_1.0_540,COM,1.445867,2.02967,2.709,3.066,0.971,63808.80201,60796.001439
A_OB_1.9999999999999998_1.0_541,COM,0.359742,1.269718,2.047,1.323,5.784,62624.909606,60796.001439
A_OB_1.9999999999999998_1.0_542,COM,0.524084,1.373348,1.391,2.163,4.07,64032.663521,60796.001439
A_OB_1.9999999999999998_1.0_543,COM,0.649665,1.471687,1.45,3.54,4.029,62918.879787,60796.001439
A_OB_1.9999999999999998_1.0_544,COM,0.576189,1.412123,0.335,3.494,3.325,61188.881005,60796.001439
A_OB_1.9999999999999998_1.0_545,COM,0.553576,1.400721,2.005,1.542,5.408,61895.083734,60796.001439
A_OB_1.9999999999999998_1.0_546,COM,1.609082,2.174009,1.692,2.541,3.905,61995.978762,60796.001439
A_OB_1.9999999999999998_1.0_547,COM,0.885972,1.665223,1.402,1.966,4.882,63147.94505,60796.001439
A_OB_1.9999999999999998_1.0_548,COM,1.428893,2.052935,1.815,0.331,4.708,61641.456152,60796.001439
A_OB_1.9999999999999998_1.0_549,COM,0.741636,1.532652,1.781,0.074,4.347,60951.51609,60796.001439
A_OB_1.9999999999999998_1.0_550,COM,1.327498,1.988453,0.688,2.146,5.253,61968.581413,60796.001439
A_OB_1.9999999999999998_1.0_551,COM,1.168847,1.870374,1.845,5.102,3.246,61163.046311,60796.001439
A_OB_1.9999999999999998_1.0_552,COM,0.527865,1.387459,1.499,6.0,1.931,61140.344898,60796.001439
A_OB_1.9999999999999998_1.0_553,COM,0.731785,1.535784,0.945,4.557,3.26,63396.865209,60796.001439
A_OB_1.9999999999999998_1.0_554,COM,1.17521,1.849309,1.487,3.461,3.509,62181.578446,60796.001439
A_OB_1.9999999999999998_1.0_555,COM,1.091731,1.894774,1.103,1.424,4.054,61157.648014,60796.001439
A_OB_1.9999999999999998_1.0_556,COM,0.948176,1.746667,1.325,5.798,5.607,62311.736721,60796.001439
A_OB_1.9999999999999998_1.0_557,COM,1.244756,1.992453,0.662,1.963,4.579,60861.992753,60796.001439
A_OB_1.9999999999999998_1.0_558,COM,0.737911,1.594168,1.955,3.616,2.45,61125.101796,60796.001439
A_OB_1.9999999999999998_1.0_559,COM,2.059138,2.589,1.029,1.66,4.895,60639.313829,60796.001439
A_OB_1.9999999999999998_1.0_560,COM,1.869616,2.476415,1.768,4.686,2.592,64215.062226,60796.001439
A_OB_1.9999999999999998_1.0_561,COM,0.012145,1.009517,1.413,1.266,4.996,62744.1345,60796.001439
A_OB_1.9999999999999998_1.0_562,COM,0.805376,1.618655,1.559,4.356,2.21,61735.517517,60796.001439
A_OB_1.9999999999999998_1.0_563,COM,0.486524,1.382149,2.55,1.091,4.982,62734.805217,60796.001439
A_OB_1.9999999999999998_1.0_564,COM,0.341194,1.270757,0.905,2.377,4.525,63238.375102,60796.001439
A_OB_1.9999999999999998_1.0_565,COM,1.529328,2.245089,1.101,6.133,2.967,63080.100548,60796.001439
A_OB_1.9999999999999998_1.0_566,COM,0.613113,1.492328,1.115,2.185,4.211,64447.091934,60796.001439
A_OB_1.9999999999999998_1.0_567,COM,0.588026,1.472667,1.676,4.557,3.481,63484.185236,60796.001439
A_OB_1.9999999999999998_1.0_568,COM,1.921161,2.574489,1.544,4.784,2.443,64545.183246,60796.001439
A_OB_1.9999999999999998_1.0_569,COM,0.548037,1.420717,1.843,1.625,4.014,62215.309112,60796.001439
A_OB_1.9999999999999998_1.0_570,COM,1.171129,1.928621,0.46,2.077,4.227,62297.433119,60796.001439
A_OB_1.9999999999999998_1.0_571,COM,0.140613,1.107766,0.57,3.666,4.308,61118.434501,60796.001439
A_OB_1.9999999999999998_1.0_572,COM,1.739265,2.397198,1.782,0.709,4.572,64278.288128,60796.001439
A_OB_1.9999999999999998_1.0_573,COM,1.016827,1.798552,1.677,0.815,3.624,62980.053446,60796.001439
A_OB_1.9999999999999998_1.0_574,COM,1.710823,2.375529,2.161,0.221,3.698,62040.781334,60796.001439
A_OB_1.9999999999999998_1.0_575,COM,0.076384,1.059989,0.703,3.489,4.259,62899.658184,60796.001439
A_OB_1.9999999999999998_1.0_576,COM,1.402654,2.086547,2.535,6.258,3.096,62531.004913,60796.001439
A_OB_1.9999999999999998_1.0_577,COM,1.935482,2.684163,2.044,6.196,3.376,61520.813769,60796.001439
A_OB_1.9999999999999998_1.0_578,COM,1.517592,2.313326,0.434,0.915,2.189,64126.679958,60796.001439
A_OB_1.9999999999999998_1.0_579,COM,1.198161,2.038615,0.61,4.395,2.96,60916.18064,60796.001439
A_OB_1.9999999999999998_1.0_580,COM,1.340294,2.12257,1.351,2.139,4.282,64508.4012,60796.001439
A_OB_1.9999999999999998_1.0_581,COM,0.421326,1.373108,1.786,0.179,4.752,61042.101073,60796.001439
A_OB_1.9999999999999998_1.0_582,COM,0.87815,1.757836,1.48,2.092,5.442,62495.439324,60796.001439
A_OB_1.9999999999999998_1.0_583,COM,0.17409,1.151178,1.849,1.539,5.217,63654.681589,60796.001439
A_OB_1.9999999999999998_1.0_584,COM,0.773272,1.681939,0.639,5.452,3.627,61682.693668,60796.001439
A_OB_1.9999999999999998_1.0_585,COM,0.521105,1.446486,2.243,4.672,2.779,61767.303448,60796.001439
A_OB_1.9999999999999998_1.0_586,COM,0.551526,1.456053,2.15,1.403,4.913,64030.273221,60796.001439
A_OB_1.9999999999999998_1.0_587,COM,1.454678,2.223609,2.31,0.117,3.546,61821.476834,60796.001439
A_OB_1.9999999999999998_1.0_588,COM,1.413574,2.19318,1.961,5.908,4.386,64345.61816,60796.001439
A_OB_1.9999999999999998_1.0_589,COM,1.289829,2.114016,1.637,1.695,4.304,62389.968482,60796.001439
A_OB_1.9999999999999998_1.0_590,COM,1.296582,2.075913,1.989,5.662,3.208,64442.411699,60796.001439
A_OB_1.9999999999999998_1.0_591,COM,0.799728,1.703899,2.392,0.559,3.871,63891.557754,60796.001439
A_OB_1.9999999999999998_1.0_592,COM,0.889765,1.775124,0.88,4.14,3.187,62686.636219,60796.001439
A_OB_1.9999999999999998_1.0_593,COM,1.04814,1.917551,1.247,2.221,4.095,61372.367388,60796.001439
A_OB_1.9999999999999998_1.0_594,COM,1.237188,2.072233,1.831,1.12,3.355,62352.280597,60796.001439
A_OB_1.9999999999999998_1.0_595,COM,0.895231,1.750959,2.437,4.519,2.181,61941.383658,60796.001439
A_OB_1.9999999999999998_1.0_596,COM,1.272567,2.08717,0.954,2.341,4.244,62155.835858,60796.001439
A_OB_1.9999999999999998_1.0_597,COM,0.855705,1.712915,0.582,3.933,3.103,63063.743347,60796.001439
A_OB_1.9999999999999998_1.0_598,COM,1.325304,2.242491,2.304,6.042,4.238,63493.766715,60796.001439
A_OB_1.9999999999999998_1.0_599,COM,0.022354,1.020259,2.689,2.361,0.412,62587.447057,60796.001439
A_OB_1.9999999999999998_1.0_600,COM,0.935176,1.848783,2.443,1.707,5.054,61807.613797,60796.001439
A_OB_1.9999999999999998_1.0_601,COM,1.584365,2.422315,1.332,1.568,4.086,61576.618116,60796.001439
A_OB_1.9999999999999998_1.0_602,COM,1.277516,2.14663,1.621,2.17,4.302,61596.052672,60796.001439
A_OB_1.9999999999999998_1.0_603,COM,0.975948,1.888734,2.003,1.288,3.847,62684.375983,60796.001439
A_OB_1.9999999999999998_1.0_604,COM,0.563812,1.513161,1.789,4.242,2.651,62285.736222,60796.001439
A_OB_1.9999999999999998_1.0_605,COM,0.611855,1.570028,0.248,4.443,2.963,60974.7297,60796.001439
A_OB_1.9999999999999998_1.0_606,COM,1.925934,2.726491,1.938,0.586,3.861,62510.082954,60796.001439
A_OB_1.9999999999999998_1.0_607,COM,0.467757,1.428427,2.892,3.299,2.104,64312.992424,60796.001439
A_OB_1.9999999999999998_1.0_608,COM,0.836796,1.79,0.693,3.861,2.96,63427.551171,60796.001439
A_OB_1.9999999999999998_1.0_609,COM,1.325267,2.346233,1.952,1.909,4.708,63347.218802,60796.001439
A_OB_1.9999999999999998_1.0_610,COM,1.375243,2.337082,1.75,3.606,3.045,61774.113938,60796.001439
A_OB_1.9999999999999998_1.0_611,COM,1.349614,2.318125,1.69,0.54,4.006,63420.042017,60796.001439
A_OB_1.9999999999999998_1.0_612,COM,0.172091,1.175316,1.323,0.155,3.756,61332.232471,60796.001439
A_OB_1.9999999999999998_1.0_613,COM,0.360955,1.364228,2.28,4.984,3.152,62812.701213,60796.001439
A_OB_1.9999999999999998_1.0_614,COM,1.088778,2.079334,1.578,1.215,4.625,62491.012931,60796.001439
A_OB_1.9999999999999998_1.0_615,COM,1.024689,2.007884,0.908,2.068,3.269,60792.799195,60796.001439
A_OB_1.9999999999999998_1.0_616,COM,1.3172,2.300257,1.23,2.045,3.16,64361.880183,60796.001439
A_OB_1.9999999999999998_1.0_617,COM,1.861813,2.86788,2.028,5.669,2.888,63048.263905,60796.001439
A_OB_1.9999999999999998_1.0_618,COM,1.327226,2.311548,1.234,3.99,3.562,62094.615422,60796.001439
A_OB_1.9999999999999998_1.0_619,COM,1.672825,2.65966,0.285,3.782,3.013,64308.403111,60796.001439
A_OB_1.9999999999999998_1.0_620,COM,0.179582,1.17927,2.464,0.298,4.403,62479.339269,60796.001439
A_OB_1.9999999999999998_1.0_621,COM,1.588279,2.556062,2.048,5.371,2.412,63948.14327,60796.001439
A_OB_1.9999999999999998_1.0_622,COM,1.300901,2.311484,1.257,1.121,4.697,61072.835692,60796.001439
A_OB_1.9999999999999998_1.0_623,COM,2.229402,3.421533,0.494,1.946,4.043,63260.319659,60796.001439
A_OB_1.9999999999999998_1.0_624,COM,0.759225,1.78009,1.533,5.067,2.621,61065.930436,60796.001439
A_OB_1.9999999999999998_1.0_625,COM,1.240937,2.338004,1.654,1.708,3.766,63507.886046,60796.001439
A_OB_1.9999999999999998_1.0_626,COM,0.092707,1.098514,2.076,4.864,5.234,64172.642614,60796.001439
A_OB_1.9999999999999998_1.0_627,COM,0.885279,1.916984,0.968,0.931,4.158,60882.742244,60796.001439
A_OB_1.9999999999999998_1.0_628,COM,2.606707,3.771638,1.609,5.487,3.3,63767.144203,60796.001439
A_OB_1.9999999999999998_1.0_629,COM,1.379794,2.462441,2.093,5.51,3.091,64448.772124,60796.001439
A_OB_1.9999999999999998_1.0_630,COM,1.048496,2.14002,1.453,4.054,2.579,64158.412575,60796.001439
A_OB_1.9999999999999998_1.0_631,COM,1.673399,2.719383,1.397,4.544,2.352,63863.83816,60796.001439
A_OB_1.9999999999999998_1.0_632,COM,1.142762,2.197579,2.574,1.251,3.879,62532.24981,60796.001439
A_OB_1.9999999999999998_1.0_633,COM,0.724261,1.771979,2.139,6.173,4.167,62445.135754,60796.001439
A_OB_1.9999999999999998_1.0_634,COM,0.911259,1.962699,1.961,1.538,4.233,64304.609609,60796.001439
A_OB_1.9999999999999998_1.0_635,COM,1.318297,2.429419,2.457,0.923,4.674,63583.366135,60796.001439
A_OB_1.9999999999999998_1.0_636,COM,1.670987,2.747685,1.601,2.265,4.333,64473.210503,60796.001439
A_OB_1.9999999999999998_1.0_637,COM,0.987109,2.026417,0.913,0.897,5.127,64378.080433,60796.001439
A_OB_1.9999999999999998_1.0_638,COM,1.2667,2.321088,1.969,5.435,3.52,62755.564177,60796.001439
A_OB_1.9999999999999998_1.0_639,COM,1.390331,2.536967,2.587,3.783,1.496,61052.962846,60796.001439
A_OB_1.9999999999999998_1.0_640,COM,1.616369,2.812131,1.213,2.161,3.68,62530.422246,60796.001439
A_OB_1.9999999999999998_1.0_641,COM,1.049145,2.193595,0.734,2.975,4.614,62504.23282,60796.001439
A_OB_1.9999999999999998_1.0_642,COM,0.473588,1.543753,1.941,5.353,3.382,62243.178416,60796.001439
A_OB_1.9999999999999998_1.0_643,COM,0.700505,1.797293,1.872,5.122,3.327,60998.178584,60796.001439
A_OB_1.9999999999999998_1.0_644,COM,0.517509,1.586673,1.603,3.409,3.433,63139.59645,60796.001439
A_OB_1.9999999999999998_1.0_645,COM,0.230721,1.25711,1.921,5.175,3.279,62250.841614,60796.001439
A_OB_1.9999999999999998_1.0_646,COM,2.002086,3.259369,1.203,4.384,2.963,62698.088535,60796.001439
A_OB_1.9999999999999998_1.0_647,COM,0.835942,1.960752,0.686,1.487,5.252,63961.913473,60796.001439
A_OB_1.9999999999999998_1.0_648,COM,1.714664,2.914973,2.547,2.055,5.475,63118.03724,60796.001439
A_OB_1.9999999999999998_1.0_649,COM,1.495417,2.696369,2.497,5.585,2.643,63926.354959,60796.001439
A_OB_1.9999999999999998_1.0_650,COM,1.946068,3.134022,2.621,0.22,3.918,63767.203741,60796.001439
A_OB_1.9999999999999998_1.0_651,COM,0.215557,1.238364,0.981,1.361,4.893,60832.039294,60796.001439
A_OB_1.9999999999999998_1.0_652,COM,0.495726,1.584841,0.899,3.641,3.741,64140.550351,60796.001439
A_OB_1.9999999999999998_1.0_653,COM,1.493595,2.746823,0.52,2.831,3.64,63490.793247,60796.001439
A_OB_1.9999999999999998_1.0_654,COM,0.976605,2.178924,0.569,3.747,3.164,63839.586718,60796.001439
A_OB_1.9999999999999998_1.0_655,COM,1.799782,3.166314,1.294,1.722,4.624,61020.319847,60796.001439
A_OB_1.9999999999999998_1.0_656,COM,1.454089,2.690355,2.52,5.747,2.428,61410.113181,60796.001439
A_OB_1.9999999999999998_1.0_657,COM,0.692723,1.838947,2.149,1.734,4.251,64449.464176,60796.001439
A_OB_1.9999999999999998_1.0_658,COM,3.040418,4.699928,0.854,3.862,2.95,62969.940226,60796.001439
A_OB_1.9999999999999998_1.0_659,COM,1.309966,2.561128,2.617,6.1,3.149,63959.979034,60796.001439
A_OB_1.9999999999999998_1.0_660,COM,0.227841,1.270815,2.151,5.865,3.715,62742.697436,60796.001439
A_OB_1.9999999999999998_1.0_661,COM,0.794377,1.930401,1.189,1.259,4.885,63784.69448,60796.001439
A_OB_1.9999999999999998_1.0_662,COM,0.094592,1.11577,2.473,5.167,3.447,61241.20398,60796.001439
A_OB_1.9999999999999998_1.0_663,COM,0.932396,2.142786,2.125,6.05,3.881,63006.4643,60796.001439
A_OB_1.9999999999999998_1.0_664,COM,1.206651,2.459872,2.679,5.46,2.299,63630.713214,60796.001439
A_OB_1.9999999999999998_1.0_665,COM,0.35326,1.434012,1.28,0.824,4.841,63589.45662,60796.001439
A_OB_1.9999999999999998_1.0_666,COM,1.424557,2.728088,1.306,4.294,2.273,63386.430477,60796.001439
A_OB_1.9999999999999998_1.0_667,COM,1.679977,3.035651,1.913,4.482,2.376,64428.65826,60796.001439
A_OB_1.9999999999999998_1.0_668,COM,0.725807,1.858235,1.597,4.888,2.798,60924.915288,60796.001439
A_OB_1.9999999999999998_1.0_669,COM,0.635406,1.741969,2.422,1.033,5.241,60760.954802,60796.001439
A_OB_1.9999999999999998_1.0_670,COM,1.052978,2.365912,0.311,3.142,3.59,60847.01825,60796.001439
A_OB_1.9999999999999998_1.0_671,COM,1.377309,2.783602,1.749,1.589,5.019,61245.511346,60796.001439
A_OB_1.9999999999999998_1.0_672,COM,0.73191,1.926667,1.73,4.72,2.745,61623.351581,60796.001439
A_OB_1.9999999999999998_1.0_673,COM,2.024404,3.607697,2.086,6.003,2.984,61521.636162,60796.001439
A_OB_1.9999999999999998_1.0_674,COM,0.778,2.009138,1.698,4.873,3.023,63379.881001,60796.001439
A_OB_1.9999999999999998_1.0_675,COM,0.044954,1.057886,1.802,1.646,4.931,62314.081632,60796.001439
A_OB_1.9999999999999998_1.0_676,COM,0.452948,1.591694,1.965,5.784,4.154,63728.657632,60796.001439
A_OB_1.9999999999999998_1.0_677,COM,1.35852,2.744616,0.467,2.48,4.221,60870.858713,60796.001439
A_OB_1.9999999999999998_1.0_678,COM,1.635311,3.051293,1.408,4.452,2.724,63892.093006,60796.001439
A_OB_1.9999999999999998_1.0_679,COM,2.598215,4.370233,0.798,4.331,2.806,62342.177879,60796.001439
A_OB_1.9999999999999998_1.0_680,COM,0.034779,1.047278,0.804,3.076,4.921,61355.313861,60796.001439
A_OB_1.9999999999999998_1.0_681,COM,0.761652,2.04425,1.957,4.817,2.326,62681.980495,60796.001439
A_OB_1.9999999999999998_1.0_682,COM,0.446492,1.596951,1.935,4.974,3.581,62559.414636,60796.001439
A_OB_1.9999999999999998_1.0_683,COM,0.94196,2.303241,1.056,2.227,3.929,62942.629115,60796.001439
A_OB_1.9999999999999998_1.0_684,COM,0.351044,1.462644,1.183,2.636,4.468,64102.564936,60796.001439
A_OB_1.9999999999999998_1.0_685,COM,0.330065,1.435781,1.434,4.454,3.748,62601.709866,60796.001439
A_OB_1.9999999999999998_1.0_686,COM,1.282415,2.700703,2.546,0.856,3.533,60841.866763,60796.001439
A_OB_1.9999999999999998_1.0_687,COM,1.525747,3.063352,2.515,0.411,3.474,61962.957925,60796.001439
A_OB_1.9999999999999998_1.0_688,COM,0.799956,2.077741,1.261,4.859,2.78,60772.072371,60796.001439
A_OB_1.9999999999999998_1.0_689,COM,1.065875,2.396048,2.571,5.633,3.587,61283.545176,60796.001439
A_OB_1.9999999999999998_1.0_690,COM,0.845859,2.156487,2.301,0.254,3.566,62353.732446,60796.001439
A_OB_1.9999999999999998_1.0_691,COM,0.261874,1.348937,0.466,2.553,3.792,61363.606944,60796.001439
A_OB_1.9999999999999998_1.0_692,COM,0.894276,2.278839,1.145,4.484,2.423,62336.414322,60796.001439
A_OB_1.9999999999999998_1.0_693,COM,0.647511,1.9043,1.001,2.121,4.101,63310.898302,60796.001439
A_OB_1.9999999999999998_1.0_694,COM,1.136198,2.61446,1.077,4.409,2.201,63202.670489,60796.001439
A_OB_1.9999999999999998_1.0_695,COM,0.870785,2.251509,1.241,3.657,3.624,64316.316255,60796.001439
A_OB_1.9999999999999998_1.0_696,COM,1.340359,2.875521,2.506,4.877,2.345,62124.440775,60796.001439
A_OB_1.9999999999999998_1.0_697,COM,0.724957,2.007437,1.351,0.926,4.29,63981.95246,60796.001439
A_OB_1.9999999999999998_1.0_698,COM,1.181535,2.711964,2.605,0.585,4.078,62882.034182,60796.001439
A_OB_1.9999999999999998_1.0_699,COM,1.34551,2.895586,0.971,2.869,3.664,61625.601978,60796.001439
A_OB_1.9999999999999998_1.0_700,COM,1.408701,3.029832,1.034,1.719,4.787,62988.468966,60796.001439
A_OB_1.9999999999999998_1.0_701,COM,0.121289,1.186203,2.075,0.663,4.43,62546.235872,60796.001439
A_OB_1.9999999999999998_1.0_702,COM,0.384827,1.581917,1.911,5.896,3.865,63162.110803,60796.001439
A_OB_1.9999999999999998_1.0_703,COM,0.90939,2.460877,0.654,3.076,3.352,61345.778669,60796.001439
A_OB_1.9999999999999998_1.0_704,COM,1.101775,2.790411,2.362,1.43,4.588,62430.587647,60796.001439
A_OB_1.9999999999999998_1.0_705,COM,0.87592,2.407561,2.138,0.147,3.317,63742.750195,60796.001439
A_OB_1.9999999999999998_1.0_706,COM,0.410441,1.642396,1.312,1.979,4.585,63939.725232,60796.001439
A_OB_1.9999999999999998_1.0_707,COM,1.379355,3.203041,0.884,2.224,4.175,62498.377616,60796.001439
A_OB_1.9999999999999998_1.0_708,COM,0.708583,2.186984,2.458,0.763,3.736,60771.859402,60796.001439
A_OB_1.9999999999999998_1.0_709,COM,0.150765,1.259285,0.56,3.211,3.935,61055.823583,60796.001439
A_OB_1.9999999999999998_1.0_710,COM,0.419221,1.69705,1.766,1.902,4.414,62590.203691,60796.001439
A_OB_1.9999999999999998_1.0_711,COM,0.518557,1.887233,2.816,4.831,2.382,63304.654929,60796.001439
A_OB_1.9999999999999998_1.0_712,COM,1.302309,3.214155,1.577,4.375,2.541,62918.396428,60796.001439
A_OB_1.9999999999999998_1.0_713,COM,1.276322,3.155592,0.592,2.851,3.579,62303.141918,60796.001439
A_OB_1.9999999999999998_1.0_714,COM,0.983903,2.623389,2.187,0.664,4.229,63717.804303,60796.001439
A_OB_1.9999999999999998_1.0_715,COM,1.28233,3.193591,2.034,4.346,1.948,62225.362589,60796.001439
A_OB_1.9999999999999998_1.0_716,COM,1.560011,3.664383,2.14,1.145,4.68,63619.727052,60796.001439
A_OB_1.9999999999999998_1.0_717,COM,0.053341,1.092188,2.244,5.995,4.45,61938.512472,60796.001439
A_OB_1.9999999999999998_1.0_718,COM,0.012248,1.021826,1.654,4.657,3.602,63190.289011,60796.001439
A_OB_1.9999999999999998_1.0_719,COM,1.575196,3.748144,0.523,2.028,4.383,61476.558745,60796.001439
A_OB_1.9999999999999998_1.0_720,COM,4.342773,8.651856,1.858,1.292,3.596,63021.83622,60796.001439
A_OB_1.9999999999999998_1.0_721,COM,1.418177,3.617123,1.718,5.653,3.218,62967.984954,60796.001439
A_OB_1.9999999999999998_1.0_722,COM,1.312717,3.388921,1.42,1.924,4.546,60795.537335,60796.001439
A_OB_1.9999999999999998_1.0_723,COM,0.333559,1.605578,2.738,0.073,3.98,63307.411853,60796.001439
A_OB_1.9999999999999998_1.0_724,COM,1.277043,3.502292,1.195,1.707,4.153,62245.294741,60796.001439
A_OB_1.9999999999999998_1.0_725,COM,1.479831,3.872659,2.715,6.025,3.094,64122.314621,60796.001439
A_OB_1.9999999999999998_1.0_726,COM,1.440045,3.787738,1.816,1.702,4.005,61299.021358,60796.001439
A_OB_1.9999999999999998_1.0_727,COM,0.415381,1.853374,2.433,0.159,3.254,64508.164618,60796.001439
A_OB_1.9999999999999998_1.0_728,COM,0.214445,1.433419,0.901,2.333,4.376,63159.038496,60796.001439
A_OB_1.9999999999999998_1.0_729,COM,1.514816,4.100373,1.462,4.96,2.889,61723.813476,60796.001439
A_OB_1.9999999999999998_1.0_730,COM,1.246734,3.600079,1.81,1.254,4.046,60955.794091,60796.001439
A_OB_1.9999999999999998_1.0_731,COM,0.806766,2.730964,1.051,4.351,2.585,62340.385366,60796.001439
A_OB_1.9999999999999998_1.0_732,COM,1.03326,3.250259,1.771,5.598,2.682,63799.212202,60796.001439
A_OB_1.9999999999999998_1.0_733,COM,1.018849,3.134893,2.265,5.212,2.493,61397.529262,60796.001439
A_OB_1.9999999999999998_1.0_734,COM,0.994672,3.263297,1.873,1.403,4.323,62009.065247,60796.001439
A_OB_1.9999999999999998_1.0_735,COM,1.606691,4.626738,0.841,3.637,2.888,63705.665676,60796.001439
A_OB_1.9999999999999998_1.0_736,COM,0.219774,1.501728,2.256,5.928,3.91,63530.415922,60796.001439
A_OB_1.9999999999999998_1.0_737,COM,0.501883,2.147315,1.989,5.626,2.851,63441.826907,60796.001439
A_OB_1.9999999999999998_1.0_738,COM,0.695345,2.594786,0.57,1.559,4.681,62636.948875,60796.001439
A_OB_1.9999999999999998_1.0_739,COM,1.279497,3.941227,2.695,0.696,3.8,61316.058824,60796.001439
A_OB_1.9999999999999998_1.0_740,COM,0.495492,2.198681,0.96,4.482,3.041,63275.563968,60796.001439
A_OB_1.9999999999999998_1.0_741,COM,1.16924,3.936023,1.239,3.795,2.0,64293.589392,60796.001439
A_OB_1.9999999999999998_1.0_742,COM,1.207876,4.049653,0.602,1.74,4.833,60892.424524,60796.001439
A_OB_1.9999999999999998_1.0_743,COM,0.608461,2.577478,0.681,3.301,2.997,61865.232336,60796.001439
A_OB_1.9999999999999998_1.0_744,COM,0.879211,3.313555,1.284,2.252,3.822,61807.93381,60796.001439
A_OB_1.9999999999999998_1.0_745,COM,0.677168,2.814748,2.4,0.02,3.245,64416.607524,60796.001439
A_OB_1.9999999999999998_1.0_746,COM,0.961111,3.647537,1.717,1.719,4.307,63725.135462,60796.001439
A_OB_1.9999999999999998_1.0_747,COM,1.372038,5.032943,1.074,4.601,2.64,63800.109648,60796.001439
A_OB_1.9999999999999998_1.0_748,COM,0.611042,2.91966,0.927,2.012,4.073,63900.4947,60796.001439
A_OB_1.9999999999999998_1.0_749,COM,1.217454,4.814104,1.691,5.265,2.583,62202.297672,60796.001439
A_OB_1.9999999999999998_1.0_750,COM,1.717293,6.517345,2.189,1.758,4.462,60865.007971,60796.001439
A_OB_1.9999999999999998_1.0_751,COM,0.568745,2.807932,2.162,0.454,3.622,64408.512054,60796.001439
