ObjID,FORMAT,q,e,inc,node,argPeri,t_p_MJD_TDB,epochMJD_TDB
A_OB_1.9999999999999998_1.0_0,COM,0.48591,1.000312,2.403,2.562,1.861,62560.806738,60796.001439
A_OB_1.9999999999999998_1.0_1,COM,0.21078,1.000217,1.942,1.895,4.618,63641.774496,60796.001439
A_OB_1.9999999999999998_1.0_2,COM,1.132033,1.004116,0.787,2.019,6.169,62539.060298,60796.001439
A_OB_1.9999999999999998_1.0_3,COM,0.04615,1.000075,1.608,3.597,0.926,62313.736123,60796.001439
A_OB_1.9999999999999998_1.0_4,COM,1.121975,1.003418,0.402,4.047,2.385,63773.728127,60796.001439
A_OB_1.9999999999999998_1.0_5,COM,0.529712,1.001445,2.503,1.752,2.239,64197.4215,60796.001439
A_OB_1.9999999999999998_1.0_6,COM,1.402258,1.002755,0.646,2.973,1.506,62961.437398,60796.001439
A_OB_1.9999999999999998_1.0_7,COM,0.882486,1.008032,1.674,5.695,0.393,61109.981517,60796.001439
A_OB_1.9999999999999998_1.0_8,COM,0.943746,1.006108,1.996,4.242,6.057,61527.828961,60796.001439
A_OB_1.9999999999999998_1.0_9,COM,1.554172,1.013431,2.121,2.954,2.26,62512.690387,60796.001439
A_OB_1.9999999999999998_1.0_10,COM,0.717513,1.006112,1.202,1.633,1.973,60840.27526,60796.001439
A_OB_1.9999999999999998_1.0_11,COM,0.70547,1.006206,1.877,0.454,3.879,63576.455279,60796.001439
A_OB_1.9999999999999998_1.0_12,COM,1.168048,1.011894,1.366,5.232,2.475,64244.340876,60796.001439
A_OB_1.9999999999999998_1.0_13,COM,1.549681,1.009084,1.914,1.91,1.626,64224.857549,60796.001439
A_OB_1.9999999999999998_1.0_14,COM,3.696486,1.064755,2.273,4.902,0.352,64025.869595,60796.001439
A_OB_1.9999999999999998_1.0_15,COM,0.159762,1.002986,2.889,0.824,5.519,61405.868832,60796.001439
A_OB_1.9999999999999998_1.0_16,COM,0.815468,1.015064,2.904,0.772,0.032,62748.192541,60796.001439
A_OB_1.9999999999999998_1.0_17,COM,1.083793,1.017015,2.642,4.728,5.51,62965.207145,60796.001439
A_OB_1.9999999999999998_1.0_18,COM,0.845099,1.011746,1.45,1.442,0.25,61005.088857,60796.001439
A_OB_1.9999999999999998_1.0_19,COM,0.412335,1.006525,2.173,1.162,4.498,64213.293735,60796.001439
A_OB_1.9999999999999998_1.0_20,COM,0.863749,1.020845,2.077,1.455,6.211,64102.517496,60796.001439
A_OB_1.9999999999999998_1.0_21,COM,0.596984,1.01485,2.004,4.186,0.263,61113.492901,60796.001439
A_OB_1.9999999999999998_1.0_22,COM,0.4921,1.012913,0.694,0.82,2.002,63416.2046,60796.001439
A_OB_1.9999999999999998_1.0_23,COM,2.072785,1.053876,1.645,1.196,4.165,63443.995025,60796.001439
A_OB_1.9999999999999998_1.0_24,COM,0.168901,1.00339,2.127,4.322,1.258,61068.409024,60796.001439
A_OB_1.9999999999999998_1.0_25,COM,1.508423,1.028854,1.43,4.967,2.695,63920.47003,60796.001439
A_OB_1.9999999999999998_1.0_26,COM,0.688509,1.013783,0.439,3.128,4.372,62085.437855,60796.001439
A_OB_1.9999999999999998_1.0_27,COM,1.454403,1.035048,1.175,2.491,4.961,62978.216429,60796.001439
A_OB_1.9999999999999998_1.0_28,COM,0.779822,1.016386,2.377,3.393,3.177,63218.67212,60796.001439
A_OB_1.9999999999999998_1.0_29,COM,0.806938,1.021718,2.598,0.289,4.394,61186.51972,60796.001439
A_OB_1.9999999999999998_1.0_30,COM,1.251618,1.02645,1.431,4.221,5.809,63444.246502,60796.001439
A_OB_1.9999999999999998_1.0_31,COM,1.403817,1.05602,1.77,2.632,3.432,61141.570028,60796.001439
A_OB_1.9999999999999998_1.0_32,COM,0.842007,1.031422,2.486,2.435,2.956,61232.567601,60796.001439
A_OB_1.9999999999999998_1.0_33,COM,1.336477,1.047014,0.77,5.237,3.297,62948.560365,60796.001439
A_OB_1.9999999999999998_1.0_34,COM,0.614415,1.022223,0.881,3.818,2.333,63678.787687,60796.001439
A_OB_1.9999999999999998_1.0_35,COM,1.240615,1.046498,1.08,1.526,4.067,60894.673976,60796.001439
A_OB_1.9999999999999998_1.0_36,COM,1.332671,1.053365,1.543,4.302,5.407,61152.789792,60796.001439
A_OB_1.9999999999999998_1.0_37,COM,0.501415,1.020425,1.389,5.5,4.617,62301.685539,60796.001439
A_OB_1.9999999999999998_1.0_38,COM,0.501415,1.020425,1.389,5.5,4.617,62301.685539,60796.001439
A_OB_1.9999999999999998_1.0_39,COM,0.108842,1.003774,2.788,2.219,1.296,62202.923675,60796.001439
A_OB_1.9999999999999998_1.0_40,COM,0.982786,1.038092,2.267,1.323,2.701,64099.878071,60796.001439
A_OB_1.9999999999999998_1.0_41,COM,0.736141,1.026365,1.524,3.127,5.404,62168.270928,60796.001439
A_OB_1.9999999999999998_1.0_42,COM,0.356714,1.013822,0.87,3.622,0.435,62734.798742,60796.001439
A_OB_1.9999999999999998_1.0_43,COM,0.322263,1.011573,0.373,3.746,2.277,61158.895745,60796.001439
A_OB_1.9999999999999998_1.0_44,COM,0.861533,1.035096,2.217,1.847,1.814,64471.785027,60796.001439
A_OB_1.9999999999999998_1.0_45,COM,0.165757,1.006698,1.067,0.515,5.814,61223.64216,60796.001439
A_OB_1.9999999999999998_1.0_46,COM,1.076971,1.03655,1.101,5.73,0.354,63697.379307,60796.001439
A_OB_1.9999999999999998_1.0_47,COM,0.86273,1.035561,1.212,1.654,0.427,61360.158469,60796.001439
A_OB_1.9999999999999998_1.0_48,COM,0.044836,1.001949,1.344,1.54,1.24,62334.750256,60796.001439
A_OB_1.9999999999999998_1.0_49,COM,1.86126,1.085865,0.792,4.989,4.309,64194.704005,60796.001439
A_OB_1.9999999999999998_1.0_50,COM,0.226502,1.011085,1.371,5.524,6.11,62283.982322,60796.001439
A_OB_1.9999999999999998_1.0_51,COM,1.233314,1.053406,2.518,6.248,4.745,63266.628973,60796.001439
A_OB_1.9999999999999998_1.0_52,COM,1.628612,1.086973,2.713,5.425,2.116,63878.602784,60796.001439
A_OB_1.9999999999999998_1.0_53,COM,1.044466,1.052433,2.092,3.818,3.022,62542.968782,60796.001439
A_OB_1.9999999999999998_1.0_54,COM,1.4326,1.066412,2.076,0.901,5.13,61064.500996,60796.001439
A_OB_1.9999999999999998_1.0_55,COM,0.797325,1.04241,2.482,5.013,4.165,61670.963454,60796.001439
A_OB_1.9999999999999998_1.0_56,COM,0.930357,1.044684,1.382,1.039,5.375,61455.004564,60796.001439
A_OB_1.9999999999999998_1.0_57,COM,0.247924,1.010965,1.913,5.53,1.101,62769.396661,60796.001439
A_OB_1.9999999999999998_1.0_58,COM,1.306875,1.081683,0.719,1.308,3.251,63206.253921,60796.001439
A_OB_1.9999999999999998_1.0_59,COM,0.759598,1.055399,1.54,4.879,3.813,61106.544311,60796.001439
A_OB_1.9999999999999998_1.0_60,COM,1.537588,1.098003,1.036,0.547,4.826,62023.245151,60796.001439
A_OB_1.9999999999999998_1.0_61,COM,0.202579,1.011834,1.852,6.027,4.084,62128.16746,60796.001439
A_OB_1.9999999999999998_1.0_62,COM,0.808037,1.054304,1.441,0.601,4.648,62773.69788,60796.001439
A_OB_1.9999999999999998_1.0_63,COM,0.144053,1.010152,1.387,0.503,5.574,63210.535542,60796.001439
A_OB_1.9999999999999998_1.0_64,COM,0.018772,1.001152,0.645,0.476,6.017,62011.521182,60796.001439
A_OB_1.9999999999999998_1.0_65,COM,4.1254,1.257689,1.353,6.055,3.94,61883.281176,60796.001439
A_OB_1.9999999999999998_1.0_66,COM,3.035183,1.192753,1.88,5.56,1.292,63411.466449,60796.001439
A_OB_1.9999999999999998_1.0_67,COM,0.596331,1.034807,2.358,4.355,6.224,61784.787514,60796.001439
A_OB_1.9999999999999998_1.0_68,COM,1.442309,1.090508,1.254,0.786,4.001,63154.252909,60796.001439
A_OB_1.9999999999999998_1.0_69,COM,1.154975,1.070308,1.481,2.423,5.167,64336.5747,60796.001439
A_OB_1.9999999999999998_1.0_70,COM,0.281259,1.018183,1.488,1.663,4.543,64151.346773,60796.001439
A_OB_1.9999999999999998_1.0_71,COM,0.618604,1.037875,1.275,2.338,5.607,61530.526343,60796.001439
A_OB_1.9999999999999998_1.0_72,COM,0.698849,1.040314,2.466,5.78,4.951,62868.216839,60796.001439
A_OB_1.9999999999999998_1.0_73,COM,0.710754,1.05021,0.445,3.426,1.293,63669.780033,60796.001439
A_OB_1.9999999999999998_1.0_74,COM,0.420051,1.028845,0.589,1.846,6.283,62459.568929,60796.001439
A_OB_1.9999999999999998_1.0_75,COM,1.011501,1.069548,1.962,1.342,6.136,63169.419015,60796.001439
A_OB_1.9999999999999998_1.0_76,COM,0.428107,1.026909,0.815,4.934,4.01,63893.355756,60796.001439
A_OB_1.9999999999999998_1.0_77,COM,0.26009,1.015263,2.182,6.199,5.779,60760.973976,60796.001439
A_OB_1.9999999999999998_1.0_78,COM,1.056071,1.087894,2.646,3.211,1.652,60789.283522,60796.001439
A_OB_1.9999999999999998_1.0_79,COM,0.543954,1.044004,1.911,1.958,2.497,64572.738957,60796.001439
A_OB_1.9999999999999998_1.0_80,COM,0.618954,1.04808,1.551,4.336,2.439,63456.511336,60796.001439
A_OB_1.9999999999999998_1.0_81,COM,1.54495,1.138103,0.713,3.029,4.817,60882.940053,60796.001439
A_OB_1.9999999999999998_1.0_82,COM,0.907227,1.072249,1.216,1.83,4.665,63774.849877,60796.001439
A_OB_1.9999999999999998_1.0_83,COM,1.384298,1.124954,1.272,6.242,5.093,62645.660557,60796.001439
A_OB_1.9999999999999998_1.0_84,COM,0.869911,1.079271,1.195,0.915,5.621,63332.383585,60796.001439
A_OB_1.9999999999999998_1.0_85,COM,0.852961,1.077524,2.013,4.009,3.667,61226.026629,60796.001439
A_OB_1.9999999999999998_1.0_86,COM,0.734861,1.061213,1.61,2.373,2.144,62367.020358,60796.001439
A_OB_1.9999999999999998_1.0_87,COM,0.093198,1.008156,2.822,0.274,4.679,62674.805349,60796.001439
A_OB_1.9999999999999998_1.0_88,COM,0.763212,1.084535,1.469,2.453,3.95,62686.399491,60796.001439
A_OB_1.9999999999999998_1.0_89,COM,0.168925,1.01906,2.57,2.751,4.998,62203.467248,60796.001439
A_OB_1.9999999999999998_1.0_90,COM,1.147145,1.119202,1.214,5.182,6.046,63324.702641,60796.001439
A_OB_1.9999999999999998_1.0_91,COM,1.137421,1.123354,1.975,2.721,0.527,63021.23448,60796.001439
A_OB_1.9999999999999998_1.0_92,COM,0.055149,1.006301,0.708,5.03,1.565,63992.258158,60796.001439
A_OB_1.9999999999999998_1.0_93,COM,1.139114,1.128187,1.837,3.494,1.586,60824.182396,60796.001439
A_OB_1.9999999999999998_1.0_94,COM,1.265276,1.134511,2.589,1.084,4.435,63987.786553,60796.001439
A_OB_1.9999999999999998_1.0_95,COM,0.200412,1.022613,2.555,0.019,3.154,60908.571191,60796.001439
A_OB_1.9999999999999998_1.0_96,COM,0.71814,1.079448,2.388,1.223,0.517,62214.983197,60796.001439
A_OB_1.9999999999999998_1.0_97,COM,1.067806,1.122263,1.833,2.989,2.884,61107.670005,60796.001439
A_OB_1.9999999999999998_1.0_98,COM,0.083459,1.009325,1.2,1.817,5.514,64133.013117,60796.001439
A_OB_1.9999999999999998_1.0_99,COM,0.151964,1.015445,0.599,1.053,3.897,61932.045235,60796.001439
A_OB_1.9999999999999998_1.0_100,COM,0.784192,1.079241,2.61,0.48,4.717,64477.766516,60796.001439
A_OB_1.9999999999999998_1.0_101,COM,0.218356,1.024884,0.838,3.867,2.372,61707.343812,60796.001439
A_OB_1.9999999999999998_1.0_102,COM,1.380126,1.135837,1.967,0.137,4.601,61497.968294,60796.001439
A_OB_1.9999999999999998_1.0_103,COM,1.548694,1.17642,1.252,1.508,0.019,63870.46846,60796.001439
A_OB_1.9999999999999998_1.0_104,COM,0.840454,1.083636,2.957,3.029,0.174,61284.594198,60796.001439
A_OB_1.9999999999999998_1.0_105,COM,1.048878,1.110833,1.906,1.956,4.009,60754.642449,60796.001439
A_OB_1.9999999999999998_1.0_106,COM,0.30963,1.029713,0.531,1.997,0.617,63032.969701,60796.001439
A_OB_1.9999999999999998_1.0_107,COM,0.363162,1.034517,1.747,5.964,4.395,63384.664669,60796.001439
A_OB_1.9999999999999998_1.0_108,COM,1.444893,1.162884,1.524,4.776,3.473,63852.526083,60796.001439
A_OB_1.9999999999999998_1.0_109,COM,1.479111,1.149219,1.813,0.068,5.893,61371.110928,60796.001439
A_OB_1.9999999999999998_1.0_110,COM,0.577556,1.061071,2.192,1.06,3.226,61596.152217,60796.001439
A_OB_1.9999999999999998_1.0_111,COM,1.666804,1.178303,1.266,0.514,4.946,63049.937296,60796.001439
A_OB_1.9999999999999998_1.0_112,COM,0.364006,1.03487,2.725,5.223,4.38,62976.902172,60796.001439
A_OB_1.9999999999999998_1.0_113,COM,1.246388,1.136753,1.077,2.099,4.992,64024.404609,60796.001439
A_OB_1.9999999999999998_1.0_114,COM,0.819988,1.112614,0.18,1.044,1.218,63218.099844,60796.001439
A_OB_1.9999999999999998_1.0_115,COM,0.941464,1.112906,1.584,4.68,1.055,63458.591546,60796.001439
A_OB_1.9999999999999998_1.0_116,COM,1.24195,1.144022,1.35,5.894,4.943,62029.304656,60796.001439
A_OB_1.9999999999999998_1.0_117,COM,0.272794,1.033403,0.542,4.136,3.679,63369.54996,60796.001439
A_OB_1.9999999999999998_1.0_118,COM,1.49352,1.194456,1.855,2.072,4.806,63555.194541,60796.001439
A_OB_1.9999999999999998_1.0_119,COM,0.581961,1.073858,2.015,0.253,4.444,63906.962989,60796.001439
A_OB_1.9999999999999998_1.0_120,COM,1.20842,1.146571,1.726,4.729,2.999,63014.110442,60796.001439
A_OB_1.9999999999999998_1.0_121,COM,0.274802,1.034575,1.214,2.336,0.832,62587.399117,60796.001439
A_OB_1.9999999999999998_1.0_122,COM,2.34753,1.302106,0.851,1.161,2.751,61556.697927,60796.001439
A_OB_1.9999999999999998_1.0_123,COM,0.838004,1.108885,1.954,4.792,2.959,64198.807316,60796.001439
A_OB_1.9999999999999998_1.0_124,COM,1.776688,1.232493,2.211,1.019,0.633,61500.822211,60796.001439
A_OB_1.9999999999999998_1.0_125,COM,1.09524,1.145855,1.032,1.178,1.354,64204.925064,60796.001439
A_OB_1.9999999999999998_1.0_126,COM,1.329443,1.174655,0.315,1.56,6.196,62916.177195,60796.001439
A_OB_1.9999999999999998_1.0_127,COM,0.538105,1.065047,1.761,5.696,4.356,64259.927063,60796.001439
A_OB_1.9999999999999998_1.0_128,COM,0.815731,1.100697,2.433,6.224,6.148,63424.194662,60796.001439
A_OB_1.9999999999999998_1.0_129,COM,0.690702,1.08202,2.496,4.764,3.221,61881.873093,60796.001439
A_OB_1.9999999999999998_1.0_130,COM,1.679133,1.215055,0.605,3.948,1.905,61818.591022,60796.001439
A_OB_1.9999999999999998_1.0_131,COM,1.56918,1.20744,1.629,4.359,2.354,63244.88916,60796.001439
A_OB_1.9999999999999998_1.0_132,COM,1.005535,1.119322,0.363,4.057,2.622,64102.429559,60796.001439
A_OB_1.9999999999999998_1.0_133,COM,1.066634,1.138521,2.118,1.017,5.162,61278.348984,60796.001439
A_OB_1.9999999999999998_1.0_134,COM,0.188097,1.02318,1.881,1.747,1.718,64366.626849,60796.001439
A_OB_1.9999999999999998_1.0_135,COM,1.221977,1.161668,2.688,4.334,2.963,63181.345139,60796.001439
A_OB_1.9999999999999998_1.0_136,COM,0.563434,1.076144,1.644,3.748,3.734,63044.56301,60796.001439
A_OB_1.9999999999999998_1.0_137,COM,0.486653,1.058606,1.553,5.848,5.393,63423.500006,60796.001439
A_OB_1.9999999999999998_1.0_138,COM,1.200639,1.176067,2.888,0.375,3.9,61275.661995,60796.001439
A_OB_1.9999999999999998_1.0_139,COM,0.875604,1.142545,1.494,4.164,3.32,63341.708849,60796.001439
A_OB_1.9999999999999998_1.0_140,COM,6.438434,1.986606,2.108,5.119,3.166,62144.089313,60796.001439
A_OB_1.9999999999999998_1.0_141,COM,0.449927,1.073636,1.034,1.695,3.257,63234.317756,60796.001439
A_OB_1.9999999999999998_1.0_142,COM,0.201746,1.029613,1.808,1.53,6.191,62657.077439,60796.001439
A_OB_1.9999999999999998_1.0_143,COM,1.782294,1.252324,1.691,5.998,4.616,62769.334245,60796.001439
A_OB_1.9999999999999998_1.0_144,COM,0.647904,1.098251,1.35,0.155,0.203,62011.158414,60796.001439
A_OB_1.9999999999999998_1.0_145,COM,0.181332,1.028089,1.922,5.97,5.092,64204.872661,60796.001439
A_OB_1.9999999999999998_1.0_146,COM,0.590292,1.083764,0.114,0.642,1.528,62497.647157,60796.001439
A_OB_1.9999999999999998_1.0_147,COM,0.217517,1.034866,1.154,5.274,3.433,61973.67313,60796.001439
A_OB_1.9999999999999998_1.0_148,COM,1.425134,1.205467,2.174,1.69,4.542,63402.847556,60796.001439
A_OB_1.9999999999999998_1.0_149,COM,0.16662,1.023385,1.472,1.264,4.743,64475.261316,60796.001439
A_OB_1.9999999999999998_1.0_150,COM,0.522199,1.082569,0.871,0.887,5.123,63518.379264,60796.001439
A_OB_1.9999999999999998_1.0_151,COM,0.802884,1.11633,0.407,4.005,0.572,64432.854656,60796.001439
A_OB_1.9999999999999998_1.0_152,COM,1.612262,1.248862,2.219,0.159,4.424,61409.401185,60796.001439
A_OB_1.9999999999999998_1.0_153,COM,0.310444,1.045889,1.512,0.023,2.124,62713.61805,60796.001439
A_OB_1.9999999999999998_1.0_154,COM,0.589716,1.088001,2.301,3.249,5.024,63940.251224,60796.001439
A_OB_1.9999999999999998_1.0_155,COM,1.033828,1.165584,1.953,5.513,3.229,62077.354411,60796.001439
A_OB_1.9999999999999998_1.0_156,COM,0.313106,1.044528,2.586,5.57,3.78,61958.717301,60796.001439
A_OB_1.9999999999999998_1.0_157,COM,0.580228,1.081913,1.57,5.261,3.458,63179.550255,60796.001439
A_OB_1.9999999999999998_1.0_158,COM,1.198071,1.183256,1.768,1.32,1.699,62479.510284,60796.001439
A_OB_1.9999999999999998_1.0_159,COM,1.271361,1.186254,1.397,0.482,3.33,60853.838588,60796.001439
A_OB_1.9999999999999998_1.0_160,COM,1.380821,1.193257,1.22,2.135,5.299,64136.635537,60796.001439
A_OB_1.9999999999999998_1.0_161,COM,1.265603,1.176709,1.975,1.417,5.137,63992.519862,60796.001439
A_OB_1.9999999999999998_1.0_162,COM,1.080556,1.197082,1.946,2.384,3.542,63943.196833,60796.001439
A_OB_1.9999999999999998_1.0_163,COM,1.363409,1.235283,2.172,4.167,6.027,61818.10422,60796.001439
A_OB_1.9999999999999998_1.0_164,COM,1.095197,1.187795,1.338,1.866,4.218,61873.055068,60796.001439
A_OB_1.9999999999999998_1.0_165,COM,1.310617,1.219463,0.536,3.142,3.22,62045.32865,60796.001439
A_OB_1.9999999999999998_1.0_166,COM,0.044899,1.008401,2.14,5.418,4.795,63957.70878,60796.001439
A_OB_1.9999999999999998_1.0_167,COM,0.035484,1.006413,1.866,5.626,4.58,63124.782611,60796.001439
A_OB_1.9999999999999998_1.0_168,COM,1.50328,1.277855,0.97,1.472,4.197,64033.988218,60796.001439
A_OB_1.9999999999999998_1.0_169,COM,0.595163,1.101719,0.827,4.29,5.478,60940.631524,60796.001439
A_OB_1.9999999999999998_1.0_170,COM,0.780894,1.131683,2.504,4.163,2.322,62910.424781,60796.001439
A_OB_1.9999999999999998_1.0_171,COM,1.415014,1.272243,2.043,0.425,4.19,62720.795602,60796.001439
A_OB_1.9999999999999998_1.0_172,COM,1.556296,1.284741,0.382,5.07,2.251,63844.458379,60796.001439
A_OB_1.9999999999999998_1.0_173,COM,1.23138,1.232752,2.087,4.597,2.981,62942.643926,60796.001439
A_OB_1.9999999999999998_1.0_174,COM,0.492589,1.083217,2.325,2.233,0.048,64236.803689,60796.001439
A_OB_1.9999999999999998_1.0_175,COM,0.581583,1.096642,1.535,3.045,1.031,62901.334142,60796.001439
A_OB_1.9999999999999998_1.0_176,COM,0.273671,1.050665,2.366,6.143,4.479,60979.505827,60796.001439
A_OB_1.9999999999999998_1.0_177,COM,0.699252,1.124186,2.316,4.47,0.124,62396.74237,60796.001439
A_OB_1.9999999999999998_1.0_178,COM,0.113314,1.019649,2.765,1.578,2.448,61925.849624,60796.001439
A_OB_1.9999999999999998_1.0_179,COM,1.315392,1.253635,1.286,5.956,4.37,61838.478635,60796.001439
A_OB_1.9999999999999998_1.0_180,COM,0.317377,1.054781,1.671,6.095,4.426,62118.104289,60796.001439
A_OB_1.9999999999999998_1.0_181,COM,0.111919,1.019953,1.014,5.858,3.576,61702.06661,60796.001439
A_OB_1.9999999999999998_1.0_182,COM,0.38922,1.07001,1.977,1.752,4.494,60729.048417,60796.001439
A_OB_1.9999999999999998_1.0_183,COM,1.318804,1.237647,1.09,1.608,5.607,63429.854771,60796.001439
A_OB_1.9999999999999998_1.0_184,COM,1.661318,1.304132,2.439,6.073,4.62,63161.501505,60796.001439
A_OB_1.9999999999999998_1.0_185,COM,0.733537,1.133286,1.642,2.192,2.424,64202.262604,60796.001439
A_OB_1.9999999999999998_1.0_186,COM,0.398131,1.066228,1.673,2.533,6.234,63052.424682,60796.001439
A_OB_1.9999999999999998_1.0_187,COM,0.75695,1.127669,1.969,4.074,3.095,63206.243561,60796.001439
A_OB_1.9999999999999998_1.0_188,COM,0.493146,1.093841,2.119,0.742,5.94,61331.062554,60796.001439
A_OB_1.9999999999999998_1.0_189,COM,1.007524,1.175919,0.796,3.708,4.789,62065.516942,60796.001439
A_OB_1.9999999999999998_1.0_190,COM,1.190448,1.202405,1.694,1.572,4.2,61575.510861,60796.001439
A_OB_1.9999999999999998_1.0_191,COM,0.11332,1.021318,1.819,1.663,6.095,63843.047475,60796.001439
A_OB_1.9999999999999998_1.0_192,COM,0.438013,1.079258,0.809,3.881,4.624,62376.256195,60796.001439
A_OB_1.9999999999999998_1.0_193,COM,1.53707,1.272945,2.048,2.628,5.646,63105.005277,60796.001439
A_OB_1.9999999999999998_1.0_194,COM,1.402897,1.267377,0.261,4.289,0.72,62776.262003,60796.001439
A_OB_1.9999999999999998_1.0_195,COM,0.10007,1.020954,1.844,0.416,5.065,61564.156166,60796.001439
A_OB_1.9999999999999998_1.0_196,COM,0.52142,1.10507,1.233,5.502,4.608,61511.763006,60796.001439
A_OB_1.9999999999999998_1.0_197,COM,0.67608,1.138717,1.064,4.876,3.377,64018.827098,60796.001439
A_OB_1.9999999999999998_1.0_198,COM,0.324331,1.070369,1.578,0.557,4.06,63327.495009,60796.001439
A_OB_1.9999999999999998_1.0_199,COM,1.501187,1.331353,3.068,0.855,5.286,63548.800411,60796.001439
A_OB_1.9999999999999998_1.0_200,COM,0.710669,1.157069,2.04,3.652,4.503,62217.456558,60796.001439
A_OB_1.9999999999999998_1.0_201,COM,0.657463,1.127494,1.188,0.706,5.161,62647.543923,60796.001439
A_OB_1.9999999999999998_1.0_202,COM,0.302659,1.062951,1.386,1.99,5.335,62299.067542,60796.001439
A_OB_1.9999999999999998_1.0_203,COM,1.099023,1.220006,0.921,2.248,5.669,63333.611696,60796.001439
A_OB_1.9999999999999998_1.0_204,COM,0.48942,1.107365,0.572,2.275,3.362,61311.698452,60796.001439
A_OB_1.9999999999999998_1.0_205,COM,1.220272,1.2504,1.29,5.096,2.849,61985.950372,60796.001439
A_OB_1.9999999999999998_1.0_206,COM,0.255179,1.05565,0.882,0.482,0.494,64329.903269,60796.001439
A_OB_1.9999999999999998_1.0_207,COM,1.270101,1.256736,1.063,2.646,1.6,64066.19653,60796.001439
A_OB_1.9999999999999998_1.0_208,COM,0.652926,1.131288,0.299,1.076,6.242,62212.91936,60796.001439
A_OB_1.9999999999999998_1.0_209,COM,0.083906,1.018695,0.757,1.552,4.861,61899.668303,60796.001439
A_OB_1.9999999999999998_1.0_210,COM,0.686906,1.148661,1.816,3.954,4.741,61000.941496,60796.001439
A_OB_1.9999999999999998_1.0_211,COM,1.256716,1.244288,1.699,0.675,5.739,62352.32784,60796.001439
A_OB_1.9999999999999998_1.0_212,COM,0.418993,1.08545,0.863,3.111,3.341,60978.398593,60796.001439
A_OB_1.9999999999999998_1.0_213,COM,0.649556,1.136336,0.845,2.64,4.687,64235.267829,60796.001439
A_OB_1.9999999999999998_1.0_214,COM,1.048925,1.222806,1.743,4.404,2.4,61654.541267,60796.001439
A_OB_1.9999999999999998_1.0_215,COM,0.280881,1.055863,0.984,4.654,4.252,64046.520091,60796.001439
A_OB_1.9999999999999998_1.0_216,COM,0.500224,1.105573,0.694,3.77,3.272,61480.367176,60796.001439
A_OB_1.9999999999999998_1.0_217,COM,1.465709,1.324652,1.166,0.758,3.906,64104.567152,60796.001439
A_OB_1.9999999999999998_1.0_218,COM,0.007523,1.001587,1.365,6.072,5.921,63893.824569,60796.001439
A_OB_1.9999999999999998_1.0_219,COM,0.903434,1.199999,1.466,3.511,5.75,61463.585419,60796.001439
A_OB_1.9999999999999998_1.0_220,COM,0.816396,1.180312,2.146,0.069,4.059,61567.887507,60796.001439
A_OB_1.9999999999999998_1.0_221,COM,1.621962,1.35793,2.501,5.523,4.653,63508.883596,60796.001439
A_OB_1.9999999999999998_1.0_222,COM,1.3333,1.292263,2.128,3.572,1.13,62495.568292,60796.001439
A_OB_1.9999999999999998_1.0_223,COM,0.331378,1.084837,1.061,5.181,5.377,61360.833995,60796.001439
A_OB_1.9999999999999998_1.0_224,COM,1.578675,1.36301,1.777,5.798,3.894,61153.352676,60796.001439
A_OB_1.9999999999999998_1.0_225,COM,0.012979,1.002986,0.402,5.741,2.383,60833.210143,60796.001439
A_OB_1.9999999999999998_1.0_226,COM,1.098896,1.262367,1.469,1.893,5.387,62360.919687,60796.001439
A_OB_1.9999999999999998_1.0_227,COM,1.270138,1.293814,2.381,5.129,5.063,60921.194343,60796.001439
A_OB_1.9999999999999998_1.0_228,COM,1.330962,1.316511,1.704,1.56,5.406,63385.186589,60796.001439
A_OB_1.9999999999999998_1.0_229,COM,0.092552,1.023454,1.704,4.864,5.309,63503.270682,60796.001439
A_OB_1.9999999999999998_1.0_230,COM,0.330039,1.082639,1.725,1.047,5.45,63773.832431,60796.001439
A_OB_1.9999999999999998_1.0_231,COM,0.810161,1.197734,1.699,3.093,2.594,63882.23648,60796.001439
A_OB_1.9999999999999998_1.0_232,COM,1.186023,1.282436,0.735,2.732,4.458,64037.288968,60796.001439
A_OB_1.9999999999999998_1.0_233,COM,0.689221,1.168897,0.997,0.078,5.514,62705.736671,60796.001439
A_OB_1.9999999999999998_1.0_234,COM,0.465817,1.11058,1.194,1.894,4.672,61895.453575,60796.001439
A_OB_1.9999999999999998_1.0_235,COM,2.18216,1.52525,2.534,5.464,2.714,62983.93126,60796.001439
A_OB_1.9999999999999998_1.0_236,COM,0.728401,1.179287,0.927,1.428,4.735,60877.644084,60796.001439
A_OB_1.9999999999999998_1.0_237,COM,0.165897,1.040002,1.907,1.627,4.413,62267.099455,60796.001439
A_OB_1.9999999999999998_1.0_238,COM,1.668993,1.402207,1.244,0.274,3.376,60887.208699,60796.001439
A_OB_1.9999999999999998_1.0_239,COM,2.228835,1.536238,2.393,0.827,4.514,61043.805888,60796.001439
A_OB_1.9999999999999998_1.0_240,COM,0.821577,1.199424,1.593,5.618,4.92,64309.143272,60796.001439
A_OB_1.9999999999999998_1.0_241,COM,1.130789,1.256966,1.175,3.009,4.997,60977.352537,60796.001439
A_OB_1.9999999999999998_1.0_242,COM,0.70474,1.166566,1.28,5.305,4.603,61861.064207,60796.001439
A_OB_1.9999999999999998_1.0_243,COM,0.508284,1.114426,2.93,3.996,2.62,61309.812807,60796.001439
A_OB_1.9999999999999998_1.0_244,COM,0.69457,1.168177,2.516,6.256,5.981,61446.285037,60796.001439
A_OB_1.9999999999999998_1.0_245,COM,0.897831,1.214655,2.405,5.032,4.227,62770.677291,60796.001439
A_OB_1.9999999999999998_1.0_246,COM,0.109458,1.027294,1.185,1.345,3.583,62202.39707,60796.001439
A_OB_1.9999999999999998_1.0_247,COM,1.340104,1.38686,0.818,3.475,3.652,63122.565894,60796.001439
A_OB_1.9999999999999998_1.0_248,COM,0.033303,1.009184,1.673,2.226,4.4,61126.016056,60796.001439
A_OB_1.9999999999999998_1.0_249,COM,0.009211,1.002515,2.078,4.468,5.758,63863.049949,60796.001439
A_OB_1.9999999999999998_1.0_250,COM,1.127338,1.304813,1.602,0.652,3.588,63909.386269,60796.001439
A_OB_1.9999999999999998_1.0_251,COM,0.487042,1.134815,0.636,2.016,4.81,61354.183865,60796.001439
A_OB_1.9999999999999998_1.0_252,COM,0.455249,1.117243,1.198,4.051,3.322,63096.336101,60796.001439
A_OB_1.9999999999999998_1.0_253,COM,1.55492,1.407679,0.965,1.965,4.94,62794.7619,60796.001439
A_OB_1.9999999999999998_1.0_254,COM,0.315273,1.085048,0.301,4.184,2.725,62896.925309,60796.001439
A_OB_1.9999999999999998_1.0_255,COM,0.896905,1.243967,1.869,4.018,3.45,62736.777314,60796.001439
A_OB_1.9999999999999998_1.0_256,COM,1.0027,1.285878,0.642,5.402,4.832,63505.638063,60796.001439
A_OB_1.9999999999999998_1.0_257,COM,0.5533,1.15314,0.962,0.102,2.721,61927.799072,60796.001439
A_OB_1.9999999999999998_1.0_258,COM,1.16962,1.329514,2.084,5.395,3.052,63626.333251,60796.001439
A_OB_1.9999999999999998_1.0_259,COM,0.703284,1.198983,1.472,6.035,5.94,62547.169089,60796.001439
A_OB_1.9999999999999998_1.0_260,COM,1.511117,1.42376,2.051,4.504,3.043,62956.901849,60796.001439
A_OB_1.9999999999999998_1.0_261,COM,0.875949,1.254252,1.69,4.417,2.933,63163.272545,60796.001439
A_OB_1.9999999999999998_1.0_262,COM,1.042195,1.294456,1.361,4.359,4.026,63023.065301,60796.001439
A_OB_1.9999999999999998_1.0_263,COM,1.362492,1.353638,1.937,5.245,5.016,61264.277017,60796.001439
A_OB_1.9999999999999998_1.0_264,COM,0.151029,1.040775,0.665,2.087,5.314,62206.225054,60796.001439
A_OB_1.9999999999999998_1.0_265,COM,0.730889,1.203703,2.039,1.141,0.385,62178.048085,60796.001439
A_OB_1.9999999999999998_1.0_266,COM,2.059691,1.547982,1.339,4.555,3.571,61967.543256,60796.001439
A_OB_1.9999999999999998_1.0_267,COM,0.640136,1.17331,1.016,1.369,4.577,61004.901125,60796.001439
A_OB_1.9999999999999998_1.0_268,COM,0.65859,1.184443,1.746,5.852,5.347,62187.619193,60796.001439
A_OB_1.9999999999999998_1.0_269,COM,0.786288,1.211833,1.253,4.371,2.313,62723.844779,60796.001439
A_OB_1.9999999999999998_1.0_270,COM,0.823604,1.214011,1.338,4.137,3.222,62388.068245,60796.001439
A_OB_1.9999999999999998_1.0_271,COM,0.905515,1.246183,0.842,4.791,3.908,63749.73417,60796.001439
A_OB_1.9999999999999998_1.0_272,COM,1.331853,1.378755,0.679,3.366,4.393,62826.995765,60796.001439
A_OB_1.9999999999999998_1.0_273,COM,1.430288,1.367078,1.661,4.11,4.458,63733.832348,60796.001439
A_OB_1.9999999999999998_1.0_274,COM,1.283898,1.361588,1.662,4.541,3.527,62287.458914,60796.001439
A_OB_1.9999999999999998_1.0_275,COM,1.556065,1.457014,0.853,5.058,5.604,63535.937221,60796.001439
A_OB_1.9999999999999998_1.0_276,COM,1.021573,1.313179,1.738,1.617,4.863,62673.765335,60796.001439
A_OB_1.9999999999999998_1.0_277,COM,0.836541,1.260188,1.452,2.614,5.004,63641.567028,60796.001439
A_OB_1.9999999999999998_1.0_278,COM,0.279501,1.084751,1.32,4.4,3.744,63572.393179,60796.001439
A_OB_1.9999999999999998_1.0_279,COM,0.755784,1.222602,1.915,5.219,3.232,63774.40158,60796.001439
A_OB_1.9999999999999998_1.0_280,COM,1.152755,1.373845,1.398,5.737,5.191,61222.199131,60796.001439
A_OB_1.9999999999999998_1.0_281,COM,1.798873,1.582356,0.542,2.797,3.196,64350.248909,60796.001439
A_OB_1.9999999999999998_1.0_282,COM,0.886832,1.258786,1.145,0.183,3.037,61239.018342,60796.001439
A_OB_1.9999999999999998_1.0_283,COM,0.950129,1.31135,0.79,5.0,4.196,61766.660499,60796.001439
A_OB_1.9999999999999998_1.0_284,COM,0.334928,1.109158,0.978,4.952,4.089,64052.844215,60796.001439
A_OB_1.9999999999999998_1.0_285,COM,1.097326,1.346293,2.19,3.903,3.963,61363.329916,60796.001439
A_OB_1.9999999999999998_1.0_286,COM,0.868533,1.256164,2.07,0.048,3.555,62760.838503,60796.001439
A_OB_1.9999999999999998_1.0_287,COM,1.116265,1.340949,2.525,2.814,1.694,64504.983049,60796.001439
A_OB_1.9999999999999998_1.0_288,COM,0.429034,1.140044,0.832,5.964,4.017,61317.2041,60796.001439
A_OB_1.9999999999999998_1.0_289,COM,1.584456,1.481248,0.914,4.098,4.616,60880.35885,60796.001439
A_OB_1.9999999999999998_1.0_290,COM,1.12482,1.330738,1.871,2.333,4.066,60957.082191,60796.001439
A_OB_1.9999999999999998_1.0_291,COM,1.910028,1.576805,2.278,5.243,4.052,60784.745426,60796.001439
A_OB_1.9999999999999998_1.0_292,COM,1.009014,1.306141,1.81,1.043,3.677,62674.750722,60796.001439
A_OB_1.9999999999999998_1.0_293,COM,0.46135,1.143023,0.775,2.634,4.887,63310.894158,60796.001439
A_OB_1.9999999999999998_1.0_294,COM,0.442512,1.143644,0.814,0.33,4.825,61818.178533,60796.001439
A_OB_1.9999999999999998_1.0_295,COM,1.993811,1.61329,1.633,3.345,3.728,63077.436563,60796.001439
A_OB_1.9999999999999998_1.0_296,COM,0.877354,1.257712,2.112,2.662,3.027,60936.444727,60796.001439
A_OB_1.9999999999999998_1.0_297,COM,0.024028,1.00706,1.948,3.741,4.512,64489.566381,60796.001439
A_OB_1.9999999999999998_1.0_298,COM,0.229472,1.069794,1.504,2.347,4.471,64354.762637,60796.001439
A_OB_1.9999999999999998_1.0_299,COM,2.488687,1.814641,1.069,3.242,3.312,63038.412248,60796.001439
A_OB_1.9999999999999998_1.0_300,COM,0.828112,1.253889,1.483,0.827,5.08,63653.341536,60796.001439
A_OB_1.9999999999999998_1.0_301,COM,0.099744,1.03155,3.079,0.264,5.298,62122.355373,60796.001439
A_OB_1.9999999999999998_1.0_302,COM,0.389765,1.117923,2.319,1.652,5.019,63021.869318,60796.001439
A_OB_1.9999999999999998_1.0_303,COM,3.545534,2.125646,1.399,1.351,4.673,63747.58952,60796.001439
A_OB_1.9999999999999998_1.0_304,COM,1.087291,1.319875,2.404,1.118,4.93,62606.71024,60796.001439
A_OB_1.9999999999999998_1.0_305,COM,0.406824,1.121204,1.125,1.655,4.038,62518.646809,60796.001439
A_OB_1.9999999999999998_1.0_306,COM,1.333134,1.391018,1.505,0.75,4.516,61036.1054,60796.001439
A_OB_1.9999999999999998_1.0_307,COM,0.017152,1.005872,2.405,0.606,5.673,61142.809808,60796.001439
A_OB_1.9999999999999998_1.0_308,COM,0.851826,1.291814,1.082,3.956,4.138,62846.739882,60796.001439
A_OB_1.9999999999999998_1.0_309,COM,0.420619,1.154502,2.077,4.417,4.775,63619.198191,60796.001439
A_OB_1.9999999999999998_1.0_310,COM,1.041403,1.346924,1.308,4.111,3.288,61400.812971,60796.001439
A_OB_1.9999999999999998_1.0_311,COM,0.024466,1.008175,1.36,2.197,4.908,63863.708997,60796.001439
A_OB_1.9999999999999998_1.0_312,COM,1.279758,1.445279,2.185,1.527,4.249,62454.679235,60796.001439
A_OB_1.9999999999999998_1.0_313,COM,0.808403,1.297002,1.724,1.688,5.815,61536.332266,60796.001439
A_OB_1.9999999999999998_1.0_314,COM,1.337543,1.481006,2.269,0.957,4.733,63089.360948,60796.001439
A_OB_1.9999999999999998_1.0_315,COM,1.239171,1.426132,2.445,2.467,5.458,64347.163545,60796.001439
A_OB_1.9999999999999998_1.0_316,COM,0.220305,1.078083,1.607,4.801,3.475,61335.386265,60796.001439
A_OB_1.9999999999999998_1.0_317,COM,1.439169,1.52221,2.779,0.184,4.845,60888.934364,60796.001439
A_OB_1.9999999999999998_1.0_318,COM,1.912963,1.647925,0.69,1.917,3.934,64276.36119,60796.001439
A_OB_1.9999999999999998_1.0_319,COM,0.934293,1.343632,2.545,2.949,2.388,61656.958429,60796.001439
A_OB_1.9999999999999998_1.0_320,COM,1.211815,1.412814,1.43,3.512,3.006,61308.247792,60796.001439
A_OB_1.9999999999999998_1.0_321,COM,1.005854,1.370466,1.446,1.588,3.855,64313.909208,60796.001439
A_OB_1.9999999999999998_1.0_322,COM,1.070289,1.3588,2.826,4.358,2.745,64389.169326,60796.001439
A_OB_1.9999999999999998_1.0_323,COM,1.349274,1.486026,1.926,0.312,4.767,60860.408785,60796.001439
A_OB_1.9999999999999998_1.0_324,COM,0.200838,1.068542,2.8,6.153,4.948,62375.206218,60796.001439
A_OB_1.9999999999999998_1.0_325,COM,1.536458,1.558677,0.812,4.978,3.764,64412.121177,60796.001439
A_OB_1.9999999999999998_1.0_326,COM,1.05949,1.378171,0.835,3.637,4.496,64496.767004,60796.001439
A_OB_1.9999999999999998_1.0_327,COM,1.359957,1.477465,1.766,1.282,5.583,61155.352251,60796.001439
A_OB_1.9999999999999998_1.0_328,COM,1.028438,1.343697,2.005,4.065,3.446,63209.736029,60796.001439
A_OB_1.9999999999999998_1.0_329,COM,1.108503,1.402229,2.16,0.442,3.544,62024.965194,60796.001439
A_OB_1.9999999999999998_1.0_330,COM,1.922653,1.639016,1.89,5.142,2.146,63188.257564,60796.001439
A_OB_1.9999999999999998_1.0_331,COM,1.196036,1.394001,1.196,5.456,2.346,63985.82984,60796.001439
A_OB_1.9999999999999998_1.0_332,COM,0.888762,1.298072,2.108,0.342,4.569,61881.400941,60796.001439
A_OB_1.9999999999999998_1.0_333,COM,1.730073,1.626268,1.389,1.135,5.744,63906.172837,60796.001439
A_OB_1.9999999999999998_1.0_334,COM,0.88892,1.297298,2.364,1.954,5.993,62528.301642,60796.001439
A_OB_1.9999999999999998_1.0_335,COM,0.81761,1.279416,1.605,0.083,6.02,61455.086009,60796.001439
A_OB_1.9999999999999998_1.0_336,COM,0.014802,1.005233,1.61,1.584,5.445,62413.701864,60796.001439
A_OB_1.9999999999999998_1.0_337,COM,0.961044,1.351769,2.683,5.968,3.54,62237.217804,60796.001439
A_OB_1.9999999999999998_1.0_338,COM,1.669473,1.680918,2.409,6.152,3.588,60854.235197,60796.001439
A_OB_1.9999999999999998_1.0_339,COM,1.317609,1.534679,1.57,4.059,3.299,60865.904799,60796.001439
A_OB_1.9999999999999998_1.0_340,COM,0.373693,1.15214,1.569,3.16,2.215,63300.80749,60796.001439
A_OB_1.9999999999999998_1.0_341,COM,1.171978,1.440155,1.949,1.212,4.023,61351.120372,60796.001439
A_OB_1.9999999999999998_1.0_342,COM,0.087104,1.033885,0.921,1.313,5.779,63274.867393,60796.001439
A_OB_1.9999999999999998_1.0_343,COM,1.115667,1.436944,2.312,0.388,3.813,64046.649317,60796.001439
A_OB_1.9999999999999998_1.0_344,COM,1.227011,1.502932,2.256,5.719,2.892,64145.967465,60796.001439
A_OB_1.9999999999999998_1.0_345,COM,1.425891,1.534236,1.338,1.983,4.64,63612.062318,60796.001439
A_OB_1.9999999999999998_1.0_346,COM,1.712485,1.686984,0.172,0.785,0.598,64462.988275,60796.001439
A_OB_1.9999999999999998_1.0_347,COM,0.252499,1.101023,0.91,4.522,2.56,64054.981259,60796.001439
A_OB_1.9999999999999998_1.0_348,COM,1.136445,1.452253,2.321,3.966,3.351,64024.800089,60796.001439
A_OB_1.9999999999999998_1.0_349,COM,1.633493,1.665812,0.692,1.255,4.381,62548.98844,60796.001439
A_OB_1.9999999999999998_1.0_350,COM,1.474378,1.601214,1.425,1.991,4.365,61945.286198,60796.001439
A_OB_1.9999999999999998_1.0_351,COM,0.562621,1.213572,1.682,2.168,4.623,62218.876443,60796.001439
A_OB_1.9999999999999998_1.0_352,COM,1.096051,1.419096,1.692,5.269,3.584,61472.670323,60796.001439
A_OB_1.9999999999999998_1.0_353,COM,1.325847,1.533284,0.885,3.462,2.805,62695.422849,60796.001439
A_OB_1.9999999999999998_1.0_354,COM,1.290179,1.482847,2.45,0.936,4.975,62525.962144,60796.001439
A_OB_1.9999999999999998_1.0_355,COM,1.376694,1.557624,0.877,1.395,3.675,63205.729424,60796.001439
A_OB_1.9999999999999998_1.0_356,COM,1.030686,1.416593,2.568,0.771,5.466,63344.369661,60796.001439
A_OB_1.9999999999999998_1.0_357,COM,1.069431,1.414523,2.031,4.254,2.736,61911.007558,60796.001439
A_OB_1.9999999999999998_1.0_358,COM,0.442006,1.166468,2.2,1.239,4.626,62911.641021,60796.001439
A_OB_1.9999999999999998_1.0_359,COM,0.57765,1.230414,0.858,0.934,3.357,61940.152457,60796.001439
A_OB_1.9999999999999998_1.0_360,COM,1.155893,1.428341,1.949,5.594,5.309,63463.185112,60796.001439
A_OB_1.9999999999999998_1.0_361,COM,0.79026,1.313391,0.964,1.85,4.67,63432.700088,60796.001439
A_OB_1.9999999999999998_1.0_362,COM,0.191262,1.076128,2.134,1.003,4.76,62469.289323,60796.001439
A_OB_1.9999999999999998_1.0_363,COM,1.136519,1.457319,1.488,3.705,3.26,63784.214297,60796.001439
A_OB_1.9999999999999998_1.0_364,COM,1.704284,1.650248,2.205,0.19,4.143,64426.418787,60796.001439
A_OB_1.9999999999999998_1.0_365,COM,1.123339,1.435683,0.386,2.955,4.662,64244.696518,60796.001439
A_OB_1.9999999999999998_1.0_366,COM,0.961426,1.364361,1.783,4.516,2.518,63009.047665,60796.001439
A_OB_1.9999999999999998_1.0_367,COM,0.504441,1.188936,2.183,5.306,3.32,61080.445503,60796.001439
A_OB_1.9999999999999998_1.0_368,COM,1.548539,1.590198,2.64,0.357,4.678,61062.764296,60796.001439
A_OB_1.9999999999999998_1.0_369,COM,0.010855,1.004421,2.707,3.723,4.004,63664.468254,60796.001439
A_OB_1.9999999999999998_1.0_370,COM,0.329664,1.124745,2.434,2.705,5.325,63958.290423,60796.001439
A_OB_1.9999999999999998_1.0_371,COM,1.298485,1.521272,1.752,0.237,3.964,61139.510758,60796.001439
A_OB_1.9999999999999998_1.0_372,COM,1.057569,1.39048,1.898,2.194,3.278,63316.080452,60796.001439
A_OB_1.9999999999999998_1.0_373,COM,0.604134,1.223794,2.505,4.359,2.502,63387.562254,60796.001439
A_OB_1.9999999999999998_1.0_374,COM,0.407827,1.15933,1.815,3.832,4.535,63852.120404,60796.001439
A_OB_1.9999999999999998_1.0_375,COM,1.666281,1.6335,1.44,4.708,3.409,60725.945221,60796.001439
A_OB_1.9999999999999998_1.0_376,COM,1.359385,1.553041,2.113,0.743,4.303,64427.641244,60796.001439
A_OB_1.9999999999999998_1.0_377,COM,0.165919,1.072566,2.462,2.522,6.049,63043.335137,60796.001439
A_OB_1.9999999999999998_1.0_378,COM,0.134616,1.05982,1.758,3.774,4.343,60885.96158,60796.001439
A_OB_1.9999999999999998_1.0_379,COM,0.493377,1.212179,1.704,4.853,3.185,62381.285539,60796.001439
A_OB_1.9999999999999998_1.0_380,COM,1.169477,1.483111,0.405,3.054,3.432,64002.525076,60796.001439
A_OB_1.9999999999999998_1.0_381,COM,1.373409,1.611785,1.212,1.081,4.078,61152.696579,60796.001439
A_OB_1.9999999999999998_1.0_382,COM,1.481432,1.618551,1.211,5.501,2.209,64437.886009,60796.001439
A_OB_1.9999999999999998_1.0_383,COM,0.461033,1.1919,1.015,3.093,2.721,64424.730341,60796.001439
A_OB_1.9999999999999998_1.0_384,COM,0.604767,1.270282,1.503,4.082,4.232,64325.920162,60796.001439
A_OB_1.9999999999999998_1.0_385,COM,0.983368,1.409961,1.849,4.167,3.149,63614.116477,60796.001439
A_OB_1.9999999999999998_1.0_386,COM,0.805103,1.331825,1.459,5.572,1.827,62763.546454,60796.001439
A_OB_1.9999999999999998_1.0_387,COM,0.048747,1.021836,1.792,0.009,4.428,61013.366279,60796.001439
A_OB_1.9999999999999998_1.0_388,COM,0.345212,1.146992,2.746,5.979,3.769,64148.168271,60796.001439
A_OB_1.9999999999999998_1.0_389,COM,1.319248,1.586615,2.029,0.065,5.309,62515.828182,60796.001439
A_OB_1.9999999999999998_1.0_390,COM,1.361297,1.59756,2.561,0.943,4.004,63379.172912,60796.001439
A_OB_1.9999999999999998_1.0_391,COM,1.111127,1.462956,1.413,1.745,4.388,64361.752674,60796.001439
A_OB_1.9999999999999998_1.0_392,COM,0.66643,1.294849,1.168,0.855,4.47,62836.399152,60796.001439
A_OB_1.9999999999999998_1.0_393,COM,1.113164,1.461371,1.451,5.82,3.384,63636.312074,60796.001439
A_OB_1.9999999999999998_1.0_394,COM,1.311082,1.541545,2.125,3.47,2.603,61865.582854,60796.001439
A_OB_1.9999999999999998_1.0_395,COM,1.23013,1.515661,2.426,3.98,0.303,61771.416469,60796.001439
A_OB_1.9999999999999998_1.0_396,COM,1.391945,1.571837,0.654,2.783,2.586,60882.91383,60796.001439
A_OB_1.9999999999999998_1.0_397,COM,2.905704,2.283343,1.974,5.777,3.757,63405.591651,60796.001439
A_OB_1.9999999999999998_1.0_398,COM,0.2455,1.103981,2.165,1.364,4.262,62326.754298,60796.001439
A_OB_1.9999999999999998_1.0_399,COM,0.950748,1.399803,1.666,0.546,3.668,60790.960781,60796.001439
A_OB_1.9999999999999998_1.0_400,COM,0.489716,1.203632,2.61,4.772,2.892,64043.582969,60796.001439
A_OB_1.9999999999999998_1.0_401,COM,0.489716,1.203632,2.61,4.772,2.892,64043.582969,60796.001439
A_OB_1.9999999999999998_1.0_402,COM,1.335408,1.580427,2.283,1.297,5.164,63649.978822,60796.001439
A_OB_1.9999999999999998_1.0_403,COM,0.825832,1.342292,1.723,3.882,3.9,61854.566601,60796.001439
A_OB_1.9999999999999998_1.0_404,COM,1.559062,1.688287,0.682,4.957,2.123,64403.489452,60796.001439
A_OB_1.9999999999999998_1.0_405,COM,1.251568,1.561581,1.856,4.681,3.449,63217.844979,60796.001439
A_OB_1.9999999999999998_1.0_406,COM,0.696739,1.320139,2.255,0.766,3.896,63341.564361,60796.001439
A_OB_1.9999999999999998_1.0_407,COM,1.751601,1.867942,0.705,2.452,3.755,64422.71064,60796.001439
A_OB_1.9999999999999998_1.0_408,COM,0.714406,1.350374,1.059,2.008,4.129,62291.572917,60796.001439
A_OB_1.9999999999999998_1.0_409,COM,0.29063,1.143187,1.678,1.327,5.253,62415.637112,60796.001439
A_OB_1.9999999999999998_1.0_410,COM,0.188307,1.08846,1.905,5.299,4.517,63314.731734,60796.001439
A_OB_1.9999999999999998_1.0_411,COM,1.11735,1.557415,1.321,0.863,3.88,62844.035464,60796.001439
A_OB_1.9999999999999998_1.0_412,COM,2.051296,1.963675,1.441,3.372,1.558,61973.757828,60796.001439
A_OB_1.9999999999999998_1.0_413,COM,1.038102,1.473168,2.563,1.287,5.549,64222.4195,60796.001439
A_OB_1.9999999999999998_1.0_414,COM,0.621548,1.293308,0.626,3.99,2.683,63309.460558,60796.001439
A_OB_1.9999999999999998_1.0_415,COM,0.302542,1.14818,1.153,2.691,4.025,63489.864825,60796.001439
A_OB_1.9999999999999998_1.0_416,COM,0.095589,1.047272,1.61,6.0,4.864,63885.38705,60796.001439
A_OB_1.9999999999999998_1.0_417,COM,1.095347,1.503828,1.187,2.482,3.913,62377.370231,60796.001439
A_OB_1.9999999999999998_1.0_418,COM,0.836169,1.404041,2.051,0.751,5.761,64290.219073,60796.001439
A_OB_1.9999999999999998_1.0_419,COM,0.982492,1.477145,1.763,0.28,3.463,63855.763572,60796.001439
A_OB_1.9999999999999998_1.0_420,COM,1.201588,1.561292,1.163,5.884,2.648,63524.674412,60796.001439
A_OB_1.9999999999999998_1.0_421,COM,1.372672,1.635612,2.265,5.701,2.969,63649.953133,60796.001439
A_OB_1.9999999999999998_1.0_422,COM,0.175121,1.083653,1.041,0.214,5.057,61026.353001,60796.001439
A_OB_1.9999999999999998_1.0_423,COM,1.248924,1.624932,1.225,2.438,3.657,61481.741673,60796.001439
A_OB_1.9999999999999998_1.0_424,COM,0.888656,1.42094,2.387,2.176,5.865,61399.152879,60796.001439
A_OB_1.9999999999999998_1.0_425,COM,0.982728,1.481878,1.107,3.864,4.308,62651.68789,60796.001439
A_OB_1.9999999999999998_1.0_426,COM,0.87302,1.403981,0.979,4.897,3.727,61754.004203,60796.001439
A_OB_1.9999999999999998_1.0_427,COM,0.091728,1.041756,1.362,1.441,5.098,62820.342026,60796.001439
A_OB_1.9999999999999998_1.0_428,COM,0.169557,1.080014,0.875,2.908,3.595,63241.767894,60796.001439
A_OB_1.9999999999999998_1.0_429,COM,1.323205,1.604392,1.212,1.821,4.774,63068.628811,60796.001439
A_OB_1.9999999999999998_1.0_430,COM,1.261364,1.591971,1.634,5.912,2.008,64427.496387,60796.001439
A_OB_1.9999999999999998_1.0_431,COM,0.068951,1.037465,1.023,2.634,3.629,61734.323841,60796.001439
A_OB_1.9999999999999998_1.0_432,COM,1.670694,1.842685,1.259,1.557,4.39,61015.472357,60796.001439
A_OB_1.9999999999999998_1.0_433,COM,2.61638,2.416789,1.061,2.403,3.777,63210.766672,60796.001439
A_OB_1.9999999999999998_1.0_434,COM,2.144111,2.131425,2.655,3.952,1.434,62254.281082,60796.001439
A_OB_1.9999999999999998_1.0_435,COM,1.1557,1.624862,1.783,1.065,3.983,63709.583452,60796.001439
A_OB_1.9999999999999998_1.0_436,COM,0.309338,1.164768,1.679,1.083,5.062,64089.331732,60796.001439
A_OB_1.9999999999999998_1.0_437,COM,0.825199,1.446279,0.891,1.84,4.677,63795.511005,60796.001439
A_OB_1.9999999999999998_1.0_438,COM,1.370542,1.696462,1.997,0.444,4.071,61436.540603,60796.001439
A_OB_1.9999999999999998_1.0_439,COM,0.249917,1.126162,0.21,1.9,4.619,60885.39621,60796.001439
A_OB_1.9999999999999998_1.0_440,COM,0.595726,1.321975,1.846,4.405,3.488,62512.605457,60796.001439
A_OB_1.9999999999999998_1.0_441,COM,1.333669,1.715124,1.509,4.825,2.604,62643.725453,60796.001439
A_OB_1.9999999999999998_1.0_442,COM,0.850438,1.466546,1.221,3.44,4.032,61665.115467,60796.001439
A_OB_1.9999999999999998_1.0_443,COM,1.930415,1.993846,1.988,3.823,3.185,62747.512866,60796.001439
A_OB_1.9999999999999998_1.0_444,COM,0.783417,1.404733,2.369,4.55,3.967,64430.671745,60796.001439
A_OB_1.9999999999999998_1.0_445,COM,1.184209,1.607717,1.901,3.001,3.996,62847.329082,60796.001439
A_OB_1.9999999999999998_1.0_446,COM,1.086927,1.550804,2.19,0.855,4.649,61114.110103,60796.001439
A_OB_1.9999999999999998_1.0_447,COM,1.570104,1.811485,2.823,0.983,3.555,61937.869526,60796.001439
A_OB_1.9999999999999998_1.0_448,COM,2.081043,2.127002,0.984,1.427,5.117,64119.818365,60796.001439
A_OB_1.9999999999999998_1.0_449,COM,2.135007,2.123287,1.138,0.285,4.6,64210.976642,60796.001439
A_OB_1.9999999999999998_1.0_450,COM,0.311979,1.161227,0.935,3.154,4.14,60922.656175,60796.001439
A_OB_1.9999999999999998_1.0_451,COM,1.365818,1.695876,2.59,5.242,3.624,61341.680746,60796.001439
A_OB_1.9999999999999998_1.0_452,COM,0.283994,1.143169,1.812,5.819,3.557,63500.952573,60796.001439
A_OB_1.9999999999999998_1.0_453,COM,0.350531,1.178403,1.622,4.629,3.274,62045.666562,60796.001439
A_OB_1.9999999999999998_1.0_454,COM,2.192553,2.198459,1.708,2.856,4.578,63283.010932,60796.001439
A_OB_1.9999999999999998_1.0_455,COM,0.289921,1.158519,1.782,4.836,3.573,62479.000002,60796.001439
A_OB_1.9999999999999998_1.0_456,COM,0.451598,1.242435,0.775,4.089,3.194,62849.633026,60796.001439
A_OB_1.9999999999999998_1.0_457,COM,0.452471,1.237538,1.129,2.202,4.449,60761.821876,60796.001439
A_OB_1.9999999999999998_1.0_458,COM,0.606666,1.328414,2.218,1.508,5.725,62398.000375,60796.001439
A_OB_1.9999999999999998_1.0_459,COM,1.449301,1.772219,0.246,2.652,4.197,61482.531397,60796.001439
A_OB_1.9999999999999998_1.0_460,COM,0.992034,1.515853,0.717,3.041,4.201,62791.357221,60796.001439
A_OB_1.9999999999999998_1.0_461,COM,0.843601,1.44085,1.831,1.994,4.666,61366.718689,60796.001439
A_OB_1.9999999999999998_1.0_462,COM,0.35409,1.207868,1.176,0.018,5.182,63819.197627,60796.001439
A_OB_1.9999999999999998_1.0_463,COM,1.378224,1.770359,0.822,4.501,3.023,64268.413972,60796.001439
A_OB_1.9999999999999998_1.0_464,COM,1.131231,1.652126,0.323,4.915,2.813,63725.997287,60796.001439
A_OB_1.9999999999999998_1.0_465,COM,0.876533,1.516735,2.26,4.53,3.563,62243.414049,60796.001439
A_OB_1.9999999999999998_1.0_466,COM,1.278426,1.71676,2.401,0.278,3.274,63177.173466,60796.001439
A_OB_1.9999999999999998_1.0_467,COM,1.348436,1.763435,2.262,1.473,5.87,62699.903788,60796.001439
A_OB_1.9999999999999998_1.0_468,COM,0.170627,1.100622,1.341,5.726,4.181,60823.578134,60796.001439
A_OB_1.9999999999999998_1.0_469,COM,1.625241,1.958282,2.086,0.659,4.076,61574.072704,60796.001439
A_OB_1.9999999999999998_1.0_470,COM,0.327081,1.196017,2.305,0.446,4.154,60914.848587,60796.001439
A_OB_1.9999999999999998_1.0_471,COM,0.004561,1.002599,0.883,2.441,4.345,63989.159557,60796.001439
A_OB_1.9999999999999998_1.0_472,COM,0.877677,1.52024,1.018,1.757,4.08,62404.975052,60796.001439
A_OB_1.9999999999999998_1.0_473,COM,1.447352,1.867052,1.482,0.702,3.673,61680.333535,60796.001439
A_OB_1.9999999999999998_1.0_474,COM,1.126756,1.64947,2.639,3.531,4.142,62826.85211,60796.001439
A_OB_1.9999999999999998_1.0_475,COM,0.154574,1.091922,1.272,2.097,4.171,62091.134195,60796.001439
A_OB_1.9999999999999998_1.0_476,COM,0.490885,1.274567,2.495,3.744,2.995,63998.896938,60796.001439
A_OB_1.9999999999999998_1.0_477,COM,0.099321,1.054944,1.056,3.914,3.844,61184.839881,60796.001439
A_OB_1.9999999999999998_1.0_478,COM,1.249474,1.747166,1.158,1.488,4.885,61708.171581,60796.001439
A_OB_1.9999999999999998_1.0_479,COM,0.983965,1.572876,1.413,4.608,3.334,63531.181434,60796.001439
A_OB_1.9999999999999998_1.0_480,COM,1.520572,1.854569,1.666,5.508,2.76,63346.429568,60796.001439
A_OB_1.9999999999999998_1.0_481,COM,0.415047,1.233945,1.479,2.767,3.952,61889.948758,60796.001439
A_OB_1.9999999999999998_1.0_482,COM,1.150007,1.654907,0.99,3.888,2.761,61496.973039,60796.001439
A_OB_1.9999999999999998_1.0_483,COM,1.374441,1.797291,1.834,6.085,5.087,62903.162661,60796.001439
A_OB_1.9999999999999998_1.0_484,COM,1.353732,1.809519,1.762,1.462,4.575,63516.902523,60796.001439
A_OB_1.9999999999999998_1.0_485,COM,0.368294,1.206665,2.726,2.431,0.622,62465.104301,60796.001439
A_OB_1.9999999999999998_1.0_486,COM,0.897621,1.526365,1.605,3.6,4.678,64128.520734,60796.001439
A_OB_1.9999999999999998_1.0_487,COM,1.196064,1.661526,1.976,5.019,2.85,62155.392303,60796.001439
A_OB_1.9999999999999998_1.0_488,COM,1.163916,1.670231,1.864,5.31,2.971,61032.600515,60796.001439
A_OB_1.9999999999999998_1.0_489,COM,1.163916,1.670231,1.864,5.31,2.971,61032.600515,60796.001439
A_OB_1.9999999999999998_1.0_490,COM,0.062151,1.034251,0.357,3.361,4.128,64447.131456,60796.001439
A_OB_1.9999999999999998_1.0_491,COM,0.623729,1.365733,2.233,5.237,2.763,63996.271396,60796.001439
A_OB_1.9999999999999998_1.0_492,COM,1.05351,1.626283,0.909,4.025,3.237,63977.888299,60796.001439
A_OB_1.9999999999999998_1.0_493,COM,1.392036,1.81238,1.782,0.839,4.547,63126.682805,60796.001439
A_OB_1.9999999999999998_1.0_494,COM,0.82645,1.462923,1.216,1.654,4.232,62329.647954,60796.001439
A_OB_1.9999999999999998_1.0_495,COM,0.831987,1.536526,2.595,5.448,2.892,64078.335348,60796.001439
A_OB_1.9999999999999998_1.0_496,COM,0.945107,1.612323,2.283,5.008,3.313,62251.307337,60796.001439
A_OB_1.9999999999999998_1.0_497,COM,0.955165,1.578495,1.831,0.44,4.379,63054.762446,60796.001439
A_OB_1.9999999999999998_1.0_498,COM,0.641844,1.394989,0.956,3.856,4.198,62062.872108,60796.001439
A_OB_1.9999999999999998_1.0_499,COM,1.500336,1.965826,0.942,3.523,3.102,63531.428706,60796.001439
A_OB_1.9999999999999998_1.0_500,COM,1.242087,1.811066,0.97,4.523,2.308,64087.098394,60796.001439
A_OB_1.9999999999999998_1.0_501,COM,0.678108,1.438637,1.912,3.183,2.921,60920.062301,60796.001439
A_OB_1.9999999999999998_1.0_502,COM,1.574714,2.0001,1.726,1.409,3.94,62953.211572,60796.001439
A_OB_1.9999999999999998_1.0_503,COM,1.339577,1.851127,0.869,5.156,3.752,63885.281796,60796.001439
A_OB_1.9999999999999998_1.0_504,COM,0.851622,1.551339,2.035,3.617,1.675,64443.801902,60796.001439
A_OB_1.9999999999999998_1.0_505,COM,0.182791,1.112849,1.953,4.227,3.44,62442.471474,60796.001439
A_OB_1.9999999999999998_1.0_506,COM,1.215013,1.746958,1.25,3.224,3.522,62935.709047,60796.001439
A_OB_1.9999999999999998_1.0_507,COM,1.089882,1.654557,0.403,2.568,4.885,63366.062693,60796.001439
A_OB_1.9999999999999998_1.0_508,COM,1.54151,2.002039,2.495,0.682,3.315,62735.844468,60796.001439
A_OB_1.9999999999999998_1.0_509,COM,1.147834,1.706682,0.714,3.564,3.164,62098.027494,60796.001439
A_OB_1.9999999999999998_1.0_510,COM,1.34586,1.86194,0.276,1.852,4.344,62465.284259,60796.001439
A_OB_1.9999999999999998_1.0_511,COM,0.749604,1.461641,1.298,4.804,2.878,62478.793126,60796.001439
A_OB_1.9999999999999998_1.0_512,COM,0.746497,1.461391,1.012,0.77,4.86,61418.864339,60796.001439
A_OB_1.9999999999999998_1.0_513,COM,1.134083,1.693265,1.341,4.131,3.326,60848.902893,60796.001439
A_OB_1.9999999999999998_1.0_514,COM,0.898809,1.570568,1.981,0.574,4.906,61396.443987,60796.001439
A_OB_1.9999999999999998_1.0_515,COM,0.941998,1.578388,2.675,0.088,4.457,64189.185354,60796.001439
A_OB_1.9999999999999998_1.0_516,COM,0.771004,1.495181,1.616,4.174,2.586,61223.612075,60796.001439
A_OB_1.9999999999999998_1.0_517,COM,1.139878,1.691175,2.508,4.867,1.701,61281.520235,60796.001439
A_OB_1.9999999999999998_1.0_518,COM,0.757224,1.479611,0.705,2.705,3.457,62156.426865,60796.001439
A_OB_1.9999999999999998_1.0_519,COM,1.180349,1.741001,1.434,1.775,4.817,62137.668018,60796.001439
A_OB_1.9999999999999998_1.0_520,COM,1.277772,1.79298,1.235,2.619,3.755,61753.024173,60796.001439
A_OB_1.9999999999999998_1.0_521,COM,1.563174,1.961951,1.665,5.236,3.246,63206.856626,60796.001439
A_OB_1.9999999999999998_1.0_522,COM,1.330582,1.870696,0.091,0.128,3.423,60874.070421,60796.001439
A_OB_1.9999999999999998_1.0_523,COM,0.917275,1.611282,1.771,5.108,3.621,64095.222831,60796.001439
A_OB_1.9999999999999998_1.0_524,COM,0.826788,1.547458,0.966,2.015,4.662,62442.91482,60796.001439
A_OB_1.9999999999999998_1.0_525,COM,0.154151,1.108583,1.503,3.878,3.926,64162.580493,60796.001439
A_OB_1.9999999999999998_1.0_526,COM,1.720576,2.146355,2.29,0.941,4.643,61496.366307,60796.001439
A_OB_1.9999999999999998_1.0_527,COM,0.368009,1.258302,1.473,3.229,4.051,63024.319927,60796.001439
A_OB_1.9999999999999998_1.0_528,COM,1.188227,1.831794,1.601,5.311,3.735,63898.305312,60796.001439
A_OB_1.9999999999999998_1.0_529,COM,1.531168,2.075809,1.277,4.346,3.174,60987.250869,60796.001439
A_OB_1.9999999999999998_1.0_530,COM,0.416485,1.278673,1.726,2.275,4.605,63151.883363,60796.001439
A_OB_1.9999999999999998_1.0_531,COM,1.25473,1.871374,0.719,5.83,3.229,61027.498711,60796.001439
A_OB_1.9999999999999998_1.0_532,COM,0.041054,1.027047,1.597,6.087,4.163,63866.269975,60796.001439
A_OB_1.9999999999999998_1.0_533,COM,1.22763,1.815463,1.113,4.704,3.052,62889.242097,60796.001439
A_OB_1.9999999999999998_1.0_534,COM,1.19234,1.781838,1.527,1.491,4.444,64325.472038,60796.001439
A_OB_1.9999999999999998_1.0_535,COM,1.186206,1.829911,1.702,3.508,3.519,61327.100006,60796.001439
A_OB_1.9999999999999998_1.0_536,COM,1.125448,1.756457,0.3,2.382,4.334,61711.010721,60796.001439
A_OB_1.9999999999999998_1.0_537,COM,0.897325,1.610478,2.178,4.807,3.867,63393.823198,60796.001439
A_OB_1.9999999999999998_1.0_538,COM,0.285811,1.190207,1.926,1.798,3.767,62184.104633,60796.001439
A_OB_1.9999999999999998_1.0_539,COM,0.174408,1.118465,1.193,3.597,3.675,62548.858529,60796.001439
A_OB_1.9999999999999998_1.0_540,COM,1.106805,1.764671,1.462,1.751,2.716,62744.513308,60796.001439
A_OB_1.9999999999999998_1.0_541,COM,0.609559,1.410283,1.065,3.656,2.766,62336.147456,60796.001439
A_OB_1.9999999999999998_1.0_542,COM,1.554492,2.077158,0.9,1.814,3.918,63022.730421,60796.001439
A_OB_1.9999999999999998_1.0_543,COM,2.091017,2.478868,1.514,1.694,4.548,60794.089704,60796.001439
A_OB_1.9999999999999998_1.0_544,COM,0.932778,1.642625,1.13,5.856,3.521,62682.625452,60796.001439
A_OB_1.9999999999999998_1.0_545,COM,0.731123,1.498989,2.362,1.06,4.874,63440.700178,60796.001439
A_OB_1.9999999999999998_1.0_546,COM,1.62746,2.109217,2.179,4.446,2.056,63416.354657,60796.001439
A_OB_1.9999999999999998_1.0_547,COM,0.907162,1.607652,2.805,1.471,1.949,61295.579072,60796.001439
A_OB_1.9999999999999998_1.0_548,COM,0.426683,1.300265,1.445,3.311,3.416,62904.446532,60796.001439
A_OB_1.9999999999999998_1.0_549,COM,2.418981,2.700477,1.766,1.036,4.404,63286.881544,60796.001439
A_OB_1.9999999999999998_1.0_550,COM,0.559211,1.368101,1.364,1.628,4.588,61218.32507,60796.001439
A_OB_1.9999999999999998_1.0_551,COM,1.964171,2.331055,1.587,0.561,4.024,62077.823504,60796.001439
A_OB_1.9999999999999998_1.0_552,COM,0.335993,1.221231,0.679,1.875,0.954,61292.686951,60796.001439
A_OB_1.9999999999999998_1.0_553,COM,1.532721,2.068445,0.866,1.641,3.333,61476.577979,60796.001439
A_OB_1.9999999999999998_1.0_554,COM,0.092249,1.062672,0.925,5.241,2.242,63661.887042,60796.001439
A_OB_1.9999999999999998_1.0_555,COM,0.543518,1.379626,2.013,5.059,3.142,62125.427779,60796.001439
A_OB_1.9999999999999998_1.0_556,COM,1.206895,1.84839,0.491,1.559,4.86,60772.541831,60796.001439
A_OB_1.9999999999999998_1.0_557,COM,0.751488,1.560173,1.476,3.837,3.52,61722.937981,60796.001439
A_OB_1.9999999999999998_1.0_558,COM,0.565031,1.415051,1.752,1.373,4.413,64211.669241,60796.001439
A_OB_1.9999999999999998_1.0_559,COM,1.476232,2.123465,1.497,2.05,4.515,63881.167333,60796.001439
A_OB_1.9999999999999998_1.0_560,COM,1.20138,1.909034,2.282,0.859,4.407,64259.209965,60796.001439
A_OB_1.9999999999999998_1.0_561,COM,0.015683,1.01134,2.328,6.271,4.259,62260.686343,60796.001439
A_OB_1.9999999999999998_1.0_562,COM,0.597474,1.435434,1.774,5.143,3.624,62633.10431,60796.001439
A_OB_1.9999999999999998_1.0_563,COM,0.014905,1.010727,2.355,0.381,4.919,62985.039088,60796.001439
A_OB_1.9999999999999998_1.0_564,COM,0.056883,1.042223,1.375,2.096,4.976,62034.796034,60796.001439
A_OB_1.9999999999999998_1.0_565,COM,0.433986,1.314215,0.959,5.057,3.255,64242.29044,60796.001439
A_OB_1.9999999999999998_1.0_566,COM,1.151936,1.860973,1.598,1.836,4.614,64308.668195,60796.001439
A_OB_1.9999999999999998_1.0_567,COM,1.402674,2.007757,1.723,4.288,3.534,62872.559678,60796.001439
A_OB_1.9999999999999998_1.0_568,COM,0.59334,1.454311,0.598,2.925,4.521,63191.537903,60796.001439
A_OB_1.9999999999999998_1.0_569,COM,0.951683,1.695732,1.016,1.367,3.482,60876.412002,60796.001439
A_OB_1.9999999999999998_1.0_570,COM,0.390472,1.286173,0.193,2.895,4.525,61144.956396,60796.001439
A_OB_1.9999999999999998_1.0_571,COM,0.102045,1.07691,2.348,5.667,0.229,62344.076963,60796.001439
A_OB_1.9999999999999998_1.0_572,COM,1.721223,2.252114,0.764,3.179,3.411,61858.080805,60796.001439
A_OB_1.9999999999999998_1.0_573,COM,2.2112,2.669359,0.81,2.42,4.401,61276.848446,60796.001439
A_OB_1.9999999999999998_1.0_574,COM,0.95281,1.726207,2.287,2.849,2.103,63903.430023,60796.001439
A_OB_1.9999999999999998_1.0_575,COM,1.099772,1.800441,2.017,6.2,2.964,61407.372488,60796.001439
A_OB_1.9999999999999998_1.0_576,COM,0.036708,1.026089,1.319,1.766,4.991,62126.219712,60796.001439
A_OB_1.9999999999999998_1.0_577,COM,1.108021,1.837352,1.598,3.758,3.128,61826.657733,60796.001439
A_OB_1.9999999999999998_1.0_578,COM,0.764916,1.604845,0.799,2.985,3.928,62220.044038,60796.001439
A_OB_1.9999999999999998_1.0_579,COM,2.229292,2.827155,2.114,5.628,3.372,63184.535494,60796.001439
A_OB_1.9999999999999998_1.0_580,COM,0.92537,1.720638,1.032,3.662,3.307,63401.281908,60796.001439
A_OB_1.9999999999999998_1.0_581,COM,1.223702,1.99071,1.719,1.575,4.4,61342.845449,60796.001439
A_OB_1.9999999999999998_1.0_582,COM,4.54444,4.632152,0.87,2.1,3.582,61029.439628,60796.001439
A_OB_1.9999999999999998_1.0_583,COM,1.03434,1.813995,0.348,2.097,3.923,62889.626908,60796.001439
A_OB_1.9999999999999998_1.0_584,COM,0.797268,1.613243,1.18,4.461,3.277,63501.63399,60796.001439
A_OB_1.9999999999999998_1.0_585,COM,1.395126,2.135556,1.336,4.212,3.229,63361.710682,60796.001439
A_OB_1.9999999999999998_1.0_586,COM,1.044197,1.861524,1.545,4.569,2.479,62403.777746,60796.001439
A_OB_1.9999999999999998_1.0_587,COM,0.639936,1.523798,1.423,3.742,2.929,63485.801435,60796.001439
A_OB_1.9999999999999998_1.0_588,COM,1.532488,2.22646,2.579,1.785,5.772,62340.801548,60796.001439
A_OB_1.9999999999999998_1.0_589,COM,0.79619,1.624872,0.844,3.863,3.444,64199.992581,60796.001439
A_OB_1.9999999999999998_1.0_590,COM,0.790147,1.625541,1.302,5.162,2.784,62578.295157,60796.001439
A_OB_1.9999999999999998_1.0_591,COM,1.141886,1.923694,0.767,1.688,5.032,60956.282989,60796.001439
A_OB_1.9999999999999998_1.0_592,COM,1.399109,2.084135,2.332,5.057,5.581,61205.621555,60796.001439
A_OB_1.9999999999999998_1.0_593,COM,1.091095,1.85313,1.428,4.345,2.96,61238.191834,60796.001439
A_OB_1.9999999999999998_1.0_594,COM,0.370599,1.300896,1.495,4.645,3.233,61537.027631,60796.001439
A_OB_1.9999999999999998_1.0_595,COM,0.554351,1.444555,2.03,4.971,2.918,61551.019621,60796.001439
A_OB_1.9999999999999998_1.0_596,COM,0.971613,1.759083,0.937,2.128,3.983,64376.994425,60796.001439
A_OB_1.9999999999999998_1.0_597,COM,0.007659,1.006279,1.17,2.305,5.099,63947.125326,60796.001439
A_OB_1.9999999999999998_1.0_598,COM,1.710787,2.328524,0.286,2.191,5.363,61702.544535,60796.001439
A_OB_1.9999999999999998_1.0_599,COM,0.741586,1.574675,2.198,3.123,4.154,64028.122231,60796.001439
A_OB_1.9999999999999998_1.0_600,COM,1.550389,2.278396,1.341,3.527,2.493,61402.21104,60796.001439
A_OB_1.9999999999999998_1.0_601,COM,1.488798,2.212451,0.966,4.243,2.726,63870.301872,60796.001439
A_OB_1.9999999999999998_1.0_602,COM,1.562991,2.373553,1.184,1.953,3.993,62111.954726,60796.001439
A_OB_1.9999999999999998_1.0_603,COM,1.384228,2.186571,2.304,0.744,4.033,62358.966662,60796.001439
A_OB_1.9999999999999998_1.0_604,COM,0.928026,1.774177,0.692,3.54,3.249,63592.981583,60796.001439
A_OB_1.9999999999999998_1.0_605,COM,1.230368,2.091397,1.451,1.394,3.952,61191.377911,60796.001439
A_OB_1.9999999999999998_1.0_606,COM,1.010861,1.894228,1.074,2.984,3.713,61994.106929,60796.001439
A_OB_1.9999999999999998_1.0_607,COM,1.422429,2.237358,1.145,4.905,2.645,63960.510003,60796.001439
A_OB_1.9999999999999998_1.0_608,COM,0.368247,1.314234,2.515,0.795,4.232,61262.775483,60796.001439
A_OB_1.9999999999999998_1.0_609,COM,0.474008,1.417361,2.168,1.006,4.671,63816.077049,60796.001439
A_OB_1.9999999999999998_1.0_610,COM,3.880834,4.324267,1.42,1.389,4.307,62545.031801,60796.001439
A_OB_1.9999999999999998_1.0_611,COM,1.052803,1.923447,2.365,1.181,4.465,61941.969308,60796.001439
A_OB_1.9999999999999998_1.0_612,COM,1.214076,2.040028,2.069,5.215,3.536,61147.158366,60796.001439
A_OB_1.9999999999999998_1.0_613,COM,0.851394,1.756027,0.835,1.778,4.73,63049.853348,60796.001439
A_OB_1.9999999999999998_1.0_614,COM,1.635405,2.389516,2.663,6.163,2.674,62929.6504,60796.001439
A_OB_1.9999999999999998_1.0_615,COM,0.158736,1.140223,1.35,3.432,3.531,62856.819523,60796.001439
A_OB_1.9999999999999998_1.0_616,COM,0.051811,1.043094,2.165,5.799,4.301,62096.009158,60796.001439
A_OB_1.9999999999999998_1.0_617,COM,0.574911,1.487858,0.859,3.357,3.477,64008.33576,60796.001439
A_OB_1.9999999999999998_1.0_618,COM,0.618027,1.512928,2.592,6.158,3.619,63591.353643,60796.001439
A_OB_1.9999999999999998_1.0_619,COM,1.240672,2.027437,2.448,0.168,4.162,62047.789396,60796.001439
A_OB_1.9999999999999998_1.0_620,COM,1.228047,2.020777,1.871,5.36,3.212,64229.562986,60796.001439
A_OB_1.9999999999999998_1.0_621,COM,1.772504,2.538524,1.632,0.508,3.655,61754.942633,60796.001439
A_OB_1.9999999999999998_1.0_622,COM,1.374552,2.18679,1.845,3.535,2.554,61530.797324,60796.001439
A_OB_1.9999999999999998_1.0_623,COM,0.912894,1.766148,2.422,5.985,3.13,62262.025902,60796.001439
A_OB_1.9999999999999998_1.0_624,COM,1.470822,2.249859,1.615,1.835,5.3,63901.894792,60796.001439
A_OB_1.9999999999999998_1.0_625,COM,1.62997,2.494189,1.091,4.787,2.263,60852.06896,60796.001439
A_OB_1.9999999999999998_1.0_626,COM,0.774816,1.69669,1.337,4.505,2.316,60815.858945,60796.001439
A_OB_1.9999999999999998_1.0_627,COM,0.006067,1.005412,2.334,4.318,2.791,62102.918329,60796.001439
A_OB_1.9999999999999998_1.0_628,COM,3.349563,4.005772,1.729,2.951,1.572,61918.719844,60796.001439
A_OB_1.9999999999999998_1.0_629,COM,0.472347,1.427592,1.498,1.038,3.82,61271.067507,60796.001439
A_OB_1.9999999999999998_1.0_630,COM,0.489048,1.444133,2.983,5.972,3.892,63511.262216,60796.001439
A_OB_1.9999999999999998_1.0_631,COM,1.439453,2.34882,2.277,5.363,2.437,62223.77172,60796.001439
A_OB_1.9999999999999998_1.0_632,COM,1.521056,2.394587,1.982,6.189,3.382,61783.568025,60796.001439
A_OB_1.9999999999999998_1.0_633,COM,0.432972,1.391274,1.697,1.29,5.247,61510.897206,60796.001439
A_OB_1.9999999999999998_1.0_634,COM,1.098724,1.998037,0.746,2.607,2.434,61142.034921,60796.001439
A_OB_1.9999999999999998_1.0_635,COM,3.077823,3.872268,1.472,5.184,2.002,63751.555453,60796.001439
A_OB_1.9999999999999998_1.0_636,COM,1.224445,2.137735,0.786,3.747,3.361,61627.437792,60796.001439
A_OB_1.9999999999999998_1.0_637,COM,1.014674,1.942136,1.253,3.452,3.431,61966.657499,60796.001439
A_OB_1.9999999999999998_1.0_638,COM,1.167631,2.040666,1.456,1.591,4.218,63439.30648,60796.001439
A_OB_1.9999999999999998_1.0_639,COM,0.707793,1.666721,1.439,3.546,3.711,63036.099896,60796.001439
A_OB_1.9999999999999998_1.0_640,COM,1.207687,2.119687,1.938,1.098,3.939,62481.786112,60796.001439
A_OB_1.9999999999999998_1.0_641,COM,0.886953,1.810295,0.968,2.689,3.896,64309.238887,60796.001439
A_OB_1.9999999999999998_1.0_642,COM,1.09202,2.010534,0.452,3.433,3.193,61340.999983,60796.001439
A_OB_1.9999999999999998_1.0_643,COM,0.768182,1.702165,0.828,1.737,3.355,63830.54028,60796.001439
A_OB_1.9999999999999998_1.0_644,COM,0.61803,1.549051,1.789,0.948,3.972,64270.819456,60796.001439
A_OB_1.9999999999999998_1.0_645,COM,1.546368,2.459326,1.47,4.981,3.796,63078.454723,60796.001439
A_OB_1.9999999999999998_1.0_646,COM,0.458664,1.442748,2.537,0.733,4.733,62540.663388,60796.001439
A_OB_1.9999999999999998_1.0_647,COM,1.139119,2.093745,1.453,1.93,3.892,64119.659795,60796.001439
A_OB_1.9999999999999998_1.0_648,COM,0.403308,1.384588,1.52,4.052,2.95,61743.685748,60796.001439
A_OB_1.9999999999999998_1.0_649,COM,0.319343,1.31386,2.029,1.569,4.78,61996.999978,60796.001439
A_OB_1.9999999999999998_1.0_650,COM,1.401046,2.35176,0.874,3.655,3.128,62031.82302,60796.001439
A_OB_1.9999999999999998_1.0_651,COM,0.735247,1.712807,0.967,1.788,4.532,62125.837269,60796.001439
A_OB_1.9999999999999998_1.0_652,COM,0.309631,1.295198,1.563,4.223,3.401,62385.504146,60796.001439
A_OB_1.9999999999999998_1.0_653,COM,0.441486,1.435367,1.699,4.345,2.317,61698.446999,60796.001439
A_OB_1.9999999999999998_1.0_654,COM,1.089106,2.109082,1.501,1.631,4.985,61772.580334,60796.001439
A_OB_1.9999999999999998_1.0_655,COM,0.789015,1.795046,1.196,2.595,4.469,63961.902623,60796.001439
A_OB_1.9999999999999998_1.0_656,COM,1.132623,2.151871,1.538,1.547,4.709,64368.887107,60796.001439
A_OB_1.9999999999999998_1.0_657,COM,1.202681,2.176934,0.759,3.063,2.947,63051.776049,60796.001439
A_OB_1.9999999999999998_1.0_658,COM,0.166317,1.161362,0.39,2.013,4.784,62937.659464,60796.001439
A_OB_1.9999999999999998_1.0_659,COM,0.750586,1.71892,1.365,3.359,3.698,64020.632125,60796.001439
A_OB_1.9999999999999998_1.0_660,COM,0.999927,1.972446,0.496,2.276,4.125,62348.33563,60796.001439
A_OB_1.9999999999999998_1.0_661,COM,0.620488,1.620446,0.662,2.154,4.591,62532.326916,60796.001439
A_OB_1.9999999999999998_1.0_662,COM,0.7887,1.819966,1.381,4.983,2.739,64467.258752,60796.001439
A_OB_1.9999999999999998_1.0_663,COM,1.806513,2.961091,0.397,2.535,3.93,61777.925416,60796.001439
A_OB_1.9999999999999998_1.0_664,COM,0.222338,1.23167,0.948,2.519,4.538,61524.011819,60796.001439
A_OB_1.9999999999999998_1.0_665,COM,0.069807,1.074264,1.885,1.794,5.31,61059.349675,60796.001439
A_OB_1.9999999999999998_1.0_666,COM,1.380307,2.466455,1.45,1.302,4.19,63716.372371,60796.001439
A_OB_1.9999999999999998_1.0_667,COM,0.586565,1.599979,2.481,0.309,3.551,61674.94705,60796.001439
A_OB_1.9999999999999998_1.0_668,COM,0.501236,1.531117,2.009,4.749,3.042,60756.565305,60796.001439
A_OB_1.9999999999999998_1.0_669,COM,0.858856,1.912262,1.306,3.484,3.92,62375.689256,60796.001439
A_OB_1.9999999999999998_1.0_670,COM,1.635521,2.777854,0.905,0.843,5.037,63714.870713,60796.001439
A_OB_1.9999999999999998_1.0_671,COM,0.639963,1.680307,0.583,3.021,3.157,63645.94703,60796.001439
A_OB_1.9999999999999998_1.0_672,COM,0.512948,1.547286,1.475,4.341,3.191,64500.070538,60796.001439
A_OB_1.9999999999999998_1.0_673,COM,0.228327,1.240069,2.109,0.873,5.177,61120.134116,60796.001439
A_OB_1.9999999999999998_1.0_674,COM,1.403698,2.489939,3.11,2.014,5.682,63843.644255,60796.001439
A_OB_1.9999999999999998_1.0_675,COM,0.200837,1.205642,2.373,0.889,4.372,60772.297187,60796.001439
A_OB_1.9999999999999998_1.0_676,COM,1.289627,2.341095,1.472,1.468,4.528,62901.453533,60796.001439
A_OB_1.9999999999999998_1.0_677,COM,1.527771,2.645202,0.768,3.605,3.181,60822.375324,60796.001439
A_OB_1.9999999999999998_1.0_678,COM,1.860648,3.026888,0.94,1.966,3.906,61344.227305,60796.001439
A_OB_1.9999999999999998_1.0_679,COM,1.441577,2.62669,0.683,4.277,2.283,64062.195955,60796.001439
A_OB_1.9999999999999998_1.0_680,COM,2.762679,4.113136,0.714,4.498,2.114,63860.4818,60796.001439
A_OB_1.9999999999999998_1.0_681,COM,1.249309,2.430353,1.076,4.671,2.523,63129.785095,60796.001439
A_OB_1.9999999999999998_1.0_682,COM,0.934182,2.062125,0.596,3.59,3.219,62278.808548,60796.001439
A_OB_1.9999999999999998_1.0_683,COM,0.801457,1.883741,1.087,1.89,4.723,63243.456088,60796.001439
A_OB_1.9999999999999998_1.0_684,COM,0.807285,1.915928,1.824,0.812,4.633,63704.130021,60796.001439
A_OB_1.9999999999999998_1.0_685,COM,1.329123,2.485594,0.719,3.878,3.097,60901.752274,60796.001439
A_OB_1.9999999999999998_1.0_686,COM,2.232741,3.471655,1.441,4.715,2.799,64487.895634,60796.001439
A_OB_1.9999999999999998_1.0_687,COM,1.447679,2.611025,1.864,4.258,4.203,61276.794635,60796.001439
A_OB_1.9999999999999998_1.0_688,COM,0.700648,1.797033,2.24,5.458,3.419,63157.287897,60796.001439
A_OB_1.9999999999999998_1.0_689,COM,0.017266,1.018982,2.037,0.579,5.588,61871.181331,60796.001439
A_OB_1.9999999999999998_1.0_690,COM,0.783317,1.87724,0.936,4.315,2.875,61394.328322,60796.001439
A_OB_1.9999999999999998_1.0_691,COM,1.262394,2.394377,0.593,3.573,3.237,63946.653737,60796.001439
A_OB_1.9999999999999998_1.0_692,COM,0.388813,1.452652,0.694,3.447,2.722,61619.079757,60796.001439
A_OB_1.9999999999999998_1.0_693,COM,0.411361,1.496204,2.054,4.818,2.855,61942.055845,60796.001439
A_OB_1.9999999999999998_1.0_694,COM,0.29433,1.345371,1.306,0.625,4.565,60791.665434,60796.001439
A_OB_1.9999999999999998_1.0_695,COM,0.006874,1.008405,1.666,5.125,4.046,62030.366454,60796.001439
A_OB_1.9999999999999998_1.0_696,COM,0.371542,1.450853,0.566,3.505,3.39,62273.29074,60796.001439
A_OB_1.9999999999999998_1.0_697,COM,1.112593,2.36973,1.842,4.418,2.149,62107.874429,60796.001439
A_OB_1.9999999999999998_1.0_698,COM,0.263578,1.323225,2.474,5.776,5.853,63054.928171,60796.001439
A_OB_1.9999999999999998_1.0_699,COM,0.141609,1.169436,2.781,0.793,5.391,61620.749905,60796.001439
A_OB_1.9999999999999998_1.0_700,COM,0.036074,1.041993,2.493,0.226,4.947,61597.325765,60796.001439
A_OB_1.9999999999999998_1.0_701,COM,0.435248,1.522979,0.221,4.878,1.431,63912.534304,60796.001439
A_OB_1.9999999999999998_1.0_702,COM,0.347457,1.408893,2.288,1.521,4.972,61999.279452,60796.001439
A_OB_1.9999999999999998_1.0_703,COM,1.356298,2.577701,1.22,2.25,4.555,61087.20461,60796.001439
A_OB_1.9999999999999998_1.0_704,COM,1.607744,2.929854,1.772,4.307,2.388,61416.797338,60796.001439
A_OB_1.9999999999999998_1.0_705,COM,0.448509,1.552693,1.25,4.571,3.104,62593.822181,60796.001439
A_OB_1.9999999999999998_1.0_706,COM,1.059276,2.233745,1.042,1.39,4.675,62050.753851,60796.001439
A_OB_1.9999999999999998_1.0_707,COM,1.547031,2.866461,1.146,1.807,3.79,63959.569178,60796.001439
A_OB_1.9999999999999998_1.0_708,COM,1.451148,2.83475,1.804,4.197,2.4,61388.296146,60796.001439
A_OB_1.9999999999999998_1.0_709,COM,0.74541,1.970263,2.066,0.962,5.087,61692.463496,60796.001439
A_OB_1.9999999999999998_1.0_710,COM,1.208553,2.55755,0.71,4.112,2.918,61326.879019,60796.001439
A_OB_1.9999999999999998_1.0_711,COM,1.379978,2.727494,1.917,5.373,2.262,63487.42838,60796.001439
A_OB_1.9999999999999998_1.0_712,COM,1.178283,2.536197,1.883,5.2,2.521,62728.526727,60796.001439
A_OB_1.9999999999999998_1.0_713,COM,0.703252,1.869189,1.547,1.52,4.546,63748.697766,60796.001439
A_OB_1.9999999999999998_1.0_714,COM,0.883052,2.137438,0.966,3.932,3.069,63250.960694,60796.001439
A_OB_1.9999999999999998_1.0_715,COM,1.112604,2.409005,0.852,4.373,2.85,62771.73931,60796.001439
A_OB_1.9999999999999998_1.0_716,COM,1.221657,2.567496,0.85,2.581,3.99,61766.343336,60796.001439
A_OB_1.9999999999999998_1.0_717,COM,0.254773,1.328673,1.641,5.893,2.953,60828.197623,60796.001439
A_OB_1.9999999999999998_1.0_718,COM,0.647728,1.846771,1.489,4.88,3.034,64431.583263,60796.001439
A_OB_1.9999999999999998_1.0_719,COM,0.105345,1.129895,0.991,1.697,5.546,62999.556908,60796.001439
A_OB_1.9999999999999998_1.0_720,COM,1.864581,3.409055,2.546,6.157,3.054,63139.908854,60796.001439
A_OB_1.9999999999999998_1.0_721,COM,1.234015,2.556334,1.097,3.925,3.354,62665.87867,60796.001439
A_OB_1.9999999999999998_1.0_722,COM,1.287066,2.682456,0.98,5.702,2.207,61292.845481,60796.001439
A_OB_1.9999999999999998_1.0_723,COM,0.494596,1.683682,1.225,4.526,3.935,62608.700334,60796.001439
A_OB_1.9999999999999998_1.0_724,COM,0.673587,1.888444,0.914,2.301,4.282,60948.18556,60796.001439
A_OB_1.9999999999999998_1.0_725,COM,1.174941,2.575091,1.977,0.988,3.933,63855.550711,60796.001439
A_OB_1.9999999999999998_1.0_726,COM,3.927326,6.434981,2.523,0.296,3.449,63615.850567,60796.001439
A_OB_1.9999999999999998_1.0_727,COM,0.642274,1.8742,1.429,5.729,2.418,61500.218755,60796.001439
A_OB_1.9999999999999998_1.0_728,COM,0.534931,1.707788,1.752,2.361,4.961,61022.415392,60796.001439
A_OB_1.9999999999999998_1.0_729,COM,1.270377,2.727845,1.575,4.481,2.044,63053.20933,60796.001439
A_OB_1.9999999999999998_1.0_730,COM,0.383748,1.507094,2.036,0.005,4.298,61773.730866,60796.001439
A_OB_1.9999999999999998_1.0_731,COM,0.015212,1.0209,2.691,1.792,5.704,63308.490626,60796.001439
A_OB_1.9999999999999998_1.0_732,COM,0.947105,2.242014,1.25,4.71,2.416,63686.877534,60796.001439
A_OB_1.9999999999999998_1.0_733,COM,0.010462,1.013773,0.869,3.379,3.707,61447.68684,60796.001439
A_OB_1.9999999999999998_1.0_734,COM,1.980092,3.805762,1.324,1.851,3.037,61221.929411,60796.001439
A_OB_1.9999999999999998_1.0_735,COM,2.362022,4.318226,2.234,0.617,3.937,62868.493413,60796.001439
A_OB_1.9999999999999998_1.0_736,COM,0.513421,1.724418,1.359,2.25,4.222,62271.743516,60796.001439
A_OB_1.9999999999999998_1.0_737,COM,1.917467,3.763804,1.701,1.945,3.824,64411.853628,60796.001439
A_OB_1.9999999999999998_1.0_738,COM,0.732136,2.070185,1.72,1.978,4.608,62433.164353,60796.001439
A_OB_1.9999999999999998_1.0_739,COM,0.887731,2.286938,1.677,4.748,2.899,62810.737277,60796.001439
A_OB_1.9999999999999998_1.0_740,COM,1.228592,2.762392,2.135,0.214,3.479,62259.387464,60796.001439
A_OB_1.9999999999999998_1.0_741,COM,0.424588,1.605446,1.761,1.205,4.726,63568.477004,60796.001439
A_OB_1.9999999999999998_1.0_742,COM,1.593133,3.313267,0.587,3.104,2.517,62840.013147,60796.001439
A_OB_1.9999999999999998_1.0_743,COM,1.279051,2.839036,1.571,4.67,3.158,61112.581248,60796.001439
A_OB_1.9999999999999998_1.0_744,COM,0.378662,1.552716,2.042,1.192,3.867,62891.744129,60796.001439
A_OB_1.9999999999999998_1.0_745,COM,1.41874,3.121302,2.404,0.779,4.389,60773.01666,60796.001439
A_OB_1.9999999999999998_1.0_746,COM,0.021347,1.031561,1.622,2.18,4.801,62475.784463,60796.001439
A_OB_1.9999999999999998_1.0_747,COM,0.777643,2.14421,2.414,5.091,3.933,62211.867523,60796.001439
A_OB_1.9999999999999998_1.0_748,COM,0.50074,1.762321,0.697,3.835,3.111,64202.90902,60796.001439
A_OB_1.9999999999999998_1.0_749,COM,0.771454,2.147739,1.557,5.011,2.471,61960.417137,60796.001439
A_OB_1.9999999999999998_1.0_750,COM,0.584688,1.879639,0.999,4.465,3.119,63486.373199,60796.001439
A_OB_1.9999999999999998_1.0_751,COM,1.421515,3.095703,1.263,1.601,4.291,62381.059439,60796.001439
A_OB_1.9999999999999998_1.0_752,COM,1.75851,3.68618,1.875,5.363,2.943,61555.037854,60796.001439
A_OB_1.9999999999999998_1.0_753,COM,1.03274,2.597684,2.083,5.09,2.768,61364.511827,60796.001439
A_OB_1.9999999999999998_1.0_754,COM,0.40165,1.621873,0.491,3.676,3.615,62439.873699,60796.001439
A_OB_1.9999999999999998_1.0_755,COM,0.46641,1.713251,2.128,5.775,2.984,61730.393456,60796.001439
A_OB_1.9999999999999998_1.0_756,COM,1.440072,3.201899,2.345,4.977,2.415,63048.846194,60796.001439
A_OB_1.9999999999999998_1.0_757,COM,0.539046,1.804293,2.148,0.804,5.037,63737.242509,60796.001439
A_OB_1.9999999999999998_1.0_758,COM,0.816755,2.276094,0.802,1.66,4.386,62698.122803,60796.001439
A_OB_1.9999999999999998_1.0_759,COM,0.766872,2.198,1.206,3.398,3.198,61634.621613,60796.001439
A_OB_1.9999999999999998_1.0_760,COM,0.648992,2.049006,0.876,4.017,3.49,62666.408892,60796.001439
A_OB_1.9999999999999998_1.0_761,COM,0.163692,1.26134,1.428,2.267,4.803,62259.886113,60796.001439
A_OB_1.9999999999999998_1.0_762,COM,1.25271,3.039924,1.456,3.546,3.341,62030.719192,60796.001439
A_OB_1.9999999999999998_1.0_763,COM,0.403863,1.630159,2.645,0.698,4.235,62856.311614,60796.001439
A_OB_1.9999999999999998_1.0_764,COM,1.162549,2.895354,1.805,1.221,5.033,60973.635724,60796.001439
A_OB_1.9999999999999998_1.0_765,COM,0.252253,1.411885,1.07,3.782,3.653,62960.099188,60796.001439
A_OB_1.9999999999999998_1.0_766,COM,0.972055,2.562094,2.254,0.778,4.528,62253.175469,60796.001439
A_OB_1.9999999999999998_1.0_767,COM,0.896344,2.430035,0.657,3.988,3.065,62264.579433,60796.001439
A_OB_1.9999999999999998_1.0_768,COM,0.818413,2.342887,0.372,1.894,2.911,61414.703397,60796.001439
A_OB_1.9999999999999998_1.0_769,COM,0.100945,1.16941,0.959,2.772,4.069,63431.076435,60796.001439
A_OB_1.9999999999999998_1.0_770,COM,0.03875,1.065203,2.358,4.592,3.394,61176.191457,60796.001439
A_OB_1.9999999999999998_1.0_771,COM,0.780125,2.322327,1.396,1.944,4.052,61792.44408,60796.001439
A_OB_1.9999999999999998_1.0_772,COM,0.780125,2.322327,1.396,1.944,4.052,61792.44408,60796.001439
A_OB_1.9999999999999998_1.0_773,COM,0.695849,2.18802,2.217,0.222,3.591,64240.613896,60796.001439
A_OB_1.9999999999999998_1.0_774,COM,0.748029,2.265279,1.009,2.199,1.906,60771.672646,60796.001439
A_OB_1.9999999999999998_1.0_775,COM,1.767719,4.027566,1.242,2.449,3.88,60939.161661,60796.001439
A_OB_1.9999999999999998_1.0_776,COM,0.946241,2.576242,1.553,1.489,4.015,62603.601734,60796.001439
A_OB_1.9999999999999998_1.0_777,COM,1.503451,3.669911,2.191,6.138,3.247,62142.504006,60796.001439
A_OB_1.9999999999999998_1.0_778,COM,1.134816,3.132729,1.172,1.405,4.702,61895.40128,60796.001439
A_OB_1.9999999999999998_1.0_779,COM,0.979029,2.783445,1.137,4.289,2.792,64106.141209,60796.001439
A_OB_1.9999999999999998_1.0_780,COM,0.598136,2.092418,2.45,0.588,3.842,64014.110974,60796.001439
A_OB_1.9999999999999998_1.0_781,COM,1.185877,3.232368,2.429,0.565,3.919,63598.795248,60796.001439
A_OB_1.9999999999999998_1.0_782,COM,0.831939,2.51994,1.238,2.237,4.712,62404.674404,60796.001439
A_OB_1.9999999999999998_1.0_783,COM,1.973625,4.741723,0.192,2.059,4.092,61122.947161,60796.001439
A_OB_1.9999999999999998_1.0_784,COM,1.040517,2.956807,2.163,1.443,4.544,62821.369301,60796.001439
A_OB_1.9999999999999998_1.0_785,COM,0.103816,1.189765,2.229,5.276,3.285,62354.53771,60796.001439
A_OB_1.9999999999999998_1.0_786,COM,1.41702,3.693749,2.056,1.206,3.904,61468.842011,60796.001439
A_OB_1.9999999999999998_1.0_787,COM,1.600756,4.140117,1.421,1.848,4.258,62734.404779,60796.001439
A_OB_1.9999999999999998_1.0_788,COM,0.661218,2.304519,0.883,4.824,2.179,61802.534083,60796.001439
A_OB_1.9999999999999998_1.0_789,COM,2.061862,5.187671,2.572,6.26,2.668,61917.753463,60796.001439
A_OB_1.9999999999999998_1.0_790,COM,2.141779,5.320072,1.906,1.278,4.603,62425.28086,60796.001439
A_OB_1.9999999999999998_1.0_791,COM,0.319788,1.660526,1.564,4.486,2.759,62040.186412,60796.001439
A_OB_1.9999999999999998_1.0_792,COM,1.129202,3.357752,1.676,2.256,4.394,62666.018033,60796.001439
A_OB_1.9999999999999998_1.0_793,COM,1.623066,4.35545,2.361,0.312,3.838,61635.995362,60796.001439
A_OB_1.9999999999999998_1.0_794,COM,1.623066,4.35545,2.361,0.312,3.838,61635.995362,60796.001439
A_OB_1.9999999999999998_1.0_795,COM,2.514659,6.057158,1.561,2.702,4.604,62268.778767,60796.001439
A_OB_1.9999999999999998_1.0_796,COM,1.225259,3.641248,2.614,6.174,2.933,61216.327809,60796.001439
A_OB_1.9999999999999998_1.0_797,COM,0.541891,2.135653,1.377,4.366,2.75,63178.986797,60796.001439
A_OB_1.9999999999999998_1.0_798,COM,1.038189,3.242232,2.86,4.145,1.734,63702.682864,60796.001439
A_OB_1.9999999999999998_1.0_799,COM,0.4748,2.008861,2.126,5.77,3.686,61076.074148,60796.001439
A_OB_1.9999999999999998_1.0_800,COM,1.08118,3.583795,2.387,0.012,3.669,64094.544347,60796.001439
A_OB_1.9999999999999998_1.0_801,COM,0.644733,2.576772,1.739,1.922,4.693,64066.182987,60796.001439
A_OB_1.9999999999999998_1.0_802,COM,0.425884,2.057216,1.099,4.168,3.191,63528.90172,60796.001439
A_OB_1.9999999999999998_1.0_803,COM,0.120367,1.29249,0.318,3.761,2.962,63318.145339,60796.001439
A_OB_1.9999999999999998_1.0_804,COM,0.38512,1.979147,1.508,0.95,4.712,63840.886904,60796.001439
A_OB_1.9999999999999998_1.0_805,COM,1.438987,4.604855,1.259,4.421,2.718,62715.548368,60796.001439
A_OB_1.9999999999999998_1.0_806,COM,1.273507,4.299553,1.456,2.166,4.326,62916.738012,60796.001439
A_OB_1.9999999999999998_1.0_807,COM,0.704952,2.894079,1.281,2.318,4.436,63498.943913,60796.001439
A_OB_1.9999999999999998_1.0_808,COM,0.939038,3.576186,0.322,2.386,4.59,62982.000103,60796.001439
A_OB_1.9999999999999998_1.0_809,COM,1.163994,4.882899,2.235,1.297,4.534,62192.011128,60796.001439
A_OB_1.9999999999999998_1.0_810,COM,0.389268,2.422557,1.177,4.097,2.844,63070.473237,60796.001439
A_OB_1.9999999999999998_1.0_811,COM,0.699728,3.495,2.033,1.391,4.296,61495.061959,60796.001439
A_OB_1.9999999999999998_1.0_812,COM,2.081044,8.707404,1.358,4.818,2.24,61200.130736,60796.001439
