ObjID,H_g,u-r,g-r,i-r,z-r,y-r,GS
A_OB_1.9999999999999998_1.0_0,24.45,2.31,0.73,-0.33,-0.5,-0.68,0.15
A_OB_1.9999999999999998_1.0_1,25.04,2.31,0.73,-0.33,-0.5,-0.68,0.15
A_OB_1.9999999999999998_1.0_2,25.3,2.31,0.73,-0.33,-0.5,-0.68,0.15
A_OB_1.9999999999999998_1.0_3,25.31,2.31,0.73,-0.33,-0.5,-0.68,0.15
A_OB_1.9999999999999998_1.0_4,24.04,2.31,0.73,-0.33,-0.5,-0.68,0.15
A_OB_1.9999999999999998_1.0_5,23.27,2.31,0.73,-0.33,-0.5,-0.68,0.15
A_OB_1.9999999999999998_1.0_6,25.54,2.31,0.73,-0.33,-0.5,-0.68,0.15
A_OB_1.9999999999999998_1.0_7,25.09,2.31,0.73,-0.33,-0.5,-0.68,0.15
A_OB_1.9999999999999998_1.0_8,20.76,2.31,0.73,-0.33,-0.5,-0.68,0.15
A_OB_1.9999999999999998_1.0_9,25.47,2.31,0.73,-0.33,-0.5,-0.68,0.15
A_OB_1.9999999999999998_1.0_10,22.38,2.31,0.73,-0.33,-0.5,-0.68,0.15
A_OB_1.9999999999999998_1.0_11,23.62,2.31,0.73,-0.33,-0.5,-0.68,0.15
A_OB_1.9999999999999998_1.0_12,23.59,2.31,0.73,-0.33,-0.5,-0.68,0.15
A_OB_1.9999999999999998_1.0_13,22.32,2.31,0.73,-0.33,-0.5,-0.68,0.15
A_OB_1.9999999999999998_1.0_14,23.64,2.31,0.73,-0.33,-0.5,-0.68,0.15
A_OB_1.9999999999999998_1.0_15,25.09,2.31,0.73,-0.33,-0.5,-0.68,0.15
A_OB_1.9999999999999998_1.0_16,23.1,2.31,0.73,-0.33,-0.5,-0.68,0.15
A_OB_1.9999999999999998_1.0_17,23.66,2.31,0.73,-0.33,-0.5,-0.68,0.15
A_OB_1.9999999999999998_1.0_18,25.1,2.31,0.73,-0.33,-0.5,-0.68,0.15
A_OB_1.9999999999999998_1.0_19,25.53,2.31,0.73,-0.33,-0.5,-0.68,0.15
A_OB_1.9999999999999998_1.0_20,24.28,2.31,0.73,-0.33,-0.5,-0.68,0.15
A_OB_1.9999999999999998_1.0_21,24.38,2.31,0.73,-0.33,-0.5,-0.68,0.15
A_OB_1.9999999999999998_1.0_22,20.3,2.31,0.73,-0.33,-0.5,-0.68,0.15
A_OB_1.9999999999999998_1.0_23,24.99,2.31,0.73,-0.33,-0.5,-0.68,0.15
A_OB_1.9999999999999998_1.0_24,25.11,2.31,0.73,-0.33,-0.5,-0.68,0.15
A_OB_1.9999999999999998_1.0_25,23.56,2.31,0.73,-0.33,-0.5,-0.68,0.15
A_OB_1.9999999999999998_1.0_26,25.1,2.31,0.73,-0.33,-0.5,-0.68,0.15
A_OB_1.9999999999999998_1.0_27,25.57,2.31,0.73,-0.33,-0.5,-0.68,0.15
A_OB_1.9999999999999998_1.0_28,23.52,2.31,0.73,-0.33,-0.5,-0.68,0.15
A_OB_1.9999999999999998_1.0_29,22.17,2.31,0.73,-0.33,-0.5,-0.68,0.15
A_OB_1.9999999999999998_1.0_30,24.44,2.31,0.73,-0.33,-0.5,-0.68,0.15
A_OB_1.9999999999999998_1.0_31,24.87,2.31,0.73,-0.33,-0.5,-0.68,0.15
A_OB_1.9999999999999998_1.0_32,24.18,2.31,0.73,-0.33,-0.5,-0.68,0.15
A_OB_1.9999999999999998_1.0_33,24.07,2.31,0.73,-0.33,-0.5,-0.68,0.15
A_OB_1.9999999999999998_1.0_34,23.14,2.31,0.73,-0.33,-0.5,-0.68,0.15
A_OB_1.9999999999999998_1.0_35,23.34,2.31,0.73,-0.33,-0.5,-0.68,0.15
A_OB_1.9999999999999998_1.0_36,24.03,2.31,0.73,-0.33,-0.5,-0.68,0.15
A_OB_1.9999999999999998_1.0_37,24.0,2.31,0.73,-0.33,-0.5,-0.68,0.15
A_OB_1.9999999999999998_1.0_38,25.26,2.31,0.73,-0.33,-0.5,-0.68,0.15
A_OB_1.9999999999999998_1.0_39,25.09,2.31,0.73,-0.33,-0.5,-0.68,0.15
A_OB_1.9999999999999998_1.0_40,19.67,2.31,0.73,-0.33,-0.5,-0.68,0.15
A_OB_1.9999999999999998_1.0_41,24.38,2.31,0.73,-0.33,-0.5,-0.68,0.15
A_OB_1.9999999999999998_1.0_42,21.45,2.31,0.73,-0.33,-0.5,-0.68,0.15
A_OB_1.9999999999999998_1.0_43,25.04,2.31,0.73,-0.33,-0.5,-0.68,0.15
A_OB_1.9999999999999998_1.0_44,25.21,2.31,0.73,-0.33,-0.5,-0.68,0.15
A_OB_1.9999999999999998_1.0_45,24.34,2.31,0.73,-0.33,-0.5,-0.68,0.15
A_OB_1.9999999999999998_1.0_46,25.16,2.31,0.73,-0.33,-0.5,-0.68,0.15
A_OB_1.9999999999999998_1.0_47,15.31,2.31,0.73,-0.33,-0.5,-0.68,0.15
A_OB_1.9999999999999998_1.0_48,24.1,2.31,0.73,-0.33,-0.5,-0.68,0.15
A_OB_1.9999999999999998_1.0_49,25.22,2.31,0.73,-0.33,-0.5,-0.68,0.15
A_OB_1.9999999999999998_1.0_50,25.33,2.31,0.73,-0.33,-0.5,-0.68,0.15
A_OB_1.9999999999999998_1.0_51,24.05,2.31,0.73,-0.33,-0.5,-0.68,0.15
A_OB_1.9999999999999998_1.0_52,24.93,2.31,0.73,-0.33,-0.5,-0.68,0.15
A_OB_1.9999999999999998_1.0_53,21.13,2.31,0.73,-0.33,-0.5,-0.68,0.15
A_OB_1.9999999999999998_1.0_54,24.61,2.31,0.73,-0.33,-0.5,-0.68,0.15
A_OB_1.9999999999999998_1.0_55,22.55,2.31,0.73,-0.33,-0.5,-0.68,0.15
A_OB_1.9999999999999998_1.0_56,25.47,2.31,0.73,-0.33,-0.5,-0.68,0.15
A_OB_1.9999999999999998_1.0_57,24.21,2.31,0.73,-0.33,-0.5,-0.68,0.15
A_OB_1.9999999999999998_1.0_58,23.85,2.31,0.73,-0.33,-0.5,-0.68,0.15
A_OB_1.9999999999999998_1.0_59,24.28,2.31,0.73,-0.33,-0.5,-0.68,0.15
A_OB_1.9999999999999998_1.0_60,24.4,2.31,0.73,-0.33,-0.5,-0.68,0.15
A_OB_1.9999999999999998_1.0_61,22.59,2.31,0.73,-0.33,-0.5,-0.68,0.15
A_OB_1.9999999999999998_1.0_62,25.36,2.31,0.73,-0.33,-0.5,-0.68,0.15
A_OB_1.9999999999999998_1.0_63,24.52,2.31,0.73,-0.33,-0.5,-0.68,0.15
A_OB_1.9999999999999998_1.0_64,20.75,2.31,0.73,-0.33,-0.5,-0.68,0.15
A_OB_1.9999999999999998_1.0_65,24.51,2.31,0.73,-0.33,-0.5,-0.68,0.15
A_OB_1.9999999999999998_1.0_66,25.08,2.31,0.73,-0.33,-0.5,-0.68,0.15
A_OB_1.9999999999999998_1.0_67,25.45,2.31,0.73,-0.33,-0.5,-0.68,0.15
A_OB_1.9999999999999998_1.0_68,25.44,2.31,0.73,-0.33,-0.5,-0.68,0.15
A_OB_1.9999999999999998_1.0_69,25.56,2.31,0.73,-0.33,-0.5,-0.68,0.15
A_OB_1.9999999999999998_1.0_70,25.39,2.31,0.73,-0.33,-0.5,-0.68,0.15
A_OB_1.9999999999999998_1.0_71,24.66,2.31,0.73,-0.33,-0.5,-0.68,0.15
A_OB_1.9999999999999998_1.0_72,23.58,2.31,0.73,-0.33,-0.5,-0.68,0.15
A_OB_1.9999999999999998_1.0_73,21.4,2.31,0.73,-0.33,-0.5,-0.68,0.15
A_OB_1.9999999999999998_1.0_74,25.25,2.31,0.73,-0.33,-0.5,-0.68,0.15
A_OB_1.9999999999999998_1.0_75,24.14,2.31,0.73,-0.33,-0.5,-0.68,0.15
A_OB_1.9999999999999998_1.0_76,24.93,2.31,0.73,-0.33,-0.5,-0.68,0.15
A_OB_1.9999999999999998_1.0_77,24.63,2.31,0.73,-0.33,-0.5,-0.68,0.15
A_OB_1.9999999999999998_1.0_78,24.73,2.31,0.73,-0.33,-0.5,-0.68,0.15
A_OB_1.9999999999999998_1.0_79,25.46,2.31,0.73,-0.33,-0.5,-0.68,0.15
A_OB_1.9999999999999998_1.0_80,25.56,2.31,0.73,-0.33,-0.5,-0.68,0.15
A_OB_1.9999999999999998_1.0_81,25.5,2.31,0.73,-0.33,-0.5,-0.68,0.15
A_OB_1.9999999999999998_1.0_82,25.46,2.31,0.73,-0.33,-0.5,-0.68,0.15
A_OB_1.9999999999999998_1.0_83,25.53,2.31,0.73,-0.33,-0.5,-0.68,0.15
A_OB_1.9999999999999998_1.0_84,23.36,2.31,0.73,-0.33,-0.5,-0.68,0.15
A_OB_1.9999999999999998_1.0_85,24.29,2.31,0.73,-0.33,-0.5,-0.68,0.15
A_OB_1.9999999999999998_1.0_86,23.55,2.31,0.73,-0.33,-0.5,-0.68,0.15
A_OB_1.9999999999999998_1.0_87,19.83,2.31,0.73,-0.33,-0.5,-0.68,0.15
A_OB_1.9999999999999998_1.0_88,25.31,2.31,0.73,-0.33,-0.5,-0.68,0.15
A_OB_1.9999999999999998_1.0_89,22.49,2.31,0.73,-0.33,-0.5,-0.68,0.15
A_OB_1.9999999999999998_1.0_90,25.4,2.31,0.73,-0.33,-0.5,-0.68,0.15
A_OB_1.9999999999999998_1.0_91,25.53,2.31,0.73,-0.33,-0.5,-0.68,0.15
A_OB_1.9999999999999998_1.0_92,25.07,2.31,0.73,-0.33,-0.5,-0.68,0.15
A_OB_1.9999999999999998_1.0_93,24.43,2.31,0.73,-0.33,-0.5,-0.68,0.15
A_OB_1.9999999999999998_1.0_94,24.64,2.31,0.73,-0.33,-0.5,-0.68,0.15
A_OB_1.9999999999999998_1.0_95,24.81,2.31,0.73,-0.33,-0.5,-0.68,0.15
A_OB_1.9999999999999998_1.0_96,25.45,2.31,0.73,-0.33,-0.5,-0.68,0.15
A_OB_1.9999999999999998_1.0_97,25.13,2.31,0.73,-0.33,-0.5,-0.68,0.15
A_OB_1.9999999999999998_1.0_98,24.32,2.31,0.73,-0.33,-0.5,-0.68,0.15
A_OB_1.9999999999999998_1.0_99,25.24,2.31,0.73,-0.33,-0.5,-0.68,0.15
A_OB_1.9999999999999998_1.0_100,23.46,2.31,0.73,-0.33,-0.5,-0.68,0.15
A_OB_1.9999999999999998_1.0_101,24.0,2.31,0.73,-0.33,-0.5,-0.68,0.15
A_OB_1.9999999999999998_1.0_102,23.87,2.31,0.73,-0.33,-0.5,-0.68,0.15
A_OB_1.9999999999999998_1.0_103,23.85,2.31,0.73,-0.33,-0.5,-0.68,0.15
A_OB_1.9999999999999998_1.0_104,24.73,2.31,0.73,-0.33,-0.5,-0.68,0.15
A_OB_1.9999999999999998_1.0_105,25.21,2.31,0.73,-0.33,-0.5,-0.68,0.15
A_OB_1.9999999999999998_1.0_106,25.45,2.31,0.73,-0.33,-0.5,-0.68,0.15
A_OB_1.9999999999999998_1.0_107,23.8,2.31,0.73,-0.33,-0.5,-0.68,0.15
A_OB_1.9999999999999998_1.0_108,25.59,2.31,0.73,-0.33,-0.5,-0.68,0.15
A_OB_1.9999999999999998_1.0_109,24.34,2.31,0.73,-0.33,-0.5,-0.68,0.15
A_OB_1.9999999999999998_1.0_110,25.59,2.31,0.73,-0.33,-0.5,-0.68,0.15
A_OB_1.9999999999999998_1.0_111,22.34,2.31,0.73,-0.33,-0.5,-0.68,0.15
A_OB_1.9999999999999998_1.0_112,25.52,2.31,0.73,-0.33,-0.5,-0.68,0.15
A_OB_1.9999999999999998_1.0_113,23.31,2.31,0.73,-0.33,-0.5,-0.68,0.15
A_OB_1.9999999999999998_1.0_114,23.22,2.31,0.73,-0.33,-0.5,-0.68,0.15
A_OB_1.9999999999999998_1.0_115,24.89,2.31,0.73,-0.33,-0.5,-0.68,0.15
A_OB_1.9999999999999998_1.0_116,24.88,2.31,0.73,-0.33,-0.5,-0.68,0.15
A_OB_1.9999999999999998_1.0_117,24.45,2.31,0.73,-0.33,-0.5,-0.68,0.15
A_OB_1.9999999999999998_1.0_118,24.16,2.31,0.73,-0.33,-0.5,-0.68,0.15
A_OB_1.9999999999999998_1.0_119,24.89,2.31,0.73,-0.33,-0.5,-0.68,0.15
A_OB_1.9999999999999998_1.0_120,24.64,2.31,0.73,-0.33,-0.5,-0.68,0.15
A_OB_1.9999999999999998_1.0_121,23.57,2.31,0.73,-0.33,-0.5,-0.68,0.15
A_OB_1.9999999999999998_1.0_122,24.96,2.31,0.73,-0.33,-0.5,-0.68,0.15
A_OB_1.9999999999999998_1.0_123,25.03,2.31,0.73,-0.33,-0.5,-0.68,0.15
A_OB_1.9999999999999998_1.0_124,24.93,2.31,0.73,-0.33,-0.5,-0.68,0.15
A_OB_1.9999999999999998_1.0_125,24.93,2.31,0.73,-0.33,-0.5,-0.68,0.15
A_OB_1.9999999999999998_1.0_126,25.02,2.31,0.73,-0.33,-0.5,-0.68,0.15
A_OB_1.9999999999999998_1.0_127,19.56,2.31,0.73,-0.33,-0.5,-0.68,0.15
A_OB_1.9999999999999998_1.0_128,24.88,2.31,0.73,-0.33,-0.5,-0.68,0.15
A_OB_1.9999999999999998_1.0_129,15.87,2.31,0.73,-0.33,-0.5,-0.68,0.15
A_OB_1.9999999999999998_1.0_130,25.46,2.31,0.73,-0.33,-0.5,-0.68,0.15
A_OB_1.9999999999999998_1.0_131,24.54,2.31,0.73,-0.33,-0.5,-0.68,0.15
A_OB_1.9999999999999998_1.0_132,23.7,2.31,0.73,-0.33,-0.5,-0.68,0.15
A_OB_1.9999999999999998_1.0_133,25.61,2.31,0.73,-0.33,-0.5,-0.68,0.15
A_OB_1.9999999999999998_1.0_134,22.87,2.31,0.73,-0.33,-0.5,-0.68,0.15
A_OB_1.9999999999999998_1.0_135,24.79,2.31,0.73,-0.33,-0.5,-0.68,0.15
A_OB_1.9999999999999998_1.0_136,25.01,2.31,0.73,-0.33,-0.5,-0.68,0.15
A_OB_1.9999999999999998_1.0_137,22.63,2.31,0.73,-0.33,-0.5,-0.68,0.15
A_OB_1.9999999999999998_1.0_138,25.38,2.31,0.73,-0.33,-0.5,-0.68,0.15
A_OB_1.9999999999999998_1.0_139,15.42,2.31,0.73,-0.33,-0.5,-0.68,0.15
A_OB_1.9999999999999998_1.0_140,22.29,2.31,0.73,-0.33,-0.5,-0.68,0.15
A_OB_1.9999999999999998_1.0_141,25.29,2.31,0.73,-0.33,-0.5,-0.68,0.15
A_OB_1.9999999999999998_1.0_142,25.34,2.31,0.73,-0.33,-0.5,-0.68,0.15
A_OB_1.9999999999999998_1.0_143,24.42,2.31,0.73,-0.33,-0.5,-0.68,0.15
A_OB_1.9999999999999998_1.0_144,25.58,2.31,0.73,-0.33,-0.5,-0.68,0.15
A_OB_1.9999999999999998_1.0_145,21.93,2.31,0.73,-0.33,-0.5,-0.68,0.15
A_OB_1.9999999999999998_1.0_146,25.59,2.31,0.73,-0.33,-0.5,-0.68,0.15
A_OB_1.9999999999999998_1.0_147,22.11,2.31,0.73,-0.33,-0.5,-0.68,0.15
A_OB_1.9999999999999998_1.0_148,25.56,2.31,0.73,-0.33,-0.5,-0.68,0.15
A_OB_1.9999999999999998_1.0_149,24.62,2.31,0.73,-0.33,-0.5,-0.68,0.15
A_OB_1.9999999999999998_1.0_150,24.81,2.31,0.73,-0.33,-0.5,-0.68,0.15
A_OB_1.9999999999999998_1.0_151,24.81,2.31,0.73,-0.33,-0.5,-0.68,0.15
A_OB_1.9999999999999998_1.0_152,23.68,2.31,0.73,-0.33,-0.5,-0.68,0.15
A_OB_1.9999999999999998_1.0_153,24.34,2.31,0.73,-0.33,-0.5,-0.68,0.15
A_OB_1.9999999999999998_1.0_154,23.93,2.31,0.73,-0.33,-0.5,-0.68,0.15
A_OB_1.9999999999999998_1.0_155,24.53,2.31,0.73,-0.33,-0.5,-0.68,0.15
A_OB_1.9999999999999998_1.0_156,21.73,2.31,0.73,-0.33,-0.5,-0.68,0.15
A_OB_1.9999999999999998_1.0_157,25.49,2.31,0.73,-0.33,-0.5,-0.68,0.15
A_OB_1.9999999999999998_1.0_158,24.07,2.31,0.73,-0.33,-0.5,-0.68,0.15
A_OB_1.9999999999999998_1.0_159,22.2,2.31,0.73,-0.33,-0.5,-0.68,0.15
A_OB_1.9999999999999998_1.0_160,25.44,2.31,0.73,-0.33,-0.5,-0.68,0.15
A_OB_1.9999999999999998_1.0_161,25.32,2.31,0.73,-0.33,-0.5,-0.68,0.15
A_OB_1.9999999999999998_1.0_162,25.02,2.31,0.73,-0.33,-0.5,-0.68,0.15
A_OB_1.9999999999999998_1.0_163,24.74,2.31,0.73,-0.33,-0.5,-0.68,0.15
A_OB_1.9999999999999998_1.0_164,25.36,2.31,0.73,-0.33,-0.5,-0.68,0.15
A_OB_1.9999999999999998_1.0_165,24.89,2.31,0.73,-0.33,-0.5,-0.68,0.15
A_OB_1.9999999999999998_1.0_166,25.01,2.31,0.73,-0.33,-0.5,-0.68,0.15
A_OB_1.9999999999999998_1.0_167,24.04,2.31,0.73,-0.33,-0.5,-0.68,0.15
A_OB_1.9999999999999998_1.0_168,24.58,2.31,0.73,-0.33,-0.5,-0.68,0.15
A_OB_1.9999999999999998_1.0_169,24.3,2.31,0.73,-0.33,-0.5,-0.68,0.15
A_OB_1.9999999999999998_1.0_170,25.42,2.31,0.73,-0.33,-0.5,-0.68,0.15
A_OB_1.9999999999999998_1.0_171,21.3,2.31,0.73,-0.33,-0.5,-0.68,0.15
A_OB_1.9999999999999998_1.0_172,24.53,2.31,0.73,-0.33,-0.5,-0.68,0.15
A_OB_1.9999999999999998_1.0_173,24.64,2.31,0.73,-0.33,-0.5,-0.68,0.15
A_OB_1.9999999999999998_1.0_174,24.79,2.31,0.73,-0.33,-0.5,-0.68,0.15
A_OB_1.9999999999999998_1.0_175,24.2,2.31,0.73,-0.33,-0.5,-0.68,0.15
A_OB_1.9999999999999998_1.0_176,24.92,2.31,0.73,-0.33,-0.5,-0.68,0.15
A_OB_1.9999999999999998_1.0_177,25.23,2.31,0.73,-0.33,-0.5,-0.68,0.15
A_OB_1.9999999999999998_1.0_178,25.1,2.31,0.73,-0.33,-0.5,-0.68,0.15
A_OB_1.9999999999999998_1.0_179,22.97,2.31,0.73,-0.33,-0.5,-0.68,0.15
A_OB_1.9999999999999998_1.0_180,24.73,2.31,0.73,-0.33,-0.5,-0.68,0.15
A_OB_1.9999999999999998_1.0_181,25.45,2.31,0.73,-0.33,-0.5,-0.68,0.15
A_OB_1.9999999999999998_1.0_182,25.44,2.31,0.73,-0.33,-0.5,-0.68,0.15
A_OB_1.9999999999999998_1.0_183,25.54,2.31,0.73,-0.33,-0.5,-0.68,0.15
A_OB_1.9999999999999998_1.0_184,25.21,2.31,0.73,-0.33,-0.5,-0.68,0.15
A_OB_1.9999999999999998_1.0_185,23.79,2.31,0.73,-0.33,-0.5,-0.68,0.15
A_OB_1.9999999999999998_1.0_186,25.54,2.31,0.73,-0.33,-0.5,-0.68,0.15
A_OB_1.9999999999999998_1.0_187,23.48,2.31,0.73,-0.33,-0.5,-0.68,0.15
A_OB_1.9999999999999998_1.0_188,24.81,2.31,0.73,-0.33,-0.5,-0.68,0.15
A_OB_1.9999999999999998_1.0_189,25.27,2.31,0.73,-0.33,-0.5,-0.68,0.15
A_OB_1.9999999999999998_1.0_190,23.44,2.31,0.73,-0.33,-0.5,-0.68,0.15
A_OB_1.9999999999999998_1.0_191,24.93,2.31,0.73,-0.33,-0.5,-0.68,0.15
A_OB_1.9999999999999998_1.0_192,24.13,2.31,0.73,-0.33,-0.5,-0.68,0.15
A_OB_1.9999999999999998_1.0_193,22.84,2.31,0.73,-0.33,-0.5,-0.68,0.15
A_OB_1.9999999999999998_1.0_194,24.52,2.31,0.73,-0.33,-0.5,-0.68,0.15
A_OB_1.9999999999999998_1.0_195,23.63,2.31,0.73,-0.33,-0.5,-0.68,0.15
A_OB_1.9999999999999998_1.0_196,25.23,2.31,0.73,-0.33,-0.5,-0.68,0.15
A_OB_1.9999999999999998_1.0_197,25.51,2.31,0.73,-0.33,-0.5,-0.68,0.15
A_OB_1.9999999999999998_1.0_198,25.59,2.31,0.73,-0.33,-0.5,-0.68,0.15
A_OB_1.9999999999999998_1.0_199,25.6,2.31,0.73,-0.33,-0.5,-0.68,0.15
A_OB_1.9999999999999998_1.0_200,25.2,2.31,0.73,-0.33,-0.5,-0.68,0.15
A_OB_1.9999999999999998_1.0_201,25.34,2.31,0.73,-0.33,-0.5,-0.68,0.15
A_OB_1.9999999999999998_1.0_202,24.57,2.31,0.73,-0.33,-0.5,-0.68,0.15
A_OB_1.9999999999999998_1.0_203,25.55,2.31,0.73,-0.33,-0.5,-0.68,0.15
A_OB_1.9999999999999998_1.0_204,24.81,2.31,0.73,-0.33,-0.5,-0.68,0.15
A_OB_1.9999999999999998_1.0_205,25.19,2.31,0.73,-0.33,-0.5,-0.68,0.15
A_OB_1.9999999999999998_1.0_206,24.63,2.31,0.73,-0.33,-0.5,-0.68,0.15
A_OB_1.9999999999999998_1.0_207,20.44,2.31,0.73,-0.33,-0.5,-0.68,0.15
A_OB_1.9999999999999998_1.0_208,23.35,2.31,0.73,-0.33,-0.5,-0.68,0.15
A_OB_1.9999999999999998_1.0_209,23.35,2.31,0.73,-0.33,-0.5,-0.68,0.15
A_OB_1.9999999999999998_1.0_210,24.92,2.31,0.73,-0.33,-0.5,-0.68,0.15
A_OB_1.9999999999999998_1.0_211,23.09,2.31,0.73,-0.33,-0.5,-0.68,0.15
A_OB_1.9999999999999998_1.0_212,25.36,2.31,0.73,-0.33,-0.5,-0.68,0.15
A_OB_1.9999999999999998_1.0_213,25.56,2.31,0.73,-0.33,-0.5,-0.68,0.15
A_OB_1.9999999999999998_1.0_214,23.12,2.31,0.73,-0.33,-0.5,-0.68,0.15
A_OB_1.9999999999999998_1.0_215,24.33,2.31,0.73,-0.33,-0.5,-0.68,0.15
A_OB_1.9999999999999998_1.0_216,24.34,2.31,0.73,-0.33,-0.5,-0.68,0.15
A_OB_1.9999999999999998_1.0_217,24.81,2.31,0.73,-0.33,-0.5,-0.68,0.15
A_OB_1.9999999999999998_1.0_218,22.0,2.31,0.73,-0.33,-0.5,-0.68,0.15
A_OB_1.9999999999999998_1.0_219,25.54,2.31,0.73,-0.33,-0.5,-0.68,0.15
A_OB_1.9999999999999998_1.0_220,25.47,2.31,0.73,-0.33,-0.5,-0.68,0.15
A_OB_1.9999999999999998_1.0_221,24.48,2.31,0.73,-0.33,-0.5,-0.68,0.15
A_OB_1.9999999999999998_1.0_222,19.85,2.31,0.73,-0.33,-0.5,-0.68,0.15
A_OB_1.9999999999999998_1.0_223,25.51,2.31,0.73,-0.33,-0.5,-0.68,0.15
A_OB_1.9999999999999998_1.0_224,25.46,2.31,0.73,-0.33,-0.5,-0.68,0.15
A_OB_1.9999999999999998_1.0_225,24.43,2.31,0.73,-0.33,-0.5,-0.68,0.15
A_OB_1.9999999999999998_1.0_226,25.3,2.31,0.73,-0.33,-0.5,-0.68,0.15
A_OB_1.9999999999999998_1.0_227,24.5,2.31,0.73,-0.33,-0.5,-0.68,0.15
A_OB_1.9999999999999998_1.0_228,24.15,2.31,0.73,-0.33,-0.5,-0.68,0.15
A_OB_1.9999999999999998_1.0_229,25.51,2.31,0.73,-0.33,-0.5,-0.68,0.15
A_OB_1.9999999999999998_1.0_230,24.43,2.31,0.73,-0.33,-0.5,-0.68,0.15
A_OB_1.9999999999999998_1.0_231,22.76,2.31,0.73,-0.33,-0.5,-0.68,0.15
A_OB_1.9999999999999998_1.0_232,24.2,2.31,0.73,-0.33,-0.5,-0.68,0.15
A_OB_1.9999999999999998_1.0_233,22.02,2.31,0.73,-0.33,-0.5,-0.68,0.15
A_OB_1.9999999999999998_1.0_234,24.19,2.31,0.73,-0.33,-0.5,-0.68,0.15
A_OB_1.9999999999999998_1.0_235,25.6,2.31,0.73,-0.33,-0.5,-0.68,0.15
A_OB_1.9999999999999998_1.0_236,23.58,2.31,0.73,-0.33,-0.5,-0.68,0.15
A_OB_1.9999999999999998_1.0_237,25.39,2.31,0.73,-0.33,-0.5,-0.68,0.15
A_OB_1.9999999999999998_1.0_238,25.61,2.31,0.73,-0.33,-0.5,-0.68,0.15
A_OB_1.9999999999999998_1.0_239,24.86,2.31,0.73,-0.33,-0.5,-0.68,0.15
A_OB_1.9999999999999998_1.0_240,25.02,2.31,0.73,-0.33,-0.5,-0.68,0.15
A_OB_1.9999999999999998_1.0_241,16.81,2.31,0.73,-0.33,-0.5,-0.68,0.15
A_OB_1.9999999999999998_1.0_242,25.02,2.31,0.73,-0.33,-0.5,-0.68,0.15
A_OB_1.9999999999999998_1.0_243,24.97,2.31,0.73,-0.33,-0.5,-0.68,0.15
A_OB_1.9999999999999998_1.0_244,19.11,2.31,0.73,-0.33,-0.5,-0.68,0.15
A_OB_1.9999999999999998_1.0_245,25.09,2.31,0.73,-0.33,-0.5,-0.68,0.15
A_OB_1.9999999999999998_1.0_246,24.99,2.31,0.73,-0.33,-0.5,-0.68,0.15
A_OB_1.9999999999999998_1.0_247,23.6,2.31,0.73,-0.33,-0.5,-0.68,0.15
A_OB_1.9999999999999998_1.0_248,24.83,2.31,0.73,-0.33,-0.5,-0.68,0.15
A_OB_1.9999999999999998_1.0_249,25.48,2.31,0.73,-0.33,-0.5,-0.68,0.15
A_OB_1.9999999999999998_1.0_250,25.56,2.31,0.73,-0.33,-0.5,-0.68,0.15
A_OB_1.9999999999999998_1.0_251,23.57,2.31,0.73,-0.33,-0.5,-0.68,0.15
A_OB_1.9999999999999998_1.0_252,24.86,2.31,0.73,-0.33,-0.5,-0.68,0.15
A_OB_1.9999999999999998_1.0_253,23.71,2.31,0.73,-0.33,-0.5,-0.68,0.15
A_OB_1.9999999999999998_1.0_254,24.61,2.31,0.73,-0.33,-0.5,-0.68,0.15
A_OB_1.9999999999999998_1.0_255,23.74,2.31,0.73,-0.33,-0.5,-0.68,0.15
A_OB_1.9999999999999998_1.0_256,24.95,2.31,0.73,-0.33,-0.5,-0.68,0.15
A_OB_1.9999999999999998_1.0_257,25.52,2.31,0.73,-0.33,-0.5,-0.68,0.15
A_OB_1.9999999999999998_1.0_258,25.41,2.31,0.73,-0.33,-0.5,-0.68,0.15
A_OB_1.9999999999999998_1.0_259,23.7,2.31,0.73,-0.33,-0.5,-0.68,0.15
A_OB_1.9999999999999998_1.0_260,22.79,2.31,0.73,-0.33,-0.5,-0.68,0.15
A_OB_1.9999999999999998_1.0_261,25.52,2.31,0.73,-0.33,-0.5,-0.68,0.15
A_OB_1.9999999999999998_1.0_262,25.45,2.31,0.73,-0.33,-0.5,-0.68,0.15
A_OB_1.9999999999999998_1.0_263,25.58,2.31,0.73,-0.33,-0.5,-0.68,0.15
A_OB_1.9999999999999998_1.0_264,23.31,2.31,0.73,-0.33,-0.5,-0.68,0.15
A_OB_1.9999999999999998_1.0_265,25.23,2.31,0.73,-0.33,-0.5,-0.68,0.15
A_OB_1.9999999999999998_1.0_266,25.26,2.31,0.73,-0.33,-0.5,-0.68,0.15
A_OB_1.9999999999999998_1.0_267,25.4,2.31,0.73,-0.33,-0.5,-0.68,0.15
A_OB_1.9999999999999998_1.0_268,24.93,2.31,0.73,-0.33,-0.5,-0.68,0.15
A_OB_1.9999999999999998_1.0_269,21.49,2.31,0.73,-0.33,-0.5,-0.68,0.15
A_OB_1.9999999999999998_1.0_270,23.21,2.31,0.73,-0.33,-0.5,-0.68,0.15
A_OB_1.9999999999999998_1.0_271,24.42,2.31,0.73,-0.33,-0.5,-0.68,0.15
A_OB_1.9999999999999998_1.0_272,25.01,2.31,0.73,-0.33,-0.5,-0.68,0.15
A_OB_1.9999999999999998_1.0_273,24.56,2.31,0.73,-0.33,-0.5,-0.68,0.15
A_OB_1.9999999999999998_1.0_274,24.07,2.31,0.73,-0.33,-0.5,-0.68,0.15
A_OB_1.9999999999999998_1.0_275,17.18,2.31,0.73,-0.33,-0.5,-0.68,0.15
A_OB_1.9999999999999998_1.0_276,24.41,2.31,0.73,-0.33,-0.5,-0.68,0.15
A_OB_1.9999999999999998_1.0_277,25.27,2.31,0.73,-0.33,-0.5,-0.68,0.15
A_OB_1.9999999999999998_1.0_278,23.49,2.31,0.73,-0.33,-0.5,-0.68,0.15
A_OB_1.9999999999999998_1.0_279,25.53,2.31,0.73,-0.33,-0.5,-0.68,0.15
A_OB_1.9999999999999998_1.0_280,25.25,2.31,0.73,-0.33,-0.5,-0.68,0.15
A_OB_1.9999999999999998_1.0_281,25.36,2.31,0.73,-0.33,-0.5,-0.68,0.15
A_OB_1.9999999999999998_1.0_282,24.74,2.31,0.73,-0.33,-0.5,-0.68,0.15
A_OB_1.9999999999999998_1.0_283,22.78,2.31,0.73,-0.33,-0.5,-0.68,0.15
A_OB_1.9999999999999998_1.0_284,23.87,2.31,0.73,-0.33,-0.5,-0.68,0.15
A_OB_1.9999999999999998_1.0_285,25.0,2.31,0.73,-0.33,-0.5,-0.68,0.15
A_OB_1.9999999999999998_1.0_286,25.5,2.31,0.73,-0.33,-0.5,-0.68,0.15
A_OB_1.9999999999999998_1.0_287,23.79,2.31,0.73,-0.33,-0.5,-0.68,0.15
A_OB_1.9999999999999998_1.0_288,22.77,2.31,0.73,-0.33,-0.5,-0.68,0.15
A_OB_1.9999999999999998_1.0_289,25.14,2.31,0.73,-0.33,-0.5,-0.68,0.15
A_OB_1.9999999999999998_1.0_290,24.34,2.31,0.73,-0.33,-0.5,-0.68,0.15
A_OB_1.9999999999999998_1.0_291,24.3,2.31,0.73,-0.33,-0.5,-0.68,0.15
A_OB_1.9999999999999998_1.0_292,25.18,2.31,0.73,-0.33,-0.5,-0.68,0.15
A_OB_1.9999999999999998_1.0_293,25.55,2.31,0.73,-0.33,-0.5,-0.68,0.15
A_OB_1.9999999999999998_1.0_294,23.64,2.31,0.73,-0.33,-0.5,-0.68,0.15
A_OB_1.9999999999999998_1.0_295,23.54,2.31,0.73,-0.33,-0.5,-0.68,0.15
A_OB_1.9999999999999998_1.0_296,24.46,2.31,0.73,-0.33,-0.5,-0.68,0.15
A_OB_1.9999999999999998_1.0_297,25.31,2.31,0.73,-0.33,-0.5,-0.68,0.15
A_OB_1.9999999999999998_1.0_298,25.29,2.31,0.73,-0.33,-0.5,-0.68,0.15
A_OB_1.9999999999999998_1.0_299,25.3,2.31,0.73,-0.33,-0.5,-0.68,0.15
A_OB_1.9999999999999998_1.0_300,23.0,2.31,0.73,-0.33,-0.5,-0.68,0.15
A_OB_1.9999999999999998_1.0_301,24.94,2.31,0.73,-0.33,-0.5,-0.68,0.15
A_OB_1.9999999999999998_1.0_302,20.26,2.31,0.73,-0.33,-0.5,-0.68,0.15
A_OB_1.9999999999999998_1.0_303,19.68,2.31,0.73,-0.33,-0.5,-0.68,0.15
A_OB_1.9999999999999998_1.0_304,23.58,2.31,0.73,-0.33,-0.5,-0.68,0.15
A_OB_1.9999999999999998_1.0_305,20.56,2.31,0.73,-0.33,-0.5,-0.68,0.15
A_OB_1.9999999999999998_1.0_306,23.93,2.31,0.73,-0.33,-0.5,-0.68,0.15
A_OB_1.9999999999999998_1.0_307,25.26,2.31,0.73,-0.33,-0.5,-0.68,0.15
A_OB_1.9999999999999998_1.0_308,24.66,2.31,0.73,-0.33,-0.5,-0.68,0.15
A_OB_1.9999999999999998_1.0_309,24.03,2.31,0.73,-0.33,-0.5,-0.68,0.15
A_OB_1.9999999999999998_1.0_310,25.07,2.31,0.73,-0.33,-0.5,-0.68,0.15
A_OB_1.9999999999999998_1.0_311,24.17,2.31,0.73,-0.33,-0.5,-0.68,0.15
A_OB_1.9999999999999998_1.0_312,22.72,2.31,0.73,-0.33,-0.5,-0.68,0.15
A_OB_1.9999999999999998_1.0_313,24.07,2.31,0.73,-0.33,-0.5,-0.68,0.15
A_OB_1.9999999999999998_1.0_314,25.4,2.31,0.73,-0.33,-0.5,-0.68,0.15
A_OB_1.9999999999999998_1.0_315,23.99,2.31,0.73,-0.33,-0.5,-0.68,0.15
A_OB_1.9999999999999998_1.0_316,24.47,2.31,0.73,-0.33,-0.5,-0.68,0.15
A_OB_1.9999999999999998_1.0_317,24.66,2.31,0.73,-0.33,-0.5,-0.68,0.15
A_OB_1.9999999999999998_1.0_318,24.31,2.31,0.73,-0.33,-0.5,-0.68,0.15
A_OB_1.9999999999999998_1.0_319,24.08,2.31,0.73,-0.33,-0.5,-0.68,0.15
A_OB_1.9999999999999998_1.0_320,25.39,2.31,0.73,-0.33,-0.5,-0.68,0.15
A_OB_1.9999999999999998_1.0_321,22.96,2.31,0.73,-0.33,-0.5,-0.68,0.15
A_OB_1.9999999999999998_1.0_322,25.06,2.31,0.73,-0.33,-0.5,-0.68,0.15
A_OB_1.9999999999999998_1.0_323,25.49,2.31,0.73,-0.33,-0.5,-0.68,0.15
A_OB_1.9999999999999998_1.0_324,25.25,2.31,0.73,-0.33,-0.5,-0.68,0.15
A_OB_1.9999999999999998_1.0_325,25.26,2.31,0.73,-0.33,-0.5,-0.68,0.15
A_OB_1.9999999999999998_1.0_326,24.33,2.31,0.73,-0.33,-0.5,-0.68,0.15
A_OB_1.9999999999999998_1.0_327,24.59,2.31,0.73,-0.33,-0.5,-0.68,0.15
A_OB_1.9999999999999998_1.0_328,22.49,2.31,0.73,-0.33,-0.5,-0.68,0.15
A_OB_1.9999999999999998_1.0_329,21.83,2.31,0.73,-0.33,-0.5,-0.68,0.15
A_OB_1.9999999999999998_1.0_330,25.25,2.31,0.73,-0.33,-0.5,-0.68,0.15
A_OB_1.9999999999999998_1.0_331,25.27,2.31,0.73,-0.33,-0.5,-0.68,0.15
A_OB_1.9999999999999998_1.0_332,25.2,2.31,0.73,-0.33,-0.5,-0.68,0.15
A_OB_1.9999999999999998_1.0_333,23.53,2.31,0.73,-0.33,-0.5,-0.68,0.15
A_OB_1.9999999999999998_1.0_334,25.44,2.31,0.73,-0.33,-0.5,-0.68,0.15
A_OB_1.9999999999999998_1.0_335,23.57,2.31,0.73,-0.33,-0.5,-0.68,0.15
A_OB_1.9999999999999998_1.0_336,25.0,2.31,0.73,-0.33,-0.5,-0.68,0.15
A_OB_1.9999999999999998_1.0_337,25.1,2.31,0.73,-0.33,-0.5,-0.68,0.15
A_OB_1.9999999999999998_1.0_338,22.41,2.31,0.73,-0.33,-0.5,-0.68,0.15
A_OB_1.9999999999999998_1.0_339,25.45,2.31,0.73,-0.33,-0.5,-0.68,0.15
A_OB_1.9999999999999998_1.0_340,24.9,2.31,0.73,-0.33,-0.5,-0.68,0.15
A_OB_1.9999999999999998_1.0_341,24.5,2.31,0.73,-0.33,-0.5,-0.68,0.15
A_OB_1.9999999999999998_1.0_342,24.59,2.31,0.73,-0.33,-0.5,-0.68,0.15
A_OB_1.9999999999999998_1.0_343,24.67,2.31,0.73,-0.33,-0.5,-0.68,0.15
A_OB_1.9999999999999998_1.0_344,25.52,2.31,0.73,-0.33,-0.5,-0.68,0.15
A_OB_1.9999999999999998_1.0_345,24.79,2.31,0.73,-0.33,-0.5,-0.68,0.15
A_OB_1.9999999999999998_1.0_346,21.69,2.31,0.73,-0.33,-0.5,-0.68,0.15
A_OB_1.9999999999999998_1.0_347,24.13,2.31,0.73,-0.33,-0.5,-0.68,0.15
A_OB_1.9999999999999998_1.0_348,18.13,2.31,0.73,-0.33,-0.5,-0.68,0.15
A_OB_1.9999999999999998_1.0_349,25.35,2.31,0.73,-0.33,-0.5,-0.68,0.15
A_OB_1.9999999999999998_1.0_350,23.55,2.31,0.73,-0.33,-0.5,-0.68,0.15
A_OB_1.9999999999999998_1.0_351,25.5,2.31,0.73,-0.33,-0.5,-0.68,0.15
A_OB_1.9999999999999998_1.0_352,25.14,2.31,0.73,-0.33,-0.5,-0.68,0.15
A_OB_1.9999999999999998_1.0_353,25.27,2.31,0.73,-0.33,-0.5,-0.68,0.15
A_OB_1.9999999999999998_1.0_354,24.47,2.31,0.73,-0.33,-0.5,-0.68,0.15
A_OB_1.9999999999999998_1.0_355,25.6,2.31,0.73,-0.33,-0.5,-0.68,0.15
A_OB_1.9999999999999998_1.0_356,25.24,2.31,0.73,-0.33,-0.5,-0.68,0.15
A_OB_1.9999999999999998_1.0_357,25.01,2.31,0.73,-0.33,-0.5,-0.68,0.15
A_OB_1.9999999999999998_1.0_358,25.42,2.31,0.73,-0.33,-0.5,-0.68,0.15
A_OB_1.9999999999999998_1.0_359,25.58,2.31,0.73,-0.33,-0.5,-0.68,0.15
A_OB_1.9999999999999998_1.0_360,22.17,2.31,0.73,-0.33,-0.5,-0.68,0.15
A_OB_1.9999999999999998_1.0_361,25.31,2.31,0.73,-0.33,-0.5,-0.68,0.15
A_OB_1.9999999999999998_1.0_362,25.54,2.31,0.73,-0.33,-0.5,-0.68,0.15
A_OB_1.9999999999999998_1.0_363,24.13,2.31,0.73,-0.33,-0.5,-0.68,0.15
A_OB_1.9999999999999998_1.0_364,25.06,2.31,0.73,-0.33,-0.5,-0.68,0.15
A_OB_1.9999999999999998_1.0_365,24.92,2.31,0.73,-0.33,-0.5,-0.68,0.15
A_OB_1.9999999999999998_1.0_366,24.96,2.31,0.73,-0.33,-0.5,-0.68,0.15
A_OB_1.9999999999999998_1.0_367,22.62,2.31,0.73,-0.33,-0.5,-0.68,0.15
A_OB_1.9999999999999998_1.0_368,24.31,2.31,0.73,-0.33,-0.5,-0.68,0.15
A_OB_1.9999999999999998_1.0_369,23.82,2.31,0.73,-0.33,-0.5,-0.68,0.15
A_OB_1.9999999999999998_1.0_370,24.49,2.31,0.73,-0.33,-0.5,-0.68,0.15
A_OB_1.9999999999999998_1.0_371,25.38,2.31,0.73,-0.33,-0.5,-0.68,0.15
A_OB_1.9999999999999998_1.0_372,25.47,2.31,0.73,-0.33,-0.5,-0.68,0.15
A_OB_1.9999999999999998_1.0_373,25.11,2.31,0.73,-0.33,-0.5,-0.68,0.15
A_OB_1.9999999999999998_1.0_374,25.47,2.31,0.73,-0.33,-0.5,-0.68,0.15
A_OB_1.9999999999999998_1.0_375,24.92,2.31,0.73,-0.33,-0.5,-0.68,0.15
A_OB_1.9999999999999998_1.0_376,22.11,2.31,0.73,-0.33,-0.5,-0.68,0.15
A_OB_1.9999999999999998_1.0_377,23.63,2.31,0.73,-0.33,-0.5,-0.68,0.15
A_OB_1.9999999999999998_1.0_378,22.96,2.31,0.73,-0.33,-0.5,-0.68,0.15
A_OB_1.9999999999999998_1.0_379,24.77,2.31,0.73,-0.33,-0.5,-0.68,0.15
A_OB_1.9999999999999998_1.0_380,24.46,2.31,0.73,-0.33,-0.5,-0.68,0.15
A_OB_1.9999999999999998_1.0_381,24.89,2.31,0.73,-0.33,-0.5,-0.68,0.15
A_OB_1.9999999999999998_1.0_382,24.23,2.31,0.73,-0.33,-0.5,-0.68,0.15
A_OB_1.9999999999999998_1.0_383,25.13,2.31,0.73,-0.33,-0.5,-0.68,0.15
A_OB_1.9999999999999998_1.0_384,25.4,2.31,0.73,-0.33,-0.5,-0.68,0.15
A_OB_1.9999999999999998_1.0_385,25.48,2.31,0.73,-0.33,-0.5,-0.68,0.15
A_OB_1.9999999999999998_1.0_386,25.37,2.31,0.73,-0.33,-0.5,-0.68,0.15
A_OB_1.9999999999999998_1.0_387,24.94,2.31,0.73,-0.33,-0.5,-0.68,0.15
A_OB_1.9999999999999998_1.0_388,24.89,2.31,0.73,-0.33,-0.5,-0.68,0.15
A_OB_1.9999999999999998_1.0_389,25.1,2.31,0.73,-0.33,-0.5,-0.68,0.15
A_OB_1.9999999999999998_1.0_390,25.57,2.31,0.73,-0.33,-0.5,-0.68,0.15
A_OB_1.9999999999999998_1.0_391,25.08,2.31,0.73,-0.33,-0.5,-0.68,0.15
A_OB_1.9999999999999998_1.0_392,25.58,2.31,0.73,-0.33,-0.5,-0.68,0.15
A_OB_1.9999999999999998_1.0_393,24.34,2.31,0.73,-0.33,-0.5,-0.68,0.15
A_OB_1.9999999999999998_1.0_394,24.89,2.31,0.73,-0.33,-0.5,-0.68,0.15
A_OB_1.9999999999999998_1.0_395,25.4,2.31,0.73,-0.33,-0.5,-0.68,0.15
A_OB_1.9999999999999998_1.0_396,23.9,2.31,0.73,-0.33,-0.5,-0.68,0.15
A_OB_1.9999999999999998_1.0_397,25.37,2.31,0.73,-0.33,-0.5,-0.68,0.15
A_OB_1.9999999999999998_1.0_398,25.31,2.31,0.73,-0.33,-0.5,-0.68,0.15
A_OB_1.9999999999999998_1.0_399,25.27,2.31,0.73,-0.33,-0.5,-0.68,0.15
A_OB_1.9999999999999998_1.0_400,21.2,2.31,0.73,-0.33,-0.5,-0.68,0.15
A_OB_1.9999999999999998_1.0_401,25.28,2.31,0.73,-0.33,-0.5,-0.68,0.15
A_OB_1.9999999999999998_1.0_402,24.77,2.31,0.73,-0.33,-0.5,-0.68,0.15
A_OB_1.9999999999999998_1.0_403,25.43,2.31,0.73,-0.33,-0.5,-0.68,0.15
A_OB_1.9999999999999998_1.0_404,25.32,2.31,0.73,-0.33,-0.5,-0.68,0.15
A_OB_1.9999999999999998_1.0_405,25.52,2.31,0.73,-0.33,-0.5,-0.68,0.15
A_OB_1.9999999999999998_1.0_406,25.48,2.31,0.73,-0.33,-0.5,-0.68,0.15
A_OB_1.9999999999999998_1.0_407,25.56,2.31,0.73,-0.33,-0.5,-0.68,0.15
A_OB_1.9999999999999998_1.0_408,25.38,2.31,0.73,-0.33,-0.5,-0.68,0.15
A_OB_1.9999999999999998_1.0_409,24.48,2.31,0.73,-0.33,-0.5,-0.68,0.15
A_OB_1.9999999999999998_1.0_410,25.5,2.31,0.73,-0.33,-0.5,-0.68,0.15
A_OB_1.9999999999999998_1.0_411,25.36,2.31,0.73,-0.33,-0.5,-0.68,0.15
A_OB_1.9999999999999998_1.0_412,22.81,2.31,0.73,-0.33,-0.5,-0.68,0.15
A_OB_1.9999999999999998_1.0_413,25.48,2.31,0.73,-0.33,-0.5,-0.68,0.15
A_OB_1.9999999999999998_1.0_414,25.11,2.31,0.73,-0.33,-0.5,-0.68,0.15
A_OB_1.9999999999999998_1.0_415,23.7,2.31,0.73,-0.33,-0.5,-0.68,0.15
A_OB_1.9999999999999998_1.0_416,25.21,2.31,0.73,-0.33,-0.5,-0.68,0.15
A_OB_1.9999999999999998_1.0_417,19.36,2.31,0.73,-0.33,-0.5,-0.68,0.15
A_OB_1.9999999999999998_1.0_418,22.97,2.31,0.73,-0.33,-0.5,-0.68,0.15
A_OB_1.9999999999999998_1.0_419,25.51,2.31,0.73,-0.33,-0.5,-0.68,0.15
A_OB_1.9999999999999998_1.0_420,25.4,2.31,0.73,-0.33,-0.5,-0.68,0.15
A_OB_1.9999999999999998_1.0_421,24.48,2.31,0.73,-0.33,-0.5,-0.68,0.15
A_OB_1.9999999999999998_1.0_422,25.23,2.31,0.73,-0.33,-0.5,-0.68,0.15
A_OB_1.9999999999999998_1.0_423,25.54,2.31,0.73,-0.33,-0.5,-0.68,0.15
A_OB_1.9999999999999998_1.0_424,23.8,2.31,0.73,-0.33,-0.5,-0.68,0.15
A_OB_1.9999999999999998_1.0_425,24.95,2.31,0.73,-0.33,-0.5,-0.68,0.15
A_OB_1.9999999999999998_1.0_426,22.74,2.31,0.73,-0.33,-0.5,-0.68,0.15
A_OB_1.9999999999999998_1.0_427,22.91,2.31,0.73,-0.33,-0.5,-0.68,0.15
A_OB_1.9999999999999998_1.0_428,25.24,2.31,0.73,-0.33,-0.5,-0.68,0.15
A_OB_1.9999999999999998_1.0_429,22.69,2.31,0.73,-0.33,-0.5,-0.68,0.15
A_OB_1.9999999999999998_1.0_430,22.85,2.31,0.73,-0.33,-0.5,-0.68,0.15
A_OB_1.9999999999999998_1.0_431,25.57,2.31,0.73,-0.33,-0.5,-0.68,0.15
A_OB_1.9999999999999998_1.0_432,24.93,2.31,0.73,-0.33,-0.5,-0.68,0.15
A_OB_1.9999999999999998_1.0_433,25.1,2.31,0.73,-0.33,-0.5,-0.68,0.15
A_OB_1.9999999999999998_1.0_434,23.28,2.31,0.73,-0.33,-0.5,-0.68,0.15
A_OB_1.9999999999999998_1.0_435,24.39,2.31,0.73,-0.33,-0.5,-0.68,0.15
A_OB_1.9999999999999998_1.0_436,25.24,2.31,0.73,-0.33,-0.5,-0.68,0.15
A_OB_1.9999999999999998_1.0_437,23.09,2.31,0.73,-0.33,-0.5,-0.68,0.15
A_OB_1.9999999999999998_1.0_438,25.59,2.31,0.73,-0.33,-0.5,-0.68,0.15
A_OB_1.9999999999999998_1.0_439,25.58,2.31,0.73,-0.33,-0.5,-0.68,0.15
A_OB_1.9999999999999998_1.0_440,25.21,2.31,0.73,-0.33,-0.5,-0.68,0.15
A_OB_1.9999999999999998_1.0_441,25.26,2.31,0.73,-0.33,-0.5,-0.68,0.15
A_OB_1.9999999999999998_1.0_442,21.84,2.31,0.73,-0.33,-0.5,-0.68,0.15
A_OB_1.9999999999999998_1.0_443,25.6,2.31,0.73,-0.33,-0.5,-0.68,0.15
A_OB_1.9999999999999998_1.0_444,25.51,2.31,0.73,-0.33,-0.5,-0.68,0.15
A_OB_1.9999999999999998_1.0_445,18.58,2.31,0.73,-0.33,-0.5,-0.68,0.15
A_OB_1.9999999999999998_1.0_446,24.46,2.31,0.73,-0.33,-0.5,-0.68,0.15
A_OB_1.9999999999999998_1.0_447,23.12,2.31,0.73,-0.33,-0.5,-0.68,0.15
A_OB_1.9999999999999998_1.0_448,21.36,2.31,0.73,-0.33,-0.5,-0.68,0.15
A_OB_1.9999999999999998_1.0_449,24.25,2.31,0.73,-0.33,-0.5,-0.68,0.15
A_OB_1.9999999999999998_1.0_450,23.88,2.31,0.73,-0.33,-0.5,-0.68,0.15
A_OB_1.9999999999999998_1.0_451,23.79,2.31,0.73,-0.33,-0.5,-0.68,0.15
A_OB_1.9999999999999998_1.0_452,25.02,2.31,0.73,-0.33,-0.5,-0.68,0.15
A_OB_1.9999999999999998_1.0_453,25.22,2.31,0.73,-0.33,-0.5,-0.68,0.15
A_OB_1.9999999999999998_1.0_454,24.39,2.31,0.73,-0.33,-0.5,-0.68,0.15
A_OB_1.9999999999999998_1.0_455,24.81,2.31,0.73,-0.33,-0.5,-0.68,0.15
A_OB_1.9999999999999998_1.0_456,24.88,2.31,0.73,-0.33,-0.5,-0.68,0.15
A_OB_1.9999999999999998_1.0_457,25.3,2.31,0.73,-0.33,-0.5,-0.68,0.15
A_OB_1.9999999999999998_1.0_458,24.18,2.31,0.73,-0.33,-0.5,-0.68,0.15
A_OB_1.9999999999999998_1.0_459,22.71,2.31,0.73,-0.33,-0.5,-0.68,0.15
A_OB_1.9999999999999998_1.0_460,21.54,2.31,0.73,-0.33,-0.5,-0.68,0.15
A_OB_1.9999999999999998_1.0_461,25.46,2.31,0.73,-0.33,-0.5,-0.68,0.15
A_OB_1.9999999999999998_1.0_462,20.74,2.31,0.73,-0.33,-0.5,-0.68,0.15
A_OB_1.9999999999999998_1.0_463,24.16,2.31,0.73,-0.33,-0.5,-0.68,0.15
A_OB_1.9999999999999998_1.0_464,24.72,2.31,0.73,-0.33,-0.5,-0.68,0.15
A_OB_1.9999999999999998_1.0_465,15.4,2.31,0.73,-0.33,-0.5,-0.68,0.15
A_OB_1.9999999999999998_1.0_466,22.52,2.31,0.73,-0.33,-0.5,-0.68,0.15
A_OB_1.9999999999999998_1.0_467,24.58,2.31,0.73,-0.33,-0.5,-0.68,0.15
A_OB_1.9999999999999998_1.0_468,23.54,2.31,0.73,-0.33,-0.5,-0.68,0.15
A_OB_1.9999999999999998_1.0_469,25.56,2.31,0.73,-0.33,-0.5,-0.68,0.15
A_OB_1.9999999999999998_1.0_470,23.83,2.31,0.73,-0.33,-0.5,-0.68,0.15
A_OB_1.9999999999999998_1.0_471,25.0,2.31,0.73,-0.33,-0.5,-0.68,0.15
A_OB_1.9999999999999998_1.0_472,24.94,2.31,0.73,-0.33,-0.5,-0.68,0.15
A_OB_1.9999999999999998_1.0_473,25.35,2.31,0.73,-0.33,-0.5,-0.68,0.15
A_OB_1.9999999999999998_1.0_474,22.85,2.31,0.73,-0.33,-0.5,-0.68,0.15
A_OB_1.9999999999999998_1.0_475,24.11,2.31,0.73,-0.33,-0.5,-0.68,0.15
A_OB_1.9999999999999998_1.0_476,25.12,2.31,0.73,-0.33,-0.5,-0.68,0.15
A_OB_1.9999999999999998_1.0_477,20.62,2.31,0.73,-0.33,-0.5,-0.68,0.15
A_OB_1.9999999999999998_1.0_478,25.45,2.31,0.73,-0.33,-0.5,-0.68,0.15
A_OB_1.9999999999999998_1.0_479,24.46,2.31,0.73,-0.33,-0.5,-0.68,0.15
A_OB_1.9999999999999998_1.0_480,24.67,2.31,0.73,-0.33,-0.5,-0.68,0.15
A_OB_1.9999999999999998_1.0_481,24.89,2.31,0.73,-0.33,-0.5,-0.68,0.15
A_OB_1.9999999999999998_1.0_482,25.37,2.31,0.73,-0.33,-0.5,-0.68,0.15
A_OB_1.9999999999999998_1.0_483,23.74,2.31,0.73,-0.33,-0.5,-0.68,0.15
A_OB_1.9999999999999998_1.0_484,19.79,2.31,0.73,-0.33,-0.5,-0.68,0.15
A_OB_1.9999999999999998_1.0_485,24.67,2.31,0.73,-0.33,-0.5,-0.68,0.15
A_OB_1.9999999999999998_1.0_486,19.88,2.31,0.73,-0.33,-0.5,-0.68,0.15
A_OB_1.9999999999999998_1.0_487,21.83,2.31,0.73,-0.33,-0.5,-0.68,0.15
A_OB_1.9999999999999998_1.0_488,24.86,2.31,0.73,-0.33,-0.5,-0.68,0.15
A_OB_1.9999999999999998_1.0_489,25.26,2.31,0.73,-0.33,-0.5,-0.68,0.15
A_OB_1.9999999999999998_1.0_490,22.54,2.31,0.73,-0.33,-0.5,-0.68,0.15
A_OB_1.9999999999999998_1.0_491,25.11,2.31,0.73,-0.33,-0.5,-0.68,0.15
A_OB_1.9999999999999998_1.0_492,25.43,2.31,0.73,-0.33,-0.5,-0.68,0.15
A_OB_1.9999999999999998_1.0_493,24.85,2.31,0.73,-0.33,-0.5,-0.68,0.15
A_OB_1.9999999999999998_1.0_494,23.73,2.31,0.73,-0.33,-0.5,-0.68,0.15
A_OB_1.9999999999999998_1.0_495,25.26,2.31,0.73,-0.33,-0.5,-0.68,0.15
A_OB_1.9999999999999998_1.0_496,25.2,2.31,0.73,-0.33,-0.5,-0.68,0.15
A_OB_1.9999999999999998_1.0_497,23.18,2.31,0.73,-0.33,-0.5,-0.68,0.15
A_OB_1.9999999999999998_1.0_498,25.09,2.31,0.73,-0.33,-0.5,-0.68,0.15
A_OB_1.9999999999999998_1.0_499,24.43,2.31,0.73,-0.33,-0.5,-0.68,0.15
A_OB_1.9999999999999998_1.0_500,24.86,2.31,0.73,-0.33,-0.5,-0.68,0.15
A_OB_1.9999999999999998_1.0_501,25.21,2.31,0.73,-0.33,-0.5,-0.68,0.15
A_OB_1.9999999999999998_1.0_502,25.19,2.31,0.73,-0.33,-0.5,-0.68,0.15
A_OB_1.9999999999999998_1.0_503,25.0,2.31,0.73,-0.33,-0.5,-0.68,0.15
A_OB_1.9999999999999998_1.0_504,24.59,2.31,0.73,-0.33,-0.5,-0.68,0.15
A_OB_1.9999999999999998_1.0_505,24.62,2.31,0.73,-0.33,-0.5,-0.68,0.15
A_OB_1.9999999999999998_1.0_506,24.48,2.31,0.73,-0.33,-0.5,-0.68,0.15
A_OB_1.9999999999999998_1.0_507,24.3,2.31,0.73,-0.33,-0.5,-0.68,0.15
A_OB_1.9999999999999998_1.0_508,25.31,2.31,0.73,-0.33,-0.5,-0.68,0.15
A_OB_1.9999999999999998_1.0_509,25.46,2.31,0.73,-0.33,-0.5,-0.68,0.15
A_OB_1.9999999999999998_1.0_510,24.73,2.31,0.73,-0.33,-0.5,-0.68,0.15
A_OB_1.9999999999999998_1.0_511,25.33,2.31,0.73,-0.33,-0.5,-0.68,0.15
A_OB_1.9999999999999998_1.0_512,25.56,2.31,0.73,-0.33,-0.5,-0.68,0.15
A_OB_1.9999999999999998_1.0_513,22.32,2.31,0.73,-0.33,-0.5,-0.68,0.15
A_OB_1.9999999999999998_1.0_514,24.97,2.31,0.73,-0.33,-0.5,-0.68,0.15
A_OB_1.9999999999999998_1.0_515,23.63,2.31,0.73,-0.33,-0.5,-0.68,0.15
A_OB_1.9999999999999998_1.0_516,22.33,2.31,0.73,-0.33,-0.5,-0.68,0.15
A_OB_1.9999999999999998_1.0_517,25.45,2.31,0.73,-0.33,-0.5,-0.68,0.15
A_OB_1.9999999999999998_1.0_518,25.57,2.31,0.73,-0.33,-0.5,-0.68,0.15
A_OB_1.9999999999999998_1.0_519,24.81,2.31,0.73,-0.33,-0.5,-0.68,0.15
A_OB_1.9999999999999998_1.0_520,25.51,2.31,0.73,-0.33,-0.5,-0.68,0.15
A_OB_1.9999999999999998_1.0_521,23.63,2.31,0.73,-0.33,-0.5,-0.68,0.15
A_OB_1.9999999999999998_1.0_522,24.97,2.31,0.73,-0.33,-0.5,-0.68,0.15
A_OB_1.9999999999999998_1.0_523,22.28,2.31,0.73,-0.33,-0.5,-0.68,0.15
A_OB_1.9999999999999998_1.0_524,22.82,2.31,0.73,-0.33,-0.5,-0.68,0.15
A_OB_1.9999999999999998_1.0_525,24.26,2.31,0.73,-0.33,-0.5,-0.68,0.15
A_OB_1.9999999999999998_1.0_526,25.13,2.31,0.73,-0.33,-0.5,-0.68,0.15
A_OB_1.9999999999999998_1.0_527,25.44,2.31,0.73,-0.33,-0.5,-0.68,0.15
A_OB_1.9999999999999998_1.0_528,23.04,2.31,0.73,-0.33,-0.5,-0.68,0.15
A_OB_1.9999999999999998_1.0_529,24.46,2.31,0.73,-0.33,-0.5,-0.68,0.15
A_OB_1.9999999999999998_1.0_530,24.73,2.31,0.73,-0.33,-0.5,-0.68,0.15
A_OB_1.9999999999999998_1.0_531,24.86,2.31,0.73,-0.33,-0.5,-0.68,0.15
A_OB_1.9999999999999998_1.0_532,25.18,2.31,0.73,-0.33,-0.5,-0.68,0.15
A_OB_1.9999999999999998_1.0_533,25.47,2.31,0.73,-0.33,-0.5,-0.68,0.15
A_OB_1.9999999999999998_1.0_534,21.16,2.31,0.73,-0.33,-0.5,-0.68,0.15
A_OB_1.9999999999999998_1.0_535,24.31,2.31,0.73,-0.33,-0.5,-0.68,0.15
A_OB_1.9999999999999998_1.0_536,22.81,2.31,0.73,-0.33,-0.5,-0.68,0.15
A_OB_1.9999999999999998_1.0_537,23.52,2.31,0.73,-0.33,-0.5,-0.68,0.15
A_OB_1.9999999999999998_1.0_538,22.89,2.31,0.73,-0.33,-0.5,-0.68,0.15
A_OB_1.9999999999999998_1.0_539,25.55,2.31,0.73,-0.33,-0.5,-0.68,0.15
A_OB_1.9999999999999998_1.0_540,20.68,2.31,0.73,-0.33,-0.5,-0.68,0.15
A_OB_1.9999999999999998_1.0_541,25.01,2.31,0.73,-0.33,-0.5,-0.68,0.15
A_OB_1.9999999999999998_1.0_542,23.37,2.31,0.73,-0.33,-0.5,-0.68,0.15
A_OB_1.9999999999999998_1.0_543,24.4,2.31,0.73,-0.33,-0.5,-0.68,0.15
A_OB_1.9999999999999998_1.0_544,24.48,2.31,0.73,-0.33,-0.5,-0.68,0.15
A_OB_1.9999999999999998_1.0_545,23.43,2.31,0.73,-0.33,-0.5,-0.68,0.15
A_OB_1.9999999999999998_1.0_546,24.48,2.31,0.73,-0.33,-0.5,-0.68,0.15
A_OB_1.9999999999999998_1.0_547,25.25,2.31,0.73,-0.33,-0.5,-0.68,0.15
A_OB_1.9999999999999998_1.0_548,25.22,2.31,0.73,-0.33,-0.5,-0.68,0.15
A_OB_1.9999999999999998_1.0_549,21.89,2.31,0.73,-0.33,-0.5,-0.68,0.15
A_OB_1.9999999999999998_1.0_550,17.13,2.31,0.73,-0.33,-0.5,-0.68,0.15
A_OB_1.9999999999999998_1.0_551,23.9,2.31,0.73,-0.33,-0.5,-0.68,0.15
A_OB_1.9999999999999998_1.0_552,25.31,2.31,0.73,-0.33,-0.5,-0.68,0.15
A_OB_1.9999999999999998_1.0_553,25.56,2.31,0.73,-0.33,-0.5,-0.68,0.15
A_OB_1.9999999999999998_1.0_554,22.72,2.31,0.73,-0.33,-0.5,-0.68,0.15
A_OB_1.9999999999999998_1.0_555,25.6,2.31,0.73,-0.33,-0.5,-0.68,0.15
A_OB_1.9999999999999998_1.0_556,24.67,2.31,0.73,-0.33,-0.5,-0.68,0.15
A_OB_1.9999999999999998_1.0_557,24.41,2.31,0.73,-0.33,-0.5,-0.68,0.15
A_OB_1.9999999999999998_1.0_558,24.78,2.31,0.73,-0.33,-0.5,-0.68,0.15
A_OB_1.9999999999999998_1.0_559,23.85,2.31,0.73,-0.33,-0.5,-0.68,0.15
A_OB_1.9999999999999998_1.0_560,17.98,2.31,0.73,-0.33,-0.5,-0.68,0.15
A_OB_1.9999999999999998_1.0_561,22.01,2.31,0.73,-0.33,-0.5,-0.68,0.15
A_OB_1.9999999999999998_1.0_562,24.58,2.31,0.73,-0.33,-0.5,-0.68,0.15
A_OB_1.9999999999999998_1.0_563,24.47,2.31,0.73,-0.33,-0.5,-0.68,0.15
A_OB_1.9999999999999998_1.0_564,24.95,2.31,0.73,-0.33,-0.5,-0.68,0.15
A_OB_1.9999999999999998_1.0_565,24.52,2.31,0.73,-0.33,-0.5,-0.68,0.15
A_OB_1.9999999999999998_1.0_566,23.59,2.31,0.73,-0.33,-0.5,-0.68,0.15
A_OB_1.9999999999999998_1.0_567,25.5,2.31,0.73,-0.33,-0.5,-0.68,0.15
A_OB_1.9999999999999998_1.0_568,25.58,2.31,0.73,-0.33,-0.5,-0.68,0.15
A_OB_1.9999999999999998_1.0_569,23.9,2.31,0.73,-0.33,-0.5,-0.68,0.15
A_OB_1.9999999999999998_1.0_570,21.44,2.31,0.73,-0.33,-0.5,-0.68,0.15
A_OB_1.9999999999999998_1.0_571,25.19,2.31,0.73,-0.33,-0.5,-0.68,0.15
A_OB_1.9999999999999998_1.0_572,24.52,2.31,0.73,-0.33,-0.5,-0.68,0.15
A_OB_1.9999999999999998_1.0_573,25.48,2.31,0.73,-0.33,-0.5,-0.68,0.15
A_OB_1.9999999999999998_1.0_574,22.83,2.31,0.73,-0.33,-0.5,-0.68,0.15
A_OB_1.9999999999999998_1.0_575,22.4,2.31,0.73,-0.33,-0.5,-0.68,0.15
A_OB_1.9999999999999998_1.0_576,23.73,2.31,0.73,-0.33,-0.5,-0.68,0.15
A_OB_1.9999999999999998_1.0_577,25.14,2.31,0.73,-0.33,-0.5,-0.68,0.15
A_OB_1.9999999999999998_1.0_578,25.59,2.31,0.73,-0.33,-0.5,-0.68,0.15
A_OB_1.9999999999999998_1.0_579,24.2,2.31,0.73,-0.33,-0.5,-0.68,0.15
A_OB_1.9999999999999998_1.0_580,25.38,2.31,0.73,-0.33,-0.5,-0.68,0.15
A_OB_1.9999999999999998_1.0_581,24.88,2.31,0.73,-0.33,-0.5,-0.68,0.15
A_OB_1.9999999999999998_1.0_582,24.42,2.31,0.73,-0.33,-0.5,-0.68,0.15
A_OB_1.9999999999999998_1.0_583,23.84,2.31,0.73,-0.33,-0.5,-0.68,0.15
A_OB_1.9999999999999998_1.0_584,25.52,2.31,0.73,-0.33,-0.5,-0.68,0.15
A_OB_1.9999999999999998_1.0_585,23.18,2.31,0.73,-0.33,-0.5,-0.68,0.15
A_OB_1.9999999999999998_1.0_586,25.41,2.31,0.73,-0.33,-0.5,-0.68,0.15
A_OB_1.9999999999999998_1.0_587,25.38,2.31,0.73,-0.33,-0.5,-0.68,0.15
A_OB_1.9999999999999998_1.0_588,25.1,2.31,0.73,-0.33,-0.5,-0.68,0.15
A_OB_1.9999999999999998_1.0_589,24.04,2.31,0.73,-0.33,-0.5,-0.68,0.15
A_OB_1.9999999999999998_1.0_590,25.01,2.31,0.73,-0.33,-0.5,-0.68,0.15
A_OB_1.9999999999999998_1.0_591,24.03,2.31,0.73,-0.33,-0.5,-0.68,0.15
A_OB_1.9999999999999998_1.0_592,22.84,2.31,0.73,-0.33,-0.5,-0.68,0.15
A_OB_1.9999999999999998_1.0_593,25.42,2.31,0.73,-0.33,-0.5,-0.68,0.15
A_OB_1.9999999999999998_1.0_594,23.98,2.31,0.73,-0.33,-0.5,-0.68,0.15
A_OB_1.9999999999999998_1.0_595,24.77,2.31,0.73,-0.33,-0.5,-0.68,0.15
A_OB_1.9999999999999998_1.0_596,25.52,2.31,0.73,-0.33,-0.5,-0.68,0.15
A_OB_1.9999999999999998_1.0_597,23.42,2.31,0.73,-0.33,-0.5,-0.68,0.15
A_OB_1.9999999999999998_1.0_598,22.73,2.31,0.73,-0.33,-0.5,-0.68,0.15
A_OB_1.9999999999999998_1.0_599,25.14,2.31,0.73,-0.33,-0.5,-0.68,0.15
A_OB_1.9999999999999998_1.0_600,23.48,2.31,0.73,-0.33,-0.5,-0.68,0.15
A_OB_1.9999999999999998_1.0_601,21.59,2.31,0.73,-0.33,-0.5,-0.68,0.15
A_OB_1.9999999999999998_1.0_602,25.43,2.31,0.73,-0.33,-0.5,-0.68,0.15
A_OB_1.9999999999999998_1.0_603,24.36,2.31,0.73,-0.33,-0.5,-0.68,0.15
A_OB_1.9999999999999998_1.0_604,25.4,2.31,0.73,-0.33,-0.5,-0.68,0.15
A_OB_1.9999999999999998_1.0_605,24.75,2.31,0.73,-0.33,-0.5,-0.68,0.15
A_OB_1.9999999999999998_1.0_606,21.05,2.31,0.73,-0.33,-0.5,-0.68,0.15
A_OB_1.9999999999999998_1.0_607,25.32,2.31,0.73,-0.33,-0.5,-0.68,0.15
A_OB_1.9999999999999998_1.0_608,24.94,2.31,0.73,-0.33,-0.5,-0.68,0.15
A_OB_1.9999999999999998_1.0_609,23.92,2.31,0.73,-0.33,-0.5,-0.68,0.15
A_OB_1.9999999999999998_1.0_610,24.94,2.31,0.73,-0.33,-0.5,-0.68,0.15
A_OB_1.9999999999999998_1.0_611,23.77,2.31,0.73,-0.33,-0.5,-0.68,0.15
A_OB_1.9999999999999998_1.0_612,25.47,2.31,0.73,-0.33,-0.5,-0.68,0.15
A_OB_1.9999999999999998_1.0_613,24.92,2.31,0.73,-0.33,-0.5,-0.68,0.15
A_OB_1.9999999999999998_1.0_614,21.66,2.31,0.73,-0.33,-0.5,-0.68,0.15
A_OB_1.9999999999999998_1.0_615,22.19,2.31,0.73,-0.33,-0.5,-0.68,0.15
A_OB_1.9999999999999998_1.0_616,24.69,2.31,0.73,-0.33,-0.5,-0.68,0.15
A_OB_1.9999999999999998_1.0_617,25.35,2.31,0.73,-0.33,-0.5,-0.68,0.15
A_OB_1.9999999999999998_1.0_618,25.54,2.31,0.73,-0.33,-0.5,-0.68,0.15
A_OB_1.9999999999999998_1.0_619,25.3,2.31,0.73,-0.33,-0.5,-0.68,0.15
A_OB_1.9999999999999998_1.0_620,23.22,2.31,0.73,-0.33,-0.5,-0.68,0.15
A_OB_1.9999999999999998_1.0_621,24.86,2.31,0.73,-0.33,-0.5,-0.68,0.15
A_OB_1.9999999999999998_1.0_622,24.23,2.31,0.73,-0.33,-0.5,-0.68,0.15
A_OB_1.9999999999999998_1.0_623,21.6,2.31,0.73,-0.33,-0.5,-0.68,0.15
A_OB_1.9999999999999998_1.0_624,25.27,2.31,0.73,-0.33,-0.5,-0.68,0.15
A_OB_1.9999999999999998_1.0_625,23.42,2.31,0.73,-0.33,-0.5,-0.68,0.15
A_OB_1.9999999999999998_1.0_626,24.99,2.31,0.73,-0.33,-0.5,-0.68,0.15
A_OB_1.9999999999999998_1.0_627,25.46,2.31,0.73,-0.33,-0.5,-0.68,0.15
A_OB_1.9999999999999998_1.0_628,25.28,2.31,0.73,-0.33,-0.5,-0.68,0.15
A_OB_1.9999999999999998_1.0_629,23.89,2.31,0.73,-0.33,-0.5,-0.68,0.15
A_OB_1.9999999999999998_1.0_630,23.18,2.31,0.73,-0.33,-0.5,-0.68,0.15
A_OB_1.9999999999999998_1.0_631,20.0,2.31,0.73,-0.33,-0.5,-0.68,0.15
A_OB_1.9999999999999998_1.0_632,24.6,2.31,0.73,-0.33,-0.5,-0.68,0.15
A_OB_1.9999999999999998_1.0_633,25.53,2.31,0.73,-0.33,-0.5,-0.68,0.15
A_OB_1.9999999999999998_1.0_634,18.71,2.31,0.73,-0.33,-0.5,-0.68,0.15
A_OB_1.9999999999999998_1.0_635,23.07,2.31,0.73,-0.33,-0.5,-0.68,0.15
A_OB_1.9999999999999998_1.0_636,23.99,2.31,0.73,-0.33,-0.5,-0.68,0.15
A_OB_1.9999999999999998_1.0_637,23.9,2.31,0.73,-0.33,-0.5,-0.68,0.15
A_OB_1.9999999999999998_1.0_638,25.6,2.31,0.73,-0.33,-0.5,-0.68,0.15
A_OB_1.9999999999999998_1.0_639,24.73,2.31,0.73,-0.33,-0.5,-0.68,0.15
A_OB_1.9999999999999998_1.0_640,25.31,2.31,0.73,-0.33,-0.5,-0.68,0.15
A_OB_1.9999999999999998_1.0_641,24.12,2.31,0.73,-0.33,-0.5,-0.68,0.15
A_OB_1.9999999999999998_1.0_642,20.61,2.31,0.73,-0.33,-0.5,-0.68,0.15
A_OB_1.9999999999999998_1.0_643,25.48,2.31,0.73,-0.33,-0.5,-0.68,0.15
A_OB_1.9999999999999998_1.0_644,23.53,2.31,0.73,-0.33,-0.5,-0.68,0.15
A_OB_1.9999999999999998_1.0_645,24.79,2.31,0.73,-0.33,-0.5,-0.68,0.15
A_OB_1.9999999999999998_1.0_646,24.6,2.31,0.73,-0.33,-0.5,-0.68,0.15
A_OB_1.9999999999999998_1.0_647,23.4,2.31,0.73,-0.33,-0.5,-0.68,0.15
A_OB_1.9999999999999998_1.0_648,22.39,2.31,0.73,-0.33,-0.5,-0.68,0.15
A_OB_1.9999999999999998_1.0_649,23.32,2.31,0.73,-0.33,-0.5,-0.68,0.15
A_OB_1.9999999999999998_1.0_650,23.96,2.31,0.73,-0.33,-0.5,-0.68,0.15
A_OB_1.9999999999999998_1.0_651,25.06,2.31,0.73,-0.33,-0.5,-0.68,0.15
A_OB_1.9999999999999998_1.0_652,25.61,2.31,0.73,-0.33,-0.5,-0.68,0.15
A_OB_1.9999999999999998_1.0_653,25.02,2.31,0.73,-0.33,-0.5,-0.68,0.15
A_OB_1.9999999999999998_1.0_654,24.62,2.31,0.73,-0.33,-0.5,-0.68,0.15
A_OB_1.9999999999999998_1.0_655,22.15,2.31,0.73,-0.33,-0.5,-0.68,0.15
A_OB_1.9999999999999998_1.0_656,21.95,2.31,0.73,-0.33,-0.5,-0.68,0.15
A_OB_1.9999999999999998_1.0_657,23.49,2.31,0.73,-0.33,-0.5,-0.68,0.15
A_OB_1.9999999999999998_1.0_658,22.02,2.31,0.73,-0.33,-0.5,-0.68,0.15
A_OB_1.9999999999999998_1.0_659,24.67,2.31,0.73,-0.33,-0.5,-0.68,0.15
A_OB_1.9999999999999998_1.0_660,22.23,2.31,0.73,-0.33,-0.5,-0.68,0.15
A_OB_1.9999999999999998_1.0_661,24.75,2.31,0.73,-0.33,-0.5,-0.68,0.15
A_OB_1.9999999999999998_1.0_662,23.18,2.31,0.73,-0.33,-0.5,-0.68,0.15
A_OB_1.9999999999999998_1.0_663,24.77,2.31,0.73,-0.33,-0.5,-0.68,0.15
A_OB_1.9999999999999998_1.0_664,24.77,2.31,0.73,-0.33,-0.5,-0.68,0.15
A_OB_1.9999999999999998_1.0_665,25.16,2.31,0.73,-0.33,-0.5,-0.68,0.15
A_OB_1.9999999999999998_1.0_666,25.39,2.31,0.73,-0.33,-0.5,-0.68,0.15
A_OB_1.9999999999999998_1.0_667,24.31,2.31,0.73,-0.33,-0.5,-0.68,0.15
A_OB_1.9999999999999998_1.0_668,23.0,2.31,0.73,-0.33,-0.5,-0.68,0.15
A_OB_1.9999999999999998_1.0_669,24.35,2.31,0.73,-0.33,-0.5,-0.68,0.15
A_OB_1.9999999999999998_1.0_670,23.34,2.31,0.73,-0.33,-0.5,-0.68,0.15
A_OB_1.9999999999999998_1.0_671,23.86,2.31,0.73,-0.33,-0.5,-0.68,0.15
A_OB_1.9999999999999998_1.0_672,25.01,2.31,0.73,-0.33,-0.5,-0.68,0.15
A_OB_1.9999999999999998_1.0_673,25.29,2.31,0.73,-0.33,-0.5,-0.68,0.15
A_OB_1.9999999999999998_1.0_674,22.86,2.31,0.73,-0.33,-0.5,-0.68,0.15
A_OB_1.9999999999999998_1.0_675,25.17,2.31,0.73,-0.33,-0.5,-0.68,0.15
A_OB_1.9999999999999998_1.0_676,24.77,2.31,0.73,-0.33,-0.5,-0.68,0.15
A_OB_1.9999999999999998_1.0_677,24.54,2.31,0.73,-0.33,-0.5,-0.68,0.15
A_OB_1.9999999999999998_1.0_678,24.94,2.31,0.73,-0.33,-0.5,-0.68,0.15
A_OB_1.9999999999999998_1.0_679,24.9,2.31,0.73,-0.33,-0.5,-0.68,0.15
A_OB_1.9999999999999998_1.0_680,25.25,2.31,0.73,-0.33,-0.5,-0.68,0.15
A_OB_1.9999999999999998_1.0_681,25.38,2.31,0.73,-0.33,-0.5,-0.68,0.15
A_OB_1.9999999999999998_1.0_682,24.46,2.31,0.73,-0.33,-0.5,-0.68,0.15
A_OB_1.9999999999999998_1.0_683,23.81,2.31,0.73,-0.33,-0.5,-0.68,0.15
A_OB_1.9999999999999998_1.0_684,25.23,2.31,0.73,-0.33,-0.5,-0.68,0.15
A_OB_1.9999999999999998_1.0_685,25.01,2.31,0.73,-0.33,-0.5,-0.68,0.15
A_OB_1.9999999999999998_1.0_686,25.47,2.31,0.73,-0.33,-0.5,-0.68,0.15
A_OB_1.9999999999999998_1.0_687,25.3,2.31,0.73,-0.33,-0.5,-0.68,0.15
A_OB_1.9999999999999998_1.0_688,24.96,2.31,0.73,-0.33,-0.5,-0.68,0.15
A_OB_1.9999999999999998_1.0_689,24.87,2.31,0.73,-0.33,-0.5,-0.68,0.15
A_OB_1.9999999999999998_1.0_690,24.39,2.31,0.73,-0.33,-0.5,-0.68,0.15
A_OB_1.9999999999999998_1.0_691,24.0,2.31,0.73,-0.33,-0.5,-0.68,0.15
A_OB_1.9999999999999998_1.0_692,23.81,2.31,0.73,-0.33,-0.5,-0.68,0.15
A_OB_1.9999999999999998_1.0_693,22.76,2.31,0.73,-0.33,-0.5,-0.68,0.15
A_OB_1.9999999999999998_1.0_694,23.82,2.31,0.73,-0.33,-0.5,-0.68,0.15
A_OB_1.9999999999999998_1.0_695,24.66,2.31,0.73,-0.33,-0.5,-0.68,0.15
A_OB_1.9999999999999998_1.0_696,21.18,2.31,0.73,-0.33,-0.5,-0.68,0.15
A_OB_1.9999999999999998_1.0_697,25.58,2.31,0.73,-0.33,-0.5,-0.68,0.15
A_OB_1.9999999999999998_1.0_698,25.43,2.31,0.73,-0.33,-0.5,-0.68,0.15
A_OB_1.9999999999999998_1.0_699,25.37,2.31,0.73,-0.33,-0.5,-0.68,0.15
A_OB_1.9999999999999998_1.0_700,25.39,2.31,0.73,-0.33,-0.5,-0.68,0.15
A_OB_1.9999999999999998_1.0_701,24.25,2.31,0.73,-0.33,-0.5,-0.68,0.15
A_OB_1.9999999999999998_1.0_702,24.05,2.31,0.73,-0.33,-0.5,-0.68,0.15
A_OB_1.9999999999999998_1.0_703,25.53,2.31,0.73,-0.33,-0.5,-0.68,0.15
A_OB_1.9999999999999998_1.0_704,25.3,2.31,0.73,-0.33,-0.5,-0.68,0.15
A_OB_1.9999999999999998_1.0_705,20.65,2.31,0.73,-0.33,-0.5,-0.68,0.15
A_OB_1.9999999999999998_1.0_706,25.61,2.31,0.73,-0.33,-0.5,-0.68,0.15
A_OB_1.9999999999999998_1.0_707,22.72,2.31,0.73,-0.33,-0.5,-0.68,0.15
A_OB_1.9999999999999998_1.0_708,23.34,2.31,0.73,-0.33,-0.5,-0.68,0.15
A_OB_1.9999999999999998_1.0_709,25.16,2.31,0.73,-0.33,-0.5,-0.68,0.15
A_OB_1.9999999999999998_1.0_710,25.1,2.31,0.73,-0.33,-0.5,-0.68,0.15
A_OB_1.9999999999999998_1.0_711,24.02,2.31,0.73,-0.33,-0.5,-0.68,0.15
A_OB_1.9999999999999998_1.0_712,24.97,2.31,0.73,-0.33,-0.5,-0.68,0.15
A_OB_1.9999999999999998_1.0_713,25.34,2.31,0.73,-0.33,-0.5,-0.68,0.15
A_OB_1.9999999999999998_1.0_714,24.23,2.31,0.73,-0.33,-0.5,-0.68,0.15
A_OB_1.9999999999999998_1.0_715,25.45,2.31,0.73,-0.33,-0.5,-0.68,0.15
A_OB_1.9999999999999998_1.0_716,24.75,2.31,0.73,-0.33,-0.5,-0.68,0.15
A_OB_1.9999999999999998_1.0_717,23.72,2.31,0.73,-0.33,-0.5,-0.68,0.15
A_OB_1.9999999999999998_1.0_718,24.79,2.31,0.73,-0.33,-0.5,-0.68,0.15
A_OB_1.9999999999999998_1.0_719,24.12,2.31,0.73,-0.33,-0.5,-0.68,0.15
A_OB_1.9999999999999998_1.0_720,22.06,2.31,0.73,-0.33,-0.5,-0.68,0.15
A_OB_1.9999999999999998_1.0_721,25.61,2.31,0.73,-0.33,-0.5,-0.68,0.15
A_OB_1.9999999999999998_1.0_722,23.1,2.31,0.73,-0.33,-0.5,-0.68,0.15
A_OB_1.9999999999999998_1.0_723,24.92,2.31,0.73,-0.33,-0.5,-0.68,0.15
A_OB_1.9999999999999998_1.0_724,25.34,2.31,0.73,-0.33,-0.5,-0.68,0.15
A_OB_1.9999999999999998_1.0_725,22.99,2.31,0.73,-0.33,-0.5,-0.68,0.15
A_OB_1.9999999999999998_1.0_726,23.34,2.31,0.73,-0.33,-0.5,-0.68,0.15
A_OB_1.9999999999999998_1.0_727,21.77,2.31,0.73,-0.33,-0.5,-0.68,0.15
A_OB_1.9999999999999998_1.0_728,24.21,2.31,0.73,-0.33,-0.5,-0.68,0.15
A_OB_1.9999999999999998_1.0_729,25.51,2.31,0.73,-0.33,-0.5,-0.68,0.15
A_OB_1.9999999999999998_1.0_730,25.61,2.31,0.73,-0.33,-0.5,-0.68,0.15
A_OB_1.9999999999999998_1.0_731,24.5,2.31,0.73,-0.33,-0.5,-0.68,0.15
A_OB_1.9999999999999998_1.0_732,20.7,2.31,0.73,-0.33,-0.5,-0.68,0.15
A_OB_1.9999999999999998_1.0_733,25.53,2.31,0.73,-0.33,-0.5,-0.68,0.15
A_OB_1.9999999999999998_1.0_734,24.92,2.31,0.73,-0.33,-0.5,-0.68,0.15
A_OB_1.9999999999999998_1.0_735,25.12,2.31,0.73,-0.33,-0.5,-0.68,0.15
A_OB_1.9999999999999998_1.0_736,24.98,2.31,0.73,-0.33,-0.5,-0.68,0.15
A_OB_1.9999999999999998_1.0_737,24.04,2.31,0.73,-0.33,-0.5,-0.68,0.15
A_OB_1.9999999999999998_1.0_738,25.49,2.31,0.73,-0.33,-0.5,-0.68,0.15
A_OB_1.9999999999999998_1.0_739,25.55,2.31,0.73,-0.33,-0.5,-0.68,0.15
A_OB_1.9999999999999998_1.0_740,24.63,2.31,0.73,-0.33,-0.5,-0.68,0.15
A_OB_1.9999999999999998_1.0_741,23.04,2.31,0.73,-0.33,-0.5,-0.68,0.15
A_OB_1.9999999999999998_1.0_742,25.02,2.31,0.73,-0.33,-0.5,-0.68,0.15
A_OB_1.9999999999999998_1.0_743,24.23,2.31,0.73,-0.33,-0.5,-0.68,0.15
A_OB_1.9999999999999998_1.0_744,25.43,2.31,0.73,-0.33,-0.5,-0.68,0.15
A_OB_1.9999999999999998_1.0_745,24.62,2.31,0.73,-0.33,-0.5,-0.68,0.15
A_OB_1.9999999999999998_1.0_746,23.02,2.31,0.73,-0.33,-0.5,-0.68,0.15
A_OB_1.9999999999999998_1.0_747,25.11,2.31,0.73,-0.33,-0.5,-0.68,0.15
A_OB_1.9999999999999998_1.0_748,21.71,2.31,0.73,-0.33,-0.5,-0.68,0.15
A_OB_1.9999999999999998_1.0_749,22.85,2.31,0.73,-0.33,-0.5,-0.68,0.15
A_OB_1.9999999999999998_1.0_750,25.15,2.31,0.73,-0.33,-0.5,-0.68,0.15
A_OB_1.9999999999999998_1.0_751,24.64,2.31,0.73,-0.33,-0.5,-0.68,0.15
A_OB_1.9999999999999998_1.0_752,25.33,2.31,0.73,-0.33,-0.5,-0.68,0.15
A_OB_1.9999999999999998_1.0_753,24.86,2.31,0.73,-0.33,-0.5,-0.68,0.15
A_OB_1.9999999999999998_1.0_754,24.17,2.31,0.73,-0.33,-0.5,-0.68,0.15
A_OB_1.9999999999999998_1.0_755,24.67,2.31,0.73,-0.33,-0.5,-0.68,0.15
A_OB_1.9999999999999998_1.0_756,23.13,2.31,0.73,-0.33,-0.5,-0.68,0.15
A_OB_1.9999999999999998_1.0_757,22.31,2.31,0.73,-0.33,-0.5,-0.68,0.15
A_OB_1.9999999999999998_1.0_758,25.4,2.31,0.73,-0.33,-0.5,-0.68,0.15
A_OB_1.9999999999999998_1.0_759,25.37,2.31,0.73,-0.33,-0.5,-0.68,0.15
A_OB_1.9999999999999998_1.0_760,24.48,2.31,0.73,-0.33,-0.5,-0.68,0.15
A_OB_1.9999999999999998_1.0_761,19.87,2.31,0.73,-0.33,-0.5,-0.68,0.15
A_OB_1.9999999999999998_1.0_762,23.71,2.31,0.73,-0.33,-0.5,-0.68,0.15
A_OB_1.9999999999999998_1.0_763,23.34,2.31,0.73,-0.33,-0.5,-0.68,0.15
A_OB_1.9999999999999998_1.0_764,25.55,2.31,0.73,-0.33,-0.5,-0.68,0.15
A_OB_1.9999999999999998_1.0_765,24.94,2.31,0.73,-0.33,-0.5,-0.68,0.15
A_OB_1.9999999999999998_1.0_766,24.81,2.31,0.73,-0.33,-0.5,-0.68,0.15
A_OB_1.9999999999999998_1.0_767,23.9,2.31,0.73,-0.33,-0.5,-0.68,0.15
A_OB_1.9999999999999998_1.0_768,24.61,2.31,0.73,-0.33,-0.5,-0.68,0.15
A_OB_1.9999999999999998_1.0_769,24.41,2.31,0.73,-0.33,-0.5,-0.68,0.15
A_OB_1.9999999999999998_1.0_770,25.39,2.31,0.73,-0.33,-0.5,-0.68,0.15
A_OB_1.9999999999999998_1.0_771,22.38,2.31,0.73,-0.33,-0.5,-0.68,0.15
A_OB_1.9999999999999998_1.0_772,25.22,2.31,0.73,-0.33,-0.5,-0.68,0.15
A_OB_1.9999999999999998_1.0_773,22.53,2.31,0.73,-0.33,-0.5,-0.68,0.15
A_OB_1.9999999999999998_1.0_774,20.0,2.31,0.73,-0.33,-0.5,-0.68,0.15
A_OB_1.9999999999999998_1.0_775,25.12,2.31,0.73,-0.33,-0.5,-0.68,0.15
A_OB_1.9999999999999998_1.0_776,24.71,2.31,0.73,-0.33,-0.5,-0.68,0.15
A_OB_1.9999999999999998_1.0_777,25.16,2.31,0.73,-0.33,-0.5,-0.68,0.15
A_OB_1.9999999999999998_1.0_778,25.21,2.31,0.73,-0.33,-0.5,-0.68,0.15
A_OB_1.9999999999999998_1.0_779,25.05,2.31,0.73,-0.33,-0.5,-0.68,0.15
A_OB_1.9999999999999998_1.0_780,24.98,2.31,0.73,-0.33,-0.5,-0.68,0.15
A_OB_1.9999999999999998_1.0_781,24.78,2.31,0.73,-0.33,-0.5,-0.68,0.15
A_OB_1.9999999999999998_1.0_782,25.0,2.31,0.73,-0.33,-0.5,-0.68,0.15
A_OB_1.9999999999999998_1.0_783,25.58,2.31,0.73,-0.33,-0.5,-0.68,0.15
A_OB_1.9999999999999998_1.0_784,23.16,2.31,0.73,-0.33,-0.5,-0.68,0.15
A_OB_1.9999999999999998_1.0_785,25.33,2.31,0.73,-0.33,-0.5,-0.68,0.15
A_OB_1.9999999999999998_1.0_786,25.35,2.31,0.73,-0.33,-0.5,-0.68,0.15
A_OB_1.9999999999999998_1.0_787,23.45,2.31,0.73,-0.33,-0.5,-0.68,0.15
A_OB_1.9999999999999998_1.0_788,20.03,2.31,0.73,-0.33,-0.5,-0.68,0.15
A_OB_1.9999999999999998_1.0_789,25.17,2.31,0.73,-0.33,-0.5,-0.68,0.15
A_OB_1.9999999999999998_1.0_790,25.41,2.31,0.73,-0.33,-0.5,-0.68,0.15
A_OB_1.9999999999999998_1.0_791,25.29,2.31,0.73,-0.33,-0.5,-0.68,0.15
A_OB_1.9999999999999998_1.0_792,25.11,2.31,0.73,-0.33,-0.5,-0.68,0.15
A_OB_1.9999999999999998_1.0_793,24.57,2.31,0.73,-0.33,-0.5,-0.68,0.15
