ObjID,FORMAT,q,e,inc,node,argPeri,t_p_MJD_TDB,epochMJD_TDB
A_OB_1.9999999999999998_1.0_0,COM,0.117165,1.000027,2.535,3.265,1.676,63236.910261,60796.001439
A_OB_1.9999999999999998_1.0_1,COM,0.586161,1.001601,2.496,0.945,4.497,63293.841405,60796.001439
A_OB_1.9999999999999998_1.0_2,COM,0.148499,1.000675,2.773,1.895,5.362,62460.631507,60796.001439
A_OB_1.9999999999999998_1.0_3,COM,0.425252,1.003224,0.767,0.492,4.178,63398.395004,60796.001439
A_OB_1.9999999999999998_1.0_4,COM,0.808685,1.007838,2.322,4.495,4.307,61462.866906,60796.001439
A_OB_1.9999999999999998_1.0_5,COM,0.441062,1.003986,2.077,2.314,2.416,62314.728279,60796.001439
A_OB_1.9999999999999998_1.0_6,COM,0.473658,1.003446,2.598,3.822,4.896,62799.04667,60796.001439
A_OB_1.9999999999999998_1.0_7,COM,0.709433,1.003891,2.512,6.079,2.102,63303.019578,60796.001439
A_OB_1.9999999999999998_1.0_8,COM,1.578203,1.022969,0.851,4.768,3.627,63736.949297,60796.001439
A_OB_1.9999999999999998_1.0_9,COM,0.949434,1.012882,2.67,5.75,5.115,62399.737069,60796.001439
A_OB_1.9999999999999998_1.0_10,COM,0.230457,1.003276,2.155,0.911,1.408,63746.139869,60796.001439
A_OB_1.9999999999999998_1.0_11,COM,0.283932,1.007369,1.099,0.374,3.392,64312.402322,60796.001439
A_OB_1.9999999999999998_1.0_12,COM,0.931733,1.025782,1.436,3.729,2.135,61465.885329,60796.001439
A_OB_1.9999999999999998_1.0_13,COM,0.495484,1.011074,1.143,4.207,5.023,64282.646669,60796.001439
A_OB_1.9999999999999998_1.0_14,COM,0.167795,1.003614,1.188,4.215,2.857,61025.38497,60796.001439
A_OB_1.9999999999999998_1.0_15,COM,1.818964,1.040165,0.739,2.606,4.479,64066.112833,60796.001439
A_OB_1.9999999999999998_1.0_16,COM,0.097087,1.001994,2.32,4.272,1.859,61129.167508,60796.001439
A_OB_1.9999999999999998_1.0_17,COM,0.92393,1.025979,1.582,1.194,0.056,63882.680367,60796.001439
A_OB_1.9999999999999998_1.0_18,COM,1.100992,1.039872,0.509,1.481,3.452,64346.653186,60796.001439
A_OB_1.9999999999999998_1.0_19,COM,0.190635,1.00615,2.814,4.674,2.767,64386.679074,60796.001439
A_OB_1.9999999999999998_1.0_20,COM,1.545637,1.052913,2.575,4.777,6.141,61386.623904,60796.001439
A_OB_1.9999999999999998_1.0_21,COM,0.695414,1.026968,1.47,4.74,4.45,62729.921877,60796.001439
A_OB_1.9999999999999998_1.0_22,COM,1.56745,1.050283,1.102,2.703,3.346,62680.99678,60796.001439
A_OB_1.9999999999999998_1.0_23,COM,0.211365,1.007307,0.772,0.442,0.485,63949.657024,60796.001439
A_OB_1.9999999999999998_1.0_24,COM,0.273815,1.010001,1.28,1.814,0.082,60807.917651,60796.001439
A_OB_1.9999999999999998_1.0_25,COM,0.371874,1.011371,0.983,2.948,4.637,61990.324193,60796.001439
A_OB_1.9999999999999998_1.0_26,COM,0.063097,1.002342,0.41,2.283,0.808,62276.877601,60796.001439
A_OB_1.9999999999999998_1.0_27,COM,3.517409,1.145484,1.895,4.96,2.432,60891.501494,60796.001439
A_OB_1.9999999999999998_1.0_28,COM,1.379677,1.054289,1.015,4.016,3.659,62888.887854,60796.001439
A_OB_1.9999999999999998_1.0_29,COM,1.235837,1.044872,1.633,4.431,5.817,64089.806087,60796.001439
A_OB_1.9999999999999998_1.0_30,COM,0.188556,1.006188,1.986,0.856,0.421,61814.598848,60796.001439
A_OB_1.9999999999999998_1.0_31,COM,0.317883,1.010576,1.113,4.591,1.859,64245.429778,60796.001439
A_OB_1.9999999999999998_1.0_32,COM,1.421514,1.042252,1.448,6.267,4.834,63504.448461,60796.001439
A_OB_1.9999999999999998_1.0_33,COM,1.626399,1.051249,1.415,5.9,3.928,62993.834121,60796.001439
A_OB_1.9999999999999998_1.0_34,COM,0.963914,1.036779,2.189,2.732,4.418,64493.424419,60796.001439
A_OB_1.9999999999999998_1.0_35,COM,0.847719,1.042648,1.29,5.978,4.884,62339.296795,60796.001439
A_OB_1.9999999999999998_1.0_36,COM,0.175599,1.009282,1.98,0.538,4.219,61891.7118,60796.001439
A_OB_1.9999999999999998_1.0_37,COM,1.003749,1.049471,0.522,2.523,4.938,62292.840821,60796.001439
A_OB_1.9999999999999998_1.0_38,COM,1.488832,1.072962,1.98,4.576,2.191,62398.627919,60796.001439
A_OB_1.9999999999999998_1.0_39,COM,0.301151,1.01593,1.14,5.901,5.418,62613.833503,60796.001439
A_OB_1.9999999999999998_1.0_40,COM,0.688326,1.029021,2.294,1.329,5.777,63176.847956,60796.001439
A_OB_1.9999999999999998_1.0_41,COM,1.428475,1.080131,1.365,1.661,4.46,62690.746965,60796.001439
A_OB_1.9999999999999998_1.0_42,COM,0.689306,1.029208,1.134,1.754,0.983,63194.918617,60796.001439
A_OB_1.9999999999999998_1.0_43,COM,0.103086,1.00434,1.352,5.052,1.131,62914.264776,60796.001439
A_OB_1.9999999999999998_1.0_44,COM,0.662731,1.031575,1.275,3.11,3.511,63875.954531,60796.001439
A_OB_1.9999999999999998_1.0_45,COM,0.913467,1.040272,2.1,2.805,0.648,61603.273203,60796.001439
A_OB_1.9999999999999998_1.0_46,COM,0.594359,1.026241,2.4,5.108,5.045,64192.272828,60796.001439
A_OB_1.9999999999999998_1.0_47,COM,0.182607,1.009601,1.248,1.283,4.589,60794.377713,60796.001439
A_OB_1.9999999999999998_1.0_48,COM,0.246574,1.011184,2.932,4.35,4.43,62983.815779,60796.001439
A_OB_1.9999999999999998_1.0_49,COM,0.875731,1.037089,2.933,0.877,5.322,61234.377021,60796.001439
A_OB_1.9999999999999998_1.0_50,COM,0.92629,1.058594,1.79,6.173,5.857,61266.377347,60796.001439
A_OB_1.9999999999999998_1.0_51,COM,0.743772,1.04221,2.409,4.26,0.704,62205.586719,60796.001439
A_OB_1.9999999999999998_1.0_52,COM,0.866191,1.056822,2.366,4.216,3.936,62097.302232,60796.001439
A_OB_1.9999999999999998_1.0_53,COM,1.279056,1.076001,1.537,3.761,3.701,64431.128878,60796.001439
A_OB_1.9999999999999998_1.0_54,COM,1.249216,1.091655,1.867,2.691,2.429,63163.083173,60796.001439
A_OB_1.9999999999999998_1.0_55,COM,0.510536,1.02905,0.879,3.497,2.308,61449.958021,60796.001439
A_OB_1.9999999999999998_1.0_56,COM,0.99028,1.067227,1.294,0.565,0.017,63242.58997,60796.001439
A_OB_1.9999999999999998_1.0_57,COM,0.823897,1.057937,0.852,3.057,2.804,62902.231879,60796.001439
A_OB_1.9999999999999998_1.0_58,COM,1.401346,1.080851,1.173,1.337,1.186,64476.912202,60796.001439
A_OB_1.9999999999999998_1.0_59,COM,0.104911,1.006384,2.078,2.165,1.152,61808.5073,60796.001439
A_OB_1.9999999999999998_1.0_60,COM,0.713943,1.046857,1.51,5.896,2.913,60832.217976,60796.001439
A_OB_1.9999999999999998_1.0_61,COM,1.118998,1.072069,1.991,3.204,0.452,61855.801315,60796.001439
A_OB_1.9999999999999998_1.0_62,COM,1.191834,1.068544,1.669,1.442,0.209,63841.344629,60796.001439
A_OB_1.9999999999999998_1.0_63,COM,0.215738,1.014486,1.352,3.076,4.765,60917.582183,60796.001439
A_OB_1.9999999999999998_1.0_64,COM,0.804212,1.068645,1.422,3.331,3.549,63815.133073,60796.001439
A_OB_1.9999999999999998_1.0_65,COM,1.241361,1.100158,1.954,3.702,4.713,61231.990663,60796.001439
A_OB_1.9999999999999998_1.0_66,COM,0.053905,1.00436,0.446,2.82,5.03,62971.074729,60796.001439
A_OB_1.9999999999999998_1.0_67,COM,0.903467,1.068474,0.87,5.722,5.251,61090.776348,60796.001439
A_OB_1.9999999999999998_1.0_68,COM,0.631518,1.048968,1.996,3.255,2.84,63394.41625,60796.001439
A_OB_1.9999999999999998_1.0_69,COM,0.088167,1.006792,0.575,4.236,1.27,64485.220677,60796.001439
A_OB_1.9999999999999998_1.0_70,COM,0.910406,1.074361,0.16,1.416,0.095,62390.152648,60796.001439
A_OB_1.9999999999999998_1.0_71,COM,1.326507,1.115479,0.797,0.04,4.11,60832.097077,60796.001439
A_OB_1.9999999999999998_1.0_72,COM,1.325975,1.117556,0.462,0.097,2.25,64245.854442,60796.001439
A_OB_1.9999999999999998_1.0_73,COM,0.146234,1.012352,0.73,4.972,3.033,62240.585833,60796.001439
A_OB_1.9999999999999998_1.0_74,COM,0.831437,1.06662,0.678,4.391,3.359,62993.468092,60796.001439
A_OB_1.9999999999999998_1.0_75,COM,0.937331,1.081655,1.607,2.729,3.132,61682.412434,60796.001439
A_OB_1.9999999999999998_1.0_76,COM,1.394417,1.125566,0.614,2.01,5.814,63473.206405,60796.001439
A_OB_1.9999999999999998_1.0_77,COM,1.239088,1.098714,1.107,2.026,5.28,61013.767933,60796.001439
A_OB_1.9999999999999998_1.0_78,COM,0.969647,1.081488,1.337,4.03,4.179,63176.494093,60796.001439
A_OB_1.9999999999999998_1.0_79,COM,1.373232,1.112864,1.021,1.34,5.502,60915.916465,60796.001439
A_OB_1.9999999999999998_1.0_80,COM,1.059798,1.090092,1.646,3.081,2.511,62505.378003,60796.001439
A_OB_1.9999999999999998_1.0_81,COM,1.837679,1.170417,1.81,4.703,5.1,63970.930501,60796.001439
A_OB_1.9999999999999998_1.0_82,COM,1.01574,1.075881,2.092,4.266,2.931,62822.01022,60796.001439
A_OB_1.9999999999999998_1.0_83,COM,0.969702,1.074708,2.382,5.513,4.76,61907.002867,60796.001439
A_OB_1.9999999999999998_1.0_84,COM,1.036362,1.08675,1.621,4.278,5.116,61328.58248,60796.001439
A_OB_1.9999999999999998_1.0_85,COM,0.228616,1.021516,0.749,1.178,5.043,64394.288814,60796.001439
A_OB_1.9999999999999998_1.0_86,COM,0.635131,1.071285,2.311,0.163,3.999,62854.946375,60796.001439
A_OB_1.9999999999999998_1.0_87,COM,0.107843,1.010333,1.107,4.535,3.009,63811.522128,60796.001439
A_OB_1.9999999999999998_1.0_88,COM,0.107843,1.010333,1.107,4.535,3.009,63811.522128,60796.001439
A_OB_1.9999999999999998_1.0_89,COM,0.200628,1.022864,1.494,2.474,0.541,63405.328308,60796.001439
A_OB_1.9999999999999998_1.0_90,COM,0.224487,1.021392,1.791,6.1,6.181,62948.917312,60796.001439
A_OB_1.9999999999999998_1.0_91,COM,1.236454,1.127247,0.197,1.046,6.061,64117.683948,60796.001439
A_OB_1.9999999999999998_1.0_92,COM,0.32905,1.036082,1.21,3.46,2.586,64347.547782,60796.001439
A_OB_1.9999999999999998_1.0_93,COM,0.348486,1.036311,0.989,1.083,5.635,63444.620949,60796.001439
A_OB_1.9999999999999998_1.0_94,COM,0.572125,1.056396,2.34,2.83,2.688,60892.888549,60796.001439
A_OB_1.9999999999999998_1.0_95,COM,0.926865,1.104383,2.041,5.636,2.498,62569.146133,60796.001439
A_OB_1.9999999999999998_1.0_96,COM,0.180828,1.020194,2.215,5.021,5.688,63358.772882,60796.001439
A_OB_1.9999999999999998_1.0_97,COM,1.17975,1.114683,1.12,4.998,3.413,64076.840907,60796.001439
A_OB_1.9999999999999998_1.0_98,COM,0.772874,1.088115,1.707,3.017,3.762,64437.110496,60796.001439
A_OB_1.9999999999999998_1.0_99,COM,1.748387,1.163662,1.938,5.65,4.902,62830.997657,60796.001439
A_OB_1.9999999999999998_1.0_100,COM,1.454118,1.14153,2.061,2.625,1.066,61220.788248,60796.001439
A_OB_1.9999999999999998_1.0_101,COM,0.039969,1.004131,1.115,5.895,0.274,64041.21214,60796.001439
A_OB_1.9999999999999998_1.0_102,COM,0.940585,1.100642,0.645,4.757,2.684,64391.303333,60796.001439
A_OB_1.9999999999999998_1.0_103,COM,0.538399,1.051978,2.848,3.236,3.505,61134.172031,60796.001439
A_OB_1.9999999999999998_1.0_104,COM,0.482088,1.047065,1.315,5.745,5.09,64274.890001,60796.001439
A_OB_1.9999999999999998_1.0_105,COM,1.437277,1.13393,0.995,4.904,2.382,63996.068026,60796.001439
A_OB_1.9999999999999998_1.0_106,COM,0.617338,1.059161,1.359,3.334,3.493,62098.673163,60796.001439
A_OB_1.9999999999999998_1.0_107,COM,1.354628,1.152718,2.739,1.952,6.038,61792.737622,60796.001439
A_OB_1.9999999999999998_1.0_108,COM,1.862963,1.236101,2.556,5.451,4.675,61648.575555,60796.001439
A_OB_1.9999999999999998_1.0_109,COM,0.068433,1.008638,1.165,3.357,3.176,62400.686854,60796.001439
A_OB_1.9999999999999998_1.0_110,COM,0.314731,1.041826,1.14,1.98,4.496,64117.893453,60796.001439
A_OB_1.9999999999999998_1.0_111,COM,0.239441,1.030768,2.889,4.547,2.799,63194.344317,60796.001439
A_OB_1.9999999999999998_1.0_112,COM,1.21672,1.143394,1.07,0.47,5.903,64353.709132,60796.001439
A_OB_1.9999999999999998_1.0_113,COM,0.684967,1.091439,2.22,4.284,4.325,62544.766004,60796.001439
A_OB_1.9999999999999998_1.0_114,COM,0.629858,1.085442,0.672,4.749,2.502,61751.69567,60796.001439
A_OB_1.9999999999999998_1.0_115,COM,0.224063,1.029694,1.701,5.768,4.408,62137.352823,60796.001439
A_OB_1.9999999999999998_1.0_116,COM,1.098463,1.151799,1.527,2.602,2.026,61496.452435,60796.001439
A_OB_1.9999999999999998_1.0_117,COM,1.398421,1.17221,2.691,4.687,2.638,60802.827541,60796.001439
A_OB_1.9999999999999998_1.0_118,COM,1.398421,1.17221,2.691,4.687,2.638,60802.827541,60796.001439
A_OB_1.9999999999999998_1.0_119,COM,0.533602,1.063226,1.585,4.999,3.512,60983.327691,60796.001439
A_OB_1.9999999999999998_1.0_120,COM,1.300178,1.178389,2.486,1.429,5.977,63412.884606,60796.001439
A_OB_1.9999999999999998_1.0_121,COM,1.012265,1.133415,1.403,1.962,5.587,61110.835027,60796.001439
A_OB_1.9999999999999998_1.0_122,COM,0.53596,1.063338,1.042,0.948,4.539,64173.965953,60796.001439
A_OB_1.9999999999999998_1.0_123,COM,0.003666,1.00045,0.799,5.524,5.958,62497.296847,60796.001439
A_OB_1.9999999999999998_1.0_124,COM,1.492739,1.194642,1.555,5.972,3.816,64063.107819,60796.001439
A_OB_1.9999999999999998_1.0_125,COM,0.714196,1.098346,0.665,1.112,5.257,62417.460392,60796.001439
A_OB_1.9999999999999998_1.0_126,COM,0.384531,1.050684,0.852,5.228,3.356,62250.601717,60796.001439
A_OB_1.9999999999999998_1.0_127,COM,1.047929,1.136857,2.394,4.972,3.583,60824.168382,60796.001439
A_OB_1.9999999999999998_1.0_128,COM,0.147106,1.017123,2.56,3.006,1.417,61181.592073,60796.001439
A_OB_1.9999999999999998_1.0_129,COM,0.467805,1.057515,2.066,0.725,4.358,61054.967098,60796.001439
A_OB_1.9999999999999998_1.0_130,COM,1.49817,1.200606,1.97,4.594,6.048,61782.449647,60796.001439
A_OB_1.9999999999999998_1.0_131,COM,1.316974,1.167413,2.086,6.107,3.57,64035.278003,60796.001439
A_OB_1.9999999999999998_1.0_132,COM,0.56228,1.067478,2.283,5.002,3.319,62145.445254,60796.001439
A_OB_1.9999999999999998_1.0_133,COM,0.645697,1.084399,0.961,1.367,2.533,63135.163046,60796.001439
A_OB_1.9999999999999998_1.0_134,COM,0.750604,1.092714,2.257,6.233,4.036,62381.345795,60796.001439
A_OB_1.9999999999999998_1.0_135,COM,0.758044,1.090505,0.488,0.805,3.274,61972.523628,60796.001439
A_OB_1.9999999999999998_1.0_136,COM,1.398284,1.163173,1.968,4.524,3.017,61222.713714,60796.001439
A_OB_1.9999999999999998_1.0_137,COM,1.262964,1.160031,0.726,2.398,1.51,63822.528331,60796.001439
A_OB_1.9999999999999998_1.0_138,COM,0.87626,1.118668,1.202,4.436,3.197,64219.087048,60796.001439
A_OB_1.9999999999999998_1.0_139,COM,1.187586,1.181703,0.233,1.479,3.825,62606.558018,60796.001439
A_OB_1.9999999999999998_1.0_140,COM,2.771054,1.447948,2.02,6.106,5.844,61499.69548,60796.001439
A_OB_1.9999999999999998_1.0_141,COM,1.634694,1.241711,2.471,1.719,5.216,63741.278043,60796.001439
A_OB_1.9999999999999998_1.0_142,COM,2.577029,1.423657,2.365,0.646,4.225,62222.247636,60796.001439
A_OB_1.9999999999999998_1.0_143,COM,0.069507,1.009907,0.735,4.77,4.812,61944.174998,60796.001439
A_OB_1.9999999999999998_1.0_144,COM,0.111663,1.018107,1.906,5.692,4.238,62715.653389,60796.001439
A_OB_1.9999999999999998_1.0_145,COM,0.528924,1.082444,1.339,5.413,4.561,61051.479362,60796.001439
A_OB_1.9999999999999998_1.0_146,COM,0.898106,1.132506,1.252,2.914,3.36,61920.921983,60796.001439
A_OB_1.9999999999999998_1.0_147,COM,1.158171,1.169443,0.788,3.545,4.425,62722.703756,60796.001439
A_OB_1.9999999999999998_1.0_148,COM,0.6498,1.090895,2.731,0.812,0.526,64231.879651,60796.001439
A_OB_1.9999999999999998_1.0_149,COM,0.536167,1.086128,1.274,5.018,3.826,62228.593859,60796.001439
A_OB_1.9999999999999998_1.0_150,COM,0.037763,1.005999,1.216,1.114,4.423,63414.060402,60796.001439
A_OB_1.9999999999999998_1.0_151,COM,0.31832,1.045966,2.203,2.145,5.511,64494.69873,60796.001439
A_OB_1.9999999999999998_1.0_152,COM,1.555323,1.244108,0.523,2.789,2.815,60882.695944,60796.001439
A_OB_1.9999999999999998_1.0_153,COM,0.583018,1.093143,1.081,1.188,5.433,63284.351033,60796.001439
A_OB_1.9999999999999998_1.0_154,COM,1.371751,1.218696,1.975,1.701,5.915,61878.279283,60796.001439
A_OB_1.9999999999999998_1.0_155,COM,1.226227,1.176011,2.05,2.253,5.386,62279.468837,60796.001439
A_OB_1.9999999999999998_1.0_156,COM,1.185537,1.177034,0.915,1.073,1.421,62722.112738,60796.001439
A_OB_1.9999999999999998_1.0_157,COM,0.15049,1.022243,1.006,5.261,3.239,61546.627361,60796.001439
A_OB_1.9999999999999998_1.0_158,COM,0.186081,1.028805,0.32,5.936,5.242,62892.785109,60796.001439
A_OB_1.9999999999999998_1.0_159,COM,1.313223,1.198778,2.712,3.584,1.765,61602.916453,60796.001439
A_OB_1.9999999999999998_1.0_160,COM,0.575365,1.089199,1.927,4.064,2.878,60880.604176,60796.001439
A_OB_1.9999999999999998_1.0_161,COM,0.482082,1.079387,0.819,2.752,3.788,64496.317161,60796.001439
A_OB_1.9999999999999998_1.0_162,COM,0.672365,1.124738,1.36,1.828,5.175,61464.804887,60796.001439
A_OB_1.9999999999999998_1.0_163,COM,0.311311,1.053045,1.939,2.61,4.488,64526.460957,60796.001439
A_OB_1.9999999999999998_1.0_164,COM,2.040867,1.392116,1.289,1.076,5.312,63958.092581,60796.001439
A_OB_1.9999999999999998_1.0_165,COM,1.007381,1.170835,2.234,5.746,4.419,60778.141203,60796.001439
A_OB_1.9999999999999998_1.0_166,COM,0.636597,1.118444,2.159,2.492,5.876,63657.955964,60796.001439
A_OB_1.9999999999999998_1.0_167,COM,0.306664,1.054583,0.406,4.971,2.674,62443.091572,60796.001439
A_OB_1.9999999999999998_1.0_168,COM,0.916821,1.159594,0.66,1.113,4.078,62425.21882,60796.001439
A_OB_1.9999999999999998_1.0_169,COM,0.01192,1.002171,1.509,1.232,1.838,62542.742764,60796.001439
A_OB_1.9999999999999998_1.0_170,COM,0.556095,1.094828,2.109,4.072,4.412,61208.258067,60796.001439
A_OB_1.9999999999999998_1.0_171,COM,1.637566,1.290093,2.14,3.936,3.983,64043.18348,60796.001439
A_OB_1.9999999999999998_1.0_172,COM,0.045004,1.008164,1.143,5.972,1.645,63029.59691,60796.001439
A_OB_1.9999999999999998_1.0_173,COM,1.428877,1.266728,1.086,5.877,3.118,62306.859878,60796.001439
A_OB_1.9999999999999998_1.0_174,COM,1.392041,1.253221,1.646,4.809,2.539,62391.696268,60796.001439
A_OB_1.9999999999999998_1.0_175,COM,1.300572,1.245806,2.088,0.384,4.314,62702.87213,60796.001439
A_OB_1.9999999999999998_1.0_176,COM,0.277288,1.046631,1.505,0.7,5.507,61692.078494,60796.001439
A_OB_1.9999999999999998_1.0_177,COM,1.276848,1.240801,1.743,1.372,4.031,61139.774449,60796.001439
A_OB_1.9999999999999998_1.0_178,COM,1.924817,1.352454,0.555,4.89,4.092,64289.752036,60796.001439
A_OB_1.9999999999999998_1.0_179,COM,1.006998,1.194265,1.592,4.911,3.051,63665.505236,60796.001439
A_OB_1.9999999999999998_1.0_180,COM,0.508079,1.096561,0.174,4.575,1.796,64316.806827,60796.001439
A_OB_1.9999999999999998_1.0_181,COM,0.981137,1.166303,1.328,4.177,2.378,61181.724818,60796.001439
A_OB_1.9999999999999998_1.0_182,COM,0.945462,1.174853,3.028,4.085,2.569,62449.232492,60796.001439
A_OB_1.9999999999999998_1.0_183,COM,0.485238,1.088275,1.674,1.628,5.142,62422.988537,60796.001439
A_OB_1.9999999999999998_1.0_184,COM,0.735037,1.121311,1.688,5.407,3.964,62322.086831,60796.001439
A_OB_1.9999999999999998_1.0_185,COM,0.817583,1.150706,1.765,0.291,4.926,62758.279298,60796.001439
A_OB_1.9999999999999998_1.0_186,COM,0.904028,1.171178,1.181,1.905,4.511,61920.932141,60796.001439
A_OB_1.9999999999999998_1.0_187,COM,3.020194,1.545161,2.374,2.247,4.633,64279.631335,60796.001439
A_OB_1.9999999999999998_1.0_188,COM,0.21366,1.041096,1.906,0.997,6.22,64455.74175,60796.001439
A_OB_1.9999999999999998_1.0_189,COM,0.765497,1.144035,1.584,3.307,3.305,61876.603634,60796.001439
A_OB_1.9999999999999998_1.0_190,COM,0.564075,1.096808,0.759,2.562,1.518,61128.609456,60796.001439
A_OB_1.9999999999999998_1.0_191,COM,0.382136,1.070362,1.514,2.31,3.506,61566.666431,60796.001439
A_OB_1.9999999999999998_1.0_192,COM,0.20905,1.037775,2.36,5.355,4.653,63300.659611,60796.001439
A_OB_1.9999999999999998_1.0_193,COM,0.726661,1.123686,2.025,5.442,4.784,63581.525306,60796.001439
A_OB_1.9999999999999998_1.0_194,COM,0.518166,1.0898,2.661,1.637,4.446,63404.59888,60796.001439
A_OB_1.9999999999999998_1.0_195,COM,0.87649,1.159894,2.432,1.818,1.033,61160.995291,60796.001439
A_OB_1.9999999999999998_1.0_196,COM,0.492943,1.094317,0.981,4.408,3.932,63026.581104,60796.001439
A_OB_1.9999999999999998_1.0_197,COM,0.673628,1.135386,1.423,4.567,3.284,62060.49916,60796.001439
A_OB_1.9999999999999998_1.0_198,COM,0.080249,1.017804,3.02,0.407,4.377,62521.089074,60796.001439
A_OB_1.9999999999999998_1.0_199,COM,1.587645,1.340896,1.404,1.915,5.492,63087.29888,60796.001439
A_OB_1.9999999999999998_1.0_200,COM,0.768919,1.14956,1.473,1.946,4.66,64396.982794,60796.001439
A_OB_1.9999999999999998_1.0_201,COM,1.338412,1.296067,1.231,0.152,5.115,63936.85222,60796.001439
A_OB_1.9999999999999998_1.0_202,COM,0.574456,1.124122,1.445,3.671,4.145,62964.091922,60796.001439
A_OB_1.9999999999999998_1.0_203,COM,0.938084,1.188572,1.888,1.545,6.246,61381.961372,60796.001439
A_OB_1.9999999999999998_1.0_204,COM,1.299151,1.255292,2.244,3.291,2.922,63278.193192,60796.001439
A_OB_1.9999999999999998_1.0_205,COM,0.560749,1.112787,1.147,0.022,6.209,62756.000134,60796.001439
A_OB_1.9999999999999998_1.0_206,COM,0.188224,1.03748,2.07,5.637,4.22,61251.610711,60796.001439
A_OB_1.9999999999999998_1.0_207,COM,0.579601,1.122398,0.785,2.682,5.013,61293.536529,60796.001439
A_OB_1.9999999999999998_1.0_208,COM,1.123787,1.250655,1.746,6.095,3.361,63538.946305,60796.001439
A_OB_1.9999999999999998_1.0_209,COM,0.079985,1.017122,1.085,2.593,1.786,61444.93798,60796.001439
A_OB_1.9999999999999998_1.0_210,COM,0.442532,1.092528,2.233,6.142,4.533,61732.737293,60796.001439
A_OB_1.9999999999999998_1.0_211,COM,0.682478,1.135652,1.996,4.178,4.327,60763.025261,60796.001439
A_OB_1.9999999999999998_1.0_212,COM,1.053437,1.204778,1.252,3.619,3.364,63818.642623,60796.001439
A_OB_1.9999999999999998_1.0_213,COM,1.112507,1.240072,2.004,2.722,3.686,62330.239204,60796.001439
A_OB_1.9999999999999998_1.0_214,COM,1.314248,1.291499,1.046,0.779,5.704,61721.516224,60796.001439
A_OB_1.9999999999999998_1.0_215,COM,1.167508,1.22634,0.621,2.52,2.347,62534.493566,60796.001439
A_OB_1.9999999999999998_1.0_216,COM,1.257882,1.277844,1.478,2.497,4.578,61490.735681,60796.001439
A_OB_1.9999999999999998_1.0_217,COM,0.59534,1.132124,2.665,5.64,5.093,62378.89611,60796.001439
A_OB_1.9999999999999998_1.0_218,COM,0.094554,1.018591,1.668,0.822,5.483,61936.890239,60796.001439
A_OB_1.9999999999999998_1.0_219,COM,0.120861,1.025571,1.36,6.031,5.851,63628.504443,60796.001439
A_OB_1.9999999999999998_1.0_220,COM,1.360018,1.271808,1.827,1.77,4.363,63693.419682,60796.001439
A_OB_1.9999999999999998_1.0_221,COM,0.926115,1.206081,1.294,0.113,4.539,61892.518104,60796.001439
A_OB_1.9999999999999998_1.0_222,COM,0.922526,1.180966,0.86,3.355,4.173,62272.021177,60796.001439
A_OB_1.9999999999999998_1.0_223,COM,1.89187,1.367239,1.003,4.096,2.651,64204.982739,60796.001439
A_OB_1.9999999999999998_1.0_224,COM,0.998477,1.20975,0.534,1.975,3.544,60918.026149,60796.001439
A_OB_1.9999999999999998_1.0_225,COM,0.283581,1.057369,2.175,0.234,4.574,61142.988019,60796.001439
A_OB_1.9999999999999998_1.0_226,COM,0.156606,1.032177,0.414,2.522,5.544,61835.732015,60796.001439
A_OB_1.9999999999999998_1.0_227,COM,0.895399,1.211281,2.785,1.049,4.228,64309.844511,60796.001439
A_OB_1.9999999999999998_1.0_228,COM,0.543418,1.137943,1.831,5.069,4.612,62256.086345,60796.001439
A_OB_1.9999999999999998_1.0_229,COM,1.06043,1.24118,0.266,4.723,1.047,62560.975239,60796.001439
A_OB_1.9999999999999998_1.0_230,COM,1.047193,1.251608,2.875,3.78,4.866,62247.710887,60796.001439
A_OB_1.9999999999999998_1.0_231,COM,0.399974,1.101829,1.28,1.953,5.022,61028.85727,60796.001439
A_OB_1.9999999999999998_1.0_232,COM,1.810835,1.418599,2.018,0.501,4.812,62007.794906,60796.001439
A_OB_1.9999999999999998_1.0_233,COM,1.438428,1.328745,1.856,6.196,3.395,63007.922595,60796.001439
A_OB_1.9999999999999998_1.0_234,COM,0.256188,1.064174,1.8,3.691,4.701,64364.211791,60796.001439
A_OB_1.9999999999999998_1.0_235,COM,1.624147,1.401679,1.871,1.774,5.299,63834.148941,60796.001439
A_OB_1.9999999999999998_1.0_236,COM,1.125799,1.254492,2.028,5.456,3.103,62424.892241,60796.001439
A_OB_1.9999999999999998_1.0_237,COM,1.013485,1.239528,2.22,6.195,2.891,64393.86811,60796.001439
A_OB_1.9999999999999998_1.0_238,COM,1.296386,1.306285,1.337,4.107,3.353,63452.533748,60796.001439
A_OB_1.9999999999999998_1.0_239,COM,1.838593,1.465524,0.68,3.114,2.917,62870.574129,60796.001439
A_OB_1.9999999999999998_1.0_240,COM,1.269077,1.314579,0.742,1.647,3.223,61028.402559,60796.001439
A_OB_1.9999999999999998_1.0_241,COM,1.501905,1.344628,0.91,5.41,3.899,63994.967553,60796.001439
A_OB_1.9999999999999998_1.0_242,COM,0.102001,1.024138,0.736,3.332,3.361,64293.583779,60796.001439
A_OB_1.9999999999999998_1.0_243,COM,0.400898,1.09064,0.659,2.83,4.86,62278.04193,60796.001439
A_OB_1.9999999999999998_1.0_244,COM,1.026454,1.236958,1.682,0.264,4.162,61791.721371,60796.001439
A_OB_1.9999999999999998_1.0_245,COM,0.054658,1.012561,1.826,5.457,3.752,61192.468849,60796.001439
A_OB_1.9999999999999998_1.0_246,COM,1.576427,1.356801,1.993,5.464,3.723,63174.456855,60796.001439
A_OB_1.9999999999999998_1.0_247,COM,1.479302,1.354802,0.656,4.673,2.717,64315.755601,60796.001439
A_OB_1.9999999999999998_1.0_248,COM,1.383952,1.311431,1.648,0.758,4.375,62864.387892,60796.001439
A_OB_1.9999999999999998_1.0_249,COM,0.778408,1.194918,1.464,0.921,4.322,63451.396433,60796.001439
A_OB_1.9999999999999998_1.0_250,COM,0.794642,1.181638,1.212,0.415,4.734,61899.197091,60796.001439
A_OB_1.9999999999999998_1.0_251,COM,0.743558,1.181661,2.507,0.996,4.017,61560.10896,60796.001439
A_OB_1.9999999999999998_1.0_252,COM,0.693908,1.174569,1.461,0.531,6.109,60766.891786,60796.001439
A_OB_1.9999999999999998_1.0_253,COM,1.552237,1.376325,1.746,5.752,4.894,62877.919421,60796.001439
A_OB_1.9999999999999998_1.0_254,COM,0.330204,1.075054,1.918,1.559,4.058,63288.884197,60796.001439
A_OB_1.9999999999999998_1.0_255,COM,1.391274,1.349018,2.522,1.887,4.98,63854.486634,60796.001439
A_OB_1.9999999999999998_1.0_256,COM,1.219591,1.339753,1.79,5.147,4.264,61572.104915,60796.001439
A_OB_1.9999999999999998_1.0_257,COM,0.42456,1.121478,1.769,5.891,3.77,64070.319,60796.001439
A_OB_1.9999999999999998_1.0_258,COM,0.233794,1.063288,0.928,4.611,2.575,61367.199108,60796.001439
A_OB_1.9999999999999998_1.0_259,COM,0.195047,1.055573,1.07,4.842,3.957,62007.137546,60796.001439
A_OB_1.9999999999999998_1.0_260,COM,0.275841,1.07241,2.423,2.106,0.858,64250.176751,60796.001439
A_OB_1.9999999999999998_1.0_261,COM,1.336377,1.382952,2.053,2.632,3.771,61857.065624,60796.001439
A_OB_1.9999999999999998_1.0_262,COM,1.68433,1.462922,2.077,0.44,3.552,63794.932548,60796.001439
A_OB_1.9999999999999998_1.0_263,COM,1.275956,1.355156,0.864,4.807,3.187,62210.694309,60796.001439
A_OB_1.9999999999999998_1.0_264,COM,1.450284,1.414531,0.446,0.612,3.971,64235.095991,60796.001439
A_OB_1.9999999999999998_1.0_265,COM,2.370919,1.686078,2.481,4.509,4.411,62749.324964,60796.001439
A_OB_1.9999999999999998_1.0_266,COM,1.140985,1.320283,2.541,0.376,4.735,60931.090774,60796.001439
A_OB_1.9999999999999998_1.0_267,COM,1.559982,1.4053,1.403,4.816,3.355,64369.488073,60796.001439
A_OB_1.9999999999999998_1.0_268,COM,0.595672,1.158517,1.855,1.719,3.25,61543.647529,60796.001439
A_OB_1.9999999999999998_1.0_269,COM,0.744321,1.205181,1.404,1.234,3.919,62279.733902,60796.001439
A_OB_1.9999999999999998_1.0_270,COM,0.468728,1.123221,1.126,4.824,4.105,62405.338738,60796.001439
A_OB_1.9999999999999998_1.0_271,COM,0.109543,1.030706,1.301,3.636,4.133,61957.61482,60796.001439
A_OB_1.9999999999999998_1.0_272,COM,2.286562,1.65396,0.634,3.861,3.246,64464.832089,60796.001439
A_OB_1.9999999999999998_1.0_273,COM,0.992983,1.276672,1.835,6.225,4.678,62119.885491,60796.001439
A_OB_1.9999999999999998_1.0_274,COM,0.605676,1.157064,0.98,4.644,2.296,63673.983227,60796.001439
A_OB_1.9999999999999998_1.0_275,COM,1.381035,1.400789,2.151,4.411,2.368,62400.482925,60796.001439
A_OB_1.9999999999999998_1.0_276,COM,1.245767,1.346028,2.17,0.955,3.56,63771.665018,60796.001439
A_OB_1.9999999999999998_1.0_277,COM,0.255727,1.06972,0.489,3.655,4.599,64359.174287,60796.001439
A_OB_1.9999999999999998_1.0_278,COM,1.274667,1.363849,1.736,3.942,2.266,61781.803886,60796.001439
A_OB_1.9999999999999998_1.0_279,COM,1.813706,1.473261,0.666,3.041,4.367,63390.851904,60796.001439
A_OB_1.9999999999999998_1.0_280,COM,0.210435,1.05861,1.989,1.18,5.816,60935.945047,60796.001439
A_OB_1.9999999999999998_1.0_281,COM,0.710689,1.199006,2.271,1.42,4.289,61114.918712,60796.001439
A_OB_1.9999999999999998_1.0_282,COM,0.675245,1.175573,1.659,0.684,3.386,63719.22406,60796.001439
A_OB_1.9999999999999998_1.0_283,COM,1.169598,1.338536,1.979,5.863,4.622,63079.759841,60796.001439
A_OB_1.9999999999999998_1.0_284,COM,0.383751,1.100598,0.976,3.143,4.097,63073.23204,60796.001439
A_OB_1.9999999999999998_1.0_285,COM,1.406196,1.406615,1.225,3.257,4.361,62383.257356,60796.001439
A_OB_1.9999999999999998_1.0_286,COM,0.213725,1.055107,0.796,3.784,4.131,60792.984965,60796.001439
A_OB_1.9999999999999998_1.0_287,COM,0.540436,1.148399,2.465,5.031,3.572,61835.875211,60796.001439
A_OB_1.9999999999999998_1.0_288,COM,3.443948,1.920392,1.306,5.082,2.318,62875.8809,60796.001439
A_OB_1.9999999999999998_1.0_289,COM,1.023812,1.282279,0.312,4.137,3.927,61218.972578,60796.001439
A_OB_1.9999999999999998_1.0_290,COM,2.066422,1.580575,0.632,0.863,4.105,61459.706321,60796.001439
A_OB_1.9999999999999998_1.0_291,COM,0.247021,1.066304,0.501,1.82,2.483,61196.554581,60796.001439
A_OB_1.9999999999999998_1.0_292,COM,0.458525,1.117853,0.51,1.291,3.585,61794.419801,60796.001439
A_OB_1.9999999999999998_1.0_293,COM,1.092699,1.287893,1.827,4.779,3.146,61016.491934,60796.001439
A_OB_1.9999999999999998_1.0_294,COM,1.092699,1.287893,1.827,4.779,3.146,61016.491934,60796.001439
A_OB_1.9999999999999998_1.0_295,COM,0.605288,1.157008,1.434,2.474,4.77,61661.75208,60796.001439
A_OB_1.9999999999999998_1.0_296,COM,0.443955,1.136964,1.326,3.188,2.267,62081.292894,60796.001439
A_OB_1.9999999999999998_1.0_297,COM,1.396848,1.436055,1.322,3.354,4.035,63212.724281,60796.001439
A_OB_1.9999999999999998_1.0_298,COM,0.826375,1.260568,1.403,5.134,3.844,63984.58365,60796.001439
A_OB_1.9999999999999998_1.0_299,COM,0.692728,1.223684,0.69,2.1,5.795,63497.528667,60796.001439
A_OB_1.9999999999999998_1.0_300,COM,1.604258,1.48188,1.803,5.108,3.61,61434.275566,60796.001439
A_OB_1.9999999999999998_1.0_301,COM,1.527581,1.501135,2.594,1.247,4.745,60866.65338,60796.001439
A_OB_1.9999999999999998_1.0_302,COM,0.111602,1.034029,0.745,3.043,4.593,63302.768613,60796.001439
A_OB_1.9999999999999998_1.0_303,COM,0.998664,1.292322,1.916,0.924,4.303,61352.595781,60796.001439
A_OB_1.9999999999999998_1.0_304,COM,1.264425,1.381786,0.782,0.979,5.289,63095.927916,60796.001439
A_OB_1.9999999999999998_1.0_305,COM,0.847516,1.27426,0.762,3.441,0.261,61889.500762,60796.001439
A_OB_1.9999999999999998_1.0_306,COM,0.658887,1.207079,2.263,5.9,2.873,63641.66112,60796.001439
A_OB_1.9999999999999998_1.0_307,COM,0.532771,1.158335,2.815,2.014,0.593,61062.514503,60796.001439
A_OB_1.9999999999999998_1.0_308,COM,0.693621,1.210048,2.51,3.426,3.268,64485.388664,60796.001439
A_OB_1.9999999999999998_1.0_309,COM,1.250267,1.396933,0.997,3.069,3.796,61219.620811,60796.001439
A_OB_1.9999999999999998_1.0_310,COM,1.311664,1.401544,0.833,2.476,3.745,63921.117516,60796.001439
A_OB_1.9999999999999998_1.0_311,COM,1.286108,1.393754,1.67,3.131,3.177,63108.463586,60796.001439
A_OB_1.9999999999999998_1.0_312,COM,0.486195,1.146054,1.299,0.996,5.244,62789.061526,60796.001439
A_OB_1.9999999999999998_1.0_313,COM,0.547121,1.179339,1.374,5.246,4.238,61601.37177,60796.001439
A_OB_1.9999999999999998_1.0_314,COM,1.31753,1.40748,1.479,5.189,2.884,62642.016835,60796.001439
A_OB_1.9999999999999998_1.0_315,COM,0.755519,1.224149,1.956,4.218,2.415,61134.001806,60796.001439
A_OB_1.9999999999999998_1.0_316,COM,1.644529,1.538323,1.743,2.727,3.803,63334.944315,60796.001439
A_OB_1.9999999999999998_1.0_317,COM,1.418349,1.459358,1.981,5.407,3.788,63507.597578,60796.001439
A_OB_1.9999999999999998_1.0_318,COM,6.132423,2.903182,2.672,3.119,1.938,61640.337087,60796.001439
A_OB_1.9999999999999998_1.0_319,COM,0.032833,1.00987,1.613,0.773,4.186,62311.955269,60796.001439
A_OB_1.9999999999999998_1.0_320,COM,1.351939,1.421462,1.924,0.621,3.981,64244.410873,60796.001439
A_OB_1.9999999999999998_1.0_321,COM,0.888799,1.26829,1.407,3.536,1.628,63930.607761,60796.001439
A_OB_1.9999999999999998_1.0_322,COM,0.418875,1.152164,1.974,0.526,4.401,60875.894399,60796.001439
A_OB_1.9999999999999998_1.0_323,COM,1.265855,1.440591,1.393,0.147,3.656,62565.624179,60796.001439
A_OB_1.9999999999999998_1.0_324,COM,1.139319,1.394152,2.477,4.931,1.958,60979.751731,60796.001439
A_OB_1.9999999999999998_1.0_325,COM,1.085849,1.386062,2.52,4.977,3.579,62208.942137,60796.001439
A_OB_1.9999999999999998_1.0_326,COM,0.444196,1.153984,1.74,1.131,4.771,61084.050038,60796.001439
A_OB_1.9999999999999998_1.0_327,COM,0.326958,1.118061,2.175,0.52,4.243,63939.384862,60796.001439
A_OB_1.9999999999999998_1.0_328,COM,2.294258,1.782534,1.497,0.472,3.911,62637.494327,60796.001439
A_OB_1.9999999999999998_1.0_329,COM,1.308875,1.477783,0.851,5.72,2.801,61285.098119,60796.001439
A_OB_1.9999999999999998_1.0_330,COM,0.57984,1.204376,1.448,4.375,4.808,60859.502233,60796.001439
A_OB_1.9999999999999998_1.0_331,COM,0.252528,1.089281,1.936,0.774,5.76,62909.248471,60796.001439
A_OB_1.9999999999999998_1.0_332,COM,0.878261,1.322388,0.909,5.847,3.459,63376.40921,60796.001439
A_OB_1.9999999999999998_1.0_333,COM,1.222124,1.434339,2.993,2.769,0.456,63166.986526,60796.001439
A_OB_1.9999999999999998_1.0_334,COM,1.241307,1.450654,0.648,0.603,2.571,62534.9114,60796.001439
A_OB_1.9999999999999998_1.0_335,COM,0.745104,1.273285,2.163,5.195,4.757,64254.683514,60796.001439
A_OB_1.9999999999999998_1.0_336,COM,0.980787,1.330458,1.268,1.669,2.816,63253.625872,60796.001439
A_OB_1.9999999999999998_1.0_337,COM,0.849249,1.305042,1.762,3.373,3.583,63487.23298,60796.001439
A_OB_1.9999999999999998_1.0_338,COM,0.561817,1.204911,2.231,0.373,5.788,64176.811283,60796.001439
A_OB_1.9999999999999998_1.0_339,COM,0.737136,1.254723,1.564,3.491,2.166,63185.686853,60796.001439
A_OB_1.9999999999999998_1.0_340,COM,0.911632,1.326152,2.454,0.974,0.13,64534.759392,60796.001439
A_OB_1.9999999999999998_1.0_341,COM,1.473535,1.513333,1.946,1.314,4.673,64114.484395,60796.001439
A_OB_1.9999999999999998_1.0_342,COM,2.462424,1.891588,1.911,6.233,2.745,62209.802775,60796.001439
A_OB_1.9999999999999998_1.0_343,COM,0.616311,1.206804,1.572,5.136,3.99,61129.149726,60796.001439
A_OB_1.9999999999999998_1.0_344,COM,0.456711,1.153764,1.577,5.6,3.606,61505.00217,60796.001439
A_OB_1.9999999999999998_1.0_345,COM,0.542201,1.18012,2.621,6.135,3.119,63264.664823,60796.001439
A_OB_1.9999999999999998_1.0_346,COM,0.148017,1.050254,0.268,6.203,1.844,63051.155958,60796.001439
A_OB_1.9999999999999998_1.0_347,COM,4.282335,2.456675,0.47,0.58,4.014,64519.344738,60796.001439
A_OB_1.9999999999999998_1.0_348,COM,0.42792,1.151793,2.102,1.719,4.159,61404.930875,60796.001439
A_OB_1.9999999999999998_1.0_349,COM,1.020763,1.349417,2.42,0.859,4.938,60917.081943,60796.001439
A_OB_1.9999999999999998_1.0_350,COM,0.673374,1.243758,0.336,3.377,3.968,61095.513747,60796.001439
A_OB_1.9999999999999998_1.0_351,COM,1.34789,1.453245,1.391,5.654,2.325,64106.322298,60796.001439
A_OB_1.9999999999999998_1.0_352,COM,1.115529,1.410052,2.608,3.284,4.25,64120.150174,60796.001439
A_OB_1.9999999999999998_1.0_353,COM,1.345607,1.443538,1.17,3.59,3.705,61916.319683,60796.001439
A_OB_1.9999999999999998_1.0_354,COM,1.074724,1.359333,0.679,2.785,3.131,62572.955523,60796.001439
A_OB_1.9999999999999998_1.0_355,COM,2.440279,1.899715,1.528,3.67,3.501,60847.560952,60796.001439
A_OB_1.9999999999999998_1.0_356,COM,0.884967,1.349454,2.346,2.213,5.243,63736.577352,60796.001439
A_OB_1.9999999999999998_1.0_357,COM,0.040358,1.015456,1.296,1.782,4.01,62902.321931,60796.001439
A_OB_1.9999999999999998_1.0_358,COM,1.404378,1.555913,2.207,0.25,2.738,64376.402161,60796.001439
A_OB_1.9999999999999998_1.0_359,COM,0.563709,1.218178,2.284,5.858,3.773,62633.699578,60796.001439
A_OB_1.9999999999999998_1.0_360,COM,1.756017,1.715734,2.712,0.823,0.656,63739.267382,60796.001439
A_OB_1.9999999999999998_1.0_361,COM,1.592535,1.611278,2.544,4.755,2.655,60634.926124,60796.001439
A_OB_1.9999999999999998_1.0_362,COM,0.39809,1.152284,1.457,4.364,3.132,61287.08948,60796.001439
A_OB_1.9999999999999998_1.0_363,COM,0.843182,1.340131,1.629,4.337,2.476,61917.318882,60796.001439
A_OB_1.9999999999999998_1.0_364,COM,1.224487,1.47895,2.361,5.417,4.766,63742.451222,60796.001439
A_OB_1.9999999999999998_1.0_365,COM,1.151353,1.458982,0.506,3.791,2.84,61761.165448,60796.001439
A_OB_1.9999999999999998_1.0_366,COM,0.90753,1.334733,1.121,0.492,4.883,62149.905964,60796.001439
A_OB_1.9999999999999998_1.0_367,COM,0.125253,1.048214,2.044,2.332,3.978,64498.426013,60796.001439
A_OB_1.9999999999999998_1.0_368,COM,2.608433,2.037145,2.175,3.776,2.749,63955.863121,60796.001439
A_OB_1.9999999999999998_1.0_369,COM,1.249728,1.47752,1.078,2.51,4.183,61316.960488,60796.001439
A_OB_1.9999999999999998_1.0_370,COM,1.273253,1.497684,1.943,1.49,3.224,64105.115013,60796.001439
A_OB_1.9999999999999998_1.0_371,COM,0.32582,1.125557,1.273,0.164,3.805,62139.630787,60796.001439
A_OB_1.9999999999999998_1.0_372,COM,0.55148,1.222387,1.004,1.932,5.012,61161.11512,60796.001439
A_OB_1.9999999999999998_1.0_373,COM,0.874478,1.34483,1.926,5.154,3.721,63309.838546,60796.001439
A_OB_1.9999999999999998_1.0_374,COM,0.112075,1.04473,1.382,1.006,4.707,61527.307518,60796.001439
A_OB_1.9999999999999998_1.0_375,COM,0.958883,1.356078,1.036,2.736,4.429,61380.679056,60796.001439
A_OB_1.9999999999999998_1.0_376,COM,1.096123,1.40904,1.792,5.682,5.35,61005.037606,60796.001439
A_OB_1.9999999999999998_1.0_377,COM,0.984516,1.397924,1.663,6.166,3.485,62270.020634,60796.001439
A_OB_1.9999999999999998_1.0_378,COM,1.010547,1.395329,1.162,3.092,4.894,60858.93344,60796.001439
A_OB_1.9999999999999998_1.0_379,COM,0.183403,1.07544,1.395,2.012,4.651,62535.310892,60796.001439
A_OB_1.9999999999999998_1.0_380,COM,0.578152,1.260552,2.391,6.111,3.874,62661.305789,60796.001439
A_OB_1.9999999999999998_1.0_381,COM,1.460145,1.606001,2.226,1.804,4.945,61707.671341,60796.001439
A_OB_1.9999999999999998_1.0_382,COM,0.939433,1.397941,1.439,5.56,3.354,61619.574093,60796.001439
A_OB_1.9999999999999998_1.0_383,COM,0.859302,1.353266,2.339,3.243,3.16,64251.849372,60796.001439
A_OB_1.9999999999999998_1.0_384,COM,1.343265,1.564273,0.419,5.305,5.964,64342.230581,60796.001439
A_OB_1.9999999999999998_1.0_385,COM,0.146968,1.065736,1.057,3.79,3.847,62311.186682,60796.001439
A_OB_1.9999999999999998_1.0_386,COM,0.608785,1.25861,1.287,3.788,2.991,64016.278755,60796.001439
A_OB_1.9999999999999998_1.0_387,COM,0.414874,1.187731,1.289,2.28,5.538,63006.441882,60796.001439
A_OB_1.9999999999999998_1.0_388,COM,0.744514,1.305619,2.919,0.838,5.261,62966.623884,60796.001439
A_OB_1.9999999999999998_1.0_389,COM,0.18443,1.077133,1.194,1.923,5.189,61438.602601,60796.001439
A_OB_1.9999999999999998_1.0_390,COM,1.136656,1.473759,1.721,1.389,3.643,63153.664742,60796.001439
A_OB_1.9999999999999998_1.0_391,COM,0.481581,1.212463,0.92,5.256,3.05,64131.311935,60796.001439
A_OB_1.9999999999999998_1.0_392,COM,1.4808,1.662991,0.435,2.261,3.894,63080.208137,60796.001439
A_OB_1.9999999999999998_1.0_393,COM,0.613038,1.25867,0.277,1.044,4.264,63812.116571,60796.001439
A_OB_1.9999999999999998_1.0_394,COM,1.486469,1.642204,2.556,4.619,3.579,64429.925508,60796.001439
A_OB_1.9999999999999998_1.0_395,COM,1.219543,1.509147,1.805,5.234,3.909,61843.106125,60796.001439
A_OB_1.9999999999999998_1.0_396,COM,1.212103,1.526345,2.842,4.003,1.725,61728.819488,60796.001439
A_OB_1.9999999999999998_1.0_397,COM,0.444196,1.182431,1.755,0.097,3.587,64200.311139,60796.001439
A_OB_1.9999999999999998_1.0_398,COM,1.54899,1.698293,2.327,5.439,2.67,63312.521349,60796.001439
A_OB_1.9999999999999998_1.0_399,COM,0.686424,1.305315,1.554,4.371,3.012,63911.817119,60796.001439
A_OB_1.9999999999999998_1.0_400,COM,0.589283,1.256488,1.089,5.107,5.726,62763.556997,60796.001439
A_OB_1.9999999999999998_1.0_401,COM,2.202001,1.979689,1.549,4.206,5.641,61380.213471,60796.001439
A_OB_1.9999999999999998_1.0_402,COM,0.277034,1.11444,2.637,4.835,3.979,62181.557649,60796.001439
A_OB_1.9999999999999998_1.0_403,COM,0.65847,1.294583,2.104,0.888,4.786,61140.528345,60796.001439
A_OB_1.9999999999999998_1.0_404,COM,1.477569,1.619793,0.558,3.288,3.593,64377.048476,60796.001439
A_OB_1.9999999999999998_1.0_405,COM,0.78671,1.351124,1.556,3.09,3.848,61467.300635,60796.001439
A_OB_1.9999999999999998_1.0_406,COM,1.660969,1.738142,2.206,4.184,3.158,61979.486934,60796.001439
A_OB_1.9999999999999998_1.0_407,COM,0.516603,1.218197,2.438,4.704,3.997,61239.656721,60796.001439
A_OB_1.9999999999999998_1.0_408,COM,3.788488,2.566478,1.313,2.183,3.015,62536.661041,60796.001439
A_OB_1.9999999999999998_1.0_409,COM,0.465077,1.19754,1.398,4.283,3.536,63376.656786,60796.001439
A_OB_1.9999999999999998_1.0_410,COM,3.17668,2.364486,2.112,1.683,4.858,64610.953021,60796.001439
A_OB_1.9999999999999998_1.0_411,COM,0.2128,1.095594,2.123,5.391,3.869,61452.905819,60796.001439
A_OB_1.9999999999999998_1.0_412,COM,1.387295,1.614999,1.038,2.448,3.88,61343.400973,60796.001439
A_OB_1.9999999999999998_1.0_413,COM,0.369946,1.16454,0.155,5.802,1.168,63701.716092,60796.001439
A_OB_1.9999999999999998_1.0_414,COM,1.471804,1.69838,2.428,6.214,4.232,62892.829012,60796.001439
A_OB_1.9999999999999998_1.0_415,COM,0.096744,1.046014,1.224,6.206,4.314,64087.88031,60796.001439
A_OB_1.9999999999999998_1.0_416,COM,0.527227,1.248249,1.724,2.481,3.987,63959.445738,60796.001439
A_OB_1.9999999999999998_1.0_417,COM,1.599713,1.730697,0.445,5.734,5.054,64048.24761,60796.001439
A_OB_1.9999999999999998_1.0_418,COM,0.705125,1.332821,1.224,0.531,5.39,62349.904178,60796.001439
A_OB_1.9999999999999998_1.0_419,COM,0.602486,1.278671,2.219,4.874,3.061,61037.405718,60796.001439
A_OB_1.9999999999999998_1.0_420,COM,1.336494,1.66219,1.064,2.43,4.224,61470.531351,60796.001439
A_OB_1.9999999999999998_1.0_421,COM,3.104726,2.44133,1.763,1.878,2.313,63906.248352,60796.001439
A_OB_1.9999999999999998_1.0_422,COM,0.99231,1.474173,1.711,0.839,4.247,61483.977848,60796.001439
A_OB_1.9999999999999998_1.0_423,COM,2.071317,2.029785,1.939,6.193,3.591,61777.776176,60796.001439
A_OB_1.9999999999999998_1.0_424,COM,1.37103,1.67617,1.175,0.84,3.629,61268.946626,60796.001439
A_OB_1.9999999999999998_1.0_425,COM,2.437752,2.124538,0.349,5.237,4.707,62134.438066,60796.001439
A_OB_1.9999999999999998_1.0_426,COM,1.46884,1.702901,1.066,4.291,3.064,61276.684126,60796.001439
A_OB_1.9999999999999998_1.0_427,COM,2.269459,2.096494,2.075,5.816,3.44,63505.193648,60796.001439
A_OB_1.9999999999999998_1.0_428,COM,0.438207,1.212094,1.55,1.727,5.102,60931.565391,60796.001439
A_OB_1.9999999999999998_1.0_429,COM,1.251439,1.582044,0.709,1.985,4.446,63860.794475,60796.001439
A_OB_1.9999999999999998_1.0_430,COM,0.53135,1.24414,1.038,2.86,3.898,63282.057125,60796.001439
A_OB_1.9999999999999998_1.0_431,COM,0.561438,1.263029,1.408,4.189,3.353,63006.082593,60796.001439
A_OB_1.9999999999999998_1.0_432,COM,0.461314,1.215946,1.857,5.952,3.461,60898.992402,60796.001439
A_OB_1.9999999999999998_1.0_433,COM,0.645566,1.316948,1.266,6.073,3.291,62822.351907,60796.001439
A_OB_1.9999999999999998_1.0_434,COM,1.336951,1.609863,1.126,2.278,4.488,60949.457873,60796.001439
A_OB_1.9999999999999998_1.0_435,COM,1.299606,1.642161,1.482,2.399,5.007,61916.853423,60796.001439
A_OB_1.9999999999999998_1.0_436,COM,1.449476,1.697295,1.727,3.499,1.922,61225.914749,60796.001439
A_OB_1.9999999999999998_1.0_437,COM,1.169442,1.564719,2.262,5.093,2.499,60840.721811,60796.001439
A_OB_1.9999999999999998_1.0_438,COM,0.730324,1.343401,1.566,3.67,2.726,62684.165125,60796.001439
A_OB_1.9999999999999998_1.0_439,COM,0.341702,1.158157,1.907,0.887,4.59,62191.354301,60796.001439
A_OB_1.9999999999999998_1.0_440,COM,1.806247,1.84541,1.585,1.457,4.726,64409.498945,60796.001439
A_OB_1.9999999999999998_1.0_441,COM,0.911883,1.415779,1.448,0.734,4.814,61281.988711,60796.001439
A_OB_1.9999999999999998_1.0_442,COM,0.726789,1.335356,1.821,5.14,3.562,62902.674264,60796.001439
A_OB_1.9999999999999998_1.0_443,COM,1.157766,1.571803,1.928,5.449,3.415,64367.471572,60796.001439
A_OB_1.9999999999999998_1.0_444,COM,0.272642,1.125297,1.658,3.843,3.147,61582.761291,60796.001439
A_OB_1.9999999999999998_1.0_445,COM,0.479348,1.255382,0.443,2.09,4.708,62417.517524,60796.001439
A_OB_1.9999999999999998_1.0_446,COM,1.506944,1.797661,2.256,4.701,2.185,62926.240594,60796.001439
A_OB_1.9999999999999998_1.0_447,COM,0.561322,1.303597,0.881,4.145,4.412,64468.837617,60796.001439
A_OB_1.9999999999999998_1.0_448,COM,1.365,1.704508,1.649,4.183,2.605,61961.856343,60796.001439
A_OB_1.9999999999999998_1.0_449,COM,1.437323,1.765729,0.881,4.477,2.455,60908.828702,60796.001439
A_OB_1.9999999999999998_1.0_450,COM,1.390933,1.736418,0.903,1.191,4.372,63276.141355,60796.001439
A_OB_1.9999999999999998_1.0_451,COM,1.249827,1.662885,1.268,5.208,3.808,62193.823474,60796.001439
A_OB_1.9999999999999998_1.0_452,COM,1.398919,1.714971,1.521,1.623,4.703,63380.473348,60796.001439
A_OB_1.9999999999999998_1.0_453,COM,0.871495,1.45267,1.53,1.58,4.495,61688.45837,60796.001439
A_OB_1.9999999999999998_1.0_454,COM,1.563861,1.819134,1.296,6.025,2.26,64308.303863,60796.001439
A_OB_1.9999999999999998_1.0_455,COM,0.36443,1.19175,1.887,5.401,5.504,62751.413818,60796.001439
A_OB_1.9999999999999998_1.0_456,COM,2.221688,2.178455,1.138,3.661,1.252,62345.130321,60796.001439
A_OB_1.9999999999999998_1.0_457,COM,0.116677,1.060295,1.356,0.202,4.89,64386.032771,60796.001439
A_OB_1.9999999999999998_1.0_458,COM,2.474121,2.337764,0.567,5.048,1.658,61563.326089,60796.001439
A_OB_1.9999999999999998_1.0_459,COM,0.773618,1.402011,2.555,1.097,4.684,63594.567565,60796.001439
A_OB_1.9999999999999998_1.0_460,COM,1.409816,1.761349,1.807,1.545,4.571,62911.507948,60796.001439
A_OB_1.9999999999999998_1.0_461,COM,1.54916,1.780583,2.488,0.611,3.812,62722.091678,60796.001439
A_OB_1.9999999999999998_1.0_462,COM,0.064163,1.033927,1.421,2.649,3.92,62873.827279,60796.001439
A_OB_1.9999999999999998_1.0_463,COM,0.726089,1.366146,1.237,4.321,3.406,61550.737469,60796.001439
A_OB_1.9999999999999998_1.0_464,COM,0.20355,1.109511,1.096,1.015,5.234,62363.143629,60796.001439
A_OB_1.9999999999999998_1.0_465,COM,1.410224,1.771188,1.925,5.035,2.622,60870.937592,60796.001439
A_OB_1.9999999999999998_1.0_466,COM,0.452134,1.243326,1.273,3.204,4.067,62327.270713,60796.001439
A_OB_1.9999999999999998_1.0_467,COM,1.277233,1.694357,2.038,0.363,4.532,60956.43306,60796.001439
A_OB_1.9999999999999998_1.0_468,COM,1.345943,1.695141,1.451,6.017,3.545,62491.637765,60796.001439
A_OB_1.9999999999999998_1.0_469,COM,0.902469,1.459543,1.603,5.126,3.552,64296.426036,60796.001439
A_OB_1.9999999999999998_1.0_470,COM,0.091157,1.047154,1.829,4.771,3.588,63174.786986,60796.001439
A_OB_1.9999999999999998_1.0_471,COM,1.120281,1.587012,0.532,2.909,4.704,64066.68172,60796.001439
A_OB_1.9999999999999998_1.0_472,COM,0.957444,1.484274,2.034,0.953,4.539,61554.610407,60796.001439
A_OB_1.9999999999999998_1.0_473,COM,1.253189,1.654685,1.983,2.244,5.693,61645.274376,60796.001439
A_OB_1.9999999999999998_1.0_474,COM,0.949332,1.515238,2.449,5.998,4.199,60792.885124,60796.001439
A_OB_1.9999999999999998_1.0_475,COM,0.69538,1.369261,0.638,4.264,3.727,64347.351439,60796.001439
A_OB_1.9999999999999998_1.0_476,COM,0.917135,1.495544,2.791,0.796,4.21,63442.151874,60796.001439
A_OB_1.9999999999999998_1.0_477,COM,1.032178,1.592557,2.316,3.387,3.378,60865.002619,60796.001439
A_OB_1.9999999999999998_1.0_478,COM,0.111855,1.064194,2.775,4.228,3.529,64254.983276,60796.001439
A_OB_1.9999999999999998_1.0_479,COM,0.33084,1.188476,0.739,1.596,4.942,64315.621633,60796.001439
A_OB_1.9999999999999998_1.0_480,COM,1.354115,1.806349,2.718,4.977,2.833,61857.06433,60796.001439
A_OB_1.9999999999999998_1.0_481,COM,1.458918,1.811914,0.774,4.188,2.463,61543.199732,60796.001439
A_OB_1.9999999999999998_1.0_482,COM,1.159854,1.648718,1.027,3.629,4.482,64488.701543,60796.001439
A_OB_1.9999999999999998_1.0_483,COM,1.316219,1.730628,1.36,5.409,3.684,63829.435611,60796.001439
A_OB_1.9999999999999998_1.0_484,COM,1.405384,1.791073,1.11,3.687,3.12,64107.643962,60796.001439
A_OB_1.9999999999999998_1.0_485,COM,0.849283,1.469677,1.425,1.782,4.535,64157.78007,60796.001439
A_OB_1.9999999999999998_1.0_486,COM,1.401081,1.789396,1.684,0.562,5.059,61498.592703,60796.001439
A_OB_1.9999999999999998_1.0_487,COM,0.884114,1.493099,1.811,4.947,2.74,64487.351187,60796.001439
A_OB_1.9999999999999998_1.0_488,COM,0.250559,1.142035,1.835,1.112,5.402,64080.851793,60796.001439
A_OB_1.9999999999999998_1.0_489,COM,0.625588,1.374003,1.088,2.499,3.854,63556.217085,60796.001439
A_OB_1.9999999999999998_1.0_490,COM,1.11568,1.623963,2.369,1.566,4.566,62422.832561,60796.001439
A_OB_1.9999999999999998_1.0_491,COM,1.258974,1.724873,1.49,4.976,3.258,62806.775778,60796.001439
A_OB_1.9999999999999998_1.0_492,COM,0.423699,1.236417,0.119,5.518,1.383,64286.59854,60796.001439
A_OB_1.9999999999999998_1.0_493,COM,1.336151,1.789365,0.723,4.898,3.735,61123.158362,60796.001439
A_OB_1.9999999999999998_1.0_494,COM,0.32402,1.178801,1.281,4.32,3.981,63697.759626,60796.001439
A_OB_1.9999999999999998_1.0_495,COM,0.66488,1.371089,1.298,4.192,3.72,62574.812797,60796.001439
A_OB_1.9999999999999998_1.0_496,COM,0.01222,1.007066,2.265,1.387,4.965,63615.478536,60796.001439
A_OB_1.9999999999999998_1.0_497,COM,0.380464,1.212263,1.693,5.088,0.06,61529.179258,60796.001439
A_OB_1.9999999999999998_1.0_498,COM,1.162643,1.665466,0.981,5.348,4.659,64257.627603,60796.001439
A_OB_1.9999999999999998_1.0_499,COM,0.524016,1.297716,1.585,0.545,4.406,63522.98308,60796.001439
A_OB_1.9999999999999998_1.0_500,COM,0.380186,1.22685,2.407,3.051,2.241,64177.517601,60796.001439
A_OB_1.9999999999999998_1.0_501,COM,1.401643,1.819865,0.552,5.971,4.117,63390.790715,60796.001439
A_OB_1.9999999999999998_1.0_502,COM,0.708145,1.419927,2.29,4.067,2.4,64081.963287,60796.001439
A_OB_1.9999999999999998_1.0_503,COM,1.208151,1.682252,1.58,4.093,3.767,61111.637165,60796.001439
A_OB_1.9999999999999998_1.0_504,COM,0.171103,1.098458,1.054,4.547,3.655,61037.517437,60796.001439
A_OB_1.9999999999999998_1.0_505,COM,0.693989,1.415208,2.387,6.049,4.327,63723.142856,60796.001439
A_OB_1.9999999999999998_1.0_506,COM,0.463779,1.282833,2.441,5.864,4.051,62629.079733,60796.001439
A_OB_1.9999999999999998_1.0_507,COM,0.490883,1.311378,1.363,5.909,4.491,62553.653379,60796.001439
A_OB_1.9999999999999998_1.0_508,COM,1.162671,1.750648,2.437,5.624,2.808,62022.818819,60796.001439
A_OB_1.9999999999999998_1.0_509,COM,1.628466,2.060348,0.903,3.424,3.816,61160.469812,60796.001439
A_OB_1.9999999999999998_1.0_510,COM,0.928547,1.572193,0.888,1.012,4.097,61183.978768,60796.001439
A_OB_1.9999999999999998_1.0_511,COM,1.434028,1.88121,1.78,4.169,3.796,63502.137213,60796.001439
A_OB_1.9999999999999998_1.0_512,COM,0.097659,1.063687,1.758,5.642,4.115,60950.849899,60796.001439
A_OB_1.9999999999999998_1.0_513,COM,0.022205,1.013985,0.778,3.754,4.072,62317.973497,60796.001439
A_OB_1.9999999999999998_1.0_514,COM,0.526226,1.336331,1.146,3.043,3.928,62750.254383,60796.001439
A_OB_1.9999999999999998_1.0_515,COM,1.245262,1.797133,2.531,5.433,3.02,61091.126523,60796.001439
A_OB_1.9999999999999998_1.0_516,COM,6.196453,4.834978,2.197,5.391,2.085,64658.705748,60796.001439
A_OB_1.9999999999999998_1.0_517,COM,1.529312,1.969161,1.968,4.965,2.621,62807.867431,60796.001439
A_OB_1.9999999999999998_1.0_518,COM,0.706447,1.452547,1.269,2.575,4.452,61631.02948,60796.001439
A_OB_1.9999999999999998_1.0_519,COM,0.76898,1.470965,1.133,1.373,5.228,61872.488081,60796.001439
A_OB_1.9999999999999998_1.0_520,COM,0.934096,1.599105,2.224,0.257,3.607,60851.538536,60796.001439
A_OB_1.9999999999999998_1.0_521,COM,0.418278,1.263006,1.318,1.355,2.096,63901.215808,60796.001439
A_OB_1.9999999999999998_1.0_522,COM,1.493256,1.899713,2.003,1.08,4.673,61212.042508,60796.001439
A_OB_1.9999999999999998_1.0_523,COM,11.806755,8.09075,0.695,3.037,3.294,60099.736256,60796.001439
A_OB_1.9999999999999998_1.0_524,COM,0.408155,1.250298,2.103,4.939,2.969,61737.903799,60796.001439
A_OB_1.9999999999999998_1.0_525,COM,0.376662,1.230237,2.299,1.245,5.504,63083.44598,60796.001439
A_OB_1.9999999999999998_1.0_526,COM,1.058313,1.64556,1.178,1.665,4.253,62710.331667,60796.001439
A_OB_1.9999999999999998_1.0_527,COM,1.058313,1.64556,1.178,1.665,4.253,62710.331667,60796.001439
A_OB_1.9999999999999998_1.0_528,COM,1.338603,1.868418,0.462,0.385,5.758,64071.103821,60796.001439
A_OB_1.9999999999999998_1.0_529,COM,0.136851,1.08236,0.957,3.998,4.012,63403.261362,60796.001439
A_OB_1.9999999999999998_1.0_530,COM,1.868929,2.168464,0.95,3.385,3.868,61179.621569,60796.001439
A_OB_1.9999999999999998_1.0_531,COM,1.313875,1.817287,0.877,1.114,5.616,61922.024481,60796.001439
A_OB_1.9999999999999998_1.0_532,COM,1.582345,2.027679,2.526,6.26,3.424,61385.304267,60796.001439
A_OB_1.9999999999999998_1.0_533,COM,1.198038,1.761465,1.031,2.689,3.458,60982.595444,60796.001439
A_OB_1.9999999999999998_1.0_534,COM,0.669697,1.411835,1.274,2.108,4.554,62234.805991,60796.001439
A_OB_1.9999999999999998_1.0_535,COM,0.765485,1.494084,1.849,3.633,3.761,62669.45361,60796.001439
A_OB_1.9999999999999998_1.0_536,COM,0.374405,1.233617,1.461,3.324,3.864,61591.769295,60796.001439
A_OB_1.9999999999999998_1.0_537,COM,0.958275,1.583696,1.583,0.636,4.725,64096.123519,60796.001439
A_OB_1.9999999999999998_1.0_538,COM,2.995764,2.885778,0.813,4.666,2.79,62412.312498,60796.001439
A_OB_1.9999999999999998_1.0_539,COM,0.243422,1.146442,1.407,2.875,5.036,62707.113027,60796.001439
A_OB_1.9999999999999998_1.0_540,COM,1.190015,1.757619,0.757,1.614,4.932,63733.933811,60796.001439
A_OB_1.9999999999999998_1.0_541,COM,0.056715,1.035836,2.18,3.885,3.45,63605.127513,60796.001439
A_OB_1.9999999999999998_1.0_542,COM,1.336568,1.819558,0.501,5.482,2.669,64030.139692,60796.001439
A_OB_1.9999999999999998_1.0_543,COM,1.097625,1.665323,2.188,4.75,3.044,63225.706423,60796.001439
A_OB_1.9999999999999998_1.0_544,COM,0.927306,1.656175,2.142,1.183,3.834,62541.729354,60796.001439
A_OB_1.9999999999999998_1.0_545,COM,0.971702,1.643137,1.76,4.124,2.617,61439.182399,60796.001439
A_OB_1.9999999999999998_1.0_546,COM,1.454187,1.990394,1.167,3.607,3.188,61484.711953,60796.001439
A_OB_1.9999999999999998_1.0_547,COM,1.700606,2.168637,1.458,5.616,3.46,63529.113568,60796.001439
A_OB_1.9999999999999998_1.0_548,COM,0.086128,1.059356,0.058,5.997,1.301,63587.053809,60796.001439
A_OB_1.9999999999999998_1.0_549,COM,0.51147,1.335338,1.225,1.683,4.136,63059.631378,60796.001439
A_OB_1.9999999999999998_1.0_550,COM,1.190596,1.80412,1.95,5.119,2.254,61593.861024,60796.001439
A_OB_1.9999999999999998_1.0_551,COM,0.255365,1.178196,1.489,3.158,3.49,64465.545774,60796.001439
A_OB_1.9999999999999998_1.0_552,COM,0.900884,1.595384,1.764,5.095,2.863,64333.009627,60796.001439
A_OB_1.9999999999999998_1.0_553,COM,0.057867,1.038316,1.76,6.175,5.067,61254.181512,60796.001439
A_OB_1.9999999999999998_1.0_554,COM,0.461714,1.323892,2.465,4.232,4.163,61181.248559,60796.001439
A_OB_1.9999999999999998_1.0_555,COM,1.820575,2.196045,0.846,3.207,3.67,64266.553866,60796.001439
A_OB_1.9999999999999998_1.0_556,COM,1.366221,1.912618,1.32,1.871,4.179,61672.511976,60796.001439
A_OB_1.9999999999999998_1.0_557,COM,0.925963,1.614576,1.667,4.202,3.048,62942.600497,60796.001439
A_OB_1.9999999999999998_1.0_558,COM,0.470278,1.330741,2.175,1.156,4.427,62960.865052,60796.001439
A_OB_1.9999999999999998_1.0_559,COM,0.042368,1.029859,2.186,1.01,5.828,61656.696192,60796.001439
A_OB_1.9999999999999998_1.0_560,COM,1.445662,2.023993,1.073,3.218,4.363,61700.655594,60796.001439
A_OB_1.9999999999999998_1.0_561,COM,0.231802,1.159972,1.958,4.749,2.703,61627.413358,60796.001439
A_OB_1.9999999999999998_1.0_562,COM,3.472767,3.36139,1.193,2.43,3.883,63474.21349,60796.001439
A_OB_1.9999999999999998_1.0_563,COM,1.21667,1.858962,1.806,0.523,4.477,64200.1991,60796.001439
A_OB_1.9999999999999998_1.0_564,COM,2.16797,2.488936,1.921,4.091,4.161,61871.203153,60796.001439
A_OB_1.9999999999999998_1.0_565,COM,1.957553,2.357803,1.87,0.243,3.159,63542.265853,60796.001439
A_OB_1.9999999999999998_1.0_566,COM,0.436646,1.285446,1.17,1.514,3.002,60851.028034,60796.001439
A_OB_1.9999999999999998_1.0_567,COM,1.076944,1.777089,1.239,6.09,3.319,61529.500418,60796.001439
A_OB_1.9999999999999998_1.0_568,COM,1.158483,1.869734,2.239,3.725,3.103,60909.173792,60796.001439
A_OB_1.9999999999999998_1.0_569,COM,0.750499,1.559444,1.839,4.879,2.41,62673.563046,60796.001439
A_OB_1.9999999999999998_1.0_570,COM,1.917678,2.466737,0.876,2.582,4.286,63858.179298,60796.001439
A_OB_1.9999999999999998_1.0_571,COM,0.811009,1.575597,1.63,1.949,4.31,64089.894853,60796.001439
A_OB_1.9999999999999998_1.0_572,COM,1.968429,2.431739,1.181,2.935,3.721,61218.817275,60796.001439
A_OB_1.9999999999999998_1.0_573,COM,1.278403,1.964719,2.034,6.155,3.555,61938.055626,60796.001439
A_OB_1.9999999999999998_1.0_574,COM,1.490348,2.096141,0.178,4.327,2.317,62784.389708,60796.001439
A_OB_1.9999999999999998_1.0_575,COM,0.707128,1.530802,1.968,4.925,3.358,62068.484357,60796.001439
A_OB_1.9999999999999998_1.0_576,COM,0.787048,1.570121,1.126,0.768,4.702,61611.808821,60796.001439
A_OB_1.9999999999999998_1.0_577,COM,1.804756,2.302657,0.528,4.772,2.03,62945.571569,60796.001439
A_OB_1.9999999999999998_1.0_578,COM,0.792211,1.568133,1.596,2.093,3.814,63870.805397,60796.001439
A_OB_1.9999999999999998_1.0_579,COM,0.324503,1.242975,1.107,1.192,4.613,61743.821714,60796.001439
A_OB_1.9999999999999998_1.0_580,COM,0.938385,1.67761,0.901,5.923,3.246,62247.809728,60796.001439
A_OB_1.9999999999999998_1.0_581,COM,1.662997,2.202452,0.203,3.888,3.416,64407.069013,60796.001439
A_OB_1.9999999999999998_1.0_582,COM,0.488383,1.353105,2.766,6.135,4.443,62984.334325,60796.001439
A_OB_1.9999999999999998_1.0_583,COM,1.533455,2.154168,2.211,1.034,4.833,62948.690621,60796.001439
A_OB_1.9999999999999998_1.0_584,COM,0.595387,1.442587,2.066,5.652,3.975,62806.320323,60796.001439
A_OB_1.9999999999999998_1.0_585,COM,1.511199,2.155294,2.05,0.452,3.922,62865.141929,60796.001439
A_OB_1.9999999999999998_1.0_586,COM,0.958325,1.726285,1.757,0.716,3.757,60969.12639,60796.001439
A_OB_1.9999999999999998_1.0_587,COM,0.763916,1.561301,1.75,4.879,4.633,61198.430504,60796.001439
A_OB_1.9999999999999998_1.0_588,COM,1.557758,2.156028,0.605,0.88,5.263,60869.664842,60796.001439
A_OB_1.9999999999999998_1.0_589,COM,1.377234,1.981455,2.486,0.656,4.317,64055.151217,60796.001439
A_OB_1.9999999999999998_1.0_590,COM,1.477129,2.071291,0.727,0.538,4.026,63475.548998,60796.001439
A_OB_1.9999999999999998_1.0_591,COM,3.766479,3.713388,1.022,1.969,4.03,60950.238882,60796.001439
A_OB_1.9999999999999998_1.0_592,COM,1.538394,2.117092,1.235,1.47,4.391,61636.411544,60796.001439
A_OB_1.9999999999999998_1.0_593,COM,0.722654,1.529944,0.457,3.698,3.089,63588.276033,60796.001439
A_OB_1.9999999999999998_1.0_594,COM,0.480729,1.358511,2.009,4.429,2.278,60760.159619,60796.001439
A_OB_1.9999999999999998_1.0_595,COM,0.507336,1.396064,2.113,0.66,4.815,63362.955923,60796.001439
A_OB_1.9999999999999998_1.0_596,COM,0.923601,1.734605,1.315,4.51,2.944,60977.57404,60796.001439
A_OB_1.9999999999999998_1.0_597,COM,1.349213,2.113723,0.438,3.387,3.492,60984.72312,60796.001439
A_OB_1.9999999999999998_1.0_598,COM,0.214279,1.176173,0.948,2.609,2.607,63141.898826,60796.001439
A_OB_1.9999999999999998_1.0_599,COM,0.298772,1.238071,2.289,2.78,4.406,61514.125679,60796.001439
A_OB_1.9999999999999998_1.0_600,COM,0.950838,1.777477,2.433,0.79,4.598,64090.988662,60796.001439
A_OB_1.9999999999999998_1.0_601,COM,0.086539,1.070129,1.436,5.869,4.451,61062.571719,60796.001439
A_OB_1.9999999999999998_1.0_602,COM,1.350245,2.073194,2.977,4.472,1.639,64213.255798,60796.001439
A_OB_1.9999999999999998_1.0_603,COM,0.514032,1.397158,0.593,2.021,4.95,62332.08158,60796.001439
A_OB_1.9999999999999998_1.0_604,COM,1.469865,2.19422,0.788,1.169,5.306,63115.824888,60796.001439
A_OB_1.9999999999999998_1.0_605,COM,1.18274,1.967505,2.544,0.613,4.281,63359.986383,60796.001439
A_OB_1.9999999999999998_1.0_606,COM,0.930363,1.720399,1.352,4.015,2.983,64167.113223,60796.001439
A_OB_1.9999999999999998_1.0_607,COM,1.042153,1.85314,0.545,3.061,4.443,63243.727,60796.001439
A_OB_1.9999999999999998_1.0_608,COM,1.185696,1.949408,1.189,2.96,4.276,62152.920839,60796.001439
A_OB_1.9999999999999998_1.0_609,COM,1.504136,2.17106,2.037,5.321,3.24,63394.971398,60796.001439
A_OB_1.9999999999999998_1.0_610,COM,1.369206,2.104287,1.72,5.343,3.36,61388.670647,60796.001439
A_OB_1.9999999999999998_1.0_611,COM,1.027203,1.842385,0.99,3.409,3.828,62776.632488,60796.001439
A_OB_1.9999999999999998_1.0_612,COM,1.286945,2.026874,1.247,1.101,4.284,64154.652463,60796.001439
A_OB_1.9999999999999998_1.0_613,COM,1.137465,1.901615,2.016,4.615,3.084,61355.591302,60796.001439
A_OB_1.9999999999999998_1.0_614,COM,1.004033,1.807653,1.002,3.921,2.475,64370.938391,60796.001439
A_OB_1.9999999999999998_1.0_615,COM,1.086046,1.872193,0.377,2.646,6.261,63995.434212,60796.001439
A_OB_1.9999999999999998_1.0_616,COM,2.00662,2.591543,2.243,5.152,3.051,64138.127571,60796.001439
A_OB_1.9999999999999998_1.0_617,COM,1.180753,1.935182,1.978,1.166,4.276,62699.385494,60796.001439
A_OB_1.9999999999999998_1.0_618,COM,0.295924,1.244371,0.823,3.954,3.643,64392.161619,60796.001439
A_OB_1.9999999999999998_1.0_619,COM,1.579671,2.298245,2.219,0.55,3.852,61157.851587,60796.001439
A_OB_1.9999999999999998_1.0_620,COM,1.986275,2.589993,1.911,6.081,3.005,62743.326089,60796.001439
A_OB_1.9999999999999998_1.0_621,COM,1.647282,2.289105,2.52,5.376,2.803,62403.536033,60796.001439
A_OB_1.9999999999999998_1.0_622,COM,0.81009,1.65251,2.47,5.686,3.596,61090.707925,60796.001439
A_OB_1.9999999999999998_1.0_623,COM,1.246058,1.961468,1.519,1.853,4.136,63429.63756,60796.001439
A_OB_1.9999999999999998_1.0_624,COM,3.05633,3.635613,2.077,2.361,4.288,61889.624783,60796.001439
A_OB_1.9999999999999998_1.0_625,COM,1.367607,2.196183,1.033,4.651,3.037,60756.978108,60796.001439
A_OB_1.9999999999999998_1.0_626,COM,1.163526,2.015395,1.712,3.646,2.613,63919.352208,60796.001439
A_OB_1.9999999999999998_1.0_627,COM,1.749808,2.451208,0.6,2.235,4.29,61764.751526,60796.001439
A_OB_1.9999999999999998_1.0_628,COM,1.357774,2.139806,2.994,0.24,4.25,64490.965715,60796.001439
A_OB_1.9999999999999998_1.0_629,COM,1.42479,2.198091,1.929,2.876,2.596,62968.244076,60796.001439
A_OB_1.9999999999999998_1.0_630,COM,0.881087,1.780231,1.645,0.134,3.524,62576.4478,60796.001439
A_OB_1.9999999999999998_1.0_631,COM,1.223924,2.079212,1.905,4.315,3.219,63702.916238,60796.001439
A_OB_1.9999999999999998_1.0_632,COM,1.106427,1.975564,2.281,5.063,2.597,61907.074857,60796.001439
A_OB_1.9999999999999998_1.0_633,COM,1.532224,2.326185,2.146,4.705,2.503,62511.953116,60796.001439
A_OB_1.9999999999999998_1.0_634,COM,1.220091,2.028758,0.185,1.226,3.485,63740.010389,60796.001439
A_OB_1.9999999999999998_1.0_635,COM,0.513252,1.455298,0.826,1.047,5.165,62276.875068,60796.001439
A_OB_1.9999999999999998_1.0_636,COM,1.484296,2.244979,2.257,2.418,4.584,62938.352746,60796.001439
A_OB_1.9999999999999998_1.0_637,COM,0.064916,1.055073,1.922,5.903,3.942,63658.809747,60796.001439
A_OB_1.9999999999999998_1.0_638,COM,1.403715,2.229866,1.995,5.135,2.983,64286.104907,60796.001439
A_OB_1.9999999999999998_1.0_639,COM,1.087064,1.931864,1.649,5.479,3.3,62064.407421,60796.001439
A_OB_1.9999999999999998_1.0_640,COM,1.415249,2.197464,1.982,5.835,2.816,61467.134649,60796.001439
A_OB_1.9999999999999998_1.0_641,COM,1.384366,2.19161,1.993,0.746,4.005,63426.885564,60796.001439
A_OB_1.9999999999999998_1.0_642,COM,0.836718,1.707753,1.196,1.117,4.524,63485.578176,60796.001439
A_OB_1.9999999999999998_1.0_643,COM,0.010488,1.009162,0.837,2.054,4.72,63095.80922,60796.001439
A_OB_1.9999999999999998_1.0_644,COM,0.135897,1.128472,1.599,1.877,5.12,61391.587873,60796.001439
A_OB_1.9999999999999998_1.0_645,COM,1.498029,2.414749,2.143,1.499,4.038,62363.617735,60796.001439
A_OB_1.9999999999999998_1.0_646,COM,1.581678,2.494042,2.005,5.524,2.896,61770.845625,60796.001439
A_OB_1.9999999999999998_1.0_647,COM,0.181228,1.171623,1.03,2.277,4.266,63033.590006,60796.001439
A_OB_1.9999999999999998_1.0_648,COM,0.4433,1.410239,2.457,0.106,3.39,62229.284352,60796.001439
A_OB_1.9999999999999998_1.0_649,COM,0.776925,1.722952,0.31,3.07,4.102,61036.870694,60796.001439
A_OB_1.9999999999999998_1.0_650,COM,1.076484,2.001465,1.148,3.76,4.052,62356.708438,60796.001439
A_OB_1.9999999999999998_1.0_651,COM,1.002899,1.940493,1.173,4.508,2.776,63963.781667,60796.001439
A_OB_1.9999999999999998_1.0_652,COM,0.199038,1.182649,1.217,1.614,4.463,63682.275442,60796.001439
A_OB_1.9999999999999998_1.0_653,COM,1.333675,2.244551,1.653,6.185,3.42,63702.710491,60796.001439
A_OB_1.9999999999999998_1.0_654,COM,2.027342,2.905785,1.142,2.456,3.244,62920.561375,60796.001439
A_OB_1.9999999999999998_1.0_655,COM,2.502012,3.287396,2.199,0.787,4.003,61432.389433,60796.001439
A_OB_1.9999999999999998_1.0_656,COM,0.348973,1.323415,0.983,2.415,4.572,62911.368961,60796.001439
A_OB_1.9999999999999998_1.0_657,COM,1.594973,2.43733,1.404,1.016,5.249,62209.008222,60796.001439
A_OB_1.9999999999999998_1.0_658,COM,1.078242,1.977953,1.491,2.249,3.698,62376.024759,60796.001439
A_OB_1.9999999999999998_1.0_659,COM,0.395493,1.351515,1.997,4.319,2.105,63074.971299,60796.001439
A_OB_1.9999999999999998_1.0_660,COM,0.317501,1.282083,1.772,1.034,5.343,61126.843747,60796.001439
A_OB_1.9999999999999998_1.0_661,COM,1.262951,2.165338,1.441,1.898,4.235,61904.184287,60796.001439
A_OB_1.9999999999999998_1.0_662,COM,1.407344,2.325539,2.085,5.957,3.185,63266.622193,60796.001439
A_OB_1.9999999999999998_1.0_663,COM,0.460319,1.427091,1.399,4.971,2.752,62378.093506,60796.001439
A_OB_1.9999999999999998_1.0_664,COM,1.632748,2.542365,2.175,6.101,3.16,62442.363702,60796.001439
A_OB_1.9999999999999998_1.0_665,COM,0.591569,1.58366,1.797,2.065,4.581,64103.578173,60796.001439
A_OB_1.9999999999999998_1.0_666,COM,0.482563,1.460701,0.519,3.932,3.393,63368.434258,60796.001439
A_OB_1.9999999999999998_1.0_667,COM,3.771889,4.780206,0.927,1.885,4.454,64143.186106,60796.001439
A_OB_1.9999999999999998_1.0_668,COM,0.585695,1.577422,1.412,5.613,3.523,61580.42587,60796.001439
A_OB_1.9999999999999998_1.0_669,COM,1.179224,2.1343,1.477,1.98,4.492,61855.124039,60796.001439
A_OB_1.9999999999999998_1.0_670,COM,1.169796,2.119603,2.385,1.458,4.895,61352.54161,60796.001439
A_OB_1.9999999999999998_1.0_671,COM,4.906114,5.998263,0.948,3.265,3.3,63591.686124,60796.001439
A_OB_1.9999999999999998_1.0_672,COM,2.281127,3.264725,1.701,6.148,2.6,61535.764606,60796.001439
A_OB_1.9999999999999998_1.0_673,COM,1.243714,2.221091,1.051,1.648,4.701,61424.792522,60796.001439
A_OB_1.9999999999999998_1.0_674,COM,0.4252,1.418771,1.628,1.384,4.706,63337.431635,60796.001439
A_OB_1.9999999999999998_1.0_675,COM,0.787959,1.800267,1.989,4.856,2.231,60771.105243,60796.001439
A_OB_1.9999999999999998_1.0_676,COM,1.057556,2.064965,0.885,2.887,3.74,63287.000461,60796.001439
A_OB_1.9999999999999998_1.0_677,COM,0.806755,1.790465,1.145,2.588,4.916,60754.906218,60796.001439
A_OB_1.9999999999999998_1.0_678,COM,0.031368,1.031925,2.496,5.742,4.843,61577.796686,60796.001439
A_OB_1.9999999999999998_1.0_679,COM,0.096307,1.093957,0.532,2.47,5.035,64382.43602,60796.001439
A_OB_1.9999999999999998_1.0_680,COM,1.651175,2.615733,0.56,1.416,5.26,60873.259972,60796.001439
A_OB_1.9999999999999998_1.0_681,COM,1.22023,2.18856,1.944,5.964,3.608,61499.391442,60796.001439
A_OB_1.9999999999999998_1.0_682,COM,0.881133,1.848065,1.779,1.348,4.489,60836.165107,60796.001439
A_OB_1.9999999999999998_1.0_683,COM,0.750132,1.719611,0.724,3.168,3.422,63221.467935,60796.001439
A_OB_1.9999999999999998_1.0_684,COM,0.906977,1.881944,1.686,1.694,4.701,62098.70473,60796.001439
A_OB_1.9999999999999998_1.0_685,COM,0.868416,1.839885,2.298,0.373,4.294,61731.205493,60796.001439
A_OB_1.9999999999999998_1.0_686,COM,1.502038,2.502682,1.447,3.902,3.343,62851.994519,60796.001439
A_OB_1.9999999999999998_1.0_687,COM,2.523346,3.412048,1.051,3.362,2.643,62339.733737,60796.001439
A_OB_1.9999999999999998_1.0_688,COM,1.31846,2.33332,0.893,4.748,2.358,62318.988926,60796.001439
A_OB_1.9999999999999998_1.0_689,COM,1.026727,2.076802,1.312,4.089,3.561,62074.698798,60796.001439
A_OB_1.9999999999999998_1.0_690,COM,0.769996,1.815849,1.05,4.211,2.919,61601.075852,60796.001439
A_OB_1.9999999999999998_1.0_691,COM,1.416285,2.454886,1.164,3.02,3.399,62509.670697,60796.001439
A_OB_1.9999999999999998_1.0_692,COM,1.175335,2.249216,1.589,3.744,2.767,63596.658957,60796.001439
A_OB_1.9999999999999998_1.0_693,COM,0.267794,1.288744,1.155,3.843,3.817,61383.885182,60796.001439
A_OB_1.9999999999999998_1.0_694,COM,1.332668,2.377934,1.143,1.854,4.505,60883.294346,60796.001439
A_OB_1.9999999999999998_1.0_695,COM,0.764896,1.826482,2.069,0.631,3.788,64214.041093,60796.001439
A_OB_1.9999999999999998_1.0_696,COM,0.274982,1.297797,0.282,1.582,4.792,63935.22303,60796.001439
A_OB_1.9999999999999998_1.0_697,COM,1.099377,2.131224,1.853,0.991,4.996,62280.901545,60796.001439
A_OB_1.9999999999999998_1.0_698,COM,1.274583,2.301097,2.378,0.047,3.625,62535.3102,60796.001439
A_OB_1.9999999999999998_1.0_699,COM,1.008057,2.042118,2.848,1.315,4.827,61712.788879,60796.001439
A_OB_1.9999999999999998_1.0_700,COM,0.717635,1.748433,2.496,6.161,3.57,62756.740342,60796.001439
A_OB_1.9999999999999998_1.0_701,COM,0.696246,1.747525,2.021,0.737,4.525,64013.634507,60796.001439
A_OB_1.9999999999999998_1.0_702,COM,0.460128,1.475652,1.716,1.053,4.496,63845.079616,60796.001439
A_OB_1.9999999999999998_1.0_703,COM,0.444712,1.479984,1.625,5.653,3.305,61632.015518,60796.001439
A_OB_1.9999999999999998_1.0_704,COM,1.022595,2.065853,1.202,4.013,2.5,62542.83693,60796.001439
A_OB_1.9999999999999998_1.0_705,COM,1.613233,2.755738,0.822,3.228,3.514,63158.732784,60796.001439
A_OB_1.9999999999999998_1.0_706,COM,1.963035,3.261217,1.121,1.727,4.635,63068.045983,60796.001439
A_OB_1.9999999999999998_1.0_707,COM,2.09037,3.276134,2.248,0.806,3.307,63869.038703,60796.001439
A_OB_1.9999999999999998_1.0_708,COM,1.763677,2.927006,1.579,4.407,3.238,63653.357549,60796.001439
A_OB_1.9999999999999998_1.0_709,COM,1.092519,2.261011,0.921,4.446,2.145,61939.763909,60796.001439
A_OB_1.9999999999999998_1.0_710,COM,0.54683,1.625714,1.35,4.395,2.606,61212.122433,60796.001439
A_OB_1.9999999999999998_1.0_711,COM,1.536963,2.729851,2.569,5.567,3.026,63035.774417,60796.001439
A_OB_1.9999999999999998_1.0_712,COM,0.003158,1.003643,1.885,5.343,3.738,63255.109111,60796.001439
A_OB_1.9999999999999998_1.0_713,COM,1.183485,2.349958,1.738,1.92,4.764,63357.559781,60796.001439
A_OB_1.9999999999999998_1.0_714,COM,0.888158,1.980511,1.814,0.986,3.503,64382.48355,60796.001439
A_OB_1.9999999999999998_1.0_715,COM,1.353578,2.542369,1.198,0.988,3.706,63079.669266,60796.001439
A_OB_1.9999999999999998_1.0_716,COM,1.304991,2.503019,0.957,0.473,4.381,63969.37683,60796.001439
A_OB_1.9999999999999998_1.0_717,COM,1.21662,2.378031,0.386,3.769,3.086,64294.904059,60796.001439
A_OB_1.9999999999999998_1.0_718,COM,0.964057,2.063307,1.784,4.488,3.086,62868.234533,60796.001439
A_OB_1.9999999999999998_1.0_719,COM,0.14342,1.159421,1.112,6.124,4.523,63764.496405,60796.001439
A_OB_1.9999999999999998_1.0_720,COM,1.605131,2.834843,1.485,1.032,5.014,64159.583412,60796.001439
A_OB_1.9999999999999998_1.0_721,COM,0.894214,2.033631,1.223,2.901,3.078,63714.019661,60796.001439
A_OB_1.9999999999999998_1.0_722,COM,0.251709,1.278287,1.43,3.944,3.462,61597.035605,60796.001439
A_OB_1.9999999999999998_1.0_723,COM,0.035355,1.041371,1.079,3.457,4.482,61520.240169,60796.001439
A_OB_1.9999999999999998_1.0_724,COM,0.483995,1.574805,1.616,1.908,5.574,63533.58825,60796.001439
A_OB_1.9999999999999998_1.0_725,COM,1.330662,2.59998,0.439,2.5,3.681,63605.360026,60796.001439
A_OB_1.9999999999999998_1.0_726,COM,1.420399,2.712841,2.647,6.065,3.426,62830.492328,60796.001439
A_OB_1.9999999999999998_1.0_727,COM,1.027573,2.237352,2.244,0.149,3.577,62867.942753,60796.001439
A_OB_1.9999999999999998_1.0_728,COM,0.855264,1.997105,0.39,3.335,3.702,63376.643598,60796.001439
A_OB_1.9999999999999998_1.0_729,COM,1.857941,3.206335,1.811,5.528,2.996,63502.267169,60796.001439
A_OB_1.9999999999999998_1.0_730,COM,2.028099,3.35719,2.031,0.014,3.711,61809.111589,60796.001439
A_OB_1.9999999999999998_1.0_731,COM,1.005604,2.190658,1.456,1.975,3.499,63372.312211,60796.001439
A_OB_1.9999999999999998_1.0_732,COM,0.742904,1.861829,1.321,3.108,3.743,62968.52232,60796.001439
A_OB_1.9999999999999998_1.0_733,COM,0.282803,1.33613,0.685,3.172,4.05,61504.504819,60796.001439
A_OB_1.9999999999999998_1.0_734,COM,1.375344,2.65547,2.396,0.442,4.166,63732.565019,60796.001439
A_OB_1.9999999999999998_1.0_735,COM,0.994128,2.167183,1.08,4.801,2.221,60789.870689,60796.001439
A_OB_1.9999999999999998_1.0_736,COM,0.915472,2.073653,1.021,2.37,4.69,61692.906522,60796.001439
A_OB_1.9999999999999998_1.0_737,COM,1.594547,2.948549,2.165,0.167,4.197,63893.671872,60796.001439
A_OB_1.9999999999999998_1.0_738,COM,1.171548,2.472813,2.263,5.686,3.083,61251.687934,60796.001439
A_OB_1.9999999999999998_1.0_739,COM,0.955296,2.187748,0.295,2.519,3.563,63272.652754,60796.001439
A_OB_1.9999999999999998_1.0_740,COM,0.630725,1.780869,1.713,5.155,2.754,63750.641988,60796.001439
A_OB_1.9999999999999998_1.0_741,COM,0.008215,1.010491,1.587,4.846,4.103,62359.097988,60796.001439
A_OB_1.9999999999999998_1.0_742,COM,1.470188,2.914465,2.079,5.415,2.866,62630.470516,60796.001439
A_OB_1.9999999999999998_1.0_743,COM,1.268323,2.584271,0.842,3.241,3.325,64210.391553,60796.001439
A_OB_1.9999999999999998_1.0_744,COM,1.368954,2.720918,2.004,4.605,2.424,62437.594263,60796.001439
A_OB_1.9999999999999998_1.0_745,COM,1.308322,2.664919,1.634,1.521,4.504,61466.23691,60796.001439
A_OB_1.9999999999999998_1.0_746,COM,0.829606,2.050438,2.17,4.114,1.892,63727.754229,60796.001439
A_OB_1.9999999999999998_1.0_747,COM,1.60401,2.986478,2.162,0.954,3.728,60993.517633,60796.001439
A_OB_1.9999999999999998_1.0_748,COM,0.327425,1.413401,1.333,1.257,4.141,64366.338585,60796.001439
A_OB_1.9999999999999998_1.0_749,COM,1.223672,2.513547,2.193,0.243,3.187,63111.2674,60796.001439
A_OB_1.9999999999999998_1.0_750,COM,1.637705,3.07,1.45,4.082,3.26,61800.793685,60796.001439
A_OB_1.9999999999999998_1.0_751,COM,1.077427,2.35806,1.717,4.574,2.945,63141.410779,60796.001439
A_OB_1.9999999999999998_1.0_752,COM,0.589696,1.738524,0.978,1.229,1.964,63226.479289,60796.001439
A_OB_1.9999999999999998_1.0_753,COM,0.808166,2.013608,0.878,4.334,2.554,62119.961256,60796.001439
A_OB_1.9999999999999998_1.0_754,COM,0.857097,2.088595,0.8,0.443,4.461,63332.74382,60796.001439
A_OB_1.9999999999999998_1.0_755,COM,0.697539,1.944506,1.548,4.375,3.354,64077.913943,60796.001439
A_OB_1.9999999999999998_1.0_756,COM,2.088787,3.79009,0.153,6.073,6.18,62679.41461,60796.001439
A_OB_1.9999999999999998_1.0_757,COM,0.560128,1.739697,1.798,0.798,4.095,61055.0726,60796.001439
A_OB_1.9999999999999998_1.0_758,COM,1.442237,2.97142,1.885,5.534,2.727,63124.495779,60796.001439
A_OB_1.9999999999999998_1.0_759,COM,2.58347,4.490875,2.304,5.373,2.578,62604.569944,60796.001439
A_OB_1.9999999999999998_1.0_760,COM,1.74573,3.314124,0.905,4.29,2.887,61972.26315,60796.001439
A_OB_1.9999999999999998_1.0_761,COM,0.822726,2.122174,0.665,4.789,1.452,61583.882416,60796.001439
A_OB_1.9999999999999998_1.0_762,COM,3.552669,5.719669,1.999,0.868,4.024,61052.890282,60796.001439
A_OB_1.9999999999999998_1.0_763,COM,1.0924,2.586191,2.628,4.99,2.389,64377.187658,60796.001439
A_OB_1.9999999999999998_1.0_764,COM,0.256698,1.371744,2.253,4.104,2.332,61401.803237,60796.001439
A_OB_1.9999999999999998_1.0_765,COM,0.781459,2.101743,0.979,4.252,2.98,61931.962345,60796.001439
A_OB_1.9999999999999998_1.0_766,COM,1.209224,2.744593,2.57,1.218,4.791,62241.303535,60796.001439
A_OB_1.9999999999999998_1.0_767,COM,0.64905,1.91089,1.887,5.604,3.04,61414.482815,60796.001439
A_OB_1.9999999999999998_1.0_768,COM,1.293113,2.865691,1.191,3.249,2.702,61120.843672,60796.001439
A_OB_1.9999999999999998_1.0_769,COM,1.124768,2.60676,0.63,3.607,2.938,63420.13001,60796.001439
A_OB_1.9999999999999998_1.0_770,COM,1.914639,3.751157,1.012,2.067,4.632,61115.88555,60796.001439
A_OB_1.9999999999999998_1.0_771,COM,0.447764,1.634762,2.217,5.199,2.948,63804.615256,60796.001439
A_OB_1.9999999999999998_1.0_772,COM,0.735158,2.056102,1.162,4.708,3.758,64258.071557,60796.001439
A_OB_1.9999999999999998_1.0_773,COM,1.057474,2.504615,2.075,1.175,4.107,64040.896963,60796.001439
A_OB_1.9999999999999998_1.0_774,COM,1.024005,2.425564,1.243,4.758,2.906,63812.803966,60796.001439
A_OB_1.9999999999999998_1.0_775,COM,1.124273,2.646121,2.573,0.077,4.153,62672.191079,60796.001439
A_OB_1.9999999999999998_1.0_776,COM,0.615118,1.943761,2.207,0.31,4.029,61165.799433,60796.001439
A_OB_1.9999999999999998_1.0_777,COM,0.131514,1.198012,1.781,0.898,5.198,61471.717727,60796.001439
A_OB_1.9999999999999998_1.0_778,COM,0.469876,1.68916,0.477,3.954,3.662,62099.99674,60796.001439
A_OB_1.9999999999999998_1.0_779,COM,1.39436,3.128268,1.265,1.633,4.461,63077.056864,60796.001439
A_OB_1.9999999999999998_1.0_780,COM,0.728423,2.079142,2.586,4.952,2.586,61795.499085,60796.001439
A_OB_1.9999999999999998_1.0_781,COM,1.12637,2.716694,0.785,4.0,3.37,63792.355269,60796.001439
A_OB_1.9999999999999998_1.0_782,COM,0.000958,1.001481,1.686,4.742,3.74,61574.980299,60796.001439
A_OB_1.9999999999999998_1.0_783,COM,1.130904,2.794485,1.093,4.939,2.891,61153.235472,60796.001439
A_OB_1.9999999999999998_1.0_784,COM,1.45855,3.369849,1.467,5.149,2.418,63633.029552,60796.001439
A_OB_1.9999999999999998_1.0_785,COM,0.942958,2.513045,2.023,5.691,2.23,61268.560351,60796.001439
A_OB_1.9999999999999998_1.0_786,COM,1.345376,3.154345,0.69,2.937,3.515,63702.752582,60796.001439
A_OB_1.9999999999999998_1.0_787,COM,2.811562,5.451901,1.168,2.437,3.919,63375.59143,60796.001439
A_OB_1.9999999999999998_1.0_788,COM,1.09899,2.794633,1.548,4.008,3.189,62007.708931,60796.001439
A_OB_1.9999999999999998_1.0_789,COM,1.988268,4.274605,1.35,0.973,4.213,60923.87353,60796.001439
A_OB_1.9999999999999998_1.0_790,COM,0.820146,2.352596,1.718,5.574,2.829,61261.917685,60796.001439
A_OB_1.9999999999999998_1.0_791,COM,0.12154,1.206852,1.4,4.047,4.151,62673.624153,60796.001439
A_OB_1.9999999999999998_1.0_792,COM,1.948381,4.1959,2.485,6.255,3.179,64136.789975,60796.001439
A_OB_1.9999999999999998_1.0_793,COM,0.72682,2.202856,2.145,4.853,1.976,61631.938253,60796.001439
A_OB_1.9999999999999998_1.0_794,COM,1.28704,3.225093,1.159,4.467,2.773,62433.334033,60796.001439
A_OB_1.9999999999999998_1.0_795,COM,0.229025,1.397763,1.48,3.241,4.008,61243.015032,60796.001439
A_OB_1.9999999999999998_1.0_796,COM,0.652002,2.135881,2.383,1.416,4.268,61595.042528,60796.001439
A_OB_1.9999999999999998_1.0_797,COM,0.089343,1.161404,2.569,5.585,4.166,63005.491894,60796.001439
A_OB_1.9999999999999998_1.0_798,COM,1.565968,3.870359,1.153,4.855,2.811,61239.442389,60796.001439
A_OB_1.9999999999999998_1.0_799,COM,0.410591,1.761717,1.087,2.538,4.331,64465.106079,60796.001439
A_OB_1.9999999999999998_1.0_800,COM,0.38728,1.707803,2.882,0.791,4.605,63891.818359,60796.001439
A_OB_1.9999999999999998_1.0_801,COM,0.901485,2.744239,2.297,5.925,2.981,61736.588263,60796.001439
A_OB_1.9999999999999998_1.0_802,COM,1.288628,3.512362,2.347,4.519,2.05,62172.433323,60796.001439
A_OB_1.9999999999999998_1.0_803,COM,0.219243,1.420541,1.028,2.244,4.695,60857.869144,60796.001439
A_OB_1.9999999999999998_1.0_804,COM,1.136449,3.203782,1.643,1.09,4.02,61693.41113,60796.001439
A_OB_1.9999999999999998_1.0_805,COM,1.555827,4.088865,2.197,5.076,2.54,61558.44905,60796.001439
A_OB_1.9999999999999998_1.0_806,COM,1.090528,3.090228,1.846,4.88,2.475,60975.584838,60796.001439
A_OB_1.9999999999999998_1.0_807,COM,1.53376,4.072064,0.769,2.364,3.865,62026.818721,60796.001439
A_OB_1.9999999999999998_1.0_808,COM,0.571405,2.194106,1.052,3.762,3.577,61969.099544,60796.001439
A_OB_1.9999999999999998_1.0_809,COM,1.533705,4.110181,2.154,6.146,2.919,64435.49924,60796.001439
A_OB_1.9999999999999998_1.0_810,COM,1.353176,3.728255,1.756,5.023,2.644,62145.230608,60796.001439
A_OB_1.9999999999999998_1.0_811,COM,0.626167,2.249134,1.963,1.223,3.859,62881.848617,60796.001439
A_OB_1.9999999999999998_1.0_812,COM,1.117181,3.262595,0.752,3.256,3.318,63093.069291,60796.001439
A_OB_1.9999999999999998_1.0_813,COM,0.940996,2.899615,1.862,1.369,3.806,64040.80458,60796.001439
A_OB_1.9999999999999998_1.0_814,COM,0.624219,2.316163,0.77,3.534,3.317,63486.945356,60796.001439
A_OB_1.9999999999999998_1.0_815,COM,1.506884,4.386926,1.836,1.311,3.946,63414.575805,60796.001439
A_OB_1.9999999999999998_1.0_816,COM,1.236168,3.780576,1.197,4.034,2.0,62467.294042,60796.001439
A_OB_1.9999999999999998_1.0_817,COM,0.268346,1.598706,0.79,4.384,2.678,64396.945823,60796.001439
A_OB_1.9999999999999998_1.0_818,COM,1.355726,4.039988,2.218,5.391,2.458,61481.440054,60796.001439
A_OB_1.9999999999999998_1.0_819,COM,0.577097,2.301879,2.345,5.479,2.899,64024.032316,60796.001439
A_OB_1.9999999999999998_1.0_820,COM,1.892158,5.382518,0.903,3.224,2.868,61435.823695,60796.001439
A_OB_1.9999999999999998_1.0_821,COM,0.149524,1.344142,1.926,1.546,5.393,62365.487642,60796.001439
A_OB_1.9999999999999998_1.0_822,COM,0.555103,2.328094,1.584,4.892,2.949,61657.234153,60796.001439
A_OB_1.9999999999999998_1.0_823,COM,1.412949,4.588553,0.858,1.786,4.365,63616.981407,60796.001439
A_OB_1.9999999999999998_1.0_824,COM,0.208687,1.522115,1.947,5.318,3.949,62718.578806,60796.001439
A_OB_1.9999999999999998_1.0_825,COM,1.10708,3.817345,1.507,2.288,3.905,63729.468489,60796.001439
A_OB_1.9999999999999998_1.0_826,COM,1.332087,4.484064,0.772,4.719,2.175,63501.542905,60796.001439
A_OB_1.9999999999999998_1.0_827,COM,1.309512,4.574621,1.112,3.007,3.485,63494.660364,60796.001439
A_OB_1.9999999999999998_1.0_828,COM,0.033267,1.096492,1.927,5.404,3.226,60962.75688,60796.001439
A_OB_1.9999999999999998_1.0_829,COM,1.320123,4.742464,2.144,4.677,2.292,63808.60596,60796.001439
A_OB_1.9999999999999998_1.0_830,COM,0.393354,2.151667,2.092,1.409,4.687,63282.751851,60796.001439
A_OB_1.9999999999999998_1.0_831,COM,1.101786,4.126484,1.999,1.564,4.012,63538.294808,60796.001439
A_OB_1.9999999999999998_1.0_832,COM,2.885677,9.642258,1.805,4.632,2.03,61181.64739,60796.001439
A_OB_1.9999999999999998_1.0_833,COM,1.099446,4.667493,2.295,1.028,4.128,62386.814485,60796.001439
A_OB_1.9999999999999998_1.0_834,COM,1.185414,5.930882,2.032,1.297,3.934,63959.642332,60796.001439
A_OB_1.9999999999999998_1.0_835,COM,1.372779,6.62483,0.735,2.3,3.975,62317.423566,60796.001439
A_OB_1.9999999999999998_1.0_836,COM,0.237227,2.043356,2.169,0.377,3.775,61460.580267,60796.001439
A_OB_1.9999999999999998_1.0_837,COM,1.552532,7.891937,0.605,3.408,3.393,64324.081175,60796.001439
