ObjID,H_g,u-r,g-r,i-r,z-r,y-r,GS
A_OB_1.7999999999999998_1.0_0,24.97,2.31,0.73,-0.33,-0.5,-0.68,0.15
A_OB_1.7999999999999998_1.0_1,24.42,2.31,0.73,-0.33,-0.5,-0.68,0.15
A_OB_1.7999999999999998_1.0_2,25.31,2.31,0.73,-0.33,-0.5,-0.68,0.15
A_OB_1.7999999999999998_1.0_3,24.7,2.31,0.73,-0.33,-0.5,-0.68,0.15
A_OB_1.7999999999999998_1.0_4,22.72,2.31,0.73,-0.33,-0.5,-0.68,0.15
A_OB_1.7999999999999998_1.0_5,24.85,2.31,0.73,-0.33,-0.5,-0.68,0.15
A_OB_1.7999999999999998_1.0_6,24.44,2.31,0.73,-0.33,-0.5,-0.68,0.15
A_OB_1.7999999999999998_1.0_7,24.19,2.31,0.73,-0.33,-0.5,-0.68,0.15
A_OB_1.7999999999999998_1.0_8,24.87,2.31,0.73,-0.33,-0.5,-0.68,0.15
A_OB_1.7999999999999998_1.0_9,23.95,2.31,0.73,-0.33,-0.5,-0.68,0.15
A_OB_1.7999999999999998_1.0_10,18.28,2.31,0.73,-0.33,-0.5,-0.68,0.15
A_OB_1.7999999999999998_1.0_11,24.17,2.31,0.73,-0.33,-0.5,-0.68,0.15
A_OB_1.7999999999999998_1.0_12,25.51,2.31,0.73,-0.33,-0.5,-0.68,0.15
A_OB_1.7999999999999998_1.0_13,25.44,2.31,0.73,-0.33,-0.5,-0.68,0.15
A_OB_1.7999999999999998_1.0_14,23.98,2.31,0.73,-0.33,-0.5,-0.68,0.15
A_OB_1.7999999999999998_1.0_15,23.0,2.31,0.73,-0.33,-0.5,-0.68,0.15
A_OB_1.7999999999999998_1.0_16,23.43,2.31,0.73,-0.33,-0.5,-0.68,0.15
A_OB_1.7999999999999998_1.0_17,24.33,2.31,0.73,-0.33,-0.5,-0.68,0.15
A_OB_1.7999999999999998_1.0_18,25.31,2.31,0.73,-0.33,-0.5,-0.68,0.15
A_OB_1.7999999999999998_1.0_19,25.32,2.31,0.73,-0.33,-0.5,-0.68,0.15
A_OB_1.7999999999999998_1.0_20,24.22,2.31,0.73,-0.33,-0.5,-0.68,0.15
A_OB_1.7999999999999998_1.0_21,22.47,2.31,0.73,-0.33,-0.5,-0.68,0.15
A_OB_1.7999999999999998_1.0_22,24.6,2.31,0.73,-0.33,-0.5,-0.68,0.15
A_OB_1.7999999999999998_1.0_23,20.28,2.31,0.73,-0.33,-0.5,-0.68,0.15
A_OB_1.7999999999999998_1.0_24,25.49,2.31,0.73,-0.33,-0.5,-0.68,0.15
A_OB_1.7999999999999998_1.0_25,25.1,2.31,0.73,-0.33,-0.5,-0.68,0.15
A_OB_1.7999999999999998_1.0_26,24.09,2.31,0.73,-0.33,-0.5,-0.68,0.15
A_OB_1.7999999999999998_1.0_27,24.54,2.31,0.73,-0.33,-0.5,-0.68,0.15
A_OB_1.7999999999999998_1.0_28,25.06,2.31,0.73,-0.33,-0.5,-0.68,0.15
A_OB_1.7999999999999998_1.0_29,25.61,2.31,0.73,-0.33,-0.5,-0.68,0.15
A_OB_1.7999999999999998_1.0_30,24.59,2.31,0.73,-0.33,-0.5,-0.68,0.15
A_OB_1.7999999999999998_1.0_31,25.1,2.31,0.73,-0.33,-0.5,-0.68,0.15
A_OB_1.7999999999999998_1.0_32,25.15,2.31,0.73,-0.33,-0.5,-0.68,0.15
A_OB_1.7999999999999998_1.0_33,24.26,2.31,0.73,-0.33,-0.5,-0.68,0.15
A_OB_1.7999999999999998_1.0_34,24.26,2.31,0.73,-0.33,-0.5,-0.68,0.15
A_OB_1.7999999999999998_1.0_35,25.56,2.31,0.73,-0.33,-0.5,-0.68,0.15
A_OB_1.7999999999999998_1.0_36,17.42,2.31,0.73,-0.33,-0.5,-0.68,0.15
A_OB_1.7999999999999998_1.0_37,23.54,2.31,0.73,-0.33,-0.5,-0.68,0.15
A_OB_1.7999999999999998_1.0_38,24.09,2.31,0.73,-0.33,-0.5,-0.68,0.15
A_OB_1.7999999999999998_1.0_39,25.13,2.31,0.73,-0.33,-0.5,-0.68,0.15
A_OB_1.7999999999999998_1.0_40,23.54,2.31,0.73,-0.33,-0.5,-0.68,0.15
A_OB_1.7999999999999998_1.0_41,25.02,2.31,0.73,-0.33,-0.5,-0.68,0.15
A_OB_1.7999999999999998_1.0_42,25.37,2.31,0.73,-0.33,-0.5,-0.68,0.15
A_OB_1.7999999999999998_1.0_43,24.6,2.31,0.73,-0.33,-0.5,-0.68,0.15
A_OB_1.7999999999999998_1.0_44,24.78,2.31,0.73,-0.33,-0.5,-0.68,0.15
A_OB_1.7999999999999998_1.0_45,23.35,2.31,0.73,-0.33,-0.5,-0.68,0.15
A_OB_1.7999999999999998_1.0_46,24.89,2.31,0.73,-0.33,-0.5,-0.68,0.15
A_OB_1.7999999999999998_1.0_47,25.24,2.31,0.73,-0.33,-0.5,-0.68,0.15
A_OB_1.7999999999999998_1.0_48,23.24,2.31,0.73,-0.33,-0.5,-0.68,0.15
A_OB_1.7999999999999998_1.0_49,20.55,2.31,0.73,-0.33,-0.5,-0.68,0.15
A_OB_1.7999999999999998_1.0_50,24.86,2.31,0.73,-0.33,-0.5,-0.68,0.15
A_OB_1.7999999999999998_1.0_51,24.74,2.31,0.73,-0.33,-0.5,-0.68,0.15
A_OB_1.7999999999999998_1.0_52,25.22,2.31,0.73,-0.33,-0.5,-0.68,0.15
A_OB_1.7999999999999998_1.0_53,23.9,2.31,0.73,-0.33,-0.5,-0.68,0.15
A_OB_1.7999999999999998_1.0_54,22.49,2.31,0.73,-0.33,-0.5,-0.68,0.15
A_OB_1.7999999999999998_1.0_55,24.37,2.31,0.73,-0.33,-0.5,-0.68,0.15
A_OB_1.7999999999999998_1.0_56,24.33,2.31,0.73,-0.33,-0.5,-0.68,0.15
A_OB_1.7999999999999998_1.0_57,25.45,2.31,0.73,-0.33,-0.5,-0.68,0.15
A_OB_1.7999999999999998_1.0_58,25.29,2.31,0.73,-0.33,-0.5,-0.68,0.15
A_OB_1.7999999999999998_1.0_59,22.82,2.31,0.73,-0.33,-0.5,-0.68,0.15
A_OB_1.7999999999999998_1.0_60,23.47,2.31,0.73,-0.33,-0.5,-0.68,0.15
A_OB_1.7999999999999998_1.0_61,20.88,2.31,0.73,-0.33,-0.5,-0.68,0.15
A_OB_1.7999999999999998_1.0_62,24.05,2.31,0.73,-0.33,-0.5,-0.68,0.15
A_OB_1.7999999999999998_1.0_63,25.09,2.31,0.73,-0.33,-0.5,-0.68,0.15
A_OB_1.7999999999999998_1.0_64,24.9,2.31,0.73,-0.33,-0.5,-0.68,0.15
A_OB_1.7999999999999998_1.0_65,25.1,2.31,0.73,-0.33,-0.5,-0.68,0.15
A_OB_1.7999999999999998_1.0_66,25.29,2.31,0.73,-0.33,-0.5,-0.68,0.15
A_OB_1.7999999999999998_1.0_67,24.51,2.31,0.73,-0.33,-0.5,-0.68,0.15
A_OB_1.7999999999999998_1.0_68,24.04,2.31,0.73,-0.33,-0.5,-0.68,0.15
A_OB_1.7999999999999998_1.0_69,23.02,2.31,0.73,-0.33,-0.5,-0.68,0.15
A_OB_1.7999999999999998_1.0_70,25.53,2.31,0.73,-0.33,-0.5,-0.68,0.15
A_OB_1.7999999999999998_1.0_71,24.64,2.31,0.73,-0.33,-0.5,-0.68,0.15
A_OB_1.7999999999999998_1.0_72,22.69,2.31,0.73,-0.33,-0.5,-0.68,0.15
A_OB_1.7999999999999998_1.0_73,25.19,2.31,0.73,-0.33,-0.5,-0.68,0.15
A_OB_1.7999999999999998_1.0_74,25.49,2.31,0.73,-0.33,-0.5,-0.68,0.15
A_OB_1.7999999999999998_1.0_75,24.16,2.31,0.73,-0.33,-0.5,-0.68,0.15
A_OB_1.7999999999999998_1.0_76,24.36,2.31,0.73,-0.33,-0.5,-0.68,0.15
A_OB_1.7999999999999998_1.0_77,22.79,2.31,0.73,-0.33,-0.5,-0.68,0.15
A_OB_1.7999999999999998_1.0_78,22.12,2.31,0.73,-0.33,-0.5,-0.68,0.15
A_OB_1.7999999999999998_1.0_79,25.31,2.31,0.73,-0.33,-0.5,-0.68,0.15
A_OB_1.7999999999999998_1.0_80,24.54,2.31,0.73,-0.33,-0.5,-0.68,0.15
A_OB_1.7999999999999998_1.0_81,25.19,2.31,0.73,-0.33,-0.5,-0.68,0.15
A_OB_1.7999999999999998_1.0_82,25.55,2.31,0.73,-0.33,-0.5,-0.68,0.15
A_OB_1.7999999999999998_1.0_83,25.54,2.31,0.73,-0.33,-0.5,-0.68,0.15
A_OB_1.7999999999999998_1.0_84,25.48,2.31,0.73,-0.33,-0.5,-0.68,0.15
A_OB_1.7999999999999998_1.0_85,24.61,2.31,0.73,-0.33,-0.5,-0.68,0.15
A_OB_1.7999999999999998_1.0_86,24.77,2.31,0.73,-0.33,-0.5,-0.68,0.15
A_OB_1.7999999999999998_1.0_87,22.62,2.31,0.73,-0.33,-0.5,-0.68,0.15
A_OB_1.7999999999999998_1.0_88,25.55,2.31,0.73,-0.33,-0.5,-0.68,0.15
A_OB_1.7999999999999998_1.0_89,19.06,2.31,0.73,-0.33,-0.5,-0.68,0.15
A_OB_1.7999999999999998_1.0_90,25.6,2.31,0.73,-0.33,-0.5,-0.68,0.15
A_OB_1.7999999999999998_1.0_91,24.77,2.31,0.73,-0.33,-0.5,-0.68,0.15
A_OB_1.7999999999999998_1.0_92,25.04,2.31,0.73,-0.33,-0.5,-0.68,0.15
A_OB_1.7999999999999998_1.0_93,25.27,2.31,0.73,-0.33,-0.5,-0.68,0.15
A_OB_1.7999999999999998_1.0_94,23.81,2.31,0.73,-0.33,-0.5,-0.68,0.15
A_OB_1.7999999999999998_1.0_95,17.94,2.31,0.73,-0.33,-0.5,-0.68,0.15
A_OB_1.7999999999999998_1.0_96,25.61,2.31,0.73,-0.33,-0.5,-0.68,0.15
A_OB_1.7999999999999998_1.0_97,23.81,2.31,0.73,-0.33,-0.5,-0.68,0.15
A_OB_1.7999999999999998_1.0_98,24.4,2.31,0.73,-0.33,-0.5,-0.68,0.15
A_OB_1.7999999999999998_1.0_99,23.96,2.31,0.73,-0.33,-0.5,-0.68,0.15
A_OB_1.7999999999999998_1.0_100,24.89,2.31,0.73,-0.33,-0.5,-0.68,0.15
A_OB_1.7999999999999998_1.0_101,25.16,2.31,0.73,-0.33,-0.5,-0.68,0.15
A_OB_1.7999999999999998_1.0_102,21.26,2.31,0.73,-0.33,-0.5,-0.68,0.15
A_OB_1.7999999999999998_1.0_103,23.77,2.31,0.73,-0.33,-0.5,-0.68,0.15
A_OB_1.7999999999999998_1.0_104,24.73,2.31,0.73,-0.33,-0.5,-0.68,0.15
A_OB_1.7999999999999998_1.0_105,25.1,2.31,0.73,-0.33,-0.5,-0.68,0.15
A_OB_1.7999999999999998_1.0_106,25.34,2.31,0.73,-0.33,-0.5,-0.68,0.15
A_OB_1.7999999999999998_1.0_107,25.51,2.31,0.73,-0.33,-0.5,-0.68,0.15
A_OB_1.7999999999999998_1.0_108,25.46,2.31,0.73,-0.33,-0.5,-0.68,0.15
A_OB_1.7999999999999998_1.0_109,25.34,2.31,0.73,-0.33,-0.5,-0.68,0.15
A_OB_1.7999999999999998_1.0_110,23.94,2.31,0.73,-0.33,-0.5,-0.68,0.15
A_OB_1.7999999999999998_1.0_111,24.47,2.31,0.73,-0.33,-0.5,-0.68,0.15
A_OB_1.7999999999999998_1.0_112,25.56,2.31,0.73,-0.33,-0.5,-0.68,0.15
A_OB_1.7999999999999998_1.0_113,24.76,2.31,0.73,-0.33,-0.5,-0.68,0.15
A_OB_1.7999999999999998_1.0_114,25.29,2.31,0.73,-0.33,-0.5,-0.68,0.15
A_OB_1.7999999999999998_1.0_115,25.11,2.31,0.73,-0.33,-0.5,-0.68,0.15
A_OB_1.7999999999999998_1.0_116,24.05,2.31,0.73,-0.33,-0.5,-0.68,0.15
A_OB_1.7999999999999998_1.0_117,24.38,2.31,0.73,-0.33,-0.5,-0.68,0.15
A_OB_1.7999999999999998_1.0_118,23.21,2.31,0.73,-0.33,-0.5,-0.68,0.15
A_OB_1.7999999999999998_1.0_119,24.85,2.31,0.73,-0.33,-0.5,-0.68,0.15
A_OB_1.7999999999999998_1.0_120,25.59,2.31,0.73,-0.33,-0.5,-0.68,0.15
A_OB_1.7999999999999998_1.0_121,23.18,2.31,0.73,-0.33,-0.5,-0.68,0.15
A_OB_1.7999999999999998_1.0_122,24.5,2.31,0.73,-0.33,-0.5,-0.68,0.15
A_OB_1.7999999999999998_1.0_123,24.86,2.31,0.73,-0.33,-0.5,-0.68,0.15
A_OB_1.7999999999999998_1.0_124,24.93,2.31,0.73,-0.33,-0.5,-0.68,0.15
A_OB_1.7999999999999998_1.0_125,21.79,2.31,0.73,-0.33,-0.5,-0.68,0.15
A_OB_1.7999999999999998_1.0_126,25.25,2.31,0.73,-0.33,-0.5,-0.68,0.15
A_OB_1.7999999999999998_1.0_127,22.99,2.31,0.73,-0.33,-0.5,-0.68,0.15
A_OB_1.7999999999999998_1.0_128,25.29,2.31,0.73,-0.33,-0.5,-0.68,0.15
A_OB_1.7999999999999998_1.0_129,23.41,2.31,0.73,-0.33,-0.5,-0.68,0.15
A_OB_1.7999999999999998_1.0_130,20.7,2.31,0.73,-0.33,-0.5,-0.68,0.15
A_OB_1.7999999999999998_1.0_131,24.67,2.31,0.73,-0.33,-0.5,-0.68,0.15
A_OB_1.7999999999999998_1.0_132,24.57,2.31,0.73,-0.33,-0.5,-0.68,0.15
A_OB_1.7999999999999998_1.0_133,25.51,2.31,0.73,-0.33,-0.5,-0.68,0.15
A_OB_1.7999999999999998_1.0_134,25.13,2.31,0.73,-0.33,-0.5,-0.68,0.15
A_OB_1.7999999999999998_1.0_135,25.01,2.31,0.73,-0.33,-0.5,-0.68,0.15
A_OB_1.7999999999999998_1.0_136,25.38,2.31,0.73,-0.33,-0.5,-0.68,0.15
A_OB_1.7999999999999998_1.0_137,23.88,2.31,0.73,-0.33,-0.5,-0.68,0.15
A_OB_1.7999999999999998_1.0_138,25.19,2.31,0.73,-0.33,-0.5,-0.68,0.15
A_OB_1.7999999999999998_1.0_139,25.11,2.31,0.73,-0.33,-0.5,-0.68,0.15
A_OB_1.7999999999999998_1.0_140,25.3,2.31,0.73,-0.33,-0.5,-0.68,0.15
A_OB_1.7999999999999998_1.0_141,25.02,2.31,0.73,-0.33,-0.5,-0.68,0.15
A_OB_1.7999999999999998_1.0_142,21.5,2.31,0.73,-0.33,-0.5,-0.68,0.15
A_OB_1.7999999999999998_1.0_143,24.91,2.31,0.73,-0.33,-0.5,-0.68,0.15
A_OB_1.7999999999999998_1.0_144,24.49,2.31,0.73,-0.33,-0.5,-0.68,0.15
A_OB_1.7999999999999998_1.0_145,24.05,2.31,0.73,-0.33,-0.5,-0.68,0.15
A_OB_1.7999999999999998_1.0_146,23.49,2.31,0.73,-0.33,-0.5,-0.68,0.15
A_OB_1.7999999999999998_1.0_147,24.66,2.31,0.73,-0.33,-0.5,-0.68,0.15
A_OB_1.7999999999999998_1.0_148,24.08,2.31,0.73,-0.33,-0.5,-0.68,0.15
A_OB_1.7999999999999998_1.0_149,24.58,2.31,0.73,-0.33,-0.5,-0.68,0.15
A_OB_1.7999999999999998_1.0_150,25.38,2.31,0.73,-0.33,-0.5,-0.68,0.15
A_OB_1.7999999999999998_1.0_151,25.14,2.31,0.73,-0.33,-0.5,-0.68,0.15
A_OB_1.7999999999999998_1.0_152,24.39,2.31,0.73,-0.33,-0.5,-0.68,0.15
A_OB_1.7999999999999998_1.0_153,23.33,2.31,0.73,-0.33,-0.5,-0.68,0.15
A_OB_1.7999999999999998_1.0_154,21.16,2.31,0.73,-0.33,-0.5,-0.68,0.15
A_OB_1.7999999999999998_1.0_155,25.09,2.31,0.73,-0.33,-0.5,-0.68,0.15
A_OB_1.7999999999999998_1.0_156,24.38,2.31,0.73,-0.33,-0.5,-0.68,0.15
A_OB_1.7999999999999998_1.0_157,25.51,2.31,0.73,-0.33,-0.5,-0.68,0.15
A_OB_1.7999999999999998_1.0_158,25.28,2.31,0.73,-0.33,-0.5,-0.68,0.15
A_OB_1.7999999999999998_1.0_159,25.01,2.31,0.73,-0.33,-0.5,-0.68,0.15
A_OB_1.7999999999999998_1.0_160,25.32,2.31,0.73,-0.33,-0.5,-0.68,0.15
A_OB_1.7999999999999998_1.0_161,25.23,2.31,0.73,-0.33,-0.5,-0.68,0.15
A_OB_1.7999999999999998_1.0_162,24.66,2.31,0.73,-0.33,-0.5,-0.68,0.15
A_OB_1.7999999999999998_1.0_163,24.7,2.31,0.73,-0.33,-0.5,-0.68,0.15
A_OB_1.7999999999999998_1.0_164,21.34,2.31,0.73,-0.33,-0.5,-0.68,0.15
A_OB_1.7999999999999998_1.0_165,24.52,2.31,0.73,-0.33,-0.5,-0.68,0.15
A_OB_1.7999999999999998_1.0_166,24.46,2.31,0.73,-0.33,-0.5,-0.68,0.15
A_OB_1.7999999999999998_1.0_167,24.95,2.31,0.73,-0.33,-0.5,-0.68,0.15
A_OB_1.7999999999999998_1.0_168,23.74,2.31,0.73,-0.33,-0.5,-0.68,0.15
A_OB_1.7999999999999998_1.0_169,24.99,2.31,0.73,-0.33,-0.5,-0.68,0.15
A_OB_1.7999999999999998_1.0_170,23.94,2.31,0.73,-0.33,-0.5,-0.68,0.15
A_OB_1.7999999999999998_1.0_171,21.32,2.31,0.73,-0.33,-0.5,-0.68,0.15
A_OB_1.7999999999999998_1.0_172,19.72,2.31,0.73,-0.33,-0.5,-0.68,0.15
A_OB_1.7999999999999998_1.0_173,22.67,2.31,0.73,-0.33,-0.5,-0.68,0.15
A_OB_1.7999999999999998_1.0_174,24.29,2.31,0.73,-0.33,-0.5,-0.68,0.15
A_OB_1.7999999999999998_1.0_175,25.46,2.31,0.73,-0.33,-0.5,-0.68,0.15
A_OB_1.7999999999999998_1.0_176,18.04,2.31,0.73,-0.33,-0.5,-0.68,0.15
A_OB_1.7999999999999998_1.0_177,14.01,2.31,0.73,-0.33,-0.5,-0.68,0.15
A_OB_1.7999999999999998_1.0_178,25.02,2.31,0.73,-0.33,-0.5,-0.68,0.15
A_OB_1.7999999999999998_1.0_179,23.4,2.31,0.73,-0.33,-0.5,-0.68,0.15
A_OB_1.7999999999999998_1.0_180,24.95,2.31,0.73,-0.33,-0.5,-0.68,0.15
A_OB_1.7999999999999998_1.0_181,15.79,2.31,0.73,-0.33,-0.5,-0.68,0.15
A_OB_1.7999999999999998_1.0_182,24.95,2.31,0.73,-0.33,-0.5,-0.68,0.15
A_OB_1.7999999999999998_1.0_183,24.75,2.31,0.73,-0.33,-0.5,-0.68,0.15
A_OB_1.7999999999999998_1.0_184,25.48,2.31,0.73,-0.33,-0.5,-0.68,0.15
A_OB_1.7999999999999998_1.0_185,24.49,2.31,0.73,-0.33,-0.5,-0.68,0.15
A_OB_1.7999999999999998_1.0_186,24.89,2.31,0.73,-0.33,-0.5,-0.68,0.15
A_OB_1.7999999999999998_1.0_187,24.94,2.31,0.73,-0.33,-0.5,-0.68,0.15
A_OB_1.7999999999999998_1.0_188,24.72,2.31,0.73,-0.33,-0.5,-0.68,0.15
A_OB_1.7999999999999998_1.0_189,25.11,2.31,0.73,-0.33,-0.5,-0.68,0.15
A_OB_1.7999999999999998_1.0_190,23.5,2.31,0.73,-0.33,-0.5,-0.68,0.15
A_OB_1.7999999999999998_1.0_191,23.66,2.31,0.73,-0.33,-0.5,-0.68,0.15
A_OB_1.7999999999999998_1.0_192,25.56,2.31,0.73,-0.33,-0.5,-0.68,0.15
A_OB_1.7999999999999998_1.0_193,23.05,2.31,0.73,-0.33,-0.5,-0.68,0.15
A_OB_1.7999999999999998_1.0_194,23.71,2.31,0.73,-0.33,-0.5,-0.68,0.15
A_OB_1.7999999999999998_1.0_195,25.32,2.31,0.73,-0.33,-0.5,-0.68,0.15
A_OB_1.7999999999999998_1.0_196,23.51,2.31,0.73,-0.33,-0.5,-0.68,0.15
A_OB_1.7999999999999998_1.0_197,25.45,2.31,0.73,-0.33,-0.5,-0.68,0.15
A_OB_1.7999999999999998_1.0_198,24.49,2.31,0.73,-0.33,-0.5,-0.68,0.15
A_OB_1.7999999999999998_1.0_199,22.55,2.31,0.73,-0.33,-0.5,-0.68,0.15
A_OB_1.7999999999999998_1.0_200,25.39,2.31,0.73,-0.33,-0.5,-0.68,0.15
A_OB_1.7999999999999998_1.0_201,22.3,2.31,0.73,-0.33,-0.5,-0.68,0.15
A_OB_1.7999999999999998_1.0_202,23.84,2.31,0.73,-0.33,-0.5,-0.68,0.15
A_OB_1.7999999999999998_1.0_203,17.8,2.31,0.73,-0.33,-0.5,-0.68,0.15
A_OB_1.7999999999999998_1.0_204,24.82,2.31,0.73,-0.33,-0.5,-0.68,0.15
A_OB_1.7999999999999998_1.0_205,24.87,2.31,0.73,-0.33,-0.5,-0.68,0.15
A_OB_1.7999999999999998_1.0_206,25.5,2.31,0.73,-0.33,-0.5,-0.68,0.15
A_OB_1.7999999999999998_1.0_207,22.15,2.31,0.73,-0.33,-0.5,-0.68,0.15
A_OB_1.7999999999999998_1.0_208,25.49,2.31,0.73,-0.33,-0.5,-0.68,0.15
A_OB_1.7999999999999998_1.0_209,23.45,2.31,0.73,-0.33,-0.5,-0.68,0.15
A_OB_1.7999999999999998_1.0_210,25.57,2.31,0.73,-0.33,-0.5,-0.68,0.15
A_OB_1.7999999999999998_1.0_211,22.28,2.31,0.73,-0.33,-0.5,-0.68,0.15
A_OB_1.7999999999999998_1.0_212,25.15,2.31,0.73,-0.33,-0.5,-0.68,0.15
A_OB_1.7999999999999998_1.0_213,25.21,2.31,0.73,-0.33,-0.5,-0.68,0.15
A_OB_1.7999999999999998_1.0_214,22.88,2.31,0.73,-0.33,-0.5,-0.68,0.15
A_OB_1.7999999999999998_1.0_215,25.33,2.31,0.73,-0.33,-0.5,-0.68,0.15
A_OB_1.7999999999999998_1.0_216,24.72,2.31,0.73,-0.33,-0.5,-0.68,0.15
A_OB_1.7999999999999998_1.0_217,25.32,2.31,0.73,-0.33,-0.5,-0.68,0.15
A_OB_1.7999999999999998_1.0_218,23.78,2.31,0.73,-0.33,-0.5,-0.68,0.15
A_OB_1.7999999999999998_1.0_219,24.97,2.31,0.73,-0.33,-0.5,-0.68,0.15
A_OB_1.7999999999999998_1.0_220,19.52,2.31,0.73,-0.33,-0.5,-0.68,0.15
A_OB_1.7999999999999998_1.0_221,25.23,2.31,0.73,-0.33,-0.5,-0.68,0.15
A_OB_1.7999999999999998_1.0_222,24.21,2.31,0.73,-0.33,-0.5,-0.68,0.15
A_OB_1.7999999999999998_1.0_223,24.75,2.31,0.73,-0.33,-0.5,-0.68,0.15
A_OB_1.7999999999999998_1.0_224,22.25,2.31,0.73,-0.33,-0.5,-0.68,0.15
A_OB_1.7999999999999998_1.0_225,25.12,2.31,0.73,-0.33,-0.5,-0.68,0.15
A_OB_1.7999999999999998_1.0_226,24.5,2.31,0.73,-0.33,-0.5,-0.68,0.15
A_OB_1.7999999999999998_1.0_227,24.29,2.31,0.73,-0.33,-0.5,-0.68,0.15
A_OB_1.7999999999999998_1.0_228,22.31,2.31,0.73,-0.33,-0.5,-0.68,0.15
A_OB_1.7999999999999998_1.0_229,25.23,2.31,0.73,-0.33,-0.5,-0.68,0.15
A_OB_1.7999999999999998_1.0_230,23.07,2.31,0.73,-0.33,-0.5,-0.68,0.15
A_OB_1.7999999999999998_1.0_231,24.1,2.31,0.73,-0.33,-0.5,-0.68,0.15
A_OB_1.7999999999999998_1.0_232,24.57,2.31,0.73,-0.33,-0.5,-0.68,0.15
A_OB_1.7999999999999998_1.0_233,23.63,2.31,0.73,-0.33,-0.5,-0.68,0.15
A_OB_1.7999999999999998_1.0_234,24.91,2.31,0.73,-0.33,-0.5,-0.68,0.15
A_OB_1.7999999999999998_1.0_235,22.78,2.31,0.73,-0.33,-0.5,-0.68,0.15
A_OB_1.7999999999999998_1.0_236,25.32,2.31,0.73,-0.33,-0.5,-0.68,0.15
A_OB_1.7999999999999998_1.0_237,24.58,2.31,0.73,-0.33,-0.5,-0.68,0.15
A_OB_1.7999999999999998_1.0_238,23.69,2.31,0.73,-0.33,-0.5,-0.68,0.15
A_OB_1.7999999999999998_1.0_239,21.25,2.31,0.73,-0.33,-0.5,-0.68,0.15
A_OB_1.7999999999999998_1.0_240,22.38,2.31,0.73,-0.33,-0.5,-0.68,0.15
A_OB_1.7999999999999998_1.0_241,24.91,2.31,0.73,-0.33,-0.5,-0.68,0.15
A_OB_1.7999999999999998_1.0_242,17.34,2.31,0.73,-0.33,-0.5,-0.68,0.15
A_OB_1.7999999999999998_1.0_243,24.95,2.31,0.73,-0.33,-0.5,-0.68,0.15
A_OB_1.7999999999999998_1.0_244,23.4,2.31,0.73,-0.33,-0.5,-0.68,0.15
A_OB_1.7999999999999998_1.0_245,23.49,2.31,0.73,-0.33,-0.5,-0.68,0.15
A_OB_1.7999999999999998_1.0_246,25.17,2.31,0.73,-0.33,-0.5,-0.68,0.15
A_OB_1.7999999999999998_1.0_247,25.57,2.31,0.73,-0.33,-0.5,-0.68,0.15
A_OB_1.7999999999999998_1.0_248,24.65,2.31,0.73,-0.33,-0.5,-0.68,0.15
A_OB_1.7999999999999998_1.0_249,22.6,2.31,0.73,-0.33,-0.5,-0.68,0.15
A_OB_1.7999999999999998_1.0_250,25.41,2.31,0.73,-0.33,-0.5,-0.68,0.15
A_OB_1.7999999999999998_1.0_251,23.54,2.31,0.73,-0.33,-0.5,-0.68,0.15
A_OB_1.7999999999999998_1.0_252,24.1,2.31,0.73,-0.33,-0.5,-0.68,0.15
A_OB_1.7999999999999998_1.0_253,24.23,2.31,0.73,-0.33,-0.5,-0.68,0.15
A_OB_1.7999999999999998_1.0_254,25.53,2.31,0.73,-0.33,-0.5,-0.68,0.15
A_OB_1.7999999999999998_1.0_255,23.86,2.31,0.73,-0.33,-0.5,-0.68,0.15
A_OB_1.7999999999999998_1.0_256,25.42,2.31,0.73,-0.33,-0.5,-0.68,0.15
A_OB_1.7999999999999998_1.0_257,24.74,2.31,0.73,-0.33,-0.5,-0.68,0.15
A_OB_1.7999999999999998_1.0_258,24.77,2.31,0.73,-0.33,-0.5,-0.68,0.15
A_OB_1.7999999999999998_1.0_259,24.09,2.31,0.73,-0.33,-0.5,-0.68,0.15
A_OB_1.7999999999999998_1.0_260,25.56,2.31,0.73,-0.33,-0.5,-0.68,0.15
A_OB_1.7999999999999998_1.0_261,23.47,2.31,0.73,-0.33,-0.5,-0.68,0.15
A_OB_1.7999999999999998_1.0_262,24.37,2.31,0.73,-0.33,-0.5,-0.68,0.15
A_OB_1.7999999999999998_1.0_263,25.44,2.31,0.73,-0.33,-0.5,-0.68,0.15
A_OB_1.7999999999999998_1.0_264,24.49,2.31,0.73,-0.33,-0.5,-0.68,0.15
A_OB_1.7999999999999998_1.0_265,25.37,2.31,0.73,-0.33,-0.5,-0.68,0.15
A_OB_1.7999999999999998_1.0_266,23.81,2.31,0.73,-0.33,-0.5,-0.68,0.15
A_OB_1.7999999999999998_1.0_267,22.68,2.31,0.73,-0.33,-0.5,-0.68,0.15
A_OB_1.7999999999999998_1.0_268,21.2,2.31,0.73,-0.33,-0.5,-0.68,0.15
A_OB_1.7999999999999998_1.0_269,24.84,2.31,0.73,-0.33,-0.5,-0.68,0.15
A_OB_1.7999999999999998_1.0_270,25.12,2.31,0.73,-0.33,-0.5,-0.68,0.15
A_OB_1.7999999999999998_1.0_271,25.39,2.31,0.73,-0.33,-0.5,-0.68,0.15
A_OB_1.7999999999999998_1.0_272,25.33,2.31,0.73,-0.33,-0.5,-0.68,0.15
A_OB_1.7999999999999998_1.0_273,24.98,2.31,0.73,-0.33,-0.5,-0.68,0.15
A_OB_1.7999999999999998_1.0_274,25.32,2.31,0.73,-0.33,-0.5,-0.68,0.15
A_OB_1.7999999999999998_1.0_275,23.17,2.31,0.73,-0.33,-0.5,-0.68,0.15
A_OB_1.7999999999999998_1.0_276,19.01,2.31,0.73,-0.33,-0.5,-0.68,0.15
A_OB_1.7999999999999998_1.0_277,24.79,2.31,0.73,-0.33,-0.5,-0.68,0.15
A_OB_1.7999999999999998_1.0_278,24.43,2.31,0.73,-0.33,-0.5,-0.68,0.15
A_OB_1.7999999999999998_1.0_279,23.92,2.31,0.73,-0.33,-0.5,-0.68,0.15
A_OB_1.7999999999999998_1.0_280,24.21,2.31,0.73,-0.33,-0.5,-0.68,0.15
A_OB_1.7999999999999998_1.0_281,25.0,2.31,0.73,-0.33,-0.5,-0.68,0.15
A_OB_1.7999999999999998_1.0_282,24.77,2.31,0.73,-0.33,-0.5,-0.68,0.15
A_OB_1.7999999999999998_1.0_283,25.57,2.31,0.73,-0.33,-0.5,-0.68,0.15
A_OB_1.7999999999999998_1.0_284,25.11,2.31,0.73,-0.33,-0.5,-0.68,0.15
A_OB_1.7999999999999998_1.0_285,22.78,2.31,0.73,-0.33,-0.5,-0.68,0.15
A_OB_1.7999999999999998_1.0_286,24.55,2.31,0.73,-0.33,-0.5,-0.68,0.15
A_OB_1.7999999999999998_1.0_287,23.87,2.31,0.73,-0.33,-0.5,-0.68,0.15
A_OB_1.7999999999999998_1.0_288,21.14,2.31,0.73,-0.33,-0.5,-0.68,0.15
A_OB_1.7999999999999998_1.0_289,21.42,2.31,0.73,-0.33,-0.5,-0.68,0.15
A_OB_1.7999999999999998_1.0_290,25.01,2.31,0.73,-0.33,-0.5,-0.68,0.15
A_OB_1.7999999999999998_1.0_291,25.6,2.31,0.73,-0.33,-0.5,-0.68,0.15
A_OB_1.7999999999999998_1.0_292,25.28,2.31,0.73,-0.33,-0.5,-0.68,0.15
A_OB_1.7999999999999998_1.0_293,25.14,2.31,0.73,-0.33,-0.5,-0.68,0.15
A_OB_1.7999999999999998_1.0_294,23.39,2.31,0.73,-0.33,-0.5,-0.68,0.15
A_OB_1.7999999999999998_1.0_295,25.26,2.31,0.73,-0.33,-0.5,-0.68,0.15
A_OB_1.7999999999999998_1.0_296,25.11,2.31,0.73,-0.33,-0.5,-0.68,0.15
A_OB_1.7999999999999998_1.0_297,24.81,2.31,0.73,-0.33,-0.5,-0.68,0.15
A_OB_1.7999999999999998_1.0_298,25.49,2.31,0.73,-0.33,-0.5,-0.68,0.15
A_OB_1.7999999999999998_1.0_299,22.76,2.31,0.73,-0.33,-0.5,-0.68,0.15
A_OB_1.7999999999999998_1.0_300,24.97,2.31,0.73,-0.33,-0.5,-0.68,0.15
A_OB_1.7999999999999998_1.0_301,20.8,2.31,0.73,-0.33,-0.5,-0.68,0.15
A_OB_1.7999999999999998_1.0_302,25.06,2.31,0.73,-0.33,-0.5,-0.68,0.15
A_OB_1.7999999999999998_1.0_303,24.41,2.31,0.73,-0.33,-0.5,-0.68,0.15
A_OB_1.7999999999999998_1.0_304,20.45,2.31,0.73,-0.33,-0.5,-0.68,0.15
A_OB_1.7999999999999998_1.0_305,24.25,2.31,0.73,-0.33,-0.5,-0.68,0.15
A_OB_1.7999999999999998_1.0_306,22.86,2.31,0.73,-0.33,-0.5,-0.68,0.15
A_OB_1.7999999999999998_1.0_307,25.01,2.31,0.73,-0.33,-0.5,-0.68,0.15
A_OB_1.7999999999999998_1.0_308,24.21,2.31,0.73,-0.33,-0.5,-0.68,0.15
A_OB_1.7999999999999998_1.0_309,23.82,2.31,0.73,-0.33,-0.5,-0.68,0.15
A_OB_1.7999999999999998_1.0_310,25.55,2.31,0.73,-0.33,-0.5,-0.68,0.15
A_OB_1.7999999999999998_1.0_311,25.44,2.31,0.73,-0.33,-0.5,-0.68,0.15
A_OB_1.7999999999999998_1.0_312,24.77,2.31,0.73,-0.33,-0.5,-0.68,0.15
A_OB_1.7999999999999998_1.0_313,24.54,2.31,0.73,-0.33,-0.5,-0.68,0.15
A_OB_1.7999999999999998_1.0_314,24.27,2.31,0.73,-0.33,-0.5,-0.68,0.15
A_OB_1.7999999999999998_1.0_315,25.25,2.31,0.73,-0.33,-0.5,-0.68,0.15
A_OB_1.7999999999999998_1.0_316,24.94,2.31,0.73,-0.33,-0.5,-0.68,0.15
A_OB_1.7999999999999998_1.0_317,25.13,2.31,0.73,-0.33,-0.5,-0.68,0.15
A_OB_1.7999999999999998_1.0_318,25.1,2.31,0.73,-0.33,-0.5,-0.68,0.15
A_OB_1.7999999999999998_1.0_319,24.62,2.31,0.73,-0.33,-0.5,-0.68,0.15
A_OB_1.7999999999999998_1.0_320,24.31,2.31,0.73,-0.33,-0.5,-0.68,0.15
A_OB_1.7999999999999998_1.0_321,25.6,2.31,0.73,-0.33,-0.5,-0.68,0.15
A_OB_1.7999999999999998_1.0_322,23.04,2.31,0.73,-0.33,-0.5,-0.68,0.15
A_OB_1.7999999999999998_1.0_323,20.33,2.31,0.73,-0.33,-0.5,-0.68,0.15
A_OB_1.7999999999999998_1.0_324,25.22,2.31,0.73,-0.33,-0.5,-0.68,0.15
A_OB_1.7999999999999998_1.0_325,25.05,2.31,0.73,-0.33,-0.5,-0.68,0.15
A_OB_1.7999999999999998_1.0_326,20.1,2.31,0.73,-0.33,-0.5,-0.68,0.15
A_OB_1.7999999999999998_1.0_327,22.07,2.31,0.73,-0.33,-0.5,-0.68,0.15
A_OB_1.7999999999999998_1.0_328,14.98,2.31,0.73,-0.33,-0.5,-0.68,0.15
A_OB_1.7999999999999998_1.0_329,24.39,2.31,0.73,-0.33,-0.5,-0.68,0.15
A_OB_1.7999999999999998_1.0_330,25.22,2.31,0.73,-0.33,-0.5,-0.68,0.15
A_OB_1.7999999999999998_1.0_331,25.34,2.31,0.73,-0.33,-0.5,-0.68,0.15
A_OB_1.7999999999999998_1.0_332,25.09,2.31,0.73,-0.33,-0.5,-0.68,0.15
A_OB_1.7999999999999998_1.0_333,25.55,2.31,0.73,-0.33,-0.5,-0.68,0.15
A_OB_1.7999999999999998_1.0_334,25.59,2.31,0.73,-0.33,-0.5,-0.68,0.15
A_OB_1.7999999999999998_1.0_335,19.3,2.31,0.73,-0.33,-0.5,-0.68,0.15
A_OB_1.7999999999999998_1.0_336,25.34,2.31,0.73,-0.33,-0.5,-0.68,0.15
A_OB_1.7999999999999998_1.0_337,23.6,2.31,0.73,-0.33,-0.5,-0.68,0.15
A_OB_1.7999999999999998_1.0_338,25.23,2.31,0.73,-0.33,-0.5,-0.68,0.15
A_OB_1.7999999999999998_1.0_339,23.55,2.31,0.73,-0.33,-0.5,-0.68,0.15
A_OB_1.7999999999999998_1.0_340,25.02,2.31,0.73,-0.33,-0.5,-0.68,0.15
A_OB_1.7999999999999998_1.0_341,21.84,2.31,0.73,-0.33,-0.5,-0.68,0.15
A_OB_1.7999999999999998_1.0_342,24.87,2.31,0.73,-0.33,-0.5,-0.68,0.15
A_OB_1.7999999999999998_1.0_343,23.01,2.31,0.73,-0.33,-0.5,-0.68,0.15
A_OB_1.7999999999999998_1.0_344,24.41,2.31,0.73,-0.33,-0.5,-0.68,0.15
A_OB_1.7999999999999998_1.0_345,23.87,2.31,0.73,-0.33,-0.5,-0.68,0.15
A_OB_1.7999999999999998_1.0_346,25.15,2.31,0.73,-0.33,-0.5,-0.68,0.15
A_OB_1.7999999999999998_1.0_347,25.15,2.31,0.73,-0.33,-0.5,-0.68,0.15
A_OB_1.7999999999999998_1.0_348,23.39,2.31,0.73,-0.33,-0.5,-0.68,0.15
A_OB_1.7999999999999998_1.0_349,24.84,2.31,0.73,-0.33,-0.5,-0.68,0.15
A_OB_1.7999999999999998_1.0_350,20.49,2.31,0.73,-0.33,-0.5,-0.68,0.15
A_OB_1.7999999999999998_1.0_351,23.97,2.31,0.73,-0.33,-0.5,-0.68,0.15
A_OB_1.7999999999999998_1.0_352,24.37,2.31,0.73,-0.33,-0.5,-0.68,0.15
A_OB_1.7999999999999998_1.0_353,25.14,2.31,0.73,-0.33,-0.5,-0.68,0.15
A_OB_1.7999999999999998_1.0_354,24.75,2.31,0.73,-0.33,-0.5,-0.68,0.15
A_OB_1.7999999999999998_1.0_355,22.71,2.31,0.73,-0.33,-0.5,-0.68,0.15
A_OB_1.7999999999999998_1.0_356,22.65,2.31,0.73,-0.33,-0.5,-0.68,0.15
A_OB_1.7999999999999998_1.0_357,18.99,2.31,0.73,-0.33,-0.5,-0.68,0.15
A_OB_1.7999999999999998_1.0_358,24.04,2.31,0.73,-0.33,-0.5,-0.68,0.15
A_OB_1.7999999999999998_1.0_359,25.59,2.31,0.73,-0.33,-0.5,-0.68,0.15
A_OB_1.7999999999999998_1.0_360,25.38,2.31,0.73,-0.33,-0.5,-0.68,0.15
A_OB_1.7999999999999998_1.0_361,22.4,2.31,0.73,-0.33,-0.5,-0.68,0.15
A_OB_1.7999999999999998_1.0_362,25.61,2.31,0.73,-0.33,-0.5,-0.68,0.15
A_OB_1.7999999999999998_1.0_363,18.83,2.31,0.73,-0.33,-0.5,-0.68,0.15
A_OB_1.7999999999999998_1.0_364,25.6,2.31,0.73,-0.33,-0.5,-0.68,0.15
A_OB_1.7999999999999998_1.0_365,24.97,2.31,0.73,-0.33,-0.5,-0.68,0.15
A_OB_1.7999999999999998_1.0_366,24.84,2.31,0.73,-0.33,-0.5,-0.68,0.15
A_OB_1.7999999999999998_1.0_367,24.83,2.31,0.73,-0.33,-0.5,-0.68,0.15
A_OB_1.7999999999999998_1.0_368,25.52,2.31,0.73,-0.33,-0.5,-0.68,0.15
A_OB_1.7999999999999998_1.0_369,25.35,2.31,0.73,-0.33,-0.5,-0.68,0.15
A_OB_1.7999999999999998_1.0_370,25.41,2.31,0.73,-0.33,-0.5,-0.68,0.15
A_OB_1.7999999999999998_1.0_371,23.61,2.31,0.73,-0.33,-0.5,-0.68,0.15
A_OB_1.7999999999999998_1.0_372,25.34,2.31,0.73,-0.33,-0.5,-0.68,0.15
A_OB_1.7999999999999998_1.0_373,22.69,2.31,0.73,-0.33,-0.5,-0.68,0.15
A_OB_1.7999999999999998_1.0_374,21.18,2.31,0.73,-0.33,-0.5,-0.68,0.15
A_OB_1.7999999999999998_1.0_375,24.39,2.31,0.73,-0.33,-0.5,-0.68,0.15
A_OB_1.7999999999999998_1.0_376,25.39,2.31,0.73,-0.33,-0.5,-0.68,0.15
A_OB_1.7999999999999998_1.0_377,17.96,2.31,0.73,-0.33,-0.5,-0.68,0.15
A_OB_1.7999999999999998_1.0_378,25.47,2.31,0.73,-0.33,-0.5,-0.68,0.15
A_OB_1.7999999999999998_1.0_379,25.16,2.31,0.73,-0.33,-0.5,-0.68,0.15
A_OB_1.7999999999999998_1.0_380,25.42,2.31,0.73,-0.33,-0.5,-0.68,0.15
A_OB_1.7999999999999998_1.0_381,24.4,2.31,0.73,-0.33,-0.5,-0.68,0.15
A_OB_1.7999999999999998_1.0_382,25.56,2.31,0.73,-0.33,-0.5,-0.68,0.15
A_OB_1.7999999999999998_1.0_383,23.12,2.31,0.73,-0.33,-0.5,-0.68,0.15
A_OB_1.7999999999999998_1.0_384,25.19,2.31,0.73,-0.33,-0.5,-0.68,0.15
A_OB_1.7999999999999998_1.0_385,24.86,2.31,0.73,-0.33,-0.5,-0.68,0.15
A_OB_1.7999999999999998_1.0_386,24.18,2.31,0.73,-0.33,-0.5,-0.68,0.15
A_OB_1.7999999999999998_1.0_387,22.35,2.31,0.73,-0.33,-0.5,-0.68,0.15
A_OB_1.7999999999999998_1.0_388,23.74,2.31,0.73,-0.33,-0.5,-0.68,0.15
A_OB_1.7999999999999998_1.0_389,25.51,2.31,0.73,-0.33,-0.5,-0.68,0.15
A_OB_1.7999999999999998_1.0_390,18.56,2.31,0.73,-0.33,-0.5,-0.68,0.15
A_OB_1.7999999999999998_1.0_391,25.31,2.31,0.73,-0.33,-0.5,-0.68,0.15
A_OB_1.7999999999999998_1.0_392,25.54,2.31,0.73,-0.33,-0.5,-0.68,0.15
A_OB_1.7999999999999998_1.0_393,25.29,2.31,0.73,-0.33,-0.5,-0.68,0.15
A_OB_1.7999999999999998_1.0_394,23.5,2.31,0.73,-0.33,-0.5,-0.68,0.15
A_OB_1.7999999999999998_1.0_395,20.7,2.31,0.73,-0.33,-0.5,-0.68,0.15
A_OB_1.7999999999999998_1.0_396,21.85,2.31,0.73,-0.33,-0.5,-0.68,0.15
A_OB_1.7999999999999998_1.0_397,23.98,2.31,0.73,-0.33,-0.5,-0.68,0.15
A_OB_1.7999999999999998_1.0_398,24.07,2.31,0.73,-0.33,-0.5,-0.68,0.15
A_OB_1.7999999999999998_1.0_399,24.7,2.31,0.73,-0.33,-0.5,-0.68,0.15
A_OB_1.7999999999999998_1.0_400,25.01,2.31,0.73,-0.33,-0.5,-0.68,0.15
A_OB_1.7999999999999998_1.0_401,23.0,2.31,0.73,-0.33,-0.5,-0.68,0.15
A_OB_1.7999999999999998_1.0_402,24.13,2.31,0.73,-0.33,-0.5,-0.68,0.15
A_OB_1.7999999999999998_1.0_403,25.41,2.31,0.73,-0.33,-0.5,-0.68,0.15
A_OB_1.7999999999999998_1.0_404,23.62,2.31,0.73,-0.33,-0.5,-0.68,0.15
A_OB_1.7999999999999998_1.0_405,23.01,2.31,0.73,-0.33,-0.5,-0.68,0.15
A_OB_1.7999999999999998_1.0_406,24.73,2.31,0.73,-0.33,-0.5,-0.68,0.15
A_OB_1.7999999999999998_1.0_407,23.57,2.31,0.73,-0.33,-0.5,-0.68,0.15
A_OB_1.7999999999999998_1.0_408,25.51,2.31,0.73,-0.33,-0.5,-0.68,0.15
A_OB_1.7999999999999998_1.0_409,23.54,2.31,0.73,-0.33,-0.5,-0.68,0.15
A_OB_1.7999999999999998_1.0_410,20.64,2.31,0.73,-0.33,-0.5,-0.68,0.15
A_OB_1.7999999999999998_1.0_411,23.79,2.31,0.73,-0.33,-0.5,-0.68,0.15
A_OB_1.7999999999999998_1.0_412,23.35,2.31,0.73,-0.33,-0.5,-0.68,0.15
A_OB_1.7999999999999998_1.0_413,24.75,2.31,0.73,-0.33,-0.5,-0.68,0.15
A_OB_1.7999999999999998_1.0_414,23.33,2.31,0.73,-0.33,-0.5,-0.68,0.15
A_OB_1.7999999999999998_1.0_415,24.61,2.31,0.73,-0.33,-0.5,-0.68,0.15
A_OB_1.7999999999999998_1.0_416,24.42,2.31,0.73,-0.33,-0.5,-0.68,0.15
A_OB_1.7999999999999998_1.0_417,20.03,2.31,0.73,-0.33,-0.5,-0.68,0.15
A_OB_1.7999999999999998_1.0_418,24.9,2.31,0.73,-0.33,-0.5,-0.68,0.15
A_OB_1.7999999999999998_1.0_419,25.22,2.31,0.73,-0.33,-0.5,-0.68,0.15
A_OB_1.7999999999999998_1.0_420,23.07,2.31,0.73,-0.33,-0.5,-0.68,0.15
A_OB_1.7999999999999998_1.0_421,25.22,2.31,0.73,-0.33,-0.5,-0.68,0.15
A_OB_1.7999999999999998_1.0_422,23.89,2.31,0.73,-0.33,-0.5,-0.68,0.15
A_OB_1.7999999999999998_1.0_423,23.78,2.31,0.73,-0.33,-0.5,-0.68,0.15
A_OB_1.7999999999999998_1.0_424,25.59,2.31,0.73,-0.33,-0.5,-0.68,0.15
A_OB_1.7999999999999998_1.0_425,22.5,2.31,0.73,-0.33,-0.5,-0.68,0.15
A_OB_1.7999999999999998_1.0_426,25.22,2.31,0.73,-0.33,-0.5,-0.68,0.15
A_OB_1.7999999999999998_1.0_427,22.69,2.31,0.73,-0.33,-0.5,-0.68,0.15
A_OB_1.7999999999999998_1.0_428,23.97,2.31,0.73,-0.33,-0.5,-0.68,0.15
A_OB_1.7999999999999998_1.0_429,23.78,2.31,0.73,-0.33,-0.5,-0.68,0.15
A_OB_1.7999999999999998_1.0_430,14.47,2.31,0.73,-0.33,-0.5,-0.68,0.15
A_OB_1.7999999999999998_1.0_431,24.57,2.31,0.73,-0.33,-0.5,-0.68,0.15
A_OB_1.7999999999999998_1.0_432,24.1,2.31,0.73,-0.33,-0.5,-0.68,0.15
A_OB_1.7999999999999998_1.0_433,25.17,2.31,0.73,-0.33,-0.5,-0.68,0.15
A_OB_1.7999999999999998_1.0_434,25.0,2.31,0.73,-0.33,-0.5,-0.68,0.15
A_OB_1.7999999999999998_1.0_435,25.39,2.31,0.73,-0.33,-0.5,-0.68,0.15
A_OB_1.7999999999999998_1.0_436,23.15,2.31,0.73,-0.33,-0.5,-0.68,0.15
A_OB_1.7999999999999998_1.0_437,24.62,2.31,0.73,-0.33,-0.5,-0.68,0.15
A_OB_1.7999999999999998_1.0_438,24.85,2.31,0.73,-0.33,-0.5,-0.68,0.15
A_OB_1.7999999999999998_1.0_439,25.49,2.31,0.73,-0.33,-0.5,-0.68,0.15
A_OB_1.7999999999999998_1.0_440,25.1,2.31,0.73,-0.33,-0.5,-0.68,0.15
A_OB_1.7999999999999998_1.0_441,23.35,2.31,0.73,-0.33,-0.5,-0.68,0.15
A_OB_1.7999999999999998_1.0_442,24.35,2.31,0.73,-0.33,-0.5,-0.68,0.15
A_OB_1.7999999999999998_1.0_443,24.36,2.31,0.73,-0.33,-0.5,-0.68,0.15
A_OB_1.7999999999999998_1.0_444,25.38,2.31,0.73,-0.33,-0.5,-0.68,0.15
A_OB_1.7999999999999998_1.0_445,23.23,2.31,0.73,-0.33,-0.5,-0.68,0.15
A_OB_1.7999999999999998_1.0_446,17.46,2.31,0.73,-0.33,-0.5,-0.68,0.15
A_OB_1.7999999999999998_1.0_447,22.61,2.31,0.73,-0.33,-0.5,-0.68,0.15
A_OB_1.7999999999999998_1.0_448,25.17,2.31,0.73,-0.33,-0.5,-0.68,0.15
A_OB_1.7999999999999998_1.0_449,25.55,2.31,0.73,-0.33,-0.5,-0.68,0.15
A_OB_1.7999999999999998_1.0_450,23.34,2.31,0.73,-0.33,-0.5,-0.68,0.15
A_OB_1.7999999999999998_1.0_451,23.95,2.31,0.73,-0.33,-0.5,-0.68,0.15
A_OB_1.7999999999999998_1.0_452,22.48,2.31,0.73,-0.33,-0.5,-0.68,0.15
A_OB_1.7999999999999998_1.0_453,24.01,2.31,0.73,-0.33,-0.5,-0.68,0.15
A_OB_1.7999999999999998_1.0_454,25.29,2.31,0.73,-0.33,-0.5,-0.68,0.15
A_OB_1.7999999999999998_1.0_455,25.49,2.31,0.73,-0.33,-0.5,-0.68,0.15
A_OB_1.7999999999999998_1.0_456,25.35,2.31,0.73,-0.33,-0.5,-0.68,0.15
A_OB_1.7999999999999998_1.0_457,17.73,2.31,0.73,-0.33,-0.5,-0.68,0.15
A_OB_1.7999999999999998_1.0_458,24.83,2.31,0.73,-0.33,-0.5,-0.68,0.15
A_OB_1.7999999999999998_1.0_459,25.53,2.31,0.73,-0.33,-0.5,-0.68,0.15
A_OB_1.7999999999999998_1.0_460,22.7,2.31,0.73,-0.33,-0.5,-0.68,0.15
A_OB_1.7999999999999998_1.0_461,24.38,2.31,0.73,-0.33,-0.5,-0.68,0.15
A_OB_1.7999999999999998_1.0_462,25.22,2.31,0.73,-0.33,-0.5,-0.68,0.15
A_OB_1.7999999999999998_1.0_463,21.07,2.31,0.73,-0.33,-0.5,-0.68,0.15
A_OB_1.7999999999999998_1.0_464,23.99,2.31,0.73,-0.33,-0.5,-0.68,0.15
A_OB_1.7999999999999998_1.0_465,18.64,2.31,0.73,-0.33,-0.5,-0.68,0.15
A_OB_1.7999999999999998_1.0_466,24.82,2.31,0.73,-0.33,-0.5,-0.68,0.15
A_OB_1.7999999999999998_1.0_467,25.43,2.31,0.73,-0.33,-0.5,-0.68,0.15
A_OB_1.7999999999999998_1.0_468,23.59,2.31,0.73,-0.33,-0.5,-0.68,0.15
A_OB_1.7999999999999998_1.0_469,24.65,2.31,0.73,-0.33,-0.5,-0.68,0.15
A_OB_1.7999999999999998_1.0_470,24.99,2.31,0.73,-0.33,-0.5,-0.68,0.15
A_OB_1.7999999999999998_1.0_471,24.76,2.31,0.73,-0.33,-0.5,-0.68,0.15
A_OB_1.7999999999999998_1.0_472,23.64,2.31,0.73,-0.33,-0.5,-0.68,0.15
A_OB_1.7999999999999998_1.0_473,20.31,2.31,0.73,-0.33,-0.5,-0.68,0.15
A_OB_1.7999999999999998_1.0_474,25.36,2.31,0.73,-0.33,-0.5,-0.68,0.15
A_OB_1.7999999999999998_1.0_475,25.12,2.31,0.73,-0.33,-0.5,-0.68,0.15
A_OB_1.7999999999999998_1.0_476,21.11,2.31,0.73,-0.33,-0.5,-0.68,0.15
A_OB_1.7999999999999998_1.0_477,23.69,2.31,0.73,-0.33,-0.5,-0.68,0.15
A_OB_1.7999999999999998_1.0_478,23.24,2.31,0.73,-0.33,-0.5,-0.68,0.15
A_OB_1.7999999999999998_1.0_479,23.21,2.31,0.73,-0.33,-0.5,-0.68,0.15
A_OB_1.7999999999999998_1.0_480,24.62,2.31,0.73,-0.33,-0.5,-0.68,0.15
A_OB_1.7999999999999998_1.0_481,24.88,2.31,0.73,-0.33,-0.5,-0.68,0.15
A_OB_1.7999999999999998_1.0_482,24.79,2.31,0.73,-0.33,-0.5,-0.68,0.15
A_OB_1.7999999999999998_1.0_483,20.53,2.31,0.73,-0.33,-0.5,-0.68,0.15
A_OB_1.7999999999999998_1.0_484,23.2,2.31,0.73,-0.33,-0.5,-0.68,0.15
A_OB_1.7999999999999998_1.0_485,23.33,2.31,0.73,-0.33,-0.5,-0.68,0.15
A_OB_1.7999999999999998_1.0_486,23.9,2.31,0.73,-0.33,-0.5,-0.68,0.15
A_OB_1.7999999999999998_1.0_487,20.44,2.31,0.73,-0.33,-0.5,-0.68,0.15
A_OB_1.7999999999999998_1.0_488,22.63,2.31,0.73,-0.33,-0.5,-0.68,0.15
A_OB_1.7999999999999998_1.0_489,23.8,2.31,0.73,-0.33,-0.5,-0.68,0.15
A_OB_1.7999999999999998_1.0_490,24.85,2.31,0.73,-0.33,-0.5,-0.68,0.15
A_OB_1.7999999999999998_1.0_491,24.42,2.31,0.73,-0.33,-0.5,-0.68,0.15
A_OB_1.7999999999999998_1.0_492,25.05,2.31,0.73,-0.33,-0.5,-0.68,0.15
A_OB_1.7999999999999998_1.0_493,23.86,2.31,0.73,-0.33,-0.5,-0.68,0.15
A_OB_1.7999999999999998_1.0_494,24.55,2.31,0.73,-0.33,-0.5,-0.68,0.15
A_OB_1.7999999999999998_1.0_495,25.05,2.31,0.73,-0.33,-0.5,-0.68,0.15
A_OB_1.7999999999999998_1.0_496,21.98,2.31,0.73,-0.33,-0.5,-0.68,0.15
A_OB_1.7999999999999998_1.0_497,22.04,2.31,0.73,-0.33,-0.5,-0.68,0.15
A_OB_1.7999999999999998_1.0_498,24.0,2.31,0.73,-0.33,-0.5,-0.68,0.15
A_OB_1.7999999999999998_1.0_499,22.93,2.31,0.73,-0.33,-0.5,-0.68,0.15
A_OB_1.7999999999999998_1.0_500,24.62,2.31,0.73,-0.33,-0.5,-0.68,0.15
A_OB_1.7999999999999998_1.0_501,24.79,2.31,0.73,-0.33,-0.5,-0.68,0.15
A_OB_1.7999999999999998_1.0_502,19.4,2.31,0.73,-0.33,-0.5,-0.68,0.15
A_OB_1.7999999999999998_1.0_503,24.49,2.31,0.73,-0.33,-0.5,-0.68,0.15
A_OB_1.7999999999999998_1.0_504,24.24,2.31,0.73,-0.33,-0.5,-0.68,0.15
A_OB_1.7999999999999998_1.0_505,24.1,2.31,0.73,-0.33,-0.5,-0.68,0.15
A_OB_1.7999999999999998_1.0_506,24.18,2.31,0.73,-0.33,-0.5,-0.68,0.15
A_OB_1.7999999999999998_1.0_507,20.69,2.31,0.73,-0.33,-0.5,-0.68,0.15
A_OB_1.7999999999999998_1.0_508,25.34,2.31,0.73,-0.33,-0.5,-0.68,0.15
A_OB_1.7999999999999998_1.0_509,25.33,2.31,0.73,-0.33,-0.5,-0.68,0.15
A_OB_1.7999999999999998_1.0_510,24.22,2.31,0.73,-0.33,-0.5,-0.68,0.15
A_OB_1.7999999999999998_1.0_511,24.99,2.31,0.73,-0.33,-0.5,-0.68,0.15
A_OB_1.7999999999999998_1.0_512,25.24,2.31,0.73,-0.33,-0.5,-0.68,0.15
A_OB_1.7999999999999998_1.0_513,22.04,2.31,0.73,-0.33,-0.5,-0.68,0.15
A_OB_1.7999999999999998_1.0_514,18.62,2.31,0.73,-0.33,-0.5,-0.68,0.15
A_OB_1.7999999999999998_1.0_515,25.42,2.31,0.73,-0.33,-0.5,-0.68,0.15
A_OB_1.7999999999999998_1.0_516,25.37,2.31,0.73,-0.33,-0.5,-0.68,0.15
