ObjID,H_g,u-r,g-r,i-r,z-r,y-r,GS
A_OB_1.9999999999999998_1.0_0,24.94,2.31,0.73,-0.33,-0.5,-0.68,0.15
A_OB_1.9999999999999998_1.0_1,22.73,2.31,0.73,-0.33,-0.5,-0.68,0.15
A_OB_1.9999999999999998_1.0_2,25.55,2.31,0.73,-0.33,-0.5,-0.68,0.15
A_OB_1.9999999999999998_1.0_3,25.31,2.31,0.73,-0.33,-0.5,-0.68,0.15
A_OB_1.9999999999999998_1.0_4,24.53,2.31,0.73,-0.33,-0.5,-0.68,0.15
A_OB_1.9999999999999998_1.0_5,24.94,2.31,0.73,-0.33,-0.5,-0.68,0.15
A_OB_1.9999999999999998_1.0_6,24.71,2.31,0.73,-0.33,-0.5,-0.68,0.15
A_OB_1.9999999999999998_1.0_7,24.97,2.31,0.73,-0.33,-0.5,-0.68,0.15
A_OB_1.9999999999999998_1.0_8,25.01,2.31,0.73,-0.33,-0.5,-0.68,0.15
A_OB_1.9999999999999998_1.0_9,25.52,2.31,0.73,-0.33,-0.5,-0.68,0.15
A_OB_1.9999999999999998_1.0_10,25.61,2.31,0.73,-0.33,-0.5,-0.68,0.15
A_OB_1.9999999999999998_1.0_11,22.15,2.31,0.73,-0.33,-0.5,-0.68,0.15
A_OB_1.9999999999999998_1.0_12,25.53,2.31,0.73,-0.33,-0.5,-0.68,0.15
A_OB_1.9999999999999998_1.0_13,23.88,2.31,0.73,-0.33,-0.5,-0.68,0.15
A_OB_1.9999999999999998_1.0_14,25.35,2.31,0.73,-0.33,-0.5,-0.68,0.15
A_OB_1.9999999999999998_1.0_15,25.17,2.31,0.73,-0.33,-0.5,-0.68,0.15
A_OB_1.9999999999999998_1.0_16,24.94,2.31,0.73,-0.33,-0.5,-0.68,0.15
A_OB_1.9999999999999998_1.0_17,23.38,2.31,0.73,-0.33,-0.5,-0.68,0.15
A_OB_1.9999999999999998_1.0_18,24.72,2.31,0.73,-0.33,-0.5,-0.68,0.15
A_OB_1.9999999999999998_1.0_19,23.26,2.31,0.73,-0.33,-0.5,-0.68,0.15
A_OB_1.9999999999999998_1.0_20,23.94,2.31,0.73,-0.33,-0.5,-0.68,0.15
A_OB_1.9999999999999998_1.0_21,25.08,2.31,0.73,-0.33,-0.5,-0.68,0.15
A_OB_1.9999999999999998_1.0_22,25.33,2.31,0.73,-0.33,-0.5,-0.68,0.15
A_OB_1.9999999999999998_1.0_23,21.92,2.31,0.73,-0.33,-0.5,-0.68,0.15
A_OB_1.9999999999999998_1.0_24,24.87,2.31,0.73,-0.33,-0.5,-0.68,0.15
A_OB_1.9999999999999998_1.0_25,24.11,2.31,0.73,-0.33,-0.5,-0.68,0.15
A_OB_1.9999999999999998_1.0_26,23.68,2.31,0.73,-0.33,-0.5,-0.68,0.15
A_OB_1.9999999999999998_1.0_27,24.64,2.31,0.73,-0.33,-0.5,-0.68,0.15
A_OB_1.9999999999999998_1.0_28,25.11,2.31,0.73,-0.33,-0.5,-0.68,0.15
A_OB_1.9999999999999998_1.0_29,24.16,2.31,0.73,-0.33,-0.5,-0.68,0.15
A_OB_1.9999999999999998_1.0_30,24.44,2.31,0.73,-0.33,-0.5,-0.68,0.15
A_OB_1.9999999999999998_1.0_31,24.7,2.31,0.73,-0.33,-0.5,-0.68,0.15
A_OB_1.9999999999999998_1.0_32,23.5,2.31,0.73,-0.33,-0.5,-0.68,0.15
A_OB_1.9999999999999998_1.0_33,24.73,2.31,0.73,-0.33,-0.5,-0.68,0.15
A_OB_1.9999999999999998_1.0_34,24.45,2.31,0.73,-0.33,-0.5,-0.68,0.15
A_OB_1.9999999999999998_1.0_35,24.76,2.31,0.73,-0.33,-0.5,-0.68,0.15
A_OB_1.9999999999999998_1.0_36,24.69,2.31,0.73,-0.33,-0.5,-0.68,0.15
A_OB_1.9999999999999998_1.0_37,25.2,2.31,0.73,-0.33,-0.5,-0.68,0.15
A_OB_1.9999999999999998_1.0_38,20.97,2.31,0.73,-0.33,-0.5,-0.68,0.15
A_OB_1.9999999999999998_1.0_39,25.34,2.31,0.73,-0.33,-0.5,-0.68,0.15
A_OB_1.9999999999999998_1.0_40,25.4,2.31,0.73,-0.33,-0.5,-0.68,0.15
A_OB_1.9999999999999998_1.0_41,21.43,2.31,0.73,-0.33,-0.5,-0.68,0.15
A_OB_1.9999999999999998_1.0_42,25.55,2.31,0.73,-0.33,-0.5,-0.68,0.15
A_OB_1.9999999999999998_1.0_43,24.88,2.31,0.73,-0.33,-0.5,-0.68,0.15
A_OB_1.9999999999999998_1.0_44,25.44,2.31,0.73,-0.33,-0.5,-0.68,0.15
A_OB_1.9999999999999998_1.0_45,24.66,2.31,0.73,-0.33,-0.5,-0.68,0.15
A_OB_1.9999999999999998_1.0_46,25.15,2.31,0.73,-0.33,-0.5,-0.68,0.15
A_OB_1.9999999999999998_1.0_47,24.54,2.31,0.73,-0.33,-0.5,-0.68,0.15
A_OB_1.9999999999999998_1.0_48,25.12,2.31,0.73,-0.33,-0.5,-0.68,0.15
A_OB_1.9999999999999998_1.0_49,25.2,2.31,0.73,-0.33,-0.5,-0.68,0.15
A_OB_1.9999999999999998_1.0_50,24.78,2.31,0.73,-0.33,-0.5,-0.68,0.15
A_OB_1.9999999999999998_1.0_51,24.86,2.31,0.73,-0.33,-0.5,-0.68,0.15
A_OB_1.9999999999999998_1.0_52,25.27,2.31,0.73,-0.33,-0.5,-0.68,0.15
A_OB_1.9999999999999998_1.0_53,23.69,2.31,0.73,-0.33,-0.5,-0.68,0.15
A_OB_1.9999999999999998_1.0_54,25.54,2.31,0.73,-0.33,-0.5,-0.68,0.15
A_OB_1.9999999999999998_1.0_55,25.12,2.31,0.73,-0.33,-0.5,-0.68,0.15
A_OB_1.9999999999999998_1.0_56,24.53,2.31,0.73,-0.33,-0.5,-0.68,0.15
A_OB_1.9999999999999998_1.0_57,25.47,2.31,0.73,-0.33,-0.5,-0.68,0.15
A_OB_1.9999999999999998_1.0_58,23.44,2.31,0.73,-0.33,-0.5,-0.68,0.15
A_OB_1.9999999999999998_1.0_59,17.45,2.31,0.73,-0.33,-0.5,-0.68,0.15
A_OB_1.9999999999999998_1.0_60,24.98,2.31,0.73,-0.33,-0.5,-0.68,0.15
A_OB_1.9999999999999998_1.0_61,24.59,2.31,0.73,-0.33,-0.5,-0.68,0.15
A_OB_1.9999999999999998_1.0_62,25.48,2.31,0.73,-0.33,-0.5,-0.68,0.15
A_OB_1.9999999999999998_1.0_63,24.54,2.31,0.73,-0.33,-0.5,-0.68,0.15
A_OB_1.9999999999999998_1.0_64,25.2,2.31,0.73,-0.33,-0.5,-0.68,0.15
A_OB_1.9999999999999998_1.0_65,23.29,2.31,0.73,-0.33,-0.5,-0.68,0.15
A_OB_1.9999999999999998_1.0_66,23.9,2.31,0.73,-0.33,-0.5,-0.68,0.15
A_OB_1.9999999999999998_1.0_67,21.46,2.31,0.73,-0.33,-0.5,-0.68,0.15
A_OB_1.9999999999999998_1.0_68,24.25,2.31,0.73,-0.33,-0.5,-0.68,0.15
A_OB_1.9999999999999998_1.0_69,25.24,2.31,0.73,-0.33,-0.5,-0.68,0.15
A_OB_1.9999999999999998_1.0_70,24.35,2.31,0.73,-0.33,-0.5,-0.68,0.15
A_OB_1.9999999999999998_1.0_71,22.3,2.31,0.73,-0.33,-0.5,-0.68,0.15
A_OB_1.9999999999999998_1.0_72,25.18,2.31,0.73,-0.33,-0.5,-0.68,0.15
A_OB_1.9999999999999998_1.0_73,24.41,2.31,0.73,-0.33,-0.5,-0.68,0.15
A_OB_1.9999999999999998_1.0_74,23.56,2.31,0.73,-0.33,-0.5,-0.68,0.15
A_OB_1.9999999999999998_1.0_75,24.96,2.31,0.73,-0.33,-0.5,-0.68,0.15
A_OB_1.9999999999999998_1.0_76,24.78,2.31,0.73,-0.33,-0.5,-0.68,0.15
A_OB_1.9999999999999998_1.0_77,24.65,2.31,0.73,-0.33,-0.5,-0.68,0.15
A_OB_1.9999999999999998_1.0_78,25.29,2.31,0.73,-0.33,-0.5,-0.68,0.15
A_OB_1.9999999999999998_1.0_79,25.57,2.31,0.73,-0.33,-0.5,-0.68,0.15
A_OB_1.9999999999999998_1.0_80,24.76,2.31,0.73,-0.33,-0.5,-0.68,0.15
A_OB_1.9999999999999998_1.0_81,25.54,2.31,0.73,-0.33,-0.5,-0.68,0.15
A_OB_1.9999999999999998_1.0_82,24.07,2.31,0.73,-0.33,-0.5,-0.68,0.15
A_OB_1.9999999999999998_1.0_83,21.56,2.31,0.73,-0.33,-0.5,-0.68,0.15
A_OB_1.9999999999999998_1.0_84,24.79,2.31,0.73,-0.33,-0.5,-0.68,0.15
A_OB_1.9999999999999998_1.0_85,25.47,2.31,0.73,-0.33,-0.5,-0.68,0.15
A_OB_1.9999999999999998_1.0_86,20.42,2.31,0.73,-0.33,-0.5,-0.68,0.15
A_OB_1.9999999999999998_1.0_87,24.96,2.31,0.73,-0.33,-0.5,-0.68,0.15
A_OB_1.9999999999999998_1.0_88,25.06,2.31,0.73,-0.33,-0.5,-0.68,0.15
A_OB_1.9999999999999998_1.0_89,24.49,2.31,0.73,-0.33,-0.5,-0.68,0.15
A_OB_1.9999999999999998_1.0_90,22.78,2.31,0.73,-0.33,-0.5,-0.68,0.15
A_OB_1.9999999999999998_1.0_91,21.37,2.31,0.73,-0.33,-0.5,-0.68,0.15
A_OB_1.9999999999999998_1.0_92,25.59,2.31,0.73,-0.33,-0.5,-0.68,0.15
A_OB_1.9999999999999998_1.0_93,25.07,2.31,0.73,-0.33,-0.5,-0.68,0.15
A_OB_1.9999999999999998_1.0_94,24.4,2.31,0.73,-0.33,-0.5,-0.68,0.15
A_OB_1.9999999999999998_1.0_95,23.68,2.31,0.73,-0.33,-0.5,-0.68,0.15
A_OB_1.9999999999999998_1.0_96,23.64,2.31,0.73,-0.33,-0.5,-0.68,0.15
A_OB_1.9999999999999998_1.0_97,23.3,2.31,0.73,-0.33,-0.5,-0.68,0.15
A_OB_1.9999999999999998_1.0_98,23.03,2.31,0.73,-0.33,-0.5,-0.68,0.15
A_OB_1.9999999999999998_1.0_99,25.29,2.31,0.73,-0.33,-0.5,-0.68,0.15
A_OB_1.9999999999999998_1.0_100,24.39,2.31,0.73,-0.33,-0.5,-0.68,0.15
A_OB_1.9999999999999998_1.0_101,24.65,2.31,0.73,-0.33,-0.5,-0.68,0.15
A_OB_1.9999999999999998_1.0_102,23.48,2.31,0.73,-0.33,-0.5,-0.68,0.15
A_OB_1.9999999999999998_1.0_103,24.63,2.31,0.73,-0.33,-0.5,-0.68,0.15
A_OB_1.9999999999999998_1.0_104,25.25,2.31,0.73,-0.33,-0.5,-0.68,0.15
A_OB_1.9999999999999998_1.0_105,24.79,2.31,0.73,-0.33,-0.5,-0.68,0.15
A_OB_1.9999999999999998_1.0_106,25.5,2.31,0.73,-0.33,-0.5,-0.68,0.15
A_OB_1.9999999999999998_1.0_107,24.11,2.31,0.73,-0.33,-0.5,-0.68,0.15
A_OB_1.9999999999999998_1.0_108,24.1,2.31,0.73,-0.33,-0.5,-0.68,0.15
A_OB_1.9999999999999998_1.0_109,25.46,2.31,0.73,-0.33,-0.5,-0.68,0.15
A_OB_1.9999999999999998_1.0_110,25.47,2.31,0.73,-0.33,-0.5,-0.68,0.15
A_OB_1.9999999999999998_1.0_111,25.19,2.31,0.73,-0.33,-0.5,-0.68,0.15
A_OB_1.9999999999999998_1.0_112,23.63,2.31,0.73,-0.33,-0.5,-0.68,0.15
A_OB_1.9999999999999998_1.0_113,25.0,2.31,0.73,-0.33,-0.5,-0.68,0.15
A_OB_1.9999999999999998_1.0_114,24.07,2.31,0.73,-0.33,-0.5,-0.68,0.15
A_OB_1.9999999999999998_1.0_115,25.36,2.31,0.73,-0.33,-0.5,-0.68,0.15
A_OB_1.9999999999999998_1.0_116,24.96,2.31,0.73,-0.33,-0.5,-0.68,0.15
A_OB_1.9999999999999998_1.0_117,25.57,2.31,0.73,-0.33,-0.5,-0.68,0.15
A_OB_1.9999999999999998_1.0_118,24.3,2.31,0.73,-0.33,-0.5,-0.68,0.15
A_OB_1.9999999999999998_1.0_119,24.69,2.31,0.73,-0.33,-0.5,-0.68,0.15
A_OB_1.9999999999999998_1.0_120,24.73,2.31,0.73,-0.33,-0.5,-0.68,0.15
A_OB_1.9999999999999998_1.0_121,25.41,2.31,0.73,-0.33,-0.5,-0.68,0.15
A_OB_1.9999999999999998_1.0_122,23.94,2.31,0.73,-0.33,-0.5,-0.68,0.15
A_OB_1.9999999999999998_1.0_123,25.38,2.31,0.73,-0.33,-0.5,-0.68,0.15
A_OB_1.9999999999999998_1.0_124,24.28,2.31,0.73,-0.33,-0.5,-0.68,0.15
A_OB_1.9999999999999998_1.0_125,25.02,2.31,0.73,-0.33,-0.5,-0.68,0.15
A_OB_1.9999999999999998_1.0_126,23.4,2.31,0.73,-0.33,-0.5,-0.68,0.15
A_OB_1.9999999999999998_1.0_127,25.56,2.31,0.73,-0.33,-0.5,-0.68,0.15
A_OB_1.9999999999999998_1.0_128,25.37,2.31,0.73,-0.33,-0.5,-0.68,0.15
A_OB_1.9999999999999998_1.0_129,23.88,2.31,0.73,-0.33,-0.5,-0.68,0.15
A_OB_1.9999999999999998_1.0_130,24.68,2.31,0.73,-0.33,-0.5,-0.68,0.15
A_OB_1.9999999999999998_1.0_131,25.02,2.31,0.73,-0.33,-0.5,-0.68,0.15
A_OB_1.9999999999999998_1.0_132,23.93,2.31,0.73,-0.33,-0.5,-0.68,0.15
A_OB_1.9999999999999998_1.0_133,25.22,2.31,0.73,-0.33,-0.5,-0.68,0.15
A_OB_1.9999999999999998_1.0_134,25.29,2.31,0.73,-0.33,-0.5,-0.68,0.15
A_OB_1.9999999999999998_1.0_135,21.87,2.31,0.73,-0.33,-0.5,-0.68,0.15
A_OB_1.9999999999999998_1.0_136,23.26,2.31,0.73,-0.33,-0.5,-0.68,0.15
A_OB_1.9999999999999998_1.0_137,23.81,2.31,0.73,-0.33,-0.5,-0.68,0.15
A_OB_1.9999999999999998_1.0_138,25.35,2.31,0.73,-0.33,-0.5,-0.68,0.15
A_OB_1.9999999999999998_1.0_139,24.62,2.31,0.73,-0.33,-0.5,-0.68,0.15
A_OB_1.9999999999999998_1.0_140,24.22,2.31,0.73,-0.33,-0.5,-0.68,0.15
A_OB_1.9999999999999998_1.0_141,23.69,2.31,0.73,-0.33,-0.5,-0.68,0.15
A_OB_1.9999999999999998_1.0_142,25.16,2.31,0.73,-0.33,-0.5,-0.68,0.15
A_OB_1.9999999999999998_1.0_143,24.87,2.31,0.73,-0.33,-0.5,-0.68,0.15
A_OB_1.9999999999999998_1.0_144,25.4,2.31,0.73,-0.33,-0.5,-0.68,0.15
A_OB_1.9999999999999998_1.0_145,24.71,2.31,0.73,-0.33,-0.5,-0.68,0.15
A_OB_1.9999999999999998_1.0_146,21.14,2.31,0.73,-0.33,-0.5,-0.68,0.15
A_OB_1.9999999999999998_1.0_147,24.58,2.31,0.73,-0.33,-0.5,-0.68,0.15
A_OB_1.9999999999999998_1.0_148,24.77,2.31,0.73,-0.33,-0.5,-0.68,0.15
A_OB_1.9999999999999998_1.0_149,25.03,2.31,0.73,-0.33,-0.5,-0.68,0.15
A_OB_1.9999999999999998_1.0_150,24.87,2.31,0.73,-0.33,-0.5,-0.68,0.15
A_OB_1.9999999999999998_1.0_151,23.28,2.31,0.73,-0.33,-0.5,-0.68,0.15
A_OB_1.9999999999999998_1.0_152,24.61,2.31,0.73,-0.33,-0.5,-0.68,0.15
A_OB_1.9999999999999998_1.0_153,24.92,2.31,0.73,-0.33,-0.5,-0.68,0.15
A_OB_1.9999999999999998_1.0_154,25.32,2.31,0.73,-0.33,-0.5,-0.68,0.15
A_OB_1.9999999999999998_1.0_155,25.21,2.31,0.73,-0.33,-0.5,-0.68,0.15
A_OB_1.9999999999999998_1.0_156,23.28,2.31,0.73,-0.33,-0.5,-0.68,0.15
A_OB_1.9999999999999998_1.0_157,23.99,2.31,0.73,-0.33,-0.5,-0.68,0.15
A_OB_1.9999999999999998_1.0_158,24.07,2.31,0.73,-0.33,-0.5,-0.68,0.15
A_OB_1.9999999999999998_1.0_159,22.65,2.31,0.73,-0.33,-0.5,-0.68,0.15
A_OB_1.9999999999999998_1.0_160,24.7,2.31,0.73,-0.33,-0.5,-0.68,0.15
A_OB_1.9999999999999998_1.0_161,23.79,2.31,0.73,-0.33,-0.5,-0.68,0.15
A_OB_1.9999999999999998_1.0_162,23.81,2.31,0.73,-0.33,-0.5,-0.68,0.15
A_OB_1.9999999999999998_1.0_163,25.54,2.31,0.73,-0.33,-0.5,-0.68,0.15
A_OB_1.9999999999999998_1.0_164,25.53,2.31,0.73,-0.33,-0.5,-0.68,0.15
A_OB_1.9999999999999998_1.0_165,22.67,2.31,0.73,-0.33,-0.5,-0.68,0.15
A_OB_1.9999999999999998_1.0_166,24.31,2.31,0.73,-0.33,-0.5,-0.68,0.15
A_OB_1.9999999999999998_1.0_167,24.18,2.31,0.73,-0.33,-0.5,-0.68,0.15
A_OB_1.9999999999999998_1.0_168,25.2,2.31,0.73,-0.33,-0.5,-0.68,0.15
A_OB_1.9999999999999998_1.0_169,24.05,2.31,0.73,-0.33,-0.5,-0.68,0.15
A_OB_1.9999999999999998_1.0_170,22.58,2.31,0.73,-0.33,-0.5,-0.68,0.15
A_OB_1.9999999999999998_1.0_171,24.81,2.31,0.73,-0.33,-0.5,-0.68,0.15
A_OB_1.9999999999999998_1.0_172,22.07,2.31,0.73,-0.33,-0.5,-0.68,0.15
A_OB_1.9999999999999998_1.0_173,25.46,2.31,0.73,-0.33,-0.5,-0.68,0.15
A_OB_1.9999999999999998_1.0_174,18.64,2.31,0.73,-0.33,-0.5,-0.68,0.15
A_OB_1.9999999999999998_1.0_175,25.09,2.31,0.73,-0.33,-0.5,-0.68,0.15
A_OB_1.9999999999999998_1.0_176,25.2,2.31,0.73,-0.33,-0.5,-0.68,0.15
A_OB_1.9999999999999998_1.0_177,25.34,2.31,0.73,-0.33,-0.5,-0.68,0.15
A_OB_1.9999999999999998_1.0_178,22.9,2.31,0.73,-0.33,-0.5,-0.68,0.15
A_OB_1.9999999999999998_1.0_179,19.98,2.31,0.73,-0.33,-0.5,-0.68,0.15
A_OB_1.9999999999999998_1.0_180,24.87,2.31,0.73,-0.33,-0.5,-0.68,0.15
A_OB_1.9999999999999998_1.0_181,25.17,2.31,0.73,-0.33,-0.5,-0.68,0.15
A_OB_1.9999999999999998_1.0_182,25.38,2.31,0.73,-0.33,-0.5,-0.68,0.15
A_OB_1.9999999999999998_1.0_183,22.59,2.31,0.73,-0.33,-0.5,-0.68,0.15
A_OB_1.9999999999999998_1.0_184,25.29,2.31,0.73,-0.33,-0.5,-0.68,0.15
A_OB_1.9999999999999998_1.0_185,21.43,2.31,0.73,-0.33,-0.5,-0.68,0.15
A_OB_1.9999999999999998_1.0_186,25.56,2.31,0.73,-0.33,-0.5,-0.68,0.15
A_OB_1.9999999999999998_1.0_187,25.38,2.31,0.73,-0.33,-0.5,-0.68,0.15
A_OB_1.9999999999999998_1.0_188,24.04,2.31,0.73,-0.33,-0.5,-0.68,0.15
A_OB_1.9999999999999998_1.0_189,22.54,2.31,0.73,-0.33,-0.5,-0.68,0.15
A_OB_1.9999999999999998_1.0_190,25.6,2.31,0.73,-0.33,-0.5,-0.68,0.15
A_OB_1.9999999999999998_1.0_191,24.4,2.31,0.73,-0.33,-0.5,-0.68,0.15
A_OB_1.9999999999999998_1.0_192,25.23,2.31,0.73,-0.33,-0.5,-0.68,0.15
A_OB_1.9999999999999998_1.0_193,25.49,2.31,0.73,-0.33,-0.5,-0.68,0.15
A_OB_1.9999999999999998_1.0_194,23.56,2.31,0.73,-0.33,-0.5,-0.68,0.15
A_OB_1.9999999999999998_1.0_195,24.15,2.31,0.73,-0.33,-0.5,-0.68,0.15
A_OB_1.9999999999999998_1.0_196,22.48,2.31,0.73,-0.33,-0.5,-0.68,0.15
A_OB_1.9999999999999998_1.0_197,25.37,2.31,0.73,-0.33,-0.5,-0.68,0.15
A_OB_1.9999999999999998_1.0_198,23.31,2.31,0.73,-0.33,-0.5,-0.68,0.15
A_OB_1.9999999999999998_1.0_199,24.2,2.31,0.73,-0.33,-0.5,-0.68,0.15
A_OB_1.9999999999999998_1.0_200,25.04,2.31,0.73,-0.33,-0.5,-0.68,0.15
A_OB_1.9999999999999998_1.0_201,25.25,2.31,0.73,-0.33,-0.5,-0.68,0.15
A_OB_1.9999999999999998_1.0_202,25.26,2.31,0.73,-0.33,-0.5,-0.68,0.15
A_OB_1.9999999999999998_1.0_203,25.19,2.31,0.73,-0.33,-0.5,-0.68,0.15
A_OB_1.9999999999999998_1.0_204,23.2,2.31,0.73,-0.33,-0.5,-0.68,0.15
A_OB_1.9999999999999998_1.0_205,25.43,2.31,0.73,-0.33,-0.5,-0.68,0.15
A_OB_1.9999999999999998_1.0_206,21.97,2.31,0.73,-0.33,-0.5,-0.68,0.15
A_OB_1.9999999999999998_1.0_207,24.86,2.31,0.73,-0.33,-0.5,-0.68,0.15
A_OB_1.9999999999999998_1.0_208,25.42,2.31,0.73,-0.33,-0.5,-0.68,0.15
A_OB_1.9999999999999998_1.0_209,18.14,2.31,0.73,-0.33,-0.5,-0.68,0.15
A_OB_1.9999999999999998_1.0_210,24.96,2.31,0.73,-0.33,-0.5,-0.68,0.15
A_OB_1.9999999999999998_1.0_211,25.44,2.31,0.73,-0.33,-0.5,-0.68,0.15
A_OB_1.9999999999999998_1.0_212,23.37,2.31,0.73,-0.33,-0.5,-0.68,0.15
A_OB_1.9999999999999998_1.0_213,25.21,2.31,0.73,-0.33,-0.5,-0.68,0.15
A_OB_1.9999999999999998_1.0_214,25.37,2.31,0.73,-0.33,-0.5,-0.68,0.15
A_OB_1.9999999999999998_1.0_215,21.47,2.31,0.73,-0.33,-0.5,-0.68,0.15
A_OB_1.9999999999999998_1.0_216,23.89,2.31,0.73,-0.33,-0.5,-0.68,0.15
A_OB_1.9999999999999998_1.0_217,23.44,2.31,0.73,-0.33,-0.5,-0.68,0.15
A_OB_1.9999999999999998_1.0_218,24.29,2.31,0.73,-0.33,-0.5,-0.68,0.15
A_OB_1.9999999999999998_1.0_219,24.97,2.31,0.73,-0.33,-0.5,-0.68,0.15
A_OB_1.9999999999999998_1.0_220,25.49,2.31,0.73,-0.33,-0.5,-0.68,0.15
A_OB_1.9999999999999998_1.0_221,25.54,2.31,0.73,-0.33,-0.5,-0.68,0.15
A_OB_1.9999999999999998_1.0_222,25.44,2.31,0.73,-0.33,-0.5,-0.68,0.15
A_OB_1.9999999999999998_1.0_223,23.85,2.31,0.73,-0.33,-0.5,-0.68,0.15
A_OB_1.9999999999999998_1.0_224,20.64,2.31,0.73,-0.33,-0.5,-0.68,0.15
A_OB_1.9999999999999998_1.0_225,22.67,2.31,0.73,-0.33,-0.5,-0.68,0.15
A_OB_1.9999999999999998_1.0_226,25.61,2.31,0.73,-0.33,-0.5,-0.68,0.15
A_OB_1.9999999999999998_1.0_227,24.72,2.31,0.73,-0.33,-0.5,-0.68,0.15
A_OB_1.9999999999999998_1.0_228,22.26,2.31,0.73,-0.33,-0.5,-0.68,0.15
A_OB_1.9999999999999998_1.0_229,22.67,2.31,0.73,-0.33,-0.5,-0.68,0.15
A_OB_1.9999999999999998_1.0_230,24.07,2.31,0.73,-0.33,-0.5,-0.68,0.15
A_OB_1.9999999999999998_1.0_231,22.19,2.31,0.73,-0.33,-0.5,-0.68,0.15
A_OB_1.9999999999999998_1.0_232,23.86,2.31,0.73,-0.33,-0.5,-0.68,0.15
A_OB_1.9999999999999998_1.0_233,24.62,2.31,0.73,-0.33,-0.5,-0.68,0.15
A_OB_1.9999999999999998_1.0_234,23.63,2.31,0.73,-0.33,-0.5,-0.68,0.15
A_OB_1.9999999999999998_1.0_235,25.25,2.31,0.73,-0.33,-0.5,-0.68,0.15
A_OB_1.9999999999999998_1.0_236,25.14,2.31,0.73,-0.33,-0.5,-0.68,0.15
A_OB_1.9999999999999998_1.0_237,24.76,2.31,0.73,-0.33,-0.5,-0.68,0.15
A_OB_1.9999999999999998_1.0_238,25.36,2.31,0.73,-0.33,-0.5,-0.68,0.15
A_OB_1.9999999999999998_1.0_239,25.61,2.31,0.73,-0.33,-0.5,-0.68,0.15
A_OB_1.9999999999999998_1.0_240,21.5,2.31,0.73,-0.33,-0.5,-0.68,0.15
A_OB_1.9999999999999998_1.0_241,25.54,2.31,0.73,-0.33,-0.5,-0.68,0.15
A_OB_1.9999999999999998_1.0_242,23.47,2.31,0.73,-0.33,-0.5,-0.68,0.15
A_OB_1.9999999999999998_1.0_243,20.91,2.31,0.73,-0.33,-0.5,-0.68,0.15
A_OB_1.9999999999999998_1.0_244,24.35,2.31,0.73,-0.33,-0.5,-0.68,0.15
A_OB_1.9999999999999998_1.0_245,21.14,2.31,0.73,-0.33,-0.5,-0.68,0.15
A_OB_1.9999999999999998_1.0_246,24.91,2.31,0.73,-0.33,-0.5,-0.68,0.15
A_OB_1.9999999999999998_1.0_247,25.39,2.31,0.73,-0.33,-0.5,-0.68,0.15
A_OB_1.9999999999999998_1.0_248,24.47,2.31,0.73,-0.33,-0.5,-0.68,0.15
A_OB_1.9999999999999998_1.0_249,25.53,2.31,0.73,-0.33,-0.5,-0.68,0.15
A_OB_1.9999999999999998_1.0_250,22.89,2.31,0.73,-0.33,-0.5,-0.68,0.15
A_OB_1.9999999999999998_1.0_251,25.07,2.31,0.73,-0.33,-0.5,-0.68,0.15
A_OB_1.9999999999999998_1.0_252,22.74,2.31,0.73,-0.33,-0.5,-0.68,0.15
A_OB_1.9999999999999998_1.0_253,25.16,2.31,0.73,-0.33,-0.5,-0.68,0.15
A_OB_1.9999999999999998_1.0_254,25.38,2.31,0.73,-0.33,-0.5,-0.68,0.15
A_OB_1.9999999999999998_1.0_255,23.58,2.31,0.73,-0.33,-0.5,-0.68,0.15
A_OB_1.9999999999999998_1.0_256,24.6,2.31,0.73,-0.33,-0.5,-0.68,0.15
A_OB_1.9999999999999998_1.0_257,25.48,2.31,0.73,-0.33,-0.5,-0.68,0.15
A_OB_1.9999999999999998_1.0_258,25.45,2.31,0.73,-0.33,-0.5,-0.68,0.15
A_OB_1.9999999999999998_1.0_259,25.36,2.31,0.73,-0.33,-0.5,-0.68,0.15
A_OB_1.9999999999999998_1.0_260,22.1,2.31,0.73,-0.33,-0.5,-0.68,0.15
A_OB_1.9999999999999998_1.0_261,25.58,2.31,0.73,-0.33,-0.5,-0.68,0.15
A_OB_1.9999999999999998_1.0_262,25.32,2.31,0.73,-0.33,-0.5,-0.68,0.15
A_OB_1.9999999999999998_1.0_263,25.62,2.31,0.73,-0.33,-0.5,-0.68,0.15
A_OB_1.9999999999999998_1.0_264,22.81,2.31,0.73,-0.33,-0.5,-0.68,0.15
A_OB_1.9999999999999998_1.0_265,25.3,2.31,0.73,-0.33,-0.5,-0.68,0.15
A_OB_1.9999999999999998_1.0_266,23.73,2.31,0.73,-0.33,-0.5,-0.68,0.15
A_OB_1.9999999999999998_1.0_267,24.67,2.31,0.73,-0.33,-0.5,-0.68,0.15
A_OB_1.9999999999999998_1.0_268,25.29,2.31,0.73,-0.33,-0.5,-0.68,0.15
A_OB_1.9999999999999998_1.0_269,25.38,2.31,0.73,-0.33,-0.5,-0.68,0.15
A_OB_1.9999999999999998_1.0_270,24.17,2.31,0.73,-0.33,-0.5,-0.68,0.15
A_OB_1.9999999999999998_1.0_271,21.12,2.31,0.73,-0.33,-0.5,-0.68,0.15
A_OB_1.9999999999999998_1.0_272,24.25,2.31,0.73,-0.33,-0.5,-0.68,0.15
A_OB_1.9999999999999998_1.0_273,24.0,2.31,0.73,-0.33,-0.5,-0.68,0.15
A_OB_1.9999999999999998_1.0_274,24.73,2.31,0.73,-0.33,-0.5,-0.68,0.15
A_OB_1.9999999999999998_1.0_275,25.06,2.31,0.73,-0.33,-0.5,-0.68,0.15
A_OB_1.9999999999999998_1.0_276,25.2,2.31,0.73,-0.33,-0.5,-0.68,0.15
A_OB_1.9999999999999998_1.0_277,25.38,2.31,0.73,-0.33,-0.5,-0.68,0.15
A_OB_1.9999999999999998_1.0_278,25.29,2.31,0.73,-0.33,-0.5,-0.68,0.15
A_OB_1.9999999999999998_1.0_279,25.16,2.31,0.73,-0.33,-0.5,-0.68,0.15
A_OB_1.9999999999999998_1.0_280,24.52,2.31,0.73,-0.33,-0.5,-0.68,0.15
A_OB_1.9999999999999998_1.0_281,24.72,2.31,0.73,-0.33,-0.5,-0.68,0.15
A_OB_1.9999999999999998_1.0_282,25.41,2.31,0.73,-0.33,-0.5,-0.68,0.15
A_OB_1.9999999999999998_1.0_283,24.7,2.31,0.73,-0.33,-0.5,-0.68,0.15
A_OB_1.9999999999999998_1.0_284,23.95,2.31,0.73,-0.33,-0.5,-0.68,0.15
A_OB_1.9999999999999998_1.0_285,22.87,2.31,0.73,-0.33,-0.5,-0.68,0.15
A_OB_1.9999999999999998_1.0_286,24.33,2.31,0.73,-0.33,-0.5,-0.68,0.15
A_OB_1.9999999999999998_1.0_287,24.64,2.31,0.73,-0.33,-0.5,-0.68,0.15
A_OB_1.9999999999999998_1.0_288,24.38,2.31,0.73,-0.33,-0.5,-0.68,0.15
A_OB_1.9999999999999998_1.0_289,20.83,2.31,0.73,-0.33,-0.5,-0.68,0.15
A_OB_1.9999999999999998_1.0_290,22.76,2.31,0.73,-0.33,-0.5,-0.68,0.15
A_OB_1.9999999999999998_1.0_291,24.74,2.31,0.73,-0.33,-0.5,-0.68,0.15
A_OB_1.9999999999999998_1.0_292,25.54,2.31,0.73,-0.33,-0.5,-0.68,0.15
A_OB_1.9999999999999998_1.0_293,25.13,2.31,0.73,-0.33,-0.5,-0.68,0.15
A_OB_1.9999999999999998_1.0_294,24.93,2.31,0.73,-0.33,-0.5,-0.68,0.15
A_OB_1.9999999999999998_1.0_295,25.02,2.31,0.73,-0.33,-0.5,-0.68,0.15
A_OB_1.9999999999999998_1.0_296,22.04,2.31,0.73,-0.33,-0.5,-0.68,0.15
A_OB_1.9999999999999998_1.0_297,25.24,2.31,0.73,-0.33,-0.5,-0.68,0.15
A_OB_1.9999999999999998_1.0_298,24.08,2.31,0.73,-0.33,-0.5,-0.68,0.15
A_OB_1.9999999999999998_1.0_299,25.23,2.31,0.73,-0.33,-0.5,-0.68,0.15
A_OB_1.9999999999999998_1.0_300,20.7,2.31,0.73,-0.33,-0.5,-0.68,0.15
A_OB_1.9999999999999998_1.0_301,23.74,2.31,0.73,-0.33,-0.5,-0.68,0.15
A_OB_1.9999999999999998_1.0_302,24.61,2.31,0.73,-0.33,-0.5,-0.68,0.15
A_OB_1.9999999999999998_1.0_303,25.23,2.31,0.73,-0.33,-0.5,-0.68,0.15
A_OB_1.9999999999999998_1.0_304,23.21,2.31,0.73,-0.33,-0.5,-0.68,0.15
A_OB_1.9999999999999998_1.0_305,24.75,2.31,0.73,-0.33,-0.5,-0.68,0.15
A_OB_1.9999999999999998_1.0_306,23.49,2.31,0.73,-0.33,-0.5,-0.68,0.15
A_OB_1.9999999999999998_1.0_307,22.52,2.31,0.73,-0.33,-0.5,-0.68,0.15
A_OB_1.9999999999999998_1.0_308,23.56,2.31,0.73,-0.33,-0.5,-0.68,0.15
A_OB_1.9999999999999998_1.0_309,25.26,2.31,0.73,-0.33,-0.5,-0.68,0.15
A_OB_1.9999999999999998_1.0_310,24.22,2.31,0.73,-0.33,-0.5,-0.68,0.15
A_OB_1.9999999999999998_1.0_311,25.01,2.31,0.73,-0.33,-0.5,-0.68,0.15
A_OB_1.9999999999999998_1.0_312,23.75,2.31,0.73,-0.33,-0.5,-0.68,0.15
A_OB_1.9999999999999998_1.0_313,24.83,2.31,0.73,-0.33,-0.5,-0.68,0.15
A_OB_1.9999999999999998_1.0_314,23.12,2.31,0.73,-0.33,-0.5,-0.68,0.15
A_OB_1.9999999999999998_1.0_315,23.81,2.31,0.73,-0.33,-0.5,-0.68,0.15
A_OB_1.9999999999999998_1.0_316,24.82,2.31,0.73,-0.33,-0.5,-0.68,0.15
A_OB_1.9999999999999998_1.0_317,24.73,2.31,0.73,-0.33,-0.5,-0.68,0.15
A_OB_1.9999999999999998_1.0_318,23.14,2.31,0.73,-0.33,-0.5,-0.68,0.15
A_OB_1.9999999999999998_1.0_319,25.6,2.31,0.73,-0.33,-0.5,-0.68,0.15
A_OB_1.9999999999999998_1.0_320,25.08,2.31,0.73,-0.33,-0.5,-0.68,0.15
A_OB_1.9999999999999998_1.0_321,24.18,2.31,0.73,-0.33,-0.5,-0.68,0.15
A_OB_1.9999999999999998_1.0_322,23.79,2.31,0.73,-0.33,-0.5,-0.68,0.15
A_OB_1.9999999999999998_1.0_323,25.49,2.31,0.73,-0.33,-0.5,-0.68,0.15
A_OB_1.9999999999999998_1.0_324,23.85,2.31,0.73,-0.33,-0.5,-0.68,0.15
A_OB_1.9999999999999998_1.0_325,25.2,2.31,0.73,-0.33,-0.5,-0.68,0.15
A_OB_1.9999999999999998_1.0_326,25.6,2.31,0.73,-0.33,-0.5,-0.68,0.15
A_OB_1.9999999999999998_1.0_327,24.47,2.31,0.73,-0.33,-0.5,-0.68,0.15
A_OB_1.9999999999999998_1.0_328,20.22,2.31,0.73,-0.33,-0.5,-0.68,0.15
A_OB_1.9999999999999998_1.0_329,21.19,2.31,0.73,-0.33,-0.5,-0.68,0.15
A_OB_1.9999999999999998_1.0_330,24.52,2.31,0.73,-0.33,-0.5,-0.68,0.15
A_OB_1.9999999999999998_1.0_331,23.19,2.31,0.73,-0.33,-0.5,-0.68,0.15
A_OB_1.9999999999999998_1.0_332,25.07,2.31,0.73,-0.33,-0.5,-0.68,0.15
A_OB_1.9999999999999998_1.0_333,20.28,2.31,0.73,-0.33,-0.5,-0.68,0.15
A_OB_1.9999999999999998_1.0_334,24.21,2.31,0.73,-0.33,-0.5,-0.68,0.15
A_OB_1.9999999999999998_1.0_335,24.33,2.31,0.73,-0.33,-0.5,-0.68,0.15
A_OB_1.9999999999999998_1.0_336,25.61,2.31,0.73,-0.33,-0.5,-0.68,0.15
A_OB_1.9999999999999998_1.0_337,23.4,2.31,0.73,-0.33,-0.5,-0.68,0.15
A_OB_1.9999999999999998_1.0_338,24.3,2.31,0.73,-0.33,-0.5,-0.68,0.15
A_OB_1.9999999999999998_1.0_339,23.14,2.31,0.73,-0.33,-0.5,-0.68,0.15
A_OB_1.9999999999999998_1.0_340,24.8,2.31,0.73,-0.33,-0.5,-0.68,0.15
A_OB_1.9999999999999998_1.0_341,24.59,2.31,0.73,-0.33,-0.5,-0.68,0.15
A_OB_1.9999999999999998_1.0_342,24.76,2.31,0.73,-0.33,-0.5,-0.68,0.15
A_OB_1.9999999999999998_1.0_343,21.13,2.31,0.73,-0.33,-0.5,-0.68,0.15
A_OB_1.9999999999999998_1.0_344,25.15,2.31,0.73,-0.33,-0.5,-0.68,0.15
A_OB_1.9999999999999998_1.0_345,25.12,2.31,0.73,-0.33,-0.5,-0.68,0.15
A_OB_1.9999999999999998_1.0_346,25.48,2.31,0.73,-0.33,-0.5,-0.68,0.15
A_OB_1.9999999999999998_1.0_347,25.49,2.31,0.73,-0.33,-0.5,-0.68,0.15
A_OB_1.9999999999999998_1.0_348,24.73,2.31,0.73,-0.33,-0.5,-0.68,0.15
A_OB_1.9999999999999998_1.0_349,24.35,2.31,0.73,-0.33,-0.5,-0.68,0.15
A_OB_1.9999999999999998_1.0_350,25.09,2.31,0.73,-0.33,-0.5,-0.68,0.15
A_OB_1.9999999999999998_1.0_351,25.14,2.31,0.73,-0.33,-0.5,-0.68,0.15
A_OB_1.9999999999999998_1.0_352,25.47,2.31,0.73,-0.33,-0.5,-0.68,0.15
A_OB_1.9999999999999998_1.0_353,24.75,2.31,0.73,-0.33,-0.5,-0.68,0.15
A_OB_1.9999999999999998_1.0_354,25.43,2.31,0.73,-0.33,-0.5,-0.68,0.15
A_OB_1.9999999999999998_1.0_355,24.41,2.31,0.73,-0.33,-0.5,-0.68,0.15
A_OB_1.9999999999999998_1.0_356,24.86,2.31,0.73,-0.33,-0.5,-0.68,0.15
A_OB_1.9999999999999998_1.0_357,18.03,2.31,0.73,-0.33,-0.5,-0.68,0.15
A_OB_1.9999999999999998_1.0_358,25.21,2.31,0.73,-0.33,-0.5,-0.68,0.15
A_OB_1.9999999999999998_1.0_359,23.68,2.31,0.73,-0.33,-0.5,-0.68,0.15
A_OB_1.9999999999999998_1.0_360,14.47,2.31,0.73,-0.33,-0.5,-0.68,0.15
A_OB_1.9999999999999998_1.0_361,24.01,2.31,0.73,-0.33,-0.5,-0.68,0.15
A_OB_1.9999999999999998_1.0_362,25.04,2.31,0.73,-0.33,-0.5,-0.68,0.15
A_OB_1.9999999999999998_1.0_363,24.33,2.31,0.73,-0.33,-0.5,-0.68,0.15
A_OB_1.9999999999999998_1.0_364,25.38,2.31,0.73,-0.33,-0.5,-0.68,0.15
A_OB_1.9999999999999998_1.0_365,25.11,2.31,0.73,-0.33,-0.5,-0.68,0.15
A_OB_1.9999999999999998_1.0_366,25.24,2.31,0.73,-0.33,-0.5,-0.68,0.15
A_OB_1.9999999999999998_1.0_367,24.9,2.31,0.73,-0.33,-0.5,-0.68,0.15
A_OB_1.9999999999999998_1.0_368,25.36,2.31,0.73,-0.33,-0.5,-0.68,0.15
A_OB_1.9999999999999998_1.0_369,25.27,2.31,0.73,-0.33,-0.5,-0.68,0.15
A_OB_1.9999999999999998_1.0_370,23.69,2.31,0.73,-0.33,-0.5,-0.68,0.15
A_OB_1.9999999999999998_1.0_371,22.1,2.31,0.73,-0.33,-0.5,-0.68,0.15
A_OB_1.9999999999999998_1.0_372,25.16,2.31,0.73,-0.33,-0.5,-0.68,0.15
A_OB_1.9999999999999998_1.0_373,24.86,2.31,0.73,-0.33,-0.5,-0.68,0.15
A_OB_1.9999999999999998_1.0_374,23.61,2.31,0.73,-0.33,-0.5,-0.68,0.15
A_OB_1.9999999999999998_1.0_375,25.22,2.31,0.73,-0.33,-0.5,-0.68,0.15
A_OB_1.9999999999999998_1.0_376,24.64,2.31,0.73,-0.33,-0.5,-0.68,0.15
A_OB_1.9999999999999998_1.0_377,25.41,2.31,0.73,-0.33,-0.5,-0.68,0.15
A_OB_1.9999999999999998_1.0_378,23.7,2.31,0.73,-0.33,-0.5,-0.68,0.15
A_OB_1.9999999999999998_1.0_379,23.15,2.31,0.73,-0.33,-0.5,-0.68,0.15
A_OB_1.9999999999999998_1.0_380,25.44,2.31,0.73,-0.33,-0.5,-0.68,0.15
A_OB_1.9999999999999998_1.0_381,22.62,2.31,0.73,-0.33,-0.5,-0.68,0.15
A_OB_1.9999999999999998_1.0_382,25.36,2.31,0.73,-0.33,-0.5,-0.68,0.15
A_OB_1.9999999999999998_1.0_383,25.11,2.31,0.73,-0.33,-0.5,-0.68,0.15
A_OB_1.9999999999999998_1.0_384,24.86,2.31,0.73,-0.33,-0.5,-0.68,0.15
A_OB_1.9999999999999998_1.0_385,22.99,2.31,0.73,-0.33,-0.5,-0.68,0.15
A_OB_1.9999999999999998_1.0_386,25.23,2.31,0.73,-0.33,-0.5,-0.68,0.15
A_OB_1.9999999999999998_1.0_387,24.18,2.31,0.73,-0.33,-0.5,-0.68,0.15
A_OB_1.9999999999999998_1.0_388,25.46,2.31,0.73,-0.33,-0.5,-0.68,0.15
A_OB_1.9999999999999998_1.0_389,23.4,2.31,0.73,-0.33,-0.5,-0.68,0.15
A_OB_1.9999999999999998_1.0_390,24.3,2.31,0.73,-0.33,-0.5,-0.68,0.15
A_OB_1.9999999999999998_1.0_391,25.62,2.31,0.73,-0.33,-0.5,-0.68,0.15
A_OB_1.9999999999999998_1.0_392,25.07,2.31,0.73,-0.33,-0.5,-0.68,0.15
A_OB_1.9999999999999998_1.0_393,24.73,2.31,0.73,-0.33,-0.5,-0.68,0.15
A_OB_1.9999999999999998_1.0_394,24.6,2.31,0.73,-0.33,-0.5,-0.68,0.15
A_OB_1.9999999999999998_1.0_395,23.25,2.31,0.73,-0.33,-0.5,-0.68,0.15
A_OB_1.9999999999999998_1.0_396,25.48,2.31,0.73,-0.33,-0.5,-0.68,0.15
A_OB_1.9999999999999998_1.0_397,24.71,2.31,0.73,-0.33,-0.5,-0.68,0.15
A_OB_1.9999999999999998_1.0_398,25.48,2.31,0.73,-0.33,-0.5,-0.68,0.15
A_OB_1.9999999999999998_1.0_399,24.83,2.31,0.73,-0.33,-0.5,-0.68,0.15
A_OB_1.9999999999999998_1.0_400,25.11,2.31,0.73,-0.33,-0.5,-0.68,0.15
A_OB_1.9999999999999998_1.0_401,24.64,2.31,0.73,-0.33,-0.5,-0.68,0.15
A_OB_1.9999999999999998_1.0_402,23.2,2.31,0.73,-0.33,-0.5,-0.68,0.15
A_OB_1.9999999999999998_1.0_403,25.58,2.31,0.73,-0.33,-0.5,-0.68,0.15
A_OB_1.9999999999999998_1.0_404,23.11,2.31,0.73,-0.33,-0.5,-0.68,0.15
A_OB_1.9999999999999998_1.0_405,24.08,2.31,0.73,-0.33,-0.5,-0.68,0.15
A_OB_1.9999999999999998_1.0_406,24.27,2.31,0.73,-0.33,-0.5,-0.68,0.15
A_OB_1.9999999999999998_1.0_407,25.05,2.31,0.73,-0.33,-0.5,-0.68,0.15
A_OB_1.9999999999999998_1.0_408,25.27,2.31,0.73,-0.33,-0.5,-0.68,0.15
A_OB_1.9999999999999998_1.0_409,24.48,2.31,0.73,-0.33,-0.5,-0.68,0.15
A_OB_1.9999999999999998_1.0_410,21.28,2.31,0.73,-0.33,-0.5,-0.68,0.15
A_OB_1.9999999999999998_1.0_411,22.19,2.31,0.73,-0.33,-0.5,-0.68,0.15
A_OB_1.9999999999999998_1.0_412,25.54,2.31,0.73,-0.33,-0.5,-0.68,0.15
A_OB_1.9999999999999998_1.0_413,25.37,2.31,0.73,-0.33,-0.5,-0.68,0.15
A_OB_1.9999999999999998_1.0_414,24.51,2.31,0.73,-0.33,-0.5,-0.68,0.15
A_OB_1.9999999999999998_1.0_415,25.22,2.31,0.73,-0.33,-0.5,-0.68,0.15
A_OB_1.9999999999999998_1.0_416,25.26,2.31,0.73,-0.33,-0.5,-0.68,0.15
A_OB_1.9999999999999998_1.0_417,24.88,2.31,0.73,-0.33,-0.5,-0.68,0.15
A_OB_1.9999999999999998_1.0_418,25.62,2.31,0.73,-0.33,-0.5,-0.68,0.15
A_OB_1.9999999999999998_1.0_419,25.37,2.31,0.73,-0.33,-0.5,-0.68,0.15
A_OB_1.9999999999999998_1.0_420,24.47,2.31,0.73,-0.33,-0.5,-0.68,0.15
A_OB_1.9999999999999998_1.0_421,18.45,2.31,0.73,-0.33,-0.5,-0.68,0.15
A_OB_1.9999999999999998_1.0_422,24.03,2.31,0.73,-0.33,-0.5,-0.68,0.15
A_OB_1.9999999999999998_1.0_423,24.88,2.31,0.73,-0.33,-0.5,-0.68,0.15
A_OB_1.9999999999999998_1.0_424,24.13,2.31,0.73,-0.33,-0.5,-0.68,0.15
A_OB_1.9999999999999998_1.0_425,24.77,2.31,0.73,-0.33,-0.5,-0.68,0.15
A_OB_1.9999999999999998_1.0_426,20.43,2.31,0.73,-0.33,-0.5,-0.68,0.15
A_OB_1.9999999999999998_1.0_427,23.42,2.31,0.73,-0.33,-0.5,-0.68,0.15
A_OB_1.9999999999999998_1.0_428,25.41,2.31,0.73,-0.33,-0.5,-0.68,0.15
A_OB_1.9999999999999998_1.0_429,25.31,2.31,0.73,-0.33,-0.5,-0.68,0.15
A_OB_1.9999999999999998_1.0_430,25.47,2.31,0.73,-0.33,-0.5,-0.68,0.15
A_OB_1.9999999999999998_1.0_431,21.64,2.31,0.73,-0.33,-0.5,-0.68,0.15
A_OB_1.9999999999999998_1.0_432,23.94,2.31,0.73,-0.33,-0.5,-0.68,0.15
A_OB_1.9999999999999998_1.0_433,23.69,2.31,0.73,-0.33,-0.5,-0.68,0.15
A_OB_1.9999999999999998_1.0_434,25.47,2.31,0.73,-0.33,-0.5,-0.68,0.15
A_OB_1.9999999999999998_1.0_435,24.6,2.31,0.73,-0.33,-0.5,-0.68,0.15
A_OB_1.9999999999999998_1.0_436,23.39,2.31,0.73,-0.33,-0.5,-0.68,0.15
A_OB_1.9999999999999998_1.0_437,21.95,2.31,0.73,-0.33,-0.5,-0.68,0.15
A_OB_1.9999999999999998_1.0_438,20.19,2.31,0.73,-0.33,-0.5,-0.68,0.15
A_OB_1.9999999999999998_1.0_439,24.49,2.31,0.73,-0.33,-0.5,-0.68,0.15
A_OB_1.9999999999999998_1.0_440,24.94,2.31,0.73,-0.33,-0.5,-0.68,0.15
A_OB_1.9999999999999998_1.0_441,18.28,2.31,0.73,-0.33,-0.5,-0.68,0.15
A_OB_1.9999999999999998_1.0_442,25.38,2.31,0.73,-0.33,-0.5,-0.68,0.15
A_OB_1.9999999999999998_1.0_443,25.58,2.31,0.73,-0.33,-0.5,-0.68,0.15
A_OB_1.9999999999999998_1.0_444,19.18,2.31,0.73,-0.33,-0.5,-0.68,0.15
A_OB_1.9999999999999998_1.0_445,23.87,2.31,0.73,-0.33,-0.5,-0.68,0.15
A_OB_1.9999999999999998_1.0_446,24.9,2.31,0.73,-0.33,-0.5,-0.68,0.15
A_OB_1.9999999999999998_1.0_447,24.14,2.31,0.73,-0.33,-0.5,-0.68,0.15
A_OB_1.9999999999999998_1.0_448,25.0,2.31,0.73,-0.33,-0.5,-0.68,0.15
A_OB_1.9999999999999998_1.0_449,24.6,2.31,0.73,-0.33,-0.5,-0.68,0.15
A_OB_1.9999999999999998_1.0_450,24.94,2.31,0.73,-0.33,-0.5,-0.68,0.15
A_OB_1.9999999999999998_1.0_451,25.44,2.31,0.73,-0.33,-0.5,-0.68,0.15
A_OB_1.9999999999999998_1.0_452,25.08,2.31,0.73,-0.33,-0.5,-0.68,0.15
A_OB_1.9999999999999998_1.0_453,22.88,2.31,0.73,-0.33,-0.5,-0.68,0.15
A_OB_1.9999999999999998_1.0_454,22.57,2.31,0.73,-0.33,-0.5,-0.68,0.15
A_OB_1.9999999999999998_1.0_455,24.87,2.31,0.73,-0.33,-0.5,-0.68,0.15
A_OB_1.9999999999999998_1.0_456,25.14,2.31,0.73,-0.33,-0.5,-0.68,0.15
A_OB_1.9999999999999998_1.0_457,20.8,2.31,0.73,-0.33,-0.5,-0.68,0.15
A_OB_1.9999999999999998_1.0_458,24.81,2.31,0.73,-0.33,-0.5,-0.68,0.15
A_OB_1.9999999999999998_1.0_459,24.16,2.31,0.73,-0.33,-0.5,-0.68,0.15
A_OB_1.9999999999999998_1.0_460,22.2,2.31,0.73,-0.33,-0.5,-0.68,0.15
A_OB_1.9999999999999998_1.0_461,24.13,2.31,0.73,-0.33,-0.5,-0.68,0.15
A_OB_1.9999999999999998_1.0_462,25.11,2.31,0.73,-0.33,-0.5,-0.68,0.15
A_OB_1.9999999999999998_1.0_463,24.89,2.31,0.73,-0.33,-0.5,-0.68,0.15
A_OB_1.9999999999999998_1.0_464,25.25,2.31,0.73,-0.33,-0.5,-0.68,0.15
A_OB_1.9999999999999998_1.0_465,25.57,2.31,0.73,-0.33,-0.5,-0.68,0.15
A_OB_1.9999999999999998_1.0_466,25.4,2.31,0.73,-0.33,-0.5,-0.68,0.15
A_OB_1.9999999999999998_1.0_467,25.51,2.31,0.73,-0.33,-0.5,-0.68,0.15
A_OB_1.9999999999999998_1.0_468,24.52,2.31,0.73,-0.33,-0.5,-0.68,0.15
A_OB_1.9999999999999998_1.0_469,23.47,2.31,0.73,-0.33,-0.5,-0.68,0.15
A_OB_1.9999999999999998_1.0_470,24.42,2.31,0.73,-0.33,-0.5,-0.68,0.15
A_OB_1.9999999999999998_1.0_471,23.89,2.31,0.73,-0.33,-0.5,-0.68,0.15
A_OB_1.9999999999999998_1.0_472,25.45,2.31,0.73,-0.33,-0.5,-0.68,0.15
A_OB_1.9999999999999998_1.0_473,25.56,2.31,0.73,-0.33,-0.5,-0.68,0.15
A_OB_1.9999999999999998_1.0_474,22.91,2.31,0.73,-0.33,-0.5,-0.68,0.15
A_OB_1.9999999999999998_1.0_475,23.35,2.31,0.73,-0.33,-0.5,-0.68,0.15
A_OB_1.9999999999999998_1.0_476,24.04,2.31,0.73,-0.33,-0.5,-0.68,0.15
A_OB_1.9999999999999998_1.0_477,25.3,2.31,0.73,-0.33,-0.5,-0.68,0.15
A_OB_1.9999999999999998_1.0_478,25.6,2.31,0.73,-0.33,-0.5,-0.68,0.15
A_OB_1.9999999999999998_1.0_479,25.23,2.31,0.73,-0.33,-0.5,-0.68,0.15
A_OB_1.9999999999999998_1.0_480,24.8,2.31,0.73,-0.33,-0.5,-0.68,0.15
A_OB_1.9999999999999998_1.0_481,24.79,2.31,0.73,-0.33,-0.5,-0.68,0.15
A_OB_1.9999999999999998_1.0_482,24.53,2.31,0.73,-0.33,-0.5,-0.68,0.15
A_OB_1.9999999999999998_1.0_483,24.45,2.31,0.73,-0.33,-0.5,-0.68,0.15
A_OB_1.9999999999999998_1.0_484,22.24,2.31,0.73,-0.33,-0.5,-0.68,0.15
A_OB_1.9999999999999998_1.0_485,25.2,2.31,0.73,-0.33,-0.5,-0.68,0.15
A_OB_1.9999999999999998_1.0_486,25.21,2.31,0.73,-0.33,-0.5,-0.68,0.15
A_OB_1.9999999999999998_1.0_487,25.17,2.31,0.73,-0.33,-0.5,-0.68,0.15
A_OB_1.9999999999999998_1.0_488,25.15,2.31,0.73,-0.33,-0.5,-0.68,0.15
A_OB_1.9999999999999998_1.0_489,25.61,2.31,0.73,-0.33,-0.5,-0.68,0.15
A_OB_1.9999999999999998_1.0_490,25.15,2.31,0.73,-0.33,-0.5,-0.68,0.15
A_OB_1.9999999999999998_1.0_491,24.8,2.31,0.73,-0.33,-0.5,-0.68,0.15
A_OB_1.9999999999999998_1.0_492,21.27,2.31,0.73,-0.33,-0.5,-0.68,0.15
A_OB_1.9999999999999998_1.0_493,25.29,2.31,0.73,-0.33,-0.5,-0.68,0.15
A_OB_1.9999999999999998_1.0_494,24.96,2.31,0.73,-0.33,-0.5,-0.68,0.15
A_OB_1.9999999999999998_1.0_495,24.1,2.31,0.73,-0.33,-0.5,-0.68,0.15
A_OB_1.9999999999999998_1.0_496,17.29,2.31,0.73,-0.33,-0.5,-0.68,0.15
A_OB_1.9999999999999998_1.0_497,25.39,2.31,0.73,-0.33,-0.5,-0.68,0.15
A_OB_1.9999999999999998_1.0_498,24.32,2.31,0.73,-0.33,-0.5,-0.68,0.15
A_OB_1.9999999999999998_1.0_499,25.45,2.31,0.73,-0.33,-0.5,-0.68,0.15
A_OB_1.9999999999999998_1.0_500,24.21,2.31,0.73,-0.33,-0.5,-0.68,0.15
A_OB_1.9999999999999998_1.0_501,25.42,2.31,0.73,-0.33,-0.5,-0.68,0.15
A_OB_1.9999999999999998_1.0_502,25.49,2.31,0.73,-0.33,-0.5,-0.68,0.15
A_OB_1.9999999999999998_1.0_503,24.71,2.31,0.73,-0.33,-0.5,-0.68,0.15
A_OB_1.9999999999999998_1.0_504,25.41,2.31,0.73,-0.33,-0.5,-0.68,0.15
A_OB_1.9999999999999998_1.0_505,24.11,2.31,0.73,-0.33,-0.5,-0.68,0.15
A_OB_1.9999999999999998_1.0_506,24.31,2.31,0.73,-0.33,-0.5,-0.68,0.15
A_OB_1.9999999999999998_1.0_507,25.49,2.31,0.73,-0.33,-0.5,-0.68,0.15
A_OB_1.9999999999999998_1.0_508,25.42,2.31,0.73,-0.33,-0.5,-0.68,0.15
A_OB_1.9999999999999998_1.0_509,24.82,2.31,0.73,-0.33,-0.5,-0.68,0.15
A_OB_1.9999999999999998_1.0_510,25.29,2.31,0.73,-0.33,-0.5,-0.68,0.15
A_OB_1.9999999999999998_1.0_511,19.14,2.31,0.73,-0.33,-0.5,-0.68,0.15
A_OB_1.9999999999999998_1.0_512,25.09,2.31,0.73,-0.33,-0.5,-0.68,0.15
A_OB_1.9999999999999998_1.0_513,23.68,2.31,0.73,-0.33,-0.5,-0.68,0.15
A_OB_1.9999999999999998_1.0_514,21.97,2.31,0.73,-0.33,-0.5,-0.68,0.15
A_OB_1.9999999999999998_1.0_515,25.13,2.31,0.73,-0.33,-0.5,-0.68,0.15
A_OB_1.9999999999999998_1.0_516,25.22,2.31,0.73,-0.33,-0.5,-0.68,0.15
A_OB_1.9999999999999998_1.0_517,23.13,2.31,0.73,-0.33,-0.5,-0.68,0.15
A_OB_1.9999999999999998_1.0_518,23.13,2.31,0.73,-0.33,-0.5,-0.68,0.15
A_OB_1.9999999999999998_1.0_519,22.41,2.31,0.73,-0.33,-0.5,-0.68,0.15
A_OB_1.9999999999999998_1.0_520,25.58,2.31,0.73,-0.33,-0.5,-0.68,0.15
A_OB_1.9999999999999998_1.0_521,23.02,2.31,0.73,-0.33,-0.5,-0.68,0.15
A_OB_1.9999999999999998_1.0_522,22.44,2.31,0.73,-0.33,-0.5,-0.68,0.15
A_OB_1.9999999999999998_1.0_523,25.36,2.31,0.73,-0.33,-0.5,-0.68,0.15
A_OB_1.9999999999999998_1.0_524,25.46,2.31,0.73,-0.33,-0.5,-0.68,0.15
A_OB_1.9999999999999998_1.0_525,24.63,2.31,0.73,-0.33,-0.5,-0.68,0.15
A_OB_1.9999999999999998_1.0_526,23.71,2.31,0.73,-0.33,-0.5,-0.68,0.15
A_OB_1.9999999999999998_1.0_527,24.49,2.31,0.73,-0.33,-0.5,-0.68,0.15
A_OB_1.9999999999999998_1.0_528,17.48,2.31,0.73,-0.33,-0.5,-0.68,0.15
A_OB_1.9999999999999998_1.0_529,23.6,2.31,0.73,-0.33,-0.5,-0.68,0.15
A_OB_1.9999999999999998_1.0_530,25.49,2.31,0.73,-0.33,-0.5,-0.68,0.15
A_OB_1.9999999999999998_1.0_531,22.75,2.31,0.73,-0.33,-0.5,-0.68,0.15
A_OB_1.9999999999999998_1.0_532,25.58,2.31,0.73,-0.33,-0.5,-0.68,0.15
A_OB_1.9999999999999998_1.0_533,25.42,2.31,0.73,-0.33,-0.5,-0.68,0.15
A_OB_1.9999999999999998_1.0_534,25.02,2.31,0.73,-0.33,-0.5,-0.68,0.15
A_OB_1.9999999999999998_1.0_535,25.09,2.31,0.73,-0.33,-0.5,-0.68,0.15
A_OB_1.9999999999999998_1.0_536,24.02,2.31,0.73,-0.33,-0.5,-0.68,0.15
A_OB_1.9999999999999998_1.0_537,22.23,2.31,0.73,-0.33,-0.5,-0.68,0.15
A_OB_1.9999999999999998_1.0_538,25.11,2.31,0.73,-0.33,-0.5,-0.68,0.15
A_OB_1.9999999999999998_1.0_539,23.78,2.31,0.73,-0.33,-0.5,-0.68,0.15
A_OB_1.9999999999999998_1.0_540,24.08,2.31,0.73,-0.33,-0.5,-0.68,0.15
A_OB_1.9999999999999998_1.0_541,23.64,2.31,0.73,-0.33,-0.5,-0.68,0.15
A_OB_1.9999999999999998_1.0_542,25.05,2.31,0.73,-0.33,-0.5,-0.68,0.15
A_OB_1.9999999999999998_1.0_543,20.25,2.31,0.73,-0.33,-0.5,-0.68,0.15
A_OB_1.9999999999999998_1.0_544,25.08,2.31,0.73,-0.33,-0.5,-0.68,0.15
A_OB_1.9999999999999998_1.0_545,24.49,2.31,0.73,-0.33,-0.5,-0.68,0.15
A_OB_1.9999999999999998_1.0_546,25.29,2.31,0.73,-0.33,-0.5,-0.68,0.15
A_OB_1.9999999999999998_1.0_547,23.64,2.31,0.73,-0.33,-0.5,-0.68,0.15
A_OB_1.9999999999999998_1.0_548,25.23,2.31,0.73,-0.33,-0.5,-0.68,0.15
A_OB_1.9999999999999998_1.0_549,24.07,2.31,0.73,-0.33,-0.5,-0.68,0.15
A_OB_1.9999999999999998_1.0_550,25.57,2.31,0.73,-0.33,-0.5,-0.68,0.15
A_OB_1.9999999999999998_1.0_551,24.63,2.31,0.73,-0.33,-0.5,-0.68,0.15
A_OB_1.9999999999999998_1.0_552,24.26,2.31,0.73,-0.33,-0.5,-0.68,0.15
A_OB_1.9999999999999998_1.0_553,24.92,2.31,0.73,-0.33,-0.5,-0.68,0.15
A_OB_1.9999999999999998_1.0_554,25.41,2.31,0.73,-0.33,-0.5,-0.68,0.15
A_OB_1.9999999999999998_1.0_555,24.67,2.31,0.73,-0.33,-0.5,-0.68,0.15
A_OB_1.9999999999999998_1.0_556,25.55,2.31,0.73,-0.33,-0.5,-0.68,0.15
A_OB_1.9999999999999998_1.0_557,25.28,2.31,0.73,-0.33,-0.5,-0.68,0.15
A_OB_1.9999999999999998_1.0_558,22.32,2.31,0.73,-0.33,-0.5,-0.68,0.15
A_OB_1.9999999999999998_1.0_559,23.95,2.31,0.73,-0.33,-0.5,-0.68,0.15
A_OB_1.9999999999999998_1.0_560,25.48,2.31,0.73,-0.33,-0.5,-0.68,0.15
A_OB_1.9999999999999998_1.0_561,25.59,2.31,0.73,-0.33,-0.5,-0.68,0.15
A_OB_1.9999999999999998_1.0_562,25.45,2.31,0.73,-0.33,-0.5,-0.68,0.15
A_OB_1.9999999999999998_1.0_563,24.28,2.31,0.73,-0.33,-0.5,-0.68,0.15
A_OB_1.9999999999999998_1.0_564,22.51,2.31,0.73,-0.33,-0.5,-0.68,0.15
A_OB_1.9999999999999998_1.0_565,23.78,2.31,0.73,-0.33,-0.5,-0.68,0.15
A_OB_1.9999999999999998_1.0_566,24.53,2.31,0.73,-0.33,-0.5,-0.68,0.15
A_OB_1.9999999999999998_1.0_567,24.31,2.31,0.73,-0.33,-0.5,-0.68,0.15
A_OB_1.9999999999999998_1.0_568,25.43,2.31,0.73,-0.33,-0.5,-0.68,0.15
A_OB_1.9999999999999998_1.0_569,21.57,2.31,0.73,-0.33,-0.5,-0.68,0.15
A_OB_1.9999999999999998_1.0_570,25.03,2.31,0.73,-0.33,-0.5,-0.68,0.15
A_OB_1.9999999999999998_1.0_571,24.74,2.31,0.73,-0.33,-0.5,-0.68,0.15
A_OB_1.9999999999999998_1.0_572,24.73,2.31,0.73,-0.33,-0.5,-0.68,0.15
A_OB_1.9999999999999998_1.0_573,22.67,2.31,0.73,-0.33,-0.5,-0.68,0.15
A_OB_1.9999999999999998_1.0_574,24.07,2.31,0.73,-0.33,-0.5,-0.68,0.15
A_OB_1.9999999999999998_1.0_575,25.57,2.31,0.73,-0.33,-0.5,-0.68,0.15
A_OB_1.9999999999999998_1.0_576,24.48,2.31,0.73,-0.33,-0.5,-0.68,0.15
A_OB_1.9999999999999998_1.0_577,25.48,2.31,0.73,-0.33,-0.5,-0.68,0.15
A_OB_1.9999999999999998_1.0_578,24.08,2.31,0.73,-0.33,-0.5,-0.68,0.15
A_OB_1.9999999999999998_1.0_579,24.43,2.31,0.73,-0.33,-0.5,-0.68,0.15
A_OB_1.9999999999999998_1.0_580,25.19,2.31,0.73,-0.33,-0.5,-0.68,0.15
A_OB_1.9999999999999998_1.0_581,25.28,2.31,0.73,-0.33,-0.5,-0.68,0.15
A_OB_1.9999999999999998_1.0_582,23.66,2.31,0.73,-0.33,-0.5,-0.68,0.15
A_OB_1.9999999999999998_1.0_583,24.93,2.31,0.73,-0.33,-0.5,-0.68,0.15
A_OB_1.9999999999999998_1.0_584,22.25,2.31,0.73,-0.33,-0.5,-0.68,0.15
A_OB_1.9999999999999998_1.0_585,22.37,2.31,0.73,-0.33,-0.5,-0.68,0.15
A_OB_1.9999999999999998_1.0_586,24.72,2.31,0.73,-0.33,-0.5,-0.68,0.15
A_OB_1.9999999999999998_1.0_587,14.6,2.31,0.73,-0.33,-0.5,-0.68,0.15
A_OB_1.9999999999999998_1.0_588,23.87,2.31,0.73,-0.33,-0.5,-0.68,0.15
A_OB_1.9999999999999998_1.0_589,25.27,2.31,0.73,-0.33,-0.5,-0.68,0.15
A_OB_1.9999999999999998_1.0_590,24.55,2.31,0.73,-0.33,-0.5,-0.68,0.15
A_OB_1.9999999999999998_1.0_591,22.49,2.31,0.73,-0.33,-0.5,-0.68,0.15
A_OB_1.9999999999999998_1.0_592,25.23,2.31,0.73,-0.33,-0.5,-0.68,0.15
A_OB_1.9999999999999998_1.0_593,24.16,2.31,0.73,-0.33,-0.5,-0.68,0.15
A_OB_1.9999999999999998_1.0_594,24.75,2.31,0.73,-0.33,-0.5,-0.68,0.15
A_OB_1.9999999999999998_1.0_595,25.09,2.31,0.73,-0.33,-0.5,-0.68,0.15
A_OB_1.9999999999999998_1.0_596,25.54,2.31,0.73,-0.33,-0.5,-0.68,0.15
A_OB_1.9999999999999998_1.0_597,21.11,2.31,0.73,-0.33,-0.5,-0.68,0.15
A_OB_1.9999999999999998_1.0_598,25.03,2.31,0.73,-0.33,-0.5,-0.68,0.15
A_OB_1.9999999999999998_1.0_599,25.17,2.31,0.73,-0.33,-0.5,-0.68,0.15
A_OB_1.9999999999999998_1.0_600,22.98,2.31,0.73,-0.33,-0.5,-0.68,0.15
A_OB_1.9999999999999998_1.0_601,25.61,2.31,0.73,-0.33,-0.5,-0.68,0.15
A_OB_1.9999999999999998_1.0_602,24.63,2.31,0.73,-0.33,-0.5,-0.68,0.15
A_OB_1.9999999999999998_1.0_603,20.6,2.31,0.73,-0.33,-0.5,-0.68,0.15
A_OB_1.9999999999999998_1.0_604,24.81,2.31,0.73,-0.33,-0.5,-0.68,0.15
A_OB_1.9999999999999998_1.0_605,21.75,2.31,0.73,-0.33,-0.5,-0.68,0.15
A_OB_1.9999999999999998_1.0_606,23.9,2.31,0.73,-0.33,-0.5,-0.68,0.15
A_OB_1.9999999999999998_1.0_607,23.21,2.31,0.73,-0.33,-0.5,-0.68,0.15
A_OB_1.9999999999999998_1.0_608,24.17,2.31,0.73,-0.33,-0.5,-0.68,0.15
A_OB_1.9999999999999998_1.0_609,25.11,2.31,0.73,-0.33,-0.5,-0.68,0.15
A_OB_1.9999999999999998_1.0_610,23.9,2.31,0.73,-0.33,-0.5,-0.68,0.15
A_OB_1.9999999999999998_1.0_611,24.83,2.31,0.73,-0.33,-0.5,-0.68,0.15
A_OB_1.9999999999999998_1.0_612,25.13,2.31,0.73,-0.33,-0.5,-0.68,0.15
A_OB_1.9999999999999998_1.0_613,22.63,2.31,0.73,-0.33,-0.5,-0.68,0.15
A_OB_1.9999999999999998_1.0_614,25.22,2.31,0.73,-0.33,-0.5,-0.68,0.15
A_OB_1.9999999999999998_1.0_615,24.42,2.31,0.73,-0.33,-0.5,-0.68,0.15
A_OB_1.9999999999999998_1.0_616,25.16,2.31,0.73,-0.33,-0.5,-0.68,0.15
A_OB_1.9999999999999998_1.0_617,22.13,2.31,0.73,-0.33,-0.5,-0.68,0.15
A_OB_1.9999999999999998_1.0_618,25.19,2.31,0.73,-0.33,-0.5,-0.68,0.15
A_OB_1.9999999999999998_1.0_619,25.35,2.31,0.73,-0.33,-0.5,-0.68,0.15
A_OB_1.9999999999999998_1.0_620,22.96,2.31,0.73,-0.33,-0.5,-0.68,0.15
A_OB_1.9999999999999998_1.0_621,23.23,2.31,0.73,-0.33,-0.5,-0.68,0.15
A_OB_1.9999999999999998_1.0_622,24.48,2.31,0.73,-0.33,-0.5,-0.68,0.15
A_OB_1.9999999999999998_1.0_623,24.84,2.31,0.73,-0.33,-0.5,-0.68,0.15
A_OB_1.9999999999999998_1.0_624,25.2,2.31,0.73,-0.33,-0.5,-0.68,0.15
A_OB_1.9999999999999998_1.0_625,24.42,2.31,0.73,-0.33,-0.5,-0.68,0.15
A_OB_1.9999999999999998_1.0_626,19.89,2.31,0.73,-0.33,-0.5,-0.68,0.15
A_OB_1.9999999999999998_1.0_627,20.22,2.31,0.73,-0.33,-0.5,-0.68,0.15
A_OB_1.9999999999999998_1.0_628,25.3,2.31,0.73,-0.33,-0.5,-0.68,0.15
A_OB_1.9999999999999998_1.0_629,24.69,2.31,0.73,-0.33,-0.5,-0.68,0.15
A_OB_1.9999999999999998_1.0_630,24.63,2.31,0.73,-0.33,-0.5,-0.68,0.15
A_OB_1.9999999999999998_1.0_631,24.32,2.31,0.73,-0.33,-0.5,-0.68,0.15
A_OB_1.9999999999999998_1.0_632,23.74,2.31,0.73,-0.33,-0.5,-0.68,0.15
A_OB_1.9999999999999998_1.0_633,25.45,2.31,0.73,-0.33,-0.5,-0.68,0.15
A_OB_1.9999999999999998_1.0_634,23.01,2.31,0.73,-0.33,-0.5,-0.68,0.15
A_OB_1.9999999999999998_1.0_635,25.3,2.31,0.73,-0.33,-0.5,-0.68,0.15
A_OB_1.9999999999999998_1.0_636,24.63,2.31,0.73,-0.33,-0.5,-0.68,0.15
A_OB_1.9999999999999998_1.0_637,23.59,2.31,0.73,-0.33,-0.5,-0.68,0.15
A_OB_1.9999999999999998_1.0_638,25.14,2.31,0.73,-0.33,-0.5,-0.68,0.15
A_OB_1.9999999999999998_1.0_639,21.98,2.31,0.73,-0.33,-0.5,-0.68,0.15
A_OB_1.9999999999999998_1.0_640,24.91,2.31,0.73,-0.33,-0.5,-0.68,0.15
A_OB_1.9999999999999998_1.0_641,24.27,2.31,0.73,-0.33,-0.5,-0.68,0.15
A_OB_1.9999999999999998_1.0_642,23.74,2.31,0.73,-0.33,-0.5,-0.68,0.15
A_OB_1.9999999999999998_1.0_643,23.96,2.31,0.73,-0.33,-0.5,-0.68,0.15
A_OB_1.9999999999999998_1.0_644,25.25,2.31,0.73,-0.33,-0.5,-0.68,0.15
A_OB_1.9999999999999998_1.0_645,24.57,2.31,0.73,-0.33,-0.5,-0.68,0.15
A_OB_1.9999999999999998_1.0_646,24.78,2.31,0.73,-0.33,-0.5,-0.68,0.15
A_OB_1.9999999999999998_1.0_647,25.57,2.31,0.73,-0.33,-0.5,-0.68,0.15
A_OB_1.9999999999999998_1.0_648,25.37,2.31,0.73,-0.33,-0.5,-0.68,0.15
A_OB_1.9999999999999998_1.0_649,25.34,2.31,0.73,-0.33,-0.5,-0.68,0.15
A_OB_1.9999999999999998_1.0_650,24.89,2.31,0.73,-0.33,-0.5,-0.68,0.15
A_OB_1.9999999999999998_1.0_651,23.42,2.31,0.73,-0.33,-0.5,-0.68,0.15
A_OB_1.9999999999999998_1.0_652,23.07,2.31,0.73,-0.33,-0.5,-0.68,0.15
A_OB_1.9999999999999998_1.0_653,24.73,2.31,0.73,-0.33,-0.5,-0.68,0.15
A_OB_1.9999999999999998_1.0_654,24.64,2.31,0.73,-0.33,-0.5,-0.68,0.15
A_OB_1.9999999999999998_1.0_655,23.24,2.31,0.73,-0.33,-0.5,-0.68,0.15
A_OB_1.9999999999999998_1.0_656,25.59,2.31,0.73,-0.33,-0.5,-0.68,0.15
A_OB_1.9999999999999998_1.0_657,23.34,2.31,0.73,-0.33,-0.5,-0.68,0.15
A_OB_1.9999999999999998_1.0_658,25.12,2.31,0.73,-0.33,-0.5,-0.68,0.15
A_OB_1.9999999999999998_1.0_659,25.36,2.31,0.73,-0.33,-0.5,-0.68,0.15
A_OB_1.9999999999999998_1.0_660,25.51,2.31,0.73,-0.33,-0.5,-0.68,0.15
A_OB_1.9999999999999998_1.0_661,24.66,2.31,0.73,-0.33,-0.5,-0.68,0.15
A_OB_1.9999999999999998_1.0_662,25.49,2.31,0.73,-0.33,-0.5,-0.68,0.15
A_OB_1.9999999999999998_1.0_663,23.97,2.31,0.73,-0.33,-0.5,-0.68,0.15
A_OB_1.9999999999999998_1.0_664,25.03,2.31,0.73,-0.33,-0.5,-0.68,0.15
A_OB_1.9999999999999998_1.0_665,23.93,2.31,0.73,-0.33,-0.5,-0.68,0.15
A_OB_1.9999999999999998_1.0_666,24.99,2.31,0.73,-0.33,-0.5,-0.68,0.15
A_OB_1.9999999999999998_1.0_667,24.78,2.31,0.73,-0.33,-0.5,-0.68,0.15
A_OB_1.9999999999999998_1.0_668,24.48,2.31,0.73,-0.33,-0.5,-0.68,0.15
A_OB_1.9999999999999998_1.0_669,22.67,2.31,0.73,-0.33,-0.5,-0.68,0.15
A_OB_1.9999999999999998_1.0_670,24.15,2.31,0.73,-0.33,-0.5,-0.68,0.15
A_OB_1.9999999999999998_1.0_671,25.42,2.31,0.73,-0.33,-0.5,-0.68,0.15
A_OB_1.9999999999999998_1.0_672,24.68,2.31,0.73,-0.33,-0.5,-0.68,0.15
A_OB_1.9999999999999998_1.0_673,23.77,2.31,0.73,-0.33,-0.5,-0.68,0.15
A_OB_1.9999999999999998_1.0_674,25.0,2.31,0.73,-0.33,-0.5,-0.68,0.15
A_OB_1.9999999999999998_1.0_675,24.87,2.31,0.73,-0.33,-0.5,-0.68,0.15
A_OB_1.9999999999999998_1.0_676,25.54,2.31,0.73,-0.33,-0.5,-0.68,0.15
A_OB_1.9999999999999998_1.0_677,25.18,2.31,0.73,-0.33,-0.5,-0.68,0.15
A_OB_1.9999999999999998_1.0_678,25.54,2.31,0.73,-0.33,-0.5,-0.68,0.15
A_OB_1.9999999999999998_1.0_679,25.61,2.31,0.73,-0.33,-0.5,-0.68,0.15
A_OB_1.9999999999999998_1.0_680,25.56,2.31,0.73,-0.33,-0.5,-0.68,0.15
A_OB_1.9999999999999998_1.0_681,25.37,2.31,0.73,-0.33,-0.5,-0.68,0.15
A_OB_1.9999999999999998_1.0_682,25.28,2.31,0.73,-0.33,-0.5,-0.68,0.15
A_OB_1.9999999999999998_1.0_683,25.51,2.31,0.73,-0.33,-0.5,-0.68,0.15
A_OB_1.9999999999999998_1.0_684,25.52,2.31,0.73,-0.33,-0.5,-0.68,0.15
A_OB_1.9999999999999998_1.0_685,24.86,2.31,0.73,-0.33,-0.5,-0.68,0.15
A_OB_1.9999999999999998_1.0_686,24.27,2.31,0.73,-0.33,-0.5,-0.68,0.15
A_OB_1.9999999999999998_1.0_687,21.28,2.31,0.73,-0.33,-0.5,-0.68,0.15
A_OB_1.9999999999999998_1.0_688,25.55,2.31,0.73,-0.33,-0.5,-0.68,0.15
A_OB_1.9999999999999998_1.0_689,24.27,2.31,0.73,-0.33,-0.5,-0.68,0.15
A_OB_1.9999999999999998_1.0_690,25.17,2.31,0.73,-0.33,-0.5,-0.68,0.15
A_OB_1.9999999999999998_1.0_691,25.35,2.31,0.73,-0.33,-0.5,-0.68,0.15
A_OB_1.9999999999999998_1.0_692,24.77,2.31,0.73,-0.33,-0.5,-0.68,0.15
A_OB_1.9999999999999998_1.0_693,23.9,2.31,0.73,-0.33,-0.5,-0.68,0.15
A_OB_1.9999999999999998_1.0_694,23.12,2.31,0.73,-0.33,-0.5,-0.68,0.15
A_OB_1.9999999999999998_1.0_695,25.23,2.31,0.73,-0.33,-0.5,-0.68,0.15
A_OB_1.9999999999999998_1.0_696,25.47,2.31,0.73,-0.33,-0.5,-0.68,0.15
A_OB_1.9999999999999998_1.0_697,25.26,2.31,0.73,-0.33,-0.5,-0.68,0.15
A_OB_1.9999999999999998_1.0_698,23.2,2.31,0.73,-0.33,-0.5,-0.68,0.15
A_OB_1.9999999999999998_1.0_699,24.47,2.31,0.73,-0.33,-0.5,-0.68,0.15
A_OB_1.9999999999999998_1.0_700,23.42,2.31,0.73,-0.33,-0.5,-0.68,0.15
A_OB_1.9999999999999998_1.0_701,23.33,2.31,0.73,-0.33,-0.5,-0.68,0.15
A_OB_1.9999999999999998_1.0_702,23.69,2.31,0.73,-0.33,-0.5,-0.68,0.15
A_OB_1.9999999999999998_1.0_703,22.53,2.31,0.73,-0.33,-0.5,-0.68,0.15
A_OB_1.9999999999999998_1.0_704,24.51,2.31,0.73,-0.33,-0.5,-0.68,0.15
A_OB_1.9999999999999998_1.0_705,24.49,2.31,0.73,-0.33,-0.5,-0.68,0.15
A_OB_1.9999999999999998_1.0_706,14.61,2.31,0.73,-0.33,-0.5,-0.68,0.15
A_OB_1.9999999999999998_1.0_707,24.84,2.31,0.73,-0.33,-0.5,-0.68,0.15
A_OB_1.9999999999999998_1.0_708,23.25,2.31,0.73,-0.33,-0.5,-0.68,0.15
A_OB_1.9999999999999998_1.0_709,23.48,2.31,0.73,-0.33,-0.5,-0.68,0.15
A_OB_1.9999999999999998_1.0_710,23.1,2.31,0.73,-0.33,-0.5,-0.68,0.15
A_OB_1.9999999999999998_1.0_711,24.68,2.31,0.73,-0.33,-0.5,-0.68,0.15
A_OB_1.9999999999999998_1.0_712,25.33,2.31,0.73,-0.33,-0.5,-0.68,0.15
A_OB_1.9999999999999998_1.0_713,25.08,2.31,0.73,-0.33,-0.5,-0.68,0.15
A_OB_1.9999999999999998_1.0_714,25.16,2.31,0.73,-0.33,-0.5,-0.68,0.15
A_OB_1.9999999999999998_1.0_715,24.48,2.31,0.73,-0.33,-0.5,-0.68,0.15
A_OB_1.9999999999999998_1.0_716,23.92,2.31,0.73,-0.33,-0.5,-0.68,0.15
A_OB_1.9999999999999998_1.0_717,24.31,2.31,0.73,-0.33,-0.5,-0.68,0.15
A_OB_1.9999999999999998_1.0_718,25.62,2.31,0.73,-0.33,-0.5,-0.68,0.15
A_OB_1.9999999999999998_1.0_719,20.45,2.31,0.73,-0.33,-0.5,-0.68,0.15
A_OB_1.9999999999999998_1.0_720,24.56,2.31,0.73,-0.33,-0.5,-0.68,0.15
A_OB_1.9999999999999998_1.0_721,25.37,2.31,0.73,-0.33,-0.5,-0.68,0.15
A_OB_1.9999999999999998_1.0_722,25.41,2.31,0.73,-0.33,-0.5,-0.68,0.15
A_OB_1.9999999999999998_1.0_723,23.99,2.31,0.73,-0.33,-0.5,-0.68,0.15
A_OB_1.9999999999999998_1.0_724,25.1,2.31,0.73,-0.33,-0.5,-0.68,0.15
A_OB_1.9999999999999998_1.0_725,25.25,2.31,0.73,-0.33,-0.5,-0.68,0.15
A_OB_1.9999999999999998_1.0_726,24.7,2.31,0.73,-0.33,-0.5,-0.68,0.15
A_OB_1.9999999999999998_1.0_727,23.3,2.31,0.73,-0.33,-0.5,-0.68,0.15
A_OB_1.9999999999999998_1.0_728,25.49,2.31,0.73,-0.33,-0.5,-0.68,0.15
A_OB_1.9999999999999998_1.0_729,25.46,2.31,0.73,-0.33,-0.5,-0.68,0.15
A_OB_1.9999999999999998_1.0_730,22.42,2.31,0.73,-0.33,-0.5,-0.68,0.15
A_OB_1.9999999999999998_1.0_731,24.81,2.31,0.73,-0.33,-0.5,-0.68,0.15
A_OB_1.9999999999999998_1.0_732,23.15,2.31,0.73,-0.33,-0.5,-0.68,0.15
A_OB_1.9999999999999998_1.0_733,25.3,2.31,0.73,-0.33,-0.5,-0.68,0.15
A_OB_1.9999999999999998_1.0_734,25.1,2.31,0.73,-0.33,-0.5,-0.68,0.15
A_OB_1.9999999999999998_1.0_735,22.75,2.31,0.73,-0.33,-0.5,-0.68,0.15
A_OB_1.9999999999999998_1.0_736,24.32,2.31,0.73,-0.33,-0.5,-0.68,0.15
A_OB_1.9999999999999998_1.0_737,24.85,2.31,0.73,-0.33,-0.5,-0.68,0.15
A_OB_1.9999999999999998_1.0_738,24.78,2.31,0.73,-0.33,-0.5,-0.68,0.15
A_OB_1.9999999999999998_1.0_739,24.89,2.31,0.73,-0.33,-0.5,-0.68,0.15
A_OB_1.9999999999999998_1.0_740,25.22,2.31,0.73,-0.33,-0.5,-0.68,0.15
A_OB_1.9999999999999998_1.0_741,25.16,2.31,0.73,-0.33,-0.5,-0.68,0.15
A_OB_1.9999999999999998_1.0_742,24.95,2.31,0.73,-0.33,-0.5,-0.68,0.15
A_OB_1.9999999999999998_1.0_743,23.74,2.31,0.73,-0.33,-0.5,-0.68,0.15
A_OB_1.9999999999999998_1.0_744,23.69,2.31,0.73,-0.33,-0.5,-0.68,0.15
A_OB_1.9999999999999998_1.0_745,25.34,2.31,0.73,-0.33,-0.5,-0.68,0.15
A_OB_1.9999999999999998_1.0_746,25.49,2.31,0.73,-0.33,-0.5,-0.68,0.15
A_OB_1.9999999999999998_1.0_747,20.12,2.31,0.73,-0.33,-0.5,-0.68,0.15
A_OB_1.9999999999999998_1.0_748,24.34,2.31,0.73,-0.33,-0.5,-0.68,0.15
A_OB_1.9999999999999998_1.0_749,25.52,2.31,0.73,-0.33,-0.5,-0.68,0.15
A_OB_1.9999999999999998_1.0_750,25.25,2.31,0.73,-0.33,-0.5,-0.68,0.15
A_OB_1.9999999999999998_1.0_751,21.24,2.31,0.73,-0.33,-0.5,-0.68,0.15
A_OB_1.9999999999999998_1.0_752,20.61,2.31,0.73,-0.33,-0.5,-0.68,0.15
A_OB_1.9999999999999998_1.0_753,22.05,2.31,0.73,-0.33,-0.5,-0.68,0.15
A_OB_1.9999999999999998_1.0_754,23.3,2.31,0.73,-0.33,-0.5,-0.68,0.15
A_OB_1.9999999999999998_1.0_755,25.14,2.31,0.73,-0.33,-0.5,-0.68,0.15
A_OB_1.9999999999999998_1.0_756,23.12,2.31,0.73,-0.33,-0.5,-0.68,0.15
A_OB_1.9999999999999998_1.0_757,23.44,2.31,0.73,-0.33,-0.5,-0.68,0.15
A_OB_1.9999999999999998_1.0_758,23.72,2.31,0.73,-0.33,-0.5,-0.68,0.15
A_OB_1.9999999999999998_1.0_759,25.25,2.31,0.73,-0.33,-0.5,-0.68,0.15
A_OB_1.9999999999999998_1.0_760,25.3,2.31,0.73,-0.33,-0.5,-0.68,0.15
A_OB_1.9999999999999998_1.0_761,15.2,2.31,0.73,-0.33,-0.5,-0.68,0.15
A_OB_1.9999999999999998_1.0_762,18.55,2.31,0.73,-0.33,-0.5,-0.68,0.15
A_OB_1.9999999999999998_1.0_763,24.72,2.31,0.73,-0.33,-0.5,-0.68,0.15
A_OB_1.9999999999999998_1.0_764,24.64,2.31,0.73,-0.33,-0.5,-0.68,0.15
A_OB_1.9999999999999998_1.0_765,23.85,2.31,0.73,-0.33,-0.5,-0.68,0.15
A_OB_1.9999999999999998_1.0_766,25.48,2.31,0.73,-0.33,-0.5,-0.68,0.15
A_OB_1.9999999999999998_1.0_767,24.61,2.31,0.73,-0.33,-0.5,-0.68,0.15
A_OB_1.9999999999999998_1.0_768,21.1,2.31,0.73,-0.33,-0.5,-0.68,0.15
A_OB_1.9999999999999998_1.0_769,23.14,2.31,0.73,-0.33,-0.5,-0.68,0.15
A_OB_1.9999999999999998_1.0_770,24.26,2.31,0.73,-0.33,-0.5,-0.68,0.15
A_OB_1.9999999999999998_1.0_771,25.17,2.31,0.73,-0.33,-0.5,-0.68,0.15
A_OB_1.9999999999999998_1.0_772,23.74,2.31,0.73,-0.33,-0.5,-0.68,0.15
A_OB_1.9999999999999998_1.0_773,13.98,2.31,0.73,-0.33,-0.5,-0.68,0.15
A_OB_1.9999999999999998_1.0_774,24.46,2.31,0.73,-0.33,-0.5,-0.68,0.15
A_OB_1.9999999999999998_1.0_775,24.01,2.31,0.73,-0.33,-0.5,-0.68,0.15
A_OB_1.9999999999999998_1.0_776,25.56,2.31,0.73,-0.33,-0.5,-0.68,0.15
A_OB_1.9999999999999998_1.0_777,25.48,2.31,0.73,-0.33,-0.5,-0.68,0.15
A_OB_1.9999999999999998_1.0_778,25.42,2.31,0.73,-0.33,-0.5,-0.68,0.15
A_OB_1.9999999999999998_1.0_779,23.18,2.31,0.73,-0.33,-0.5,-0.68,0.15
A_OB_1.9999999999999998_1.0_780,24.38,2.31,0.73,-0.33,-0.5,-0.68,0.15
A_OB_1.9999999999999998_1.0_781,23.68,2.31,0.73,-0.33,-0.5,-0.68,0.15
A_OB_1.9999999999999998_1.0_782,23.42,2.31,0.73,-0.33,-0.5,-0.68,0.15
A_OB_1.9999999999999998_1.0_783,25.44,2.31,0.73,-0.33,-0.5,-0.68,0.15
A_OB_1.9999999999999998_1.0_784,24.42,2.31,0.73,-0.33,-0.5,-0.68,0.15
A_OB_1.9999999999999998_1.0_785,21.25,2.31,0.73,-0.33,-0.5,-0.68,0.15
A_OB_1.9999999999999998_1.0_786,22.72,2.31,0.73,-0.33,-0.5,-0.68,0.15
A_OB_1.9999999999999998_1.0_787,25.32,2.31,0.73,-0.33,-0.5,-0.68,0.15
