ObjID,FORMAT,q,e,inc,node,argPeri,t_p_MJD_TDB,epochMJD_TDB
A_OB_1.9999999999999998_1.0_0,COM,1.024553,1.004063,0.415,0.122,2.141,61108.024025,60796.001439
A_OB_1.9999999999999998_1.0_1,COM,0.753991,1.002784,1.596,2.132,5.888,61144.13388,60796.001439
A_OB_1.9999999999999998_1.0_2,COM,1.31559,1.001872,0.689,2.674,4.096,64115.027801,60796.001439
A_OB_1.9999999999999998_1.0_3,COM,1.451814,1.007,1.753,4.293,4.323,63684.529889,60796.001439
A_OB_1.9999999999999998_1.0_4,COM,0.773687,1.004644,0.762,4.119,0.642,64349.010999,60796.001439
A_OB_1.9999999999999998_1.0_5,COM,0.462361,1.004855,2.816,1.422,0.91,63758.429994,60796.001439
A_OB_1.9999999999999998_1.0_6,COM,1.202366,1.010626,1.898,2.639,2.424,60968.659375,60796.001439
A_OB_1.9999999999999998_1.0_7,COM,1.399428,1.009888,0.992,1.733,5.975,64246.162749,60796.001439
A_OB_1.9999999999999998_1.0_8,COM,1.287844,1.012236,0.881,5.962,4.22,63180.697304,60796.001439
A_OB_1.9999999999999998_1.0_9,COM,1.134677,1.008702,1.669,0.177,2.348,62016.756601,60796.001439
A_OB_1.9999999999999998_1.0_10,COM,0.066076,1.000455,1.275,2.559,1.087,62797.180264,60796.001439
A_OB_1.9999999999999998_1.0_11,COM,1.572769,1.012931,2.569,2.816,0.115,63532.433634,60796.001439
A_OB_1.9999999999999998_1.0_12,COM,2.014717,1.021087,0.541,5.287,5.639,62900.889351,60796.001439
A_OB_1.9999999999999998_1.0_13,COM,1.440855,1.025617,1.957,1.587,6.255,60716.23035,60796.001439
A_OB_1.9999999999999998_1.0_14,COM,0.620642,1.008826,3.003,3.329,3.655,64245.390237,60796.001439
A_OB_1.9999999999999998_1.0_15,COM,0.089111,1.001582,2.331,4.836,3.092,64045.574449,60796.001439
A_OB_1.9999999999999998_1.0_16,COM,1.296361,1.023317,0.472,4.768,4.47,60954.209533,60796.001439
A_OB_1.9999999999999998_1.0_17,COM,0.913413,1.015339,1.679,0.276,1.448,62538.796327,60796.001439
A_OB_1.9999999999999998_1.0_18,COM,0.66584,1.008232,2.036,5.215,3.554,61257.154189,60796.001439
A_OB_1.9999999999999998_1.0_19,COM,1.169539,1.019913,2.214,0.179,2.645,62228.681054,60796.001439
A_OB_1.9999999999999998_1.0_20,COM,1.30965,1.017231,1.914,1.252,4.37,62287.928328,60796.001439
A_OB_1.9999999999999998_1.0_21,COM,0.177501,1.003158,1.001,5.668,0.819,61756.862317,60796.001439
A_OB_1.9999999999999998_1.0_22,COM,1.290122,1.023602,1.766,4.661,3.459,64493.517853,60796.001439
A_OB_1.9999999999999998_1.0_23,COM,1.477241,1.01735,2.343,1.167,0.441,63709.307096,60796.001439
A_OB_1.9999999999999998_1.0_24,COM,0.771265,1.016982,2.442,4.233,1.337,61850.886431,60796.001439
A_OB_1.9999999999999998_1.0_25,COM,0.325387,1.006966,1.409,3.85,3.387,62593.685687,60796.001439
A_OB_1.9999999999999998_1.0_26,COM,0.733065,1.017194,2.417,3.728,5.501,63720.815371,60796.001439
A_OB_1.9999999999999998_1.0_27,COM,0.005907,1.000145,1.438,5.321,4.806,63884.450688,60796.001439
A_OB_1.9999999999999998_1.0_28,COM,0.060471,1.001617,2.384,0.673,4.466,64161.158936,60796.001439
A_OB_1.9999999999999998_1.0_29,COM,0.360148,1.008055,1.139,0.24,0.333,62630.269433,60796.001439
A_OB_1.9999999999999998_1.0_30,COM,0.666572,1.014233,1.918,1.016,4.384,62110.255137,60796.001439
A_OB_1.9999999999999998_1.0_31,COM,3.741082,1.089488,2.24,0.186,5.709,60983.33201,60796.001439
A_OB_1.9999999999999998_1.0_32,COM,0.773031,1.029087,0.695,3.197,1.454,62556.732533,60796.001439
A_OB_1.9999999999999998_1.0_33,COM,1.418586,1.05209,2.653,5.257,3.905,63637.19915,60796.001439
A_OB_1.9999999999999998_1.0_34,COM,0.358225,1.012401,0.698,2.443,4.145,63105.01379,60796.001439
A_OB_1.9999999999999998_1.0_35,COM,0.8224,1.027455,1.098,3.88,2.864,62420.866716,60796.001439
A_OB_1.9999999999999998_1.0_36,COM,0.595356,1.017874,0.336,3.379,2.188,64287.381602,60796.001439
A_OB_1.9999999999999998_1.0_37,COM,0.196059,1.006806,1.155,4.016,3.73,63142.610922,60796.001439
A_OB_1.9999999999999998_1.0_38,COM,1.310955,1.042332,1.555,4.001,2.429,63651.343866,60796.001439
A_OB_1.9999999999999998_1.0_39,COM,1.703236,1.05015,1.687,2.364,5.052,61349.404045,60796.001439
A_OB_1.9999999999999998_1.0_40,COM,0.957152,1.029106,0.758,6.195,1.466,61620.879677,60796.001439
A_OB_1.9999999999999998_1.0_41,COM,0.276139,1.009632,1.789,4.047,2.293,62622.280463,60796.001439
A_OB_1.9999999999999998_1.0_42,COM,1.414008,1.04301,2.713,4.702,4.264,62967.495469,60796.001439
A_OB_1.9999999999999998_1.0_43,COM,0.245523,1.009799,1.61,3.139,4.974,63915.887213,60796.001439
A_OB_1.9999999999999998_1.0_44,COM,0.09473,1.003331,0.109,0.042,5.099,64146.793342,60796.001439
A_OB_1.9999999999999998_1.0_45,COM,1.272961,1.047848,1.836,3.302,0.301,64344.350872,60796.001439
A_OB_1.9999999999999998_1.0_46,COM,3.607412,1.160741,0.779,3.703,4.64,64116.395456,60796.001439
A_OB_1.9999999999999998_1.0_47,COM,0.260987,1.012451,1.08,3.391,4.807,62470.944234,60796.001439
A_OB_1.9999999999999998_1.0_48,COM,0.823766,1.042484,2.165,0.656,3.085,62131.212373,60796.001439
A_OB_1.9999999999999998_1.0_49,COM,1.399664,1.077539,1.929,0.454,5.729,63424.200325,60796.001439
A_OB_1.9999999999999998_1.0_50,COM,1.32468,1.074295,1.129,6.247,3.648,63459.945888,60796.001439
A_OB_1.9999999999999998_1.0_51,COM,0.639436,1.033773,1.404,3.258,5.472,62294.442919,60796.001439
A_OB_1.9999999999999998_1.0_52,COM,0.538945,1.022964,1.964,5.216,5.764,62320.596213,60796.001439
A_OB_1.9999999999999998_1.0_53,COM,0.264271,1.012363,1.495,2.853,5.433,62459.883586,60796.001439
A_OB_1.9999999999999998_1.0_54,COM,0.539379,1.029286,1.1,2.723,3.253,63822.064721,60796.001439
A_OB_1.9999999999999998_1.0_55,COM,0.066169,1.003623,2.508,0.459,5.164,62133.698623,60796.001439
A_OB_1.9999999999999998_1.0_56,COM,0.662944,1.029939,1.378,2.024,0.567,61406.833486,60796.001439
A_OB_1.9999999999999998_1.0_57,COM,1.320877,1.074416,0.611,3.131,4.258,60856.723316,60796.001439
A_OB_1.9999999999999998_1.0_58,COM,1.823387,1.091952,1.965,1.35,2.236,60908.235522,60796.001439
A_OB_1.9999999999999998_1.0_59,COM,1.530518,1.082928,2.747,5.975,4.914,61348.127659,60796.001439
A_OB_1.9999999999999998_1.0_60,COM,0.50491,1.028309,0.636,0.713,5.849,61719.903235,60796.001439
A_OB_1.9999999999999998_1.0_61,COM,1.042196,1.048825,0.176,5.308,1.367,61110.867645,60796.001439
A_OB_1.9999999999999998_1.0_62,COM,1.19267,1.060888,1.692,5.805,4.331,64249.76806,60796.001439
A_OB_1.9999999999999998_1.0_63,COM,1.004323,1.068115,0.729,0.93,5.127,60744.087835,60796.001439
A_OB_1.9999999999999998_1.0_64,COM,0.391691,1.025769,1.636,2.243,3.729,62496.317263,60796.001439
A_OB_1.9999999999999998_1.0_65,COM,0.202348,1.013501,1.625,2.783,4.969,61708.93008,60796.001439
A_OB_1.9999999999999998_1.0_66,COM,0.213573,1.01298,2.282,4.34,2.953,63618.109382,60796.001439
A_OB_1.9999999999999998_1.0_67,COM,0.598162,1.034304,2.253,0.084,1.439,63624.33908,60796.001439
A_OB_1.9999999999999998_1.0_68,COM,0.156605,1.010609,0.895,4.707,2.47,62065.794815,60796.001439
A_OB_1.9999999999999998_1.0_69,COM,5.047629,1.355527,1.837,0.408,4.309,63854.539063,60796.001439
A_OB_1.9999999999999998_1.0_70,COM,1.245733,1.0733,0.576,0.308,1.774,63791.395277,60796.001439
A_OB_1.9999999999999998_1.0_71,COM,0.062864,1.003582,1.106,2.18,2.411,63585.204535,60796.001439
A_OB_1.9999999999999998_1.0_72,COM,0.767515,1.047401,1.931,4.289,4.304,63450.771145,60796.001439
A_OB_1.9999999999999998_1.0_73,COM,0.66507,1.047648,1.935,1.596,1.647,63050.68156,60796.001439
A_OB_1.9999999999999998_1.0_74,COM,0.611346,1.043748,0.701,2.257,3.127,63193.417167,60796.001439
A_OB_1.9999999999999998_1.0_75,COM,1.013435,1.065363,0.548,1.568,0.937,63149.259963,60796.001439
A_OB_1.9999999999999998_1.0_76,COM,0.473341,1.029078,0.57,1.203,6.02,63054.905023,60796.001439
A_OB_1.9999999999999998_1.0_77,COM,0.345174,1.024104,0.529,3.132,3.343,64057.414371,60796.001439
A_OB_1.9999999999999998_1.0_78,COM,1.310161,1.079873,2.078,3.114,0.858,61204.800994,60796.001439
A_OB_1.9999999999999998_1.0_79,COM,0.835901,1.058272,0.469,5.519,5.821,63432.913675,60796.001439
A_OB_1.9999999999999998_1.0_80,COM,0.150269,1.010878,2.003,4.684,4.964,63664.294672,60796.001439
A_OB_1.9999999999999998_1.0_81,COM,0.776945,1.054565,1.387,0.768,4.541,62644.161394,60796.001439
A_OB_1.9999999999999998_1.0_82,COM,1.095018,1.074697,0.974,1.272,0.311,60916.622105,60796.001439
A_OB_1.9999999999999998_1.0_83,COM,0.018548,1.001361,1.767,6.007,3.988,61189.363631,60796.001439
A_OB_1.9999999999999998_1.0_84,COM,0.345531,1.023006,2.371,0.165,0.108,62657.940819,60796.001439
A_OB_1.9999999999999998_1.0_85,COM,0.739694,1.04542,0.843,2.464,4.207,63702.562681,60796.001439
A_OB_1.9999999999999998_1.0_86,COM,0.814384,1.049029,0.563,4.53,2.676,64314.679354,60796.001439
A_OB_1.9999999999999998_1.0_87,COM,0.686003,1.053894,1.213,2.693,5.604,63395.285436,60796.001439
A_OB_1.9999999999999998_1.0_88,COM,1.150307,1.094281,1.517,5.037,2.148,63626.901639,60796.001439
A_OB_1.9999999999999998_1.0_89,COM,0.807126,1.063482,2.413,2.097,1.164,62401.824318,60796.001439
A_OB_1.9999999999999998_1.0_90,COM,1.404115,1.117879,2.059,4.741,5.653,62065.27697,60796.001439
A_OB_1.9999999999999998_1.0_91,COM,1.132677,1.087984,1.099,5.899,0.267,61623.982749,60796.001439
A_OB_1.9999999999999998_1.0_92,COM,1.534624,1.132607,1.602,4.945,3.018,62218.819277,60796.001439
A_OB_1.9999999999999998_1.0_93,COM,0.519842,1.040683,2.51,6.014,5.331,60744.433258,60796.001439
A_OB_1.9999999999999998_1.0_94,COM,0.694519,1.062152,1.894,1.409,5.027,64414.054155,60796.001439
A_OB_1.9999999999999998_1.0_95,COM,0.222684,1.017992,2.472,5.152,5.885,62538.609563,60796.001439
A_OB_1.9999999999999998_1.0_96,COM,0.176405,1.015679,2.228,0.144,5.493,61954.055757,60796.001439
A_OB_1.9999999999999998_1.0_97,COM,1.09433,1.098207,1.529,3.076,0.173,61710.400185,60796.001439
A_OB_1.9999999999999998_1.0_98,COM,1.660019,1.133862,1.126,4.038,3.62,64389.576439,60796.001439
A_OB_1.9999999999999998_1.0_99,COM,0.566904,1.045339,2.414,5.954,6.212,63441.095957,60796.001439
A_OB_1.9999999999999998_1.0_100,COM,1.491555,1.117459,0.872,0.637,5.265,64301.842735,60796.001439
A_OB_1.9999999999999998_1.0_101,COM,0.200385,1.018433,2.021,6.08,4.629,64085.531747,60796.001439
A_OB_1.9999999999999998_1.0_102,COM,0.089532,1.007235,2.907,1.767,5.675,61870.220481,60796.001439
A_OB_1.9999999999999998_1.0_103,COM,1.143608,1.096709,1.691,4.892,5.813,62884.335576,60796.001439
A_OB_1.9999999999999998_1.0_104,COM,1.237859,1.097957,0.528,1.06,4.071,62156.113869,60796.001439
A_OB_1.9999999999999998_1.0_105,COM,1.112048,1.102851,2.017,0.387,0.734,62140.84378,60796.001439
A_OB_1.9999999999999998_1.0_106,COM,2.481862,1.224499,1.702,5.878,3.162,61378.918767,60796.001439
A_OB_1.9999999999999998_1.0_107,COM,1.241237,1.094058,1.322,2.868,5.595,62170.086178,60796.001439
A_OB_1.9999999999999998_1.0_108,COM,0.621768,1.04816,2.173,3.954,4.633,62722.211353,60796.001439
A_OB_1.9999999999999998_1.0_109,COM,0.629609,1.046887,2.806,0.736,0.16,62534.655564,60796.001439
A_OB_1.9999999999999998_1.0_110,COM,0.553212,1.045575,0.507,2.616,0.07,62295.686374,60796.001439
A_OB_1.9999999999999998_1.0_111,COM,1.452658,1.11833,2.371,6.037,4.639,63117.781654,60796.001439
A_OB_1.9999999999999998_1.0_112,COM,0.502662,1.038623,2.636,1.377,0.931,61077.076662,60796.001439
A_OB_1.9999999999999998_1.0_113,COM,1.289781,1.097374,0.192,0.742,0.603,61741.523499,60796.001439
A_OB_1.9999999999999998_1.0_114,COM,1.288991,1.111744,2.522,1.329,1.925,64330.904793,60796.001439
A_OB_1.9999999999999998_1.0_115,COM,0.292375,1.026829,1.537,5.836,5.124,61710.312389,60796.001439
A_OB_1.9999999999999998_1.0_116,COM,1.377727,1.113657,0.846,5.913,4.358,62301.358131,60796.001439
A_OB_1.9999999999999998_1.0_117,COM,0.250468,1.020123,2.007,6.169,4.636,64272.868852,60796.001439
A_OB_1.9999999999999998_1.0_118,COM,1.204261,1.101346,0.877,1.358,3.931,62376.161,60796.001439
A_OB_1.9999999999999998_1.0_119,COM,0.994215,1.091493,1.194,1.44,5.468,62341.645158,60796.001439
A_OB_1.9999999999999998_1.0_120,COM,1.457077,1.125353,1.763,4.462,4.787,61380.185368,60796.001439
A_OB_1.9999999999999998_1.0_121,COM,0.241902,1.020727,1.193,3.018,5.467,62442.348554,60796.001439
A_OB_1.9999999999999998_1.0_122,COM,1.544754,1.157296,2.612,0.925,3.104,63990.954639,60796.001439
A_OB_1.9999999999999998_1.0_123,COM,1.049829,1.115899,2.916,3.06,3.488,64426.817278,60796.001439
A_OB_1.9999999999999998_1.0_124,COM,0.737515,1.075815,0.501,1.298,4.257,61886.282365,60796.001439
A_OB_1.9999999999999998_1.0_125,COM,4.701605,1.518531,0.203,3.195,4.515,62535.627426,60796.001439
A_OB_1.9999999999999998_1.0_126,COM,0.835197,1.083202,0.817,1.982,4.167,63600.423195,60796.001439
A_OB_1.9999999999999998_1.0_127,COM,0.166549,1.015877,2.739,0.737,3.348,64055.740935,60796.001439
A_OB_1.9999999999999998_1.0_128,COM,0.011576,1.00124,0.523,3.389,1.132,61363.295014,60796.001439
A_OB_1.9999999999999998_1.0_129,COM,0.439716,1.050439,2.327,3.708,2.572,64442.392878,60796.001439
A_OB_1.9999999999999998_1.0_130,COM,0.530405,1.051755,1.074,2.429,4.756,61722.359715,60796.001439
A_OB_1.9999999999999998_1.0_131,COM,0.842301,1.095585,2.275,1.371,1.952,60795.547654,60796.001439
A_OB_1.9999999999999998_1.0_132,COM,0.842301,1.095585,2.275,1.371,1.952,60795.547654,60796.001439
A_OB_1.9999999999999998_1.0_133,COM,1.274241,1.128592,0.615,1.218,0.873,62594.435796,60796.001439
A_OB_1.9999999999999998_1.0_134,COM,1.952162,1.185561,2.053,3.833,4.478,63589.387414,60796.001439
A_OB_1.9999999999999998_1.0_135,COM,0.935955,1.098178,2.159,2.454,4.782,63945.389565,60796.001439
A_OB_1.9999999999999998_1.0_136,COM,0.681802,1.064201,0.743,3.261,3.157,62331.727939,60796.001439
A_OB_1.9999999999999998_1.0_137,COM,0.87468,1.084169,1.317,2.468,4.291,64277.275857,60796.001439
A_OB_1.9999999999999998_1.0_138,COM,0.970213,1.103274,1.634,5.849,3.923,62835.85111,60796.001439
A_OB_1.9999999999999998_1.0_139,COM,0.72187,1.07435,1.395,0.676,1.877,63377.052458,60796.001439
A_OB_1.9999999999999998_1.0_140,COM,0.975915,1.094643,2.66,3.7,2.781,62209.744271,60796.001439
A_OB_1.9999999999999998_1.0_141,COM,1.175334,1.113673,1.302,1.607,1.133,63817.180413,60796.001439
A_OB_1.9999999999999998_1.0_142,COM,0.725502,1.097209,0.476,3.414,2.258,62304.418548,60796.001439
A_OB_1.9999999999999998_1.0_143,COM,1.167623,1.139768,1.47,0.426,6.001,61943.169806,60796.001439
A_OB_1.9999999999999998_1.0_144,COM,1.196243,1.15426,0.946,4.561,3.823,61935.141126,60796.001439
A_OB_1.9999999999999998_1.0_145,COM,1.28871,1.17285,2.086,0.096,5.007,64161.663014,60796.001439
A_OB_1.9999999999999998_1.0_146,COM,0.969682,1.131828,1.805,5.454,4.544,63487.002777,60796.001439
A_OB_1.9999999999999998_1.0_147,COM,0.754554,1.101923,1.394,2.372,3.248,60904.888366,60796.001439
A_OB_1.9999999999999998_1.0_148,COM,0.470362,1.055383,1.607,0.65,0.311,63840.632703,60796.001439
A_OB_1.9999999999999998_1.0_149,COM,1.281293,1.170404,0.727,2.785,3.55,64304.712139,60796.001439
A_OB_1.9999999999999998_1.0_150,COM,0.708473,1.092203,0.728,0.185,5.868,63824.743173,60796.001439
A_OB_1.9999999999999998_1.0_151,COM,0.52042,1.061874,0.952,3.922,4.565,60830.502729,60796.001439
A_OB_1.9999999999999998_1.0_152,COM,0.562887,1.067488,2.853,5.727,4.502,64285.695617,60796.001439
A_OB_1.9999999999999998_1.0_153,COM,0.24975,1.033749,1.19,5.154,4.031,62028.508078,60796.001439
A_OB_1.9999999999999998_1.0_154,COM,1.092342,1.134266,0.682,4.224,2.774,62665.728997,60796.001439
A_OB_1.9999999999999998_1.0_155,COM,1.308864,1.178767,2.416,0.091,4.011,64270.312152,60796.001439
A_OB_1.9999999999999998_1.0_156,COM,0.333303,1.042028,0.822,3.634,2.652,62869.072721,60796.001439
A_OB_1.9999999999999998_1.0_157,COM,0.911889,1.125502,1.583,5.735,4.353,63439.503823,60796.001439
A_OB_1.9999999999999998_1.0_158,COM,0.488811,1.065711,2.761,3.771,0.096,63571.226276,60796.001439
A_OB_1.9999999999999998_1.0_159,COM,0.010817,1.001315,0.618,1.67,4.838,62292.048221,60796.001439
A_OB_1.9999999999999998_1.0_160,COM,0.779691,1.106277,0.884,1.803,5.229,61137.379252,60796.001439
A_OB_1.9999999999999998_1.0_161,COM,1.285303,1.15256,1.001,5.28,3.806,61179.7301,60796.001439
A_OB_1.9999999999999998_1.0_162,COM,0.976061,1.112338,0.672,5.102,3.488,61321.27604,60796.001439
A_OB_1.9999999999999998_1.0_163,COM,1.026422,1.121784,1.466,6.129,3.978,62120.065547,60796.001439
A_OB_1.9999999999999998_1.0_164,COM,0.883627,1.108942,1.87,2.957,4.757,64413.672964,60796.001439
A_OB_1.9999999999999998_1.0_165,COM,1.499795,1.202233,0.933,3.838,2.412,63948.716985,60796.001439
A_OB_1.9999999999999998_1.0_166,COM,0.976123,1.125448,2.219,1.111,0.174,63461.284931,60796.001439
A_OB_1.9999999999999998_1.0_167,COM,0.819724,1.110164,1.348,3.934,0.925,62290.483024,60796.001439
A_OB_1.9999999999999998_1.0_168,COM,0.141324,1.01624,2.212,5.777,0.361,61081.906832,60796.001439
A_OB_1.9999999999999998_1.0_169,COM,1.108095,1.143101,2.404,4.236,3.191,63102.029553,60796.001439
A_OB_1.9999999999999998_1.0_170,COM,1.500782,1.203832,1.435,3.831,3.783,63125.24691,60796.001439
A_OB_1.9999999999999998_1.0_171,COM,1.146365,1.155766,0.319,3.218,3.564,61177.072981,60796.001439
A_OB_1.9999999999999998_1.0_172,COM,0.10168,1.01655,1.251,2.226,4.131,60917.878212,60796.001439
A_OB_1.9999999999999998_1.0_173,COM,0.572687,1.0939,2.865,2.584,2.585,64438.329757,60796.001439
A_OB_1.9999999999999998_1.0_174,COM,0.393839,1.062593,1.82,1.284,5.387,64426.095915,60796.001439
A_OB_1.9999999999999998_1.0_175,COM,1.49716,1.237496,1.344,1.423,6.01,64431.784602,60796.001439
A_OB_1.9999999999999998_1.0_176,COM,1.275549,1.183965,1.837,6.0,3.784,60830.993506,60796.001439
A_OB_1.9999999999999998_1.0_177,COM,0.096199,1.015632,1.477,5.43,5.518,63588.662603,60796.001439
A_OB_1.9999999999999998_1.0_178,COM,0.203173,1.030744,2.217,3.318,3.136,64416.542491,60796.001439
A_OB_1.9999999999999998_1.0_179,COM,0.831748,1.121816,1.271,1.541,4.728,61874.583131,60796.001439
A_OB_1.9999999999999998_1.0_180,COM,0.053177,1.008351,1.654,5.176,4.218,64131.699559,60796.001439
A_OB_1.9999999999999998_1.0_181,COM,0.100138,1.015151,2.346,2.44,4.732,60926.421325,60796.001439
A_OB_1.9999999999999998_1.0_182,COM,1.225783,1.187729,1.394,3.611,0.566,63029.51988,60796.001439
A_OB_1.9999999999999998_1.0_183,COM,5.938783,1.844583,1.781,4.137,4.919,61019.643386,60796.001439
A_OB_1.9999999999999998_1.0_184,COM,1.024431,1.160107,1.322,4.164,2.846,62217.961445,60796.001439
A_OB_1.9999999999999998_1.0_185,COM,0.497688,1.074476,0.695,3.736,0.313,61591.35655,60796.001439
A_OB_1.9999999999999998_1.0_186,COM,1.132774,1.178656,1.718,0.298,2.776,63596.670262,60796.001439
A_OB_1.9999999999999998_1.0_187,COM,0.482311,1.067402,0.71,4.404,3.793,63270.566819,60796.001439
A_OB_1.9999999999999998_1.0_188,COM,0.550834,1.089676,1.201,3.474,4.459,61696.507758,60796.001439
A_OB_1.9999999999999998_1.0_189,COM,1.251018,1.20209,2.905,0.225,6.179,61324.812991,60796.001439
A_OB_1.9999999999999998_1.0_190,COM,0.41618,1.058274,0.984,2.155,5.419,63301.4302,60796.001439
A_OB_1.9999999999999998_1.0_191,COM,0.064088,1.010185,1.154,0.901,4.833,62804.864279,60796.001439
A_OB_1.9999999999999998_1.0_192,COM,0.556012,1.08403,1.979,0.282,5.493,63777.174339,60796.001439
A_OB_1.9999999999999998_1.0_193,COM,0.779251,1.119542,1.816,0.165,4.517,63984.831844,60796.001439
A_OB_1.9999999999999998_1.0_194,COM,1.438248,1.275732,2.289,1.058,5.135,61953.773053,60796.001439
A_OB_1.9999999999999998_1.0_195,COM,1.01657,1.17801,0.541,0.569,2.405,63685.879707,60796.001439
A_OB_1.9999999999999998_1.0_196,COM,1.01657,1.17801,0.541,0.569,2.405,63685.879707,60796.001439
A_OB_1.9999999999999998_1.0_197,COM,0.073945,1.012891,1.567,1.321,5.833,61136.479828,60796.001439
A_OB_1.9999999999999998_1.0_198,COM,0.084024,1.016217,1.268,5.158,5.623,63224.67475,60796.001439
A_OB_1.9999999999999998_1.0_199,COM,1.103408,1.19355,1.756,2.123,4.866,61244.74001,60796.001439
A_OB_1.9999999999999998_1.0_200,COM,0.735624,1.135117,0.911,2.871,4.657,60767.217715,60796.001439
A_OB_1.9999999999999998_1.0_201,COM,0.67574,1.127721,1.902,4.391,2.542,63383.914078,60796.001439
A_OB_1.9999999999999998_1.0_202,COM,1.025804,1.171641,1.0,1.727,5.091,61131.201914,60796.001439
A_OB_1.9999999999999998_1.0_203,COM,0.055286,1.010273,1.12,2.706,4.268,61705.17974,60796.001439
A_OB_1.9999999999999998_1.0_204,COM,1.449589,1.239995,1.075,1.452,4.069,63984.294283,60796.001439
A_OB_1.9999999999999998_1.0_205,COM,0.90011,1.17213,1.435,3.347,4.361,64506.285817,60796.001439
A_OB_1.9999999999999998_1.0_206,COM,0.31678,1.057209,1.606,1.903,5.089,63113.820641,60796.001439
A_OB_1.9999999999999998_1.0_207,COM,0.616118,1.106513,2.377,5.56,4.41,63187.503269,60796.001439
A_OB_1.9999999999999998_1.0_208,COM,0.360036,1.060781,2.012,4.915,4.006,64021.65977,60796.001439
A_OB_1.9999999999999998_1.0_209,COM,0.446053,1.076369,2.379,5.731,4.394,62319.843042,60796.001439
A_OB_1.9999999999999998_1.0_210,COM,1.301451,1.241297,0.885,2.989,2.619,64228.916083,60796.001439
A_OB_1.9999999999999998_1.0_211,COM,0.999265,1.171886,1.624,5.217,5.034,63900.32845,60796.001439
A_OB_1.9999999999999998_1.0_212,COM,1.075975,1.189315,1.541,2.152,2.748,63116.804623,60796.001439
A_OB_1.9999999999999998_1.0_213,COM,0.817544,1.148097,1.134,4.626,4.261,63922.304991,60796.001439
A_OB_1.9999999999999998_1.0_214,COM,0.87182,1.1469,1.234,2.65,3.618,63758.411048,60796.001439
A_OB_1.9999999999999998_1.0_215,COM,1.263778,1.270717,1.578,5.885,3.042,61865.481962,60796.001439
A_OB_1.9999999999999998_1.0_216,COM,0.923595,1.198918,1.241,4.482,3.225,63640.651249,60796.001439
A_OB_1.9999999999999998_1.0_217,COM,0.923595,1.198918,1.241,4.482,3.225,63640.651249,60796.001439
A_OB_1.9999999999999998_1.0_218,COM,0.123121,1.024656,1.988,5.707,0.579,63789.10558,60796.001439
A_OB_1.9999999999999998_1.0_219,COM,1.410206,1.288238,0.378,1.812,5.424,63319.396339,60796.001439
A_OB_1.9999999999999998_1.0_220,COM,2.013642,1.410746,1.548,2.008,4.487,62753.36011,60796.001439
A_OB_1.9999999999999998_1.0_221,COM,1.601022,1.322273,0.205,5.396,1.9,61346.928147,60796.001439
A_OB_1.9999999999999998_1.0_222,COM,0.520654,1.108908,0.64,4.603,4.004,64274.668567,60796.001439
A_OB_1.9999999999999998_1.0_223,COM,0.342665,1.06955,1.464,1.237,4.416,61372.186519,60796.001439
A_OB_1.9999999999999998_1.0_224,COM,0.123372,1.026187,1.585,5.033,3.888,60992.108049,60796.001439
A_OB_1.9999999999999998_1.0_225,COM,0.71447,1.156234,1.969,1.58,5.215,62880.166545,60796.001439
A_OB_1.9999999999999998_1.0_226,COM,1.00637,1.207633,0.564,4.611,4.101,62552.906639,60796.001439
A_OB_1.9999999999999998_1.0_227,COM,0.280596,1.05822,1.073,3.602,4.506,63542.440124,60796.001439
A_OB_1.9999999999999998_1.0_228,COM,1.807276,1.382202,0.853,5.539,2.194,62031.790862,60796.001439
A_OB_1.9999999999999998_1.0_229,COM,1.698323,1.379658,2.199,3.893,3.89,61886.867231,60796.001439
A_OB_1.9999999999999998_1.0_230,COM,0.278179,1.058996,2.453,0.022,5.979,61591.687147,60796.001439
A_OB_1.9999999999999998_1.0_231,COM,1.236539,1.246669,2.048,3.697,3.095,63677.965481,60796.001439
A_OB_1.9999999999999998_1.0_232,COM,1.284499,1.270769,0.685,1.983,4.416,62164.447146,60796.001439
A_OB_1.9999999999999998_1.0_233,COM,1.402744,1.275197,0.675,1.129,1.772,62048.819739,60796.001439
A_OB_1.9999999999999998_1.0_234,COM,1.276858,1.258198,2.174,2.398,2.792,61280.425582,60796.001439
A_OB_1.9999999999999998_1.0_235,COM,0.4711,1.099866,0.949,1.083,4.466,64150.74065,60796.001439
A_OB_1.9999999999999998_1.0_236,COM,1.279797,1.251976,2.325,1.072,4.576,61470.062575,60796.001439
A_OB_1.9999999999999998_1.0_237,COM,1.197632,1.241559,1.65,1.389,6.159,62322.973511,60796.001439
A_OB_1.9999999999999998_1.0_238,COM,1.006753,1.199637,2.782,2.978,0.959,62789.64544,60796.001439
A_OB_1.9999999999999998_1.0_239,COM,0.647388,1.126272,1.49,0.783,4.403,61296.462379,60796.001439
A_OB_1.9999999999999998_1.0_240,COM,0.710608,1.138116,1.395,2.804,3.582,62676.081858,60796.001439
A_OB_1.9999999999999998_1.0_241,COM,3.50359,1.689353,2.162,1.223,5.963,61813.991465,60796.001439
A_OB_1.9999999999999998_1.0_242,COM,0.351872,1.081138,0.482,1.992,3.63,63100.7605,60796.001439
A_OB_1.9999999999999998_1.0_243,COM,1.045103,1.246443,2.618,2.873,1.733,62973.153814,60796.001439
A_OB_1.9999999999999998_1.0_244,COM,0.48327,1.111479,1.032,2.27,4.431,62813.674546,60796.001439
A_OB_1.9999999999999998_1.0_245,COM,1.409275,1.350435,2.291,2.954,4.893,62221.41615,60796.001439
A_OB_1.9999999999999998_1.0_246,COM,2.012835,1.497379,0.722,4.47,5.535,63279.46654,60796.001439
A_OB_1.9999999999999998_1.0_247,COM,0.633189,1.158896,2.302,1.134,4.773,63303.801562,60796.001439
A_OB_1.9999999999999998_1.0_248,COM,0.390018,1.093829,2.793,3.628,2.598,63163.529828,60796.001439
A_OB_1.9999999999999998_1.0_249,COM,1.299865,1.309946,1.159,3.679,3.176,61034.157268,60796.001439
A_OB_1.9999999999999998_1.0_250,COM,1.318867,1.335064,1.6,5.758,3.962,62724.922488,60796.001439
A_OB_1.9999999999999998_1.0_251,COM,0.654243,1.160215,2.513,4.034,4.332,64469.718659,60796.001439
A_OB_1.9999999999999998_1.0_252,COM,1.284945,1.304239,2.028,6.174,4.168,61015.456339,60796.001439
A_OB_1.9999999999999998_1.0_253,COM,0.572299,1.146219,0.223,4.864,1.207,62519.299611,60796.001439
A_OB_1.9999999999999998_1.0_254,COM,1.214678,1.291987,1.007,4.228,3.555,63861.0851,60796.001439
A_OB_1.9999999999999998_1.0_255,COM,0.641172,1.149889,2.235,0.649,5.494,62884.990466,60796.001439
A_OB_1.9999999999999998_1.0_256,COM,1.305415,1.31255,1.875,4.221,2.818,64396.655569,60796.001439
A_OB_1.9999999999999998_1.0_257,COM,1.99541,1.474697,0.991,4.274,4.078,62491.211452,60796.001439
A_OB_1.9999999999999998_1.0_258,COM,0.574942,1.132478,0.546,1.354,0.006,62669.726174,60796.001439
A_OB_1.9999999999999998_1.0_259,COM,1.456312,1.369744,1.411,2.87,4.567,64227.163489,60796.001439
A_OB_1.9999999999999998_1.0_260,COM,1.915178,1.447151,0.165,4.729,3.178,62342.192425,60796.001439
A_OB_1.9999999999999998_1.0_261,COM,0.179312,1.040758,1.867,6.252,2.045,63302.094361,60796.001439
A_OB_1.9999999999999998_1.0_262,COM,1.233719,1.298755,1.587,1.144,3.972,61530.123845,60796.001439
A_OB_1.9999999999999998_1.0_263,COM,1.967567,1.49253,1.334,3.238,4.39,61774.2646,60796.001439
A_OB_1.9999999999999998_1.0_264,COM,0.457527,1.112529,0.87,4.778,3.133,60862.589584,60796.001439
A_OB_1.9999999999999998_1.0_265,COM,1.447886,1.339789,0.568,3.782,1.324,62857.078412,60796.001439
A_OB_1.9999999999999998_1.0_266,COM,1.26389,1.289435,1.637,5.737,4.131,63149.223265,60796.001439
A_OB_1.9999999999999998_1.0_267,COM,0.326249,1.075935,0.385,0.863,4.85,64043.464729,60796.001439
A_OB_1.9999999999999998_1.0_268,COM,0.366778,1.092562,1.251,1.371,4.89,61178.333557,60796.001439
A_OB_1.9999999999999998_1.0_269,COM,0.376393,1.093106,1.923,1.123,4.247,63329.56363,60796.001439
A_OB_1.9999999999999998_1.0_270,COM,0.802273,1.191307,1.699,2.554,5.203,63745.849245,60796.001439
A_OB_1.9999999999999998_1.0_271,COM,1.281556,1.287895,1.609,5.237,3.393,61234.938129,60796.001439
A_OB_1.9999999999999998_1.0_272,COM,0.299578,1.076868,1.538,1.695,3.14,61515.432986,60796.001439
A_OB_1.9999999999999998_1.0_273,COM,0.664627,1.184043,1.433,1.205,4.806,62300.717385,60796.001439
A_OB_1.9999999999999998_1.0_274,COM,0.758282,1.217737,2.675,3.648,1.892,63137.062437,60796.001439
A_OB_1.9999999999999998_1.0_275,COM,1.023177,1.275017,1.646,0.129,5.38,63377.504165,60796.001439
A_OB_1.9999999999999998_1.0_276,COM,1.311795,1.340659,1.277,5.198,3.706,63832.590746,60796.001439
A_OB_1.9999999999999998_1.0_277,COM,1.04678,1.274781,2.044,4.227,3.592,62658.77333,60796.001439
A_OB_1.9999999999999998_1.0_278,COM,1.454801,1.397853,1.934,5.847,5.006,62532.727259,60796.001439
A_OB_1.9999999999999998_1.0_279,COM,1.365789,1.387375,2.383,0.178,4.14,62573.057608,60796.001439
A_OB_1.9999999999999998_1.0_280,COM,1.082032,1.311305,2.381,0.343,4.006,62077.607402,60796.001439
A_OB_1.9999999999999998_1.0_281,COM,0.797161,1.224229,1.425,4.041,4.215,61580.665831,60796.001439
A_OB_1.9999999999999998_1.0_282,COM,0.791392,1.224579,1.783,1.026,4.19,63221.462353,60796.001439
A_OB_1.9999999999999998_1.0_283,COM,0.999121,1.2655,2.767,0.805,5.382,62804.579771,60796.001439
A_OB_1.9999999999999998_1.0_284,COM,0.780159,1.203064,0.523,4.462,4.166,60750.857821,60796.001439
A_OB_1.9999999999999998_1.0_285,COM,0.677617,1.1885,1.388,4.915,3.414,61465.158688,60796.001439
A_OB_1.9999999999999998_1.0_286,COM,1.069252,1.298899,0.888,5.072,2.772,63180.824801,60796.001439
A_OB_1.9999999999999998_1.0_287,COM,0.534962,1.149043,2.331,4.797,3.282,64174.239405,60796.001439
A_OB_1.9999999999999998_1.0_288,COM,0.572395,1.158168,2.567,1.344,5.184,64078.894938,60796.001439
A_OB_1.9999999999999998_1.0_289,COM,1.957229,1.511102,2.125,4.387,2.362,61412.894988,60796.001439
A_OB_1.9999999999999998_1.0_290,COM,2.671459,1.736125,0.827,1.204,2.205,61287.621899,60796.001439
A_OB_1.9999999999999998_1.0_291,COM,0.408221,1.114192,1.549,4.135,3.044,61764.893149,60796.001439
A_OB_1.9999999999999998_1.0_292,COM,0.375919,1.105099,2.379,4.889,5.128,61837.810624,60796.001439
A_OB_1.9999999999999998_1.0_293,COM,1.412948,1.396253,1.053,1.223,0.172,63069.194529,60796.001439
A_OB_1.9999999999999998_1.0_294,COM,1.056257,1.30361,1.993,4.261,2.904,61569.173224,60796.001439
A_OB_1.9999999999999998_1.0_295,COM,1.00822,1.292468,1.199,2.013,2.934,61931.682201,60796.001439
A_OB_1.9999999999999998_1.0_296,COM,1.549117,1.419597,0.926,3.97,0.848,63162.534263,60796.001439
A_OB_1.9999999999999998_1.0_297,COM,1.341983,1.34801,2.35,4.174,2.581,61043.990305,60796.001439
A_OB_1.9999999999999998_1.0_298,COM,0.901099,1.24233,1.476,3.373,5.478,62506.399842,60796.001439
A_OB_1.9999999999999998_1.0_299,COM,1.354518,1.364333,2.462,4.509,3.036,63591.149274,60796.001439
A_OB_1.9999999999999998_1.0_300,COM,1.139933,1.302347,2.069,4.279,2.365,62361.468266,60796.001439
A_OB_1.9999999999999998_1.0_301,COM,0.906165,1.235045,2.429,5.441,0.058,61251.803736,60796.001439
A_OB_1.9999999999999998_1.0_302,COM,1.562803,1.410174,0.252,4.769,3.066,61910.256532,60796.001439
A_OB_1.9999999999999998_1.0_303,COM,2.451893,1.651662,0.743,0.81,5.07,60663.241721,60796.001439
A_OB_1.9999999999999998_1.0_304,COM,0.829108,1.237299,2.403,2.573,3.225,63185.062326,60796.001439
A_OB_1.9999999999999998_1.0_305,COM,0.55865,1.146342,1.171,3.408,3.481,62394.701561,60796.001439
A_OB_1.9999999999999998_1.0_306,COM,0.819975,1.222129,1.762,4.573,3.342,64324.102826,60796.001439
A_OB_1.9999999999999998_1.0_307,COM,0.286151,1.084422,2.065,4.654,2.569,62739.589943,60796.001439
A_OB_1.9999999999999998_1.0_308,COM,1.196009,1.389595,1.672,6.009,4.442,63883.257987,60796.001439
A_OB_1.9999999999999998_1.0_309,COM,1.165754,1.366664,2.029,3.4,3.031,62037.580154,60796.001439
A_OB_1.9999999999999998_1.0_310,COM,0.543338,1.159511,1.515,3.867,3.099,62544.958487,60796.001439
A_OB_1.9999999999999998_1.0_311,COM,1.34564,1.431275,2.785,0.313,3.66,63213.613516,60796.001439
A_OB_1.9999999999999998_1.0_312,COM,0.701968,1.224264,1.995,4.746,4.531,64452.864373,60796.001439
A_OB_1.9999999999999998_1.0_313,COM,0.041105,1.012322,1.779,4.776,2.748,61367.649732,60796.001439
A_OB_1.9999999999999998_1.0_314,COM,0.11122,1.035691,1.213,1.518,5.324,63629.141193,60796.001439
A_OB_1.9999999999999998_1.0_315,COM,1.619848,1.492872,1.978,2.968,4.304,62161.375753,60796.001439
A_OB_1.9999999999999998_1.0_316,COM,1.495644,1.487004,0.761,0.037,4.513,64465.511948,60796.001439
A_OB_1.9999999999999998_1.0_317,COM,1.094415,1.319528,1.327,5.062,3.686,62034.087632,60796.001439
A_OB_1.9999999999999998_1.0_318,COM,0.323372,1.10465,1.397,3.939,3.89,63539.575006,60796.001439
A_OB_1.9999999999999998_1.0_319,COM,0.44082,1.128873,1.137,5.923,1.075,63464.105388,60796.001439
A_OB_1.9999999999999998_1.0_320,COM,1.374841,1.402745,1.695,1.203,5.471,62582.444396,60796.001439
A_OB_1.9999999999999998_1.0_321,COM,0.095357,1.030855,1.611,4.385,4.569,62078.374168,60796.001439
A_OB_1.9999999999999998_1.0_322,COM,2.455461,1.773511,1.171,3.334,2.756,62433.333438,60796.001439
A_OB_1.9999999999999998_1.0_323,COM,1.622948,1.493116,0.702,2.525,4.732,62485.662715,60796.001439
A_OB_1.9999999999999998_1.0_324,COM,0.0283,1.008342,1.762,6.028,4.747,63368.532291,60796.001439
A_OB_1.9999999999999998_1.0_325,COM,1.349449,1.434102,1.372,3.3,1.967,63945.3037,60796.001439
A_OB_1.9999999999999998_1.0_326,COM,0.820968,1.244715,2.297,1.427,4.387,63278.116702,60796.001439
A_OB_1.9999999999999998_1.0_327,COM,1.327042,1.434399,1.229,4.611,3.818,63878.585109,60796.001439
A_OB_1.9999999999999998_1.0_328,COM,1.327042,1.434399,1.229,4.611,3.818,63878.585109,60796.001439
A_OB_1.9999999999999998_1.0_329,COM,1.212762,1.358548,0.936,4.141,3.019,61429.112602,60796.001439
A_OB_1.9999999999999998_1.0_330,COM,0.442322,1.13181,1.384,5.532,4.491,62857.760012,60796.001439
A_OB_1.9999999999999998_1.0_331,COM,1.934413,1.653797,0.443,3.195,4.125,60784.205623,60796.001439
A_OB_1.9999999999999998_1.0_332,COM,1.078403,1.394216,2.074,1.301,4.481,61518.397918,60796.001439
A_OB_1.9999999999999998_1.0_333,COM,0.83877,1.30388,0.903,6.204,4.435,62547.058156,60796.001439
A_OB_1.9999999999999998_1.0_334,COM,0.201819,1.067908,1.63,4.837,3.92,63782.712941,60796.001439
A_OB_1.9999999999999998_1.0_335,COM,0.385328,1.138558,1.502,0.502,4.402,63046.393217,60796.001439
A_OB_1.9999999999999998_1.0_336,COM,0.732038,1.266118,2.298,0.216,3.631,61199.166944,60796.001439
A_OB_1.9999999999999998_1.0_337,COM,0.654378,1.231417,0.651,2.908,3.019,61755.883882,60796.001439
A_OB_1.9999999999999998_1.0_338,COM,0.180959,1.061583,0.592,4.044,4.212,63136.301709,60796.001439
A_OB_1.9999999999999998_1.0_339,COM,1.232275,1.43543,2.252,3.849,3.019,64234.532988,60796.001439
A_OB_1.9999999999999998_1.0_340,COM,1.548762,1.518462,1.696,2.499,6.061,63232.69728,60796.001439
A_OB_1.9999999999999998_1.0_341,COM,0.180744,1.064634,2.101,4.5,3.13,61812.463375,60796.001439
A_OB_1.9999999999999998_1.0_342,COM,0.742363,1.249703,0.853,3.69,4.908,61931.091664,60796.001439
A_OB_1.9999999999999998_1.0_343,COM,0.222958,1.073531,2.671,4.306,4.076,63964.028426,60796.001439
A_OB_1.9999999999999998_1.0_344,COM,1.419854,1.496535,1.616,1.697,2.92,61772.274668,60796.001439
A_OB_1.9999999999999998_1.0_345,COM,0.611101,1.205507,1.533,6.138,4.431,60849.601705,60796.001439
A_OB_1.9999999999999998_1.0_346,COM,0.047283,1.017047,1.945,2.107,2.261,61257.373588,60796.001439
A_OB_1.9999999999999998_1.0_347,COM,0.88586,1.303698,2.156,5.713,3.076,62861.812959,60796.001439
A_OB_1.9999999999999998_1.0_348,COM,1.321196,1.47453,1.519,5.261,3.784,63010.748414,60796.001439
A_OB_1.9999999999999998_1.0_349,COM,0.551734,1.201959,2.054,4.607,2.606,63348.954334,60796.001439
A_OB_1.9999999999999998_1.0_350,COM,1.253395,1.432778,1.327,5.379,3.708,62189.292146,60796.001439
A_OB_1.9999999999999998_1.0_351,COM,0.507902,1.18095,0.899,2.476,4.683,62168.373384,60796.001439
A_OB_1.9999999999999998_1.0_352,COM,0.923908,1.33393,3.018,3.214,1.156,62035.566799,60796.001439
A_OB_1.9999999999999998_1.0_353,COM,0.612006,1.204915,0.892,0.918,4.324,61039.153723,60796.001439
A_OB_1.9999999999999998_1.0_354,COM,0.945607,1.339728,1.05,3.982,3.812,60798.072692,60796.001439
A_OB_1.9999999999999998_1.0_355,COM,0.546232,1.18208,1.084,2.136,5.159,63580.573988,60796.001439
A_OB_1.9999999999999998_1.0_356,COM,1.251319,1.413431,1.908,1.136,4.298,64256.960885,60796.001439
A_OB_1.9999999999999998_1.0_357,COM,1.720117,1.61863,1.235,2.46,3.888,61115.928406,60796.001439
A_OB_1.9999999999999998_1.0_358,COM,0.92487,1.367578,0.944,2.066,3.523,61676.695678,60796.001439
A_OB_1.9999999999999998_1.0_359,COM,0.943121,1.379947,1.36,5.871,2.474,64294.095631,60796.001439
A_OB_1.9999999999999998_1.0_360,COM,1.854194,1.757317,2.102,0.401,0.342,62842.906265,60796.001439
A_OB_1.9999999999999998_1.0_361,COM,0.963973,1.391282,1.732,0.253,3.755,61779.156587,60796.001439
A_OB_1.9999999999999998_1.0_362,COM,1.353883,1.547581,2.477,6.071,3.554,62226.85943,60796.001439
A_OB_1.9999999999999998_1.0_363,COM,0.548306,1.219447,2.017,5.151,4.623,61544.954416,60796.001439
A_OB_1.9999999999999998_1.0_364,COM,1.884557,1.761571,1.222,4.618,2.552,64465.990664,60796.001439
A_OB_1.9999999999999998_1.0_365,COM,1.238916,1.463328,1.146,3.481,4.652,64320.798522,60796.001439
A_OB_1.9999999999999998_1.0_366,COM,0.209236,1.07756,1.689,4.844,3.856,64254.685555,60796.001439
A_OB_1.9999999999999998_1.0_367,COM,0.242029,1.090615,0.958,0.595,5.988,62800.495441,60796.001439
A_OB_1.9999999999999998_1.0_368,COM,1.677065,1.651085,1.311,0.969,5.329,62393.935985,60796.001439
A_OB_1.9999999999999998_1.0_369,COM,1.211711,1.479002,0.73,5.861,3.536,62966.335565,60796.001439
A_OB_1.9999999999999998_1.0_370,COM,0.714753,1.283165,1.48,4.506,2.469,62652.357012,60796.001439
A_OB_1.9999999999999998_1.0_371,COM,0.89141,1.333144,1.227,4.149,2.853,62047.568006,60796.001439
A_OB_1.9999999999999998_1.0_372,COM,1.369699,1.530315,0.624,1.719,5.307,63368.284329,60796.001439
A_OB_1.9999999999999998_1.0_373,COM,2.577118,2.051833,0.647,5.811,3.087,63807.761761,60796.001439
A_OB_1.9999999999999998_1.0_374,COM,2.036235,1.834477,2.285,2.16,3.764,62546.354383,60796.001439
A_OB_1.9999999999999998_1.0_375,COM,1.277379,1.498084,1.914,5.366,2.299,60783.514521,60796.001439
A_OB_1.9999999999999998_1.0_376,COM,0.684326,1.265121,1.243,1.007,3.543,63930.019781,60796.001439
A_OB_1.9999999999999998_1.0_377,COM,0.458946,1.178651,1.731,1.053,5.464,60851.703414,60796.001439
A_OB_1.9999999999999998_1.0_378,COM,0.942089,1.381524,2.527,1.549,5.102,63313.294496,60796.001439
A_OB_1.9999999999999998_1.0_379,COM,1.644243,1.610617,2.587,4.803,2.999,63884.243292,60796.001439
A_OB_1.9999999999999998_1.0_380,COM,0.184205,1.069184,2.467,4.866,3.385,63482.348726,60796.001439
A_OB_1.9999999999999998_1.0_381,COM,1.024596,1.394054,1.355,3.855,3.156,62335.963086,60796.001439
A_OB_1.9999999999999998_1.0_382,COM,0.874894,1.354611,1.714,4.843,4.427,62713.452425,60796.001439
A_OB_1.9999999999999998_1.0_383,COM,0.052534,1.019395,1.137,0.775,5.83,62532.254842,60796.001439
A_OB_1.9999999999999998_1.0_384,COM,0.398367,1.158222,2.551,1.957,3.971,62989.865785,60796.001439
A_OB_1.9999999999999998_1.0_385,COM,1.68594,1.754058,2.006,2.118,5.554,61261.645531,60796.001439
A_OB_1.9999999999999998_1.0_386,COM,0.327327,1.137027,0.881,3.071,3.396,61062.576652,60796.001439
A_OB_1.9999999999999998_1.0_387,COM,1.281548,1.549053,1.373,0.081,4.896,63498.072858,60796.001439
A_OB_1.9999999999999998_1.0_388,COM,0.117927,1.050526,0.828,3.109,5.219,61428.369186,60796.001439
A_OB_1.9999999999999998_1.0_389,COM,1.180973,1.494845,2.769,2.533,0.688,64156.552451,60796.001439
A_OB_1.9999999999999998_1.0_390,COM,0.484907,1.211952,0.819,0.326,3.97,64374.22777,60796.001439
A_OB_1.9999999999999998_1.0_391,COM,0.760822,1.33959,1.101,2.474,4.886,62570.73111,60796.001439
A_OB_1.9999999999999998_1.0_392,COM,0.103962,1.044628,1.493,1.636,5.768,62519.245781,60796.001439
A_OB_1.9999999999999998_1.0_393,COM,0.396387,1.171898,1.154,3.679,4.229,62475.83513,60796.001439
A_OB_1.9999999999999998_1.0_394,COM,1.248278,1.52913,1.626,1.965,3.988,61251.313248,60796.001439
A_OB_1.9999999999999998_1.0_395,COM,0.218137,1.090277,1.845,2.117,5.793,61051.941825,60796.001439
A_OB_1.9999999999999998_1.0_396,COM,2.522012,2.138816,2.083,5.345,3.721,64278.963097,60796.001439
A_OB_1.9999999999999998_1.0_397,COM,0.530384,1.222937,3.002,4.342,3.144,61572.714283,60796.001439
A_OB_1.9999999999999998_1.0_398,COM,1.253763,1.516772,0.54,2.585,4.602,64409.339898,60796.001439
A_OB_1.9999999999999998_1.0_399,COM,0.093912,1.040814,1.511,4.62,3.364,63293.348972,60796.001439
A_OB_1.9999999999999998_1.0_400,COM,0.854355,1.368621,2.299,4.817,3.827,62103.121147,60796.001439
A_OB_1.9999999999999998_1.0_401,COM,1.013746,1.437667,1.883,5.802,3.643,64241.428361,60796.001439
A_OB_1.9999999999999998_1.0_402,COM,1.444253,1.60261,1.495,4.445,3.683,62166.03646,60796.001439
A_OB_1.9999999999999998_1.0_403,COM,0.904042,1.37816,1.41,5.313,3.435,63065.304736,60796.001439
A_OB_1.9999999999999998_1.0_404,COM,0.632994,1.272106,0.374,3.614,2.144,63051.50706,60796.001439
A_OB_1.9999999999999998_1.0_405,COM,0.37714,1.168229,1.724,4.52,3.799,62202.778476,60796.001439
A_OB_1.9999999999999998_1.0_406,COM,1.31792,1.58246,0.833,2.658,4.28,64207.895723,60796.001439
A_OB_1.9999999999999998_1.0_407,COM,1.189795,1.519409,1.766,0.383,4.726,61477.864341,60796.001439
A_OB_1.9999999999999998_1.0_408,COM,1.199175,1.513314,2.343,5.846,4.156,61198.575909,60796.001439
A_OB_1.9999999999999998_1.0_409,COM,0.798364,1.333779,1.553,4.899,3.991,63920.231698,60796.001439
A_OB_1.9999999999999998_1.0_410,COM,1.364541,1.599636,1.159,2.867,3.856,60708.060346,60796.001439
A_OB_1.9999999999999998_1.0_411,COM,1.370193,1.576996,0.839,2.791,4.522,63096.168432,60796.001439
A_OB_1.9999999999999998_1.0_412,COM,1.025869,1.423544,2.326,5.834,3.443,63498.996752,60796.001439
A_OB_1.9999999999999998_1.0_413,COM,0.284307,1.117257,2.518,6.252,5.474,61485.594212,60796.001439
A_OB_1.9999999999999998_1.0_414,COM,0.51274,1.222133,1.003,1.542,5.021,64327.205891,60796.001439
A_OB_1.9999999999999998_1.0_415,COM,0.631554,1.260593,2.431,4.783,3.125,61857.465832,60796.001439
A_OB_1.9999999999999998_1.0_416,COM,0.357236,1.160884,1.235,3.037,4.539,64096.100441,60796.001439
A_OB_1.9999999999999998_1.0_417,COM,0.018984,1.008505,1.302,1.445,6.035,64092.252747,60796.001439
A_OB_1.9999999999999998_1.0_418,COM,0.285803,1.127883,1.138,3.549,3.655,62937.573892,60796.001439
A_OB_1.9999999999999998_1.0_419,COM,0.559974,1.23159,1.966,1.58,4.144,61908.489034,60796.001439
A_OB_1.9999999999999998_1.0_420,COM,0.979981,1.422916,0.721,3.197,3.011,63820.885988,60796.001439
A_OB_1.9999999999999998_1.0_421,COM,1.005097,1.43416,2.197,0.336,3.638,61045.689088,60796.001439
A_OB_1.9999999999999998_1.0_422,COM,0.576922,1.253495,1.619,5.222,3.677,61723.331137,60796.001439
A_OB_1.9999999999999998_1.0_423,COM,1.156842,1.549579,1.133,4.336,3.516,61781.750527,60796.001439
A_OB_1.9999999999999998_1.0_424,COM,0.906931,1.451962,1.453,2.242,4.762,62740.082643,60796.001439
A_OB_1.9999999999999998_1.0_425,COM,0.695394,1.337593,1.601,1.229,3.359,63338.457068,60796.001439
A_OB_1.9999999999999998_1.0_426,COM,2.153503,2.074853,1.531,1.368,3.624,61140.694745,60796.001439
A_OB_1.9999999999999998_1.0_427,COM,1.45917,1.685199,1.309,4.925,5.121,60864.361268,60796.001439
A_OB_1.9999999999999998_1.0_428,COM,0.541977,1.271214,1.021,2.699,4.875,64129.30544,60796.001439
A_OB_1.9999999999999998_1.0_429,COM,1.142326,1.536216,2.046,4.776,4.639,61652.972936,60796.001439
A_OB_1.9999999999999998_1.0_430,COM,0.165237,1.078168,0.444,6.04,0.275,63945.162833,60796.001439
A_OB_1.9999999999999998_1.0_431,COM,1.316892,1.630972,2.532,3.521,4.126,62923.863294,60796.001439
A_OB_1.9999999999999998_1.0_432,COM,0.385144,1.189364,1.457,3.837,3.678,62966.128076,60796.001439
A_OB_1.9999999999999998_1.0_433,COM,1.754626,1.842651,2.059,0.445,4.366,63916.478826,60796.001439
A_OB_1.9999999999999998_1.0_434,COM,1.366545,1.673564,1.222,5.549,2.546,61752.89413,60796.001439
A_OB_1.9999999999999998_1.0_435,COM,0.160293,1.077695,1.192,2.769,4.408,60926.512964,60796.001439
A_OB_1.9999999999999998_1.0_436,COM,1.405029,1.644182,1.106,0.654,4.008,61771.011104,60796.001439
A_OB_1.9999999999999998_1.0_437,COM,0.495532,1.242124,1.524,3.676,4.768,63213.844746,60796.001439
A_OB_1.9999999999999998_1.0_438,COM,0.185136,1.089495,0.728,1.527,3.176,62460.742675,60796.001439
A_OB_1.9999999999999998_1.0_439,COM,0.538884,1.25086,1.146,5.208,2.681,61741.072498,60796.001439
A_OB_1.9999999999999998_1.0_440,COM,0.776744,1.371726,1.374,4.708,2.717,63533.629322,60796.001439
A_OB_1.9999999999999998_1.0_441,COM,0.594539,1.292322,2.355,4.517,3.352,63972.054335,60796.001439
A_OB_1.9999999999999998_1.0_442,COM,1.366788,1.645371,1.677,2.786,3.465,63441.114377,60796.001439
A_OB_1.9999999999999998_1.0_443,COM,1.074006,1.534637,1.874,3.184,2.844,63008.800189,60796.001439
A_OB_1.9999999999999998_1.0_444,COM,0.631777,1.299721,2.178,2.525,4.676,62349.864088,60796.001439
A_OB_1.9999999999999998_1.0_445,COM,0.944693,1.458603,1.736,4.136,3.155,63881.306623,60796.001439
A_OB_1.9999999999999998_1.0_446,COM,0.85054,1.389059,1.359,0.932,4.584,61830.255902,60796.001439
A_OB_1.9999999999999998_1.0_447,COM,1.458231,1.708974,2.476,5.57,2.875,61785.851829,60796.001439
A_OB_1.9999999999999998_1.0_448,COM,0.004155,1.001936,3.024,4.966,4.01,61379.693934,60796.001439
A_OB_1.9999999999999998_1.0_449,COM,2.25907,2.141418,1.279,2.183,4.176,61652.223175,60796.001439
A_OB_1.9999999999999998_1.0_450,COM,0.245753,1.125104,2.4,1.674,0.632,60752.821916,60796.001439
A_OB_1.9999999999999998_1.0_451,COM,0.32228,1.176604,2.036,0.227,4.91,64193.676904,60796.001439
A_OB_1.9999999999999998_1.0_452,COM,1.062394,1.578192,1.401,0.378,4.637,61892.134338,60796.001439
A_OB_1.9999999999999998_1.0_453,COM,1.043265,1.527963,0.96,4.455,2.29,61445.035237,60796.001439
A_OB_1.9999999999999998_1.0_454,COM,0.178144,1.089324,3.056,4.578,2.805,64453.783133,60796.001439
A_OB_1.9999999999999998_1.0_455,COM,1.355037,1.732509,0.595,5.772,1.527,64206.638791,60796.001439
A_OB_1.9999999999999998_1.0_456,COM,0.621446,1.31901,1.256,5.845,4.029,61544.208256,60796.001439
A_OB_1.9999999999999998_1.0_457,COM,0.690111,1.358841,0.696,3.487,3.608,62211.592264,60796.001439
A_OB_1.9999999999999998_1.0_458,COM,1.196193,1.641782,1.484,4.083,2.467,62263.987614,60796.001439
A_OB_1.9999999999999998_1.0_459,COM,0.935215,1.496356,1.14,4.819,3.503,62950.312385,60796.001439
A_OB_1.9999999999999998_1.0_460,COM,0.157609,1.082739,2.032,5.566,3.361,63344.927223,60796.001439
A_OB_1.9999999999999998_1.0_461,COM,0.862658,1.46628,0.385,1.057,5.742,63822.014266,60796.001439
A_OB_1.9999999999999998_1.0_462,COM,1.39344,1.754171,1.979,1.072,3.715,60891.652704,60796.001439
A_OB_1.9999999999999998_1.0_463,COM,2.929403,2.556881,2.143,0.068,3.746,62018.200537,60796.001439
A_OB_1.9999999999999998_1.0_464,COM,0.009098,1.004722,2.63,0.092,4.471,63445.122718,60796.001439
A_OB_1.9999999999999998_1.0_465,COM,0.380517,1.205949,2.408,4.842,3.548,64135.469161,60796.001439
A_OB_1.9999999999999998_1.0_466,COM,0.683645,1.365937,1.781,4.667,3.399,62677.460175,60796.001439
A_OB_1.9999999999999998_1.0_467,COM,1.403973,1.764722,1.57,0.144,4.212,61501.850909,60796.001439
A_OB_1.9999999999999998_1.0_468,COM,0.93308,1.499664,1.999,5.912,2.823,63434.05838,60796.001439
A_OB_1.9999999999999998_1.0_469,COM,0.418014,1.213218,2.656,0.414,4.636,61404.486881,60796.001439
A_OB_1.9999999999999998_1.0_470,COM,0.471933,1.257608,1.28,4.932,3.474,61821.139306,60796.001439
A_OB_1.9999999999999998_1.0_471,COM,1.340763,1.693727,1.367,5.795,3.879,62689.863335,60796.001439
A_OB_1.9999999999999998_1.0_472,COM,0.998806,1.528178,0.966,4.249,2.265,61246.173795,60796.001439
A_OB_1.9999999999999998_1.0_473,COM,0.903508,1.465785,1.359,5.463,3.249,62210.878289,60796.001439
A_OB_1.9999999999999998_1.0_474,COM,1.276413,1.667208,1.849,0.72,5.018,61643.725838,60796.001439
A_OB_1.9999999999999998_1.0_475,COM,0.615753,1.310913,1.514,3.509,2.915,63933.934318,60796.001439
A_OB_1.9999999999999998_1.0_476,COM,1.188768,1.62289,1.39,4.318,2.468,64338.64337,60796.001439
A_OB_1.9999999999999998_1.0_477,COM,0.373307,1.195136,1.155,4.691,3.149,63957.843832,60796.001439
A_OB_1.9999999999999998_1.0_478,COM,0.968576,1.51334,1.681,1.314,4.26,63790.130049,60796.001439
A_OB_1.9999999999999998_1.0_479,COM,1.37977,1.755765,2.426,5.177,3.871,62594.804181,60796.001439
A_OB_1.9999999999999998_1.0_480,COM,0.219487,1.112473,1.699,1.902,4.921,62600.746831,60796.001439
A_OB_1.9999999999999998_1.0_481,COM,1.06151,1.582163,1.619,2.49,3.525,63438.612688,60796.001439
A_OB_1.9999999999999998_1.0_482,COM,0.655599,1.34627,0.546,4.065,3.112,64451.730071,60796.001439
A_OB_1.9999999999999998_1.0_483,COM,1.13303,1.59718,2.556,0.888,5.789,64489.717016,60796.001439
A_OB_1.9999999999999998_1.0_484,COM,0.309108,1.160915,1.143,3.182,4.169,60941.743734,60796.001439
A_OB_1.9999999999999998_1.0_485,COM,1.045894,1.552029,0.687,3.811,4.24,62830.978068,60796.001439
A_OB_1.9999999999999998_1.0_486,COM,0.408052,1.219503,0.922,5.544,4.536,61933.806015,60796.001439
A_OB_1.9999999999999998_1.0_487,COM,1.042836,1.55169,1.253,1.548,5.045,64469.711428,60796.001439
A_OB_1.9999999999999998_1.0_488,COM,0.966801,1.502353,1.162,5.763,2.796,64003.083289,60796.001439
A_OB_1.9999999999999998_1.0_489,COM,1.040773,1.548157,1.239,5.026,3.123,63028.680166,60796.001439
A_OB_1.9999999999999998_1.0_490,COM,0.60516,1.321317,1.998,1.854,2.616,60909.707239,60796.001439
A_OB_1.9999999999999998_1.0_491,COM,1.171424,1.69691,1.832,5.193,3.147,62275.526112,60796.001439
A_OB_1.9999999999999998_1.0_492,COM,0.930206,1.546836,2.957,0.569,4.246,63511.473451,60796.001439
A_OB_1.9999999999999998_1.0_493,COM,0.372551,1.222011,2.273,6.245,4.603,62621.959709,60796.001439
A_OB_1.9999999999999998_1.0_494,COM,1.563379,1.877817,0.205,0.865,4.253,62332.663249,60796.001439
A_OB_1.9999999999999998_1.0_495,COM,1.55558,1.929397,1.981,0.253,4.012,63933.804603,60796.001439
A_OB_1.9999999999999998_1.0_496,COM,0.231934,1.130108,1.775,4.757,3.507,61265.53374,60796.001439
A_OB_1.9999999999999998_1.0_497,COM,0.616462,1.364309,1.562,5.973,3.951,63514.907511,60796.001439
A_OB_1.9999999999999998_1.0_498,COM,0.93891,1.552489,1.243,4.859,3.426,64455.645092,60796.001439
A_OB_1.9999999999999998_1.0_499,COM,0.811113,1.466641,0.893,4.075,3.325,61246.365777,60796.001439
A_OB_1.9999999999999998_1.0_500,COM,0.797038,1.448867,2.146,0.034,3.706,63164.745318,60796.001439
A_OB_1.9999999999999998_1.0_501,COM,1.439788,1.818421,1.219,5.189,4.285,61936.109811,60796.001439
A_OB_1.9999999999999998_1.0_502,COM,1.634011,1.9585,2.256,5.44,3.7,63474.780983,60796.001439
A_OB_1.9999999999999998_1.0_503,COM,1.331477,1.736424,1.448,4.89,2.895,61467.870809,60796.001439
A_OB_1.9999999999999998_1.0_504,COM,0.302462,1.173932,2.618,0.379,4.466,64369.428983,60796.001439
A_OB_1.9999999999999998_1.0_505,COM,1.477337,1.881812,1.997,4.078,3.586,62386.407215,60796.001439
A_OB_1.9999999999999998_1.0_506,COM,1.28629,1.711543,1.578,6.108,3.88,63829.580504,60796.001439
A_OB_1.9999999999999998_1.0_507,COM,0.340945,1.199715,1.834,1.859,4.605,64325.022162,60796.001439
A_OB_1.9999999999999998_1.0_508,COM,1.116845,1.619751,1.555,1.613,4.534,61150.628068,60796.001439
A_OB_1.9999999999999998_1.0_509,COM,0.747479,1.444104,1.077,2.0,4.553,60782.866552,60796.001439
A_OB_1.9999999999999998_1.0_510,COM,1.1381,1.662857,1.695,0.961,3.8,62302.830517,60796.001439
A_OB_1.9999999999999998_1.0_511,COM,1.079199,1.639145,1.253,2.813,3.59,62495.524213,60796.001439
A_OB_1.9999999999999998_1.0_512,COM,1.273958,1.709287,0.987,3.715,2.89,62518.313676,60796.001439
A_OB_1.9999999999999998_1.0_513,COM,0.899854,1.498448,1.36,1.657,5.3,61924.413578,60796.001439
A_OB_1.9999999999999998_1.0_514,COM,0.816018,1.472944,0.896,2.658,4.4,62853.610185,60796.001439
A_OB_1.9999999999999998_1.0_515,COM,0.626227,1.354485,2.41,5.732,3.113,62464.736264,60796.001439
A_OB_1.9999999999999998_1.0_516,COM,1.091385,1.625825,1.907,1.074,4.778,61537.585981,60796.001439
A_OB_1.9999999999999998_1.0_517,COM,1.178889,1.65143,0.467,4.193,2.488,62017.475964,60796.001439
A_OB_1.9999999999999998_1.0_518,COM,0.039235,1.021697,1.597,4.464,3.515,64200.548227,60796.001439
A_OB_1.9999999999999998_1.0_519,COM,1.256657,1.77712,0.449,4.104,3.094,62757.779619,60796.001439
A_OB_1.9999999999999998_1.0_520,COM,1.222765,1.779362,2.125,1.54,4.196,61798.346702,60796.001439
A_OB_1.9999999999999998_1.0_521,COM,1.967764,2.246453,1.565,4.323,2.573,62814.367923,60796.001439
A_OB_1.9999999999999998_1.0_522,COM,3.178716,2.941303,1.474,4.32,2.211,61695.151731,60796.001439
A_OB_1.9999999999999998_1.0_523,COM,0.290482,1.17729,1.289,2.87,4.392,61308.343013,60796.001439
A_OB_1.9999999999999998_1.0_524,COM,1.013373,1.608907,0.955,3.707,3.757,63688.153584,60796.001439
A_OB_1.9999999999999998_1.0_525,COM,1.270421,1.816899,0.643,4.507,2.545,61722.904835,60796.001439
A_OB_1.9999999999999998_1.0_526,COM,0.907324,1.560315,1.512,1.354,4.263,61760.496443,60796.001439
A_OB_1.9999999999999998_1.0_527,COM,0.926026,1.573366,2.407,3.369,1.565,64399.235535,60796.001439
A_OB_1.9999999999999998_1.0_528,COM,1.038216,1.634182,1.165,1.557,5.305,61147.601298,60796.001439
A_OB_1.9999999999999998_1.0_529,COM,1.361124,1.848532,2.836,5.035,2.89,62907.214488,60796.001439
A_OB_1.9999999999999998_1.0_530,COM,0.659118,1.430093,1.573,5.527,3.655,60914.896598,60796.001439
A_OB_1.9999999999999998_1.0_531,COM,1.538954,1.960066,1.419,2.441,4.262,62176.04827,60796.001439
A_OB_1.9999999999999998_1.0_532,COM,1.030312,1.63818,2.225,5.929,3.951,64121.830897,60796.001439
A_OB_1.9999999999999998_1.0_533,COM,1.391014,1.865953,1.048,3.956,3.409,63110.32182,60796.001439
A_OB_1.9999999999999998_1.0_534,COM,0.687577,1.425751,1.719,1.973,5.385,63228.110148,60796.001439
A_OB_1.9999999999999998_1.0_535,COM,1.264609,1.806022,2.31,5.012,2.925,60974.25099,60796.001439
A_OB_1.9999999999999998_1.0_536,COM,1.378247,1.88036,1.692,0.51,4.505,63618.946169,60796.001439
A_OB_1.9999999999999998_1.0_537,COM,1.3325,1.84367,1.26,3.653,3.559,62626.906482,60796.001439
A_OB_1.9999999999999998_1.0_538,COM,1.588552,1.954227,0.567,1.597,4.118,62060.0675,60796.001439
A_OB_1.9999999999999998_1.0_539,COM,0.767593,1.476701,2.543,5.393,2.157,61363.410549,60796.001439
A_OB_1.9999999999999998_1.0_540,COM,1.946395,2.22285,0.961,3.782,2.879,63455.779565,60796.001439
A_OB_1.9999999999999998_1.0_541,COM,1.40634,1.867285,2.38,5.286,3.536,62007.309492,60796.001439
A_OB_1.9999999999999998_1.0_542,COM,0.910064,1.559244,0.758,4.759,2.212,62230.466459,60796.001439
A_OB_1.9999999999999998_1.0_543,COM,0.758858,1.487924,2.347,4.917,3.892,61503.795733,60796.001439
A_OB_1.9999999999999998_1.0_544,COM,1.346114,1.860058,2.584,5.944,3.699,63479.88999,60796.001439
A_OB_1.9999999999999998_1.0_545,COM,1.212763,1.733222,0.443,4.737,2.136,61346.404373,60796.001439
A_OB_1.9999999999999998_1.0_546,COM,1.495559,1.976341,1.827,5.471,3.451,61901.195753,60796.001439
A_OB_1.9999999999999998_1.0_547,COM,1.105298,1.709686,1.262,4.018,3.432,61741.826915,60796.001439
A_OB_1.9999999999999998_1.0_548,COM,1.068632,1.669543,2.344,5.735,2.963,63697.053795,60796.001439
A_OB_1.9999999999999998_1.0_549,COM,0.934178,1.607772,1.247,1.986,4.472,62290.437668,60796.001439
A_OB_1.9999999999999998_1.0_550,COM,1.521158,1.974096,1.457,4.805,3.949,60973.125911,60796.001439
A_OB_1.9999999999999998_1.0_551,COM,1.0888,1.665357,1.335,0.621,4.383,61946.8955,60796.001439
A_OB_1.9999999999999998_1.0_552,COM,1.575342,1.974002,2.037,6.269,3.055,64392.937361,60796.001439
A_OB_1.9999999999999998_1.0_553,COM,1.07207,1.663947,1.012,4.268,2.756,61463.210863,60796.001439
A_OB_1.9999999999999998_1.0_554,COM,1.273854,1.821308,0.695,2.786,4.25,63217.423668,60796.001439
A_OB_1.9999999999999998_1.0_555,COM,0.648463,1.454631,0.27,5.721,0.61,63618.571757,60796.001439
A_OB_1.9999999999999998_1.0_556,COM,0.115607,1.076596,1.621,5.634,3.915,63797.875929,60796.001439
A_OB_1.9999999999999998_1.0_557,COM,0.855546,1.574379,2.018,6.086,3.713,63991.753962,60796.001439
A_OB_1.9999999999999998_1.0_558,COM,0.698503,1.494829,1.518,0.047,3.907,62078.289759,60796.001439
A_OB_1.9999999999999998_1.0_559,COM,1.636553,2.152485,1.334,4.057,3.507,63571.495012,60796.001439
A_OB_1.9999999999999998_1.0_560,COM,1.305522,1.917312,1.337,4.729,3.146,64066.230926,60796.001439
A_OB_1.9999999999999998_1.0_561,COM,0.936857,1.628811,1.802,5.645,3.061,62017.529483,60796.001439
A_OB_1.9999999999999998_1.0_562,COM,1.404065,1.968398,1.033,3.714,3.182,63497.689542,60796.001439
A_OB_1.9999999999999998_1.0_563,COM,1.217038,1.81053,1.522,4.852,2.263,63799.270516,60796.001439
A_OB_1.9999999999999998_1.0_564,COM,0.775516,1.549543,1.043,3.7,3.267,62991.587715,60796.001439
A_OB_1.9999999999999998_1.0_565,COM,1.958577,2.35863,2.944,1.239,4.799,61171.506357,60796.001439
A_OB_1.9999999999999998_1.0_566,COM,1.448538,2.000647,2.503,6.224,4.284,63902.514775,60796.001439
A_OB_1.9999999999999998_1.0_567,COM,1.144863,1.756283,1.982,5.137,2.899,62398.303885,60796.001439
A_OB_1.9999999999999998_1.0_568,COM,1.48448,1.994355,1.251,3.206,4.008,62864.122567,60796.001439
A_OB_1.9999999999999998_1.0_569,COM,0.815497,1.56602,1.523,1.91,4.402,61584.463168,60796.001439
A_OB_1.9999999999999998_1.0_570,COM,1.443654,2.022733,1.49,1.512,3.964,63055.422392,60796.001439
A_OB_1.9999999999999998_1.0_571,COM,0.418747,1.281815,1.122,6.037,1.472,62212.421037,60796.001439
A_OB_1.9999999999999998_1.0_572,COM,0.921192,1.637215,1.393,4.011,2.142,62112.148307,60796.001439
A_OB_1.9999999999999998_1.0_573,COM,0.061995,1.042621,1.76,5.944,3.966,63321.346994,60796.001439
A_OB_1.9999999999999998_1.0_574,COM,1.220948,1.831933,2.159,4.401,3.948,62709.753287,60796.001439
A_OB_1.9999999999999998_1.0_575,COM,0.194492,1.130716,1.2,3.717,3.243,62879.862643,60796.001439
A_OB_1.9999999999999998_1.0_576,COM,0.339528,1.235985,2.267,0.101,5.636,64487.682866,60796.001439
A_OB_1.9999999999999998_1.0_577,COM,1.180862,1.785571,0.576,2.077,4.978,61981.265297,60796.001439
A_OB_1.9999999999999998_1.0_578,COM,0.284844,1.194048,2.047,0.624,4.681,61350.985641,60796.001439
A_OB_1.9999999999999998_1.0_579,COM,0.106174,1.07057,1.46,2.854,4.123,62221.855546,60796.001439
A_OB_1.9999999999999998_1.0_580,COM,1.39842,1.938508,1.606,5.241,2.399,61821.72292,60796.001439
A_OB_1.9999999999999998_1.0_581,COM,1.031974,1.7338,1.011,4.562,2.962,63178.752369,60796.001439
A_OB_1.9999999999999998_1.0_582,COM,0.836929,1.63208,1.195,5.094,2.546,64436.28273,60796.001439
A_OB_1.9999999999999998_1.0_583,COM,0.526991,1.379821,1.654,1.329,4.437,62923.510773,60796.001439
A_OB_1.9999999999999998_1.0_584,COM,0.54222,1.403281,1.321,1.661,5.131,61483.786284,60796.001439
A_OB_1.9999999999999998_1.0_585,COM,0.54222,1.403281,1.321,1.661,5.131,61483.786284,60796.001439
A_OB_1.9999999999999998_1.0_586,COM,0.960953,1.708009,2.209,1.041,4.355,64488.204524,60796.001439
A_OB_1.9999999999999998_1.0_587,COM,0.934206,1.709267,1.565,5.353,2.937,60911.73015,60796.001439
A_OB_1.9999999999999998_1.0_588,COM,1.945088,2.408377,1.726,0.707,4.012,63053.852587,60796.001439
A_OB_1.9999999999999998_1.0_589,COM,1.181012,1.870976,0.748,2.807,4.005,64063.701324,60796.001439
A_OB_1.9999999999999998_1.0_590,COM,0.470194,1.347161,2.362,6.25,3.591,61149.491663,60796.001439
A_OB_1.9999999999999998_1.0_591,COM,1.488738,2.118514,2.173,2.374,2.737,61880.265286,60796.001439
A_OB_1.9999999999999998_1.0_592,COM,1.488738,2.118514,2.173,2.374,2.737,61880.265286,60796.001439
A_OB_1.9999999999999998_1.0_593,COM,0.604106,1.461951,1.284,2.956,3.955,61653.521765,60796.001439
A_OB_1.9999999999999998_1.0_594,COM,0.353851,1.267999,0.969,1.256,5.765,60867.616655,60796.001439
A_OB_1.9999999999999998_1.0_595,COM,1.190045,1.858063,0.819,3.817,3.177,61798.659754,60796.001439
A_OB_1.9999999999999998_1.0_596,COM,1.374103,2.004191,1.555,4.435,2.741,64390.979551,60796.001439
A_OB_1.9999999999999998_1.0_597,COM,0.464166,1.33693,2.015,0.683,4.339,61523.462671,60796.001439
A_OB_1.9999999999999998_1.0_598,COM,1.019544,1.780916,2.137,1.413,5.4,63912.92705,60796.001439
A_OB_1.9999999999999998_1.0_599,COM,1.034743,1.790214,1.602,4.48,3.381,62121.820896,60796.001439
A_OB_1.9999999999999998_1.0_600,COM,1.034743,1.790214,1.602,4.48,3.381,62121.820896,60796.001439
A_OB_1.9999999999999998_1.0_601,COM,0.160156,1.121873,1.557,4.703,2.459,61832.70037,60796.001439
A_OB_1.9999999999999998_1.0_602,COM,1.038966,1.75184,0.819,2.378,4.504,63214.817646,60796.001439
A_OB_1.9999999999999998_1.0_603,COM,0.519186,1.378704,1.656,5.382,2.722,60732.703434,60796.001439
A_OB_1.9999999999999998_1.0_604,COM,2.756282,3.006861,1.306,2.358,4.859,64170.194548,60796.001439
A_OB_1.9999999999999998_1.0_605,COM,1.455592,2.174072,1.247,4.887,2.815,63798.405024,60796.001439
A_OB_1.9999999999999998_1.0_606,COM,1.334838,2.070304,1.394,4.172,4.707,62750.694547,60796.001439
A_OB_1.9999999999999998_1.0_607,COM,1.810052,2.439982,2.079,2.371,5.824,63006.69455,60796.001439
A_OB_1.9999999999999998_1.0_608,COM,1.447977,2.142196,2.271,4.697,2.743,64259.956193,60796.001439
A_OB_1.9999999999999998_1.0_609,COM,15.696448,13.808867,1.401,4.243,1.506,64093.931557,60796.001439
A_OB_1.9999999999999998_1.0_610,COM,0.804714,1.634895,0.817,2.735,3.493,61130.40383,60796.001439
A_OB_1.9999999999999998_1.0_611,COM,1.032243,1.850842,1.206,1.556,4.919,64475.536746,60796.001439
A_OB_1.9999999999999998_1.0_612,COM,0.74286,1.588945,1.763,1.211,4.276,62400.83471,60796.001439
A_OB_1.9999999999999998_1.0_613,COM,1.196517,1.966007,0.984,0.749,3.803,64473.147076,60796.001439
A_OB_1.9999999999999998_1.0_614,COM,0.064905,1.052069,2.243,4.748,2.846,63079.998217,60796.001439
A_OB_1.9999999999999998_1.0_615,COM,0.287007,1.221747,1.186,2.394,5.238,62711.065212,60796.001439
A_OB_1.9999999999999998_1.0_616,COM,0.252629,1.207565,0.94,1.267,5.126,61432.360593,60796.001439
A_OB_1.9999999999999998_1.0_617,COM,1.094984,1.868165,1.356,5.965,3.794,61358.45329,60796.001439
A_OB_1.9999999999999998_1.0_618,COM,2.238323,2.763221,1.749,3.621,2.929,62908.104125,60796.001439
A_OB_1.9999999999999998_1.0_619,COM,1.304765,2.028719,1.032,2.852,3.321,61162.154252,60796.001439
A_OB_1.9999999999999998_1.0_620,COM,0.825249,1.644367,2.635,0.576,3.465,60819.791274,60796.001439
A_OB_1.9999999999999998_1.0_621,COM,1.476147,2.168929,1.041,2.459,3.721,61465.546089,60796.001439
A_OB_1.9999999999999998_1.0_622,COM,1.654876,2.305285,1.684,5.626,2.913,62785.825161,60796.001439
A_OB_1.9999999999999998_1.0_623,COM,1.260992,1.995042,1.973,4.689,2.539,60979.228189,60796.001439
A_OB_1.9999999999999998_1.0_624,COM,0.629236,1.509095,1.602,4.085,4.251,63355.916275,60796.001439
A_OB_1.9999999999999998_1.0_625,COM,0.945064,1.770143,2.053,0.907,4.311,61163.533934,60796.001439
A_OB_1.9999999999999998_1.0_626,COM,0.774619,1.598533,2.216,6.2,4.313,62352.721203,60796.001439
A_OB_1.9999999999999998_1.0_627,COM,0.128737,1.109417,2.115,0.502,4.518,61115.514639,60796.001439
A_OB_1.9999999999999998_1.0_628,COM,1.000902,1.880415,1.611,0.944,2.922,63957.539215,60796.001439
A_OB_1.9999999999999998_1.0_629,COM,1.361483,2.160458,1.425,4.249,2.404,61047.948081,60796.001439
A_OB_1.9999999999999998_1.0_630,COM,0.455667,1.381282,2.604,4.135,4.134,63342.305901,60796.001439
A_OB_1.9999999999999998_1.0_631,COM,1.116538,1.984852,0.827,1.467,4.879,63942.189369,60796.001439
A_OB_1.9999999999999998_1.0_632,COM,1.415693,2.237734,0.628,1.819,4.197,62661.06156,60796.001439
A_OB_1.9999999999999998_1.0_633,COM,1.566344,2.371118,2.353,5.43,3.571,63468.282671,60796.001439
A_OB_1.9999999999999998_1.0_634,COM,0.65645,1.549272,1.853,5.373,2.351,62783.939026,60796.001439
A_OB_1.9999999999999998_1.0_635,COM,0.620855,1.541204,1.803,4.954,3.729,61386.461069,60796.001439
A_OB_1.9999999999999998_1.0_636,COM,1.131807,1.951722,1.915,1.393,4.534,62261.575266,60796.001439
A_OB_1.9999999999999998_1.0_637,COM,0.66241,1.564691,1.447,1.422,4.478,63867.689708,60796.001439
A_OB_1.9999999999999998_1.0_638,COM,1.197823,1.998983,2.425,1.41,4.517,63343.73402,60796.001439
A_OB_1.9999999999999998_1.0_639,COM,0.026241,1.02287,1.184,1.54,5.144,62996.602291,60796.001439
A_OB_1.9999999999999998_1.0_640,COM,0.268958,1.233619,1.714,1.41,4.87,64097.994611,60796.001439
A_OB_1.9999999999999998_1.0_641,COM,0.881129,1.76989,2.413,4.591,2.525,62925.125378,60796.001439
A_OB_1.9999999999999998_1.0_642,COM,1.284916,2.107043,2.06,0.87,3.588,64032.051218,60796.001439
A_OB_1.9999999999999998_1.0_643,COM,1.199944,2.001695,0.948,3.785,2.99,60768.505038,60796.001439
A_OB_1.9999999999999998_1.0_644,COM,0.35236,1.307975,0.827,2.436,4.558,64347.397607,60796.001439
A_OB_1.9999999999999998_1.0_645,COM,1.135354,1.989862,0.954,4.559,2.609,62760.555871,60796.001439
A_OB_1.9999999999999998_1.0_646,COM,0.369591,1.316986,0.884,1.405,4.444,62003.455903,60796.001439
A_OB_1.9999999999999998_1.0_647,COM,0.203269,1.193009,2.921,0.378,4.554,61386.398243,60796.001439
A_OB_1.9999999999999998_1.0_648,COM,0.160915,1.144618,2.302,0.327,4.253,62071.861946,60796.001439
A_OB_1.9999999999999998_1.0_649,COM,0.189626,1.177945,2.05,5.699,3.702,62407.163235,60796.001439
A_OB_1.9999999999999998_1.0_650,COM,1.498176,2.353336,0.953,4.107,2.966,64108.409643,60796.001439
A_OB_1.9999999999999998_1.0_651,COM,1.458707,2.34623,1.356,4.983,2.566,62992.301006,60796.001439
A_OB_1.9999999999999998_1.0_652,COM,1.618561,2.51574,1.036,3.414,4.44,63506.982913,60796.001439
A_OB_1.9999999999999998_1.0_653,COM,1.250468,2.166333,1.212,1.657,4.401,61378.877841,60796.001439
A_OB_1.9999999999999998_1.0_654,COM,1.41432,2.310357,2.353,0.823,4.635,62385.329362,60796.001439
A_OB_1.9999999999999998_1.0_655,COM,1.27133,2.139468,2.391,4.535,2.617,61577.674076,60796.001439
A_OB_1.9999999999999998_1.0_656,COM,1.046561,1.953587,2.332,0.365,4.322,61325.526035,60796.001439
A_OB_1.9999999999999998_1.0_657,COM,1.240819,2.102764,1.578,2.341,3.921,62712.718008,60796.001439
A_OB_1.9999999999999998_1.0_658,COM,1.213693,2.090139,0.948,4.866,2.493,63552.03456,60796.001439
A_OB_1.9999999999999998_1.0_659,COM,1.297977,2.158863,0.64,3.391,3.164,61571.612409,60796.001439
A_OB_1.9999999999999998_1.0_660,COM,0.761698,1.677409,2.266,1.276,4.543,62447.42351,60796.001439
A_OB_1.9999999999999998_1.0_661,COM,1.505203,2.392929,2.492,5.528,2.971,60763.594607,60796.001439
A_OB_1.9999999999999998_1.0_662,COM,0.219416,1.200424,2.362,6.121,3.688,61648.581498,60796.001439
A_OB_1.9999999999999998_1.0_663,COM,1.122522,2.06195,1.214,2.332,4.605,60996.240836,60796.001439
A_OB_1.9999999999999998_1.0_664,COM,0.971992,1.883245,2.235,1.467,4.497,61802.040871,60796.001439
A_OB_1.9999999999999998_1.0_665,COM,1.284225,2.176307,1.718,0.129,3.758,61518.407276,60796.001439
A_OB_1.9999999999999998_1.0_666,COM,1.618288,2.514868,1.163,3.982,2.646,64301.330824,60796.001439
A_OB_1.9999999999999998_1.0_667,COM,0.478928,1.45021,0.775,3.243,4.054,64091.860296,60796.001439
A_OB_1.9999999999999998_1.0_668,COM,1.158515,2.151044,1.368,1.202,5.288,61430.429652,60796.001439
A_OB_1.9999999999999998_1.0_669,COM,0.059848,1.059191,1.122,1.656,4.852,64524.992569,60796.001439
A_OB_1.9999999999999998_1.0_670,COM,1.346038,2.324371,1.183,4.485,4.85,64016.57652,60796.001439
A_OB_1.9999999999999998_1.0_671,COM,2.358421,3.264545,1.993,1.684,4.46,62973.737855,60796.001439
A_OB_1.9999999999999998_1.0_672,COM,0.1001,1.100512,1.892,1.086,5.239,63955.439687,60796.001439
A_OB_1.9999999999999998_1.0_673,COM,0.380796,1.387433,1.24,2.712,4.595,62256.095483,60796.001439
A_OB_1.9999999999999998_1.0_674,COM,0.540902,1.548449,2.545,6.107,4.332,61991.757874,60796.001439
A_OB_1.9999999999999998_1.0_675,COM,0.123636,1.123361,0.807,2.005,5.126,61886.023555,60796.001439
A_OB_1.9999999999999998_1.0_676,COM,1.091145,2.04657,1.522,3.43,4.585,60807.223208,60796.001439
A_OB_1.9999999999999998_1.0_677,COM,1.31167,2.284066,1.267,4.583,3.095,64294.776667,60796.001439
A_OB_1.9999999999999998_1.0_678,COM,1.06046,2.046155,0.754,4.701,2.158,61169.32592,60796.001439
A_OB_1.9999999999999998_1.0_679,COM,0.985284,2.004064,2.19,5.668,2.537,61422.471892,60796.001439
A_OB_1.9999999999999998_1.0_680,COM,1.465325,2.445972,2.533,5.903,3.114,64386.225828,60796.001439
A_OB_1.9999999999999998_1.0_681,COM,1.302306,2.292738,1.215,2.115,4.497,63627.46096,60796.001439
A_OB_1.9999999999999998_1.0_682,COM,1.112243,2.085763,1.642,6.276,3.498,61138.990235,60796.001439
A_OB_1.9999999999999998_1.0_683,COM,0.219432,1.210442,0.422,3.273,4.425,62410.76976,60796.001439
A_OB_1.9999999999999998_1.0_684,COM,1.053897,2.089418,1.316,4.643,3.021,63399.174939,60796.001439
A_OB_1.9999999999999998_1.0_685,COM,0.487662,1.517297,0.369,0.728,3.063,61048.117976,60796.001439
A_OB_1.9999999999999998_1.0_686,COM,1.134075,2.168669,1.178,2.178,4.531,63788.087384,60796.001439
A_OB_1.9999999999999998_1.0_687,COM,1.199566,2.225979,1.921,2.205,2.206,63399.381363,60796.001439
A_OB_1.9999999999999998_1.0_688,COM,0.289071,1.300203,1.893,4.945,2.379,61633.397354,60796.001439
A_OB_1.9999999999999998_1.0_689,COM,0.268536,1.284009,1.458,5.18,2.81,63709.569001,60796.001439
A_OB_1.9999999999999998_1.0_690,COM,0.139919,1.149102,1.35,1.234,5.153,62552.322843,60796.001439
A_OB_1.9999999999999998_1.0_691,COM,1.229471,2.255915,1.135,1.437,3.609,63172.074522,60796.001439
A_OB_1.9999999999999998_1.0_692,COM,0.121561,1.125533,0.86,0.509,4.277,63213.641571,60796.001439
A_OB_1.9999999999999998_1.0_693,COM,0.729981,1.745186,0.853,3.214,3.512,62365.893374,60796.001439
A_OB_1.9999999999999998_1.0_694,COM,0.048139,1.049635,0.806,4.63,3.517,63860.909342,60796.001439
A_OB_1.9999999999999998_1.0_695,COM,0.043499,1.046753,1.327,4.55,4.013,62889.864845,60796.001439
A_OB_1.9999999999999998_1.0_696,COM,0.043499,1.046753,1.327,4.55,4.013,62889.864845,60796.001439
A_OB_1.9999999999999998_1.0_697,COM,1.519399,2.557989,2.652,5.678,3.077,61864.092447,60796.001439
A_OB_1.9999999999999998_1.0_698,COM,0.109647,1.112528,1.058,3.391,3.465,60707.314125,60796.001439
A_OB_1.9999999999999998_1.0_699,COM,1.18405,2.209458,1.721,5.895,3.629,61313.313554,60796.001439
A_OB_1.9999999999999998_1.0_700,COM,1.827511,3.027831,2.078,1.297,4.3,64418.657823,60796.001439
A_OB_1.9999999999999998_1.0_701,COM,1.452166,2.680001,1.46,4.927,2.714,60911.908909,60796.001439
A_OB_1.9999999999999998_1.0_702,COM,0.693946,1.774915,1.382,3.954,3.351,61419.125647,60796.001439
A_OB_1.9999999999999998_1.0_703,COM,0.617599,1.681612,0.756,4.435,3.148,62154.722669,60796.001439
A_OB_1.9999999999999998_1.0_704,COM,0.56201,1.616245,2.832,1.349,5.559,62219.373612,60796.001439
A_OB_1.9999999999999998_1.0_705,COM,0.967308,2.116302,1.7,1.473,4.468,63637.775467,60796.001439
A_OB_1.9999999999999998_1.0_706,COM,0.808653,1.88449,2.069,0.72,4.587,61006.510642,60796.001439
A_OB_1.9999999999999998_1.0_707,COM,1.28567,2.471847,1.034,1.336,4.737,63264.742992,60796.001439
A_OB_1.9999999999999998_1.0_708,COM,1.483558,2.684898,1.312,4.465,2.514,64135.73862,60796.001439
A_OB_1.9999999999999998_1.0_709,COM,1.198397,2.331588,0.783,3.04,4.275,62424.449491,60796.001439
A_OB_1.9999999999999998_1.0_710,COM,0.763924,1.879642,1.293,1.179,2.92,63269.547646,60796.001439
A_OB_1.9999999999999998_1.0_711,COM,0.304234,1.361461,0.994,2.875,4.473,61817.688608,60796.001439
A_OB_1.9999999999999998_1.0_712,COM,0.049647,1.05914,1.531,0.936,4.887,63215.759179,60796.001439
A_OB_1.9999999999999998_1.0_713,COM,0.926879,2.125431,2.576,6.185,3.959,62116.966298,60796.001439
A_OB_1.9999999999999998_1.0_714,COM,1.875926,3.306553,2.021,0.252,4.136,63076.043588,60796.001439
A_OB_1.9999999999999998_1.0_715,COM,1.755338,3.156095,1.521,4.325,2.741,61627.882633,60796.001439
A_OB_1.9999999999999998_1.0_716,COM,1.067989,2.242631,1.391,2.127,4.286,62241.440326,60796.001439
A_OB_1.9999999999999998_1.0_717,COM,0.182127,1.219848,1.335,1.658,5.586,62269.865766,60796.001439
A_OB_1.9999999999999998_1.0_718,COM,0.729194,1.878817,1.964,0.003,3.224,61102.4737,60796.001439
A_OB_1.9999999999999998_1.0_719,COM,0.937736,2.122105,1.085,2.626,3.873,60980.141848,60796.001439
A_OB_1.9999999999999998_1.0_720,COM,1.802832,3.159072,1.295,5.043,2.213,63350.737855,60796.001439
A_OB_1.9999999999999998_1.0_721,COM,0.708879,1.870918,1.809,5.522,3.022,62765.711704,60796.001439
A_OB_1.9999999999999998_1.0_722,COM,0.461152,1.54889,0.275,3.203,3.555,62144.909418,60796.001439
A_OB_1.9999999999999998_1.0_723,COM,0.703368,1.826445,2.414,0.761,4.289,62319.728453,60796.001439
A_OB_1.9999999999999998_1.0_724,COM,0.332791,1.418664,1.806,5.524,3.141,63264.312212,60796.001439
A_OB_1.9999999999999998_1.0_725,COM,2.203408,3.785379,2.456,4.419,1.664,63513.963504,60796.001439
A_OB_1.9999999999999998_1.0_726,COM,1.159254,2.500568,3.096,5.002,3.144,63417.320386,60796.001439
A_OB_1.9999999999999998_1.0_727,COM,1.355093,2.761179,1.072,1.83,4.417,61495.144118,60796.001439
A_OB_1.9999999999999998_1.0_728,COM,0.863493,2.085378,1.465,1.864,4.873,62578.662532,60796.001439
A_OB_1.9999999999999998_1.0_729,COM,0.799453,2.029241,2.501,5.972,3.082,60813.63036,60796.001439
A_OB_1.9999999999999998_1.0_730,COM,0.764024,1.971336,0.711,4.819,2.995,64366.356552,60796.001439
A_OB_1.9999999999999998_1.0_731,COM,1.359343,2.768725,1.548,1.662,4.555,63896.163616,60796.001439
A_OB_1.9999999999999998_1.0_732,COM,1.302415,2.644,1.077,1.332,4.133,62290.740544,60796.001439
A_OB_1.9999999999999998_1.0_733,COM,0.608819,1.790638,2.409,5.21,3.654,63616.752039,60796.001439
A_OB_1.9999999999999998_1.0_734,COM,0.774782,1.963172,1.25,4.108,3.485,62199.564738,60796.001439
A_OB_1.9999999999999998_1.0_735,COM,2.268725,3.922564,1.436,5.228,2.725,61221.668429,60796.001439
A_OB_1.9999999999999998_1.0_736,COM,1.033668,2.301617,1.893,1.109,4.146,64467.487722,60796.001439
A_OB_1.9999999999999998_1.0_737,COM,1.230721,2.6212,2.043,0.127,3.538,61166.67856,60796.001439
A_OB_1.9999999999999998_1.0_738,COM,1.152785,2.577774,1.646,1.069,3.704,62829.077415,60796.001439
A_OB_1.9999999999999998_1.0_739,COM,0.39047,1.538423,2.412,1.06,4.474,61124.874546,60796.001439
A_OB_1.9999999999999998_1.0_740,COM,3.983937,6.256741,1.446,0.862,3.518,62949.166115,60796.001439
A_OB_1.9999999999999998_1.0_741,COM,0.265721,1.351947,1.236,3.089,3.986,62890.609579,60796.001439
A_OB_1.9999999999999998_1.0_742,COM,0.764508,2.039713,2.521,1.308,4.544,62606.429264,60796.001439
A_OB_1.9999999999999998_1.0_743,COM,0.74261,1.973468,1.437,0.824,4.951,62218.853462,60796.001439
A_OB_1.9999999999999998_1.0_744,COM,0.805555,2.058883,1.653,5.696,3.605,62917.701921,60796.001439
A_OB_1.9999999999999998_1.0_745,COM,1.724183,3.526833,1.052,4.845,1.969,61200.188715,60796.001439
A_OB_1.9999999999999998_1.0_746,COM,1.649796,3.291668,2.768,4.048,1.491,64309.426038,60796.001439
A_OB_1.9999999999999998_1.0_747,COM,1.823529,3.657944,0.992,3.424,3.429,60995.596479,60796.001439
A_OB_1.9999999999999998_1.0_748,COM,0.077439,1.112812,1.841,4.859,3.58,62256.26159,60796.001439
A_OB_1.9999999999999998_1.0_749,COM,0.201446,1.28725,2.193,5.598,3.868,63002.888248,60796.001439
A_OB_1.9999999999999998_1.0_750,COM,1.262393,2.810239,1.745,4.83,2.871,64053.649182,60796.001439
A_OB_1.9999999999999998_1.0_751,COM,0.37508,1.531697,2.318,1.454,4.888,61460.995595,60796.001439
A_OB_1.9999999999999998_1.0_752,COM,1.502071,3.133347,2.266,4.847,3.436,61251.207332,60796.001439
A_OB_1.9999999999999998_1.0_753,COM,1.398519,3.036105,2.861,5.667,3.571,60763.812512,60796.001439
A_OB_1.9999999999999998_1.0_754,COM,1.176517,2.68667,2.077,6.263,3.466,63723.938313,60796.001439
A_OB_1.9999999999999998_1.0_755,COM,1.40876,2.974459,1.354,4.753,2.772,62822.205541,60796.001439
A_OB_1.9999999999999998_1.0_756,COM,1.343272,2.888527,1.019,3.095,3.445,62106.526912,60796.001439
A_OB_1.9999999999999998_1.0_757,COM,1.126266,2.586465,1.52,5.138,2.633,61878.23355,60796.001439
A_OB_1.9999999999999998_1.0_758,COM,0.295082,1.421508,1.201,1.723,4.836,61858.758352,60796.001439
A_OB_1.9999999999999998_1.0_759,COM,0.86587,2.331641,2.161,5.234,2.918,62657.0202,60796.001439
A_OB_1.9999999999999998_1.0_760,COM,0.184171,1.275928,2.035,5.369,3.494,63155.729149,60796.001439
A_OB_1.9999999999999998_1.0_761,COM,1.136822,2.687326,1.099,2.875,3.939,62242.342701,60796.001439
A_OB_1.9999999999999998_1.0_762,COM,0.559796,1.853688,1.531,5.072,2.722,61361.917341,60796.001439
A_OB_1.9999999999999998_1.0_763,COM,0.67032,1.989406,1.998,5.575,3.788,62917.398278,60796.001439
A_OB_1.9999999999999998_1.0_764,COM,1.268516,2.881695,2.344,1.137,4.474,62314.994179,60796.001439
A_OB_1.9999999999999998_1.0_765,COM,1.142875,2.709086,1.888,4.708,2.838,62040.32949,60796.001439
A_OB_1.9999999999999998_1.0_766,COM,1.499999,3.298652,1.196,4.013,2.234,63234.863697,60796.001439
A_OB_1.9999999999999998_1.0_767,COM,1.434294,3.20593,2.565,1.506,4.254,61184.053228,60796.001439
A_OB_1.9999999999999998_1.0_768,COM,1.101913,2.743273,2.202,4.99,2.851,64063.187421,60796.001439
A_OB_1.9999999999999998_1.0_769,COM,0.764523,2.217619,0.854,3.546,4.288,62002.624643,60796.001439
A_OB_1.9999999999999998_1.0_770,COM,1.26333,3.00907,2.251,0.899,4.515,62843.762669,60796.001439
A_OB_1.9999999999999998_1.0_771,COM,2.165405,4.481205,2.62,6.251,3.768,64465.582266,60796.001439
A_OB_1.9999999999999998_1.0_772,COM,1.116124,2.739535,1.524,5.211,2.247,63067.528106,60796.001439
A_OB_1.9999999999999998_1.0_773,COM,0.125758,1.202265,2.162,0.261,4.73,63052.681854,60796.001439
A_OB_1.9999999999999998_1.0_774,COM,0.234934,1.371582,2.347,0.217,3.926,62467.388357,60796.001439
A_OB_1.9999999999999998_1.0_775,COM,0.622213,2.041882,2.764,0.829,4.466,61444.35311,60796.001439
A_OB_1.9999999999999998_1.0_776,COM,1.099851,2.866883,1.108,3.848,2.877,61340.171125,60796.001439
A_OB_1.9999999999999998_1.0_777,COM,1.442972,3.402682,2.639,0.865,4.005,61441.467613,60796.001439
A_OB_1.9999999999999998_1.0_778,COM,1.661731,3.779927,2.001,5.008,2.347,61066.363893,60796.001439
A_OB_1.9999999999999998_1.0_779,COM,1.284501,3.184418,2.59,0.118,3.881,61766.609241,60796.001439
A_OB_1.9999999999999998_1.0_780,COM,1.435319,3.395131,1.976,5.063,2.556,64491.867847,60796.001439
A_OB_1.9999999999999998_1.0_781,COM,0.092528,1.155365,0.699,2.576,5.183,63509.115182,60796.001439
A_OB_1.9999999999999998_1.0_782,COM,0.002335,1.003886,0.887,4.171,4.302,64166.916699,60796.001439
A_OB_1.9999999999999998_1.0_783,COM,1.040731,2.882606,2.173,0.757,3.993,62020.43551,60796.001439
A_OB_1.9999999999999998_1.0_784,COM,0.527583,1.939435,0.437,3.862,3.004,63112.067937,60796.001439
A_OB_1.9999999999999998_1.0_785,COM,0.644907,2.124833,1.24,1.663,4.463,63318.489083,60796.001439
A_OB_1.9999999999999998_1.0_786,COM,0.109805,1.192093,1.064,3.054,4.089,62449.18063,60796.001439
A_OB_1.9999999999999998_1.0_787,COM,0.468351,1.833578,1.631,4.691,2.964,63783.721759,60796.001439
A_OB_1.9999999999999998_1.0_788,COM,1.042323,2.815873,1.056,2.338,3.521,60814.62753,60796.001439
A_OB_1.9999999999999998_1.0_789,COM,1.633691,3.916076,1.749,1.703,4.103,64180.07539,60796.001439
A_OB_1.9999999999999998_1.0_790,COM,1.221901,3.190795,2.969,5.769,2.927,61614.066444,60796.001439
A_OB_1.9999999999999998_1.0_791,COM,1.261899,3.230637,1.492,2.42,4.058,62481.567054,60796.001439
A_OB_1.9999999999999998_1.0_792,COM,0.734301,2.293963,1.692,1.542,4.376,63071.078742,60796.001439
A_OB_1.9999999999999998_1.0_793,COM,0.187765,1.352137,2.12,5.2,3.019,63561.479199,60796.001439
A_OB_1.9999999999999998_1.0_794,COM,1.053588,2.943185,0.671,3.054,3.616,63619.391894,60796.001439
A_OB_1.9999999999999998_1.0_795,COM,1.262093,3.285057,0.897,1.805,4.212,63333.208807,60796.001439
A_OB_1.9999999999999998_1.0_796,COM,1.407753,3.561077,0.769,3.694,2.9,63764.669132,60796.001439
A_OB_1.9999999999999998_1.0_797,COM,0.715702,2.34754,1.281,1.326,4.846,61874.840552,60796.001439
A_OB_1.9999999999999998_1.0_798,COM,1.177699,3.183245,1.356,4.143,2.075,61707.024564,60796.001439
A_OB_1.9999999999999998_1.0_799,COM,1.042132,2.932373,1.182,4.898,2.908,63147.435558,60796.001439
A_OB_1.9999999999999998_1.0_800,COM,2.237109,5.507541,2.527,6.186,3.171,61028.528705,60796.001439
A_OB_1.9999999999999998_1.0_801,COM,5.392206,12.137704,0.853,1.173,4.864,63588.754301,60796.001439
A_OB_1.9999999999999998_1.0_802,COM,0.565785,2.138381,0.98,2.877,3.89,61635.759517,60796.001439
A_OB_1.9999999999999998_1.0_803,COM,1.193685,3.427789,0.873,4.036,3.257,62833.751499,60796.001439
A_OB_1.9999999999999998_1.0_804,COM,0.952409,2.93149,1.05,2.691,3.995,61541.733245,60796.001439
A_OB_1.9999999999999998_1.0_805,COM,1.463412,4.030056,1.566,4.559,2.721,62339.652561,60796.001439
A_OB_1.9999999999999998_1.0_806,COM,0.783927,2.693408,1.789,1.911,4.339,63522.597237,60796.001439
A_OB_1.9999999999999998_1.0_807,COM,0.807089,2.707214,1.297,1.883,4.482,64117.547857,60796.001439
A_OB_1.9999999999999998_1.0_808,COM,0.398406,1.883164,1.245,2.031,4.65,62952.901711,60796.001439
A_OB_1.9999999999999998_1.0_809,COM,1.408315,4.09721,1.612,1.435,4.795,62949.860067,60796.001439
A_OB_1.9999999999999998_1.0_810,COM,0.803834,2.811328,0.569,2.763,3.636,63068.336591,60796.001439
A_OB_1.9999999999999998_1.0_811,COM,1.898902,5.2072,2.348,0.689,3.63,63090.397292,60796.001439
A_OB_1.9999999999999998_1.0_812,COM,0.916287,3.069045,0.385,3.752,2.901,62662.981313,60796.001439
A_OB_1.9999999999999998_1.0_813,COM,1.473103,4.400391,0.735,1.599,3.87,62740.224183,60796.001439
A_OB_1.9999999999999998_1.0_814,COM,0.498995,2.176321,1.267,2.304,4.0,61479.015033,60796.001439
A_OB_1.9999999999999998_1.0_815,COM,0.595695,2.530546,1.727,1.308,4.629,61093.681796,60796.001439
A_OB_1.9999999999999998_1.0_816,COM,1.723835,5.782673,2.168,5.776,3.388,63504.773692,60796.001439
A_OB_1.9999999999999998_1.0_817,COM,0.94993,3.88058,2.115,1.422,4.31,63268.597933,60796.001439
A_OB_1.9999999999999998_1.0_818,COM,1.159618,4.408123,2.751,0.849,4.076,62966.562053,60796.001439
A_OB_1.9999999999999998_1.0_819,COM,1.053362,4.313696,2.517,5.842,3.339,63963.341946,60796.001439
A_OB_1.9999999999999998_1.0_820,COM,1.445152,6.354304,1.938,1.158,3.884,62778.393861,60796.001439
