ObjID,FORMAT,q,e,inc,node,argPeri,t_p_MJD_TDB,epochMJD_TDB
A_OB_1.0_1.0_0,COM,12.046567,1.037218,1.662,2.428,4.995,57857.896855,60796.001439
A_OB_1.0_1.0_1,COM,0.654579,1.004099,1.538,0.059,3.362,63365.457716,60796.001439
A_OB_1.0_1.0_2,COM,1.875748,1.013092,2.307,3.939,2.824,60931.856755,60796.001439
A_OB_1.0_1.0_3,COM,2.575093,1.013642,2.489,1.798,0.781,61960.282081,60796.001439
A_OB_1.0_1.0_4,COM,1.345287,1.010796,1.221,2.925,4.02,60905.787552,60796.001439
A_OB_1.0_1.0_5,COM,1.033939,1.008044,1.159,5.782,5.637,63136.57796,60796.001439
A_OB_1.0_1.0_6,COM,0.435976,1.006407,1.435,4.55,4.801,62938.962356,60796.001439
A_OB_1.0_1.0_7,COM,3.11163,1.076947,1.836,4.214,3.446,61449.149558,60796.001439
A_OB_1.0_1.0_8,COM,1.564302,1.04716,1.646,2.446,5.365,62941.804351,60796.001439
A_OB_1.0_1.0_9,COM,2.410922,1.117778,0.516,4.433,5.296,61224.978128,60796.001439
A_OB_1.0_1.0_10,COM,7.495185,1.388916,2.003,5.899,4.339,64617.781986,60796.001439
A_OB_1.0_1.0_11,COM,34.995106,3.095659,1.907,3.711,4.966,77678.700786,60796.001439
A_OB_1.0_1.0_12,COM,32.767998,2.910012,1.755,5.082,3.483,54362.601271,60796.001439
A_OB_1.0_1.0_13,COM,0.830831,1.059538,0.589,1.015,6.078,63909.316268,60796.001439
A_OB_1.0_1.0_14,COM,2.464908,1.17071,0.913,3.596,2.892,64208.062556,60796.001439
A_OB_1.0_1.0_15,COM,1.238654,1.093619,1.01,4.941,5.008,61532.781536,60796.001439
A_OB_1.0_1.0_16,COM,2.204066,1.18147,1.301,6.074,4.167,61057.79389,60796.001439
A_OB_1.0_1.0_17,COM,1.1028,1.098805,1.493,2.277,4.027,64453.385232,60796.001439
A_OB_1.0_1.0_18,COM,1.073421,1.090734,1.894,0.354,4.569,64146.548265,60796.001439
A_OB_1.0_1.0_19,COM,0.730198,1.071701,1.071,6.184,5.934,62272.295143,60796.001439
A_OB_1.0_1.0_20,COM,0.151788,1.01712,2.123,0.623,4.397,63068.844605,60796.001439
A_OB_1.0_1.0_21,COM,1.775198,1.188883,2.355,5.212,2.899,63499.907323,60796.001439
A_OB_1.0_1.0_22,COM,16.36982,2.640088,2.242,5.638,3.437,54631.234917,60796.001439
A_OB_1.0_1.0_23,COM,1.601371,1.162217,2.008,5.978,3.654,62548.460511,60796.001439
A_OB_1.0_1.0_24,COM,1.725964,1.211147,1.348,3.343,3.152,64189.794861,60796.001439
A_OB_1.0_1.0_25,COM,0.095468,1.011423,2.195,5.489,3.401,59604.298478,60796.001439
A_OB_1.0_1.0_26,COM,1.052913,1.141891,2.518,2.064,5.41,61847.079636,60796.001439
A_OB_1.0_1.0_27,COM,5.401229,1.72488,2.98,3.209,1.073,63748.922147,60796.001439
A_OB_1.0_1.0_28,COM,1.246476,1.189634,1.755,3.913,2.896,63077.547374,60796.001439
A_OB_1.0_1.0_29,COM,1.986025,1.324219,0.887,0.955,1.423,62444.831787,60796.001439
A_OB_1.0_1.0_30,COM,1.123005,1.174486,1.725,4.732,1.467,61945.745649,60796.001439
A_OB_1.0_1.0_31,COM,1.918789,1.282592,1.891,1.94,4.823,64088.293844,60796.001439
A_OB_1.0_1.0_32,COM,51.552573,8.799934,1.969,3.754,2.395,62332.003536,60796.001439
A_OB_1.0_1.0_33,COM,1.533038,1.246971,1.05,5.415,2.749,61789.094093,60796.001439
A_OB_1.0_1.0_34,COM,0.476868,1.089549,2.554,1.53,0.258,61917.730823,60796.001439
A_OB_1.0_1.0_35,COM,0.093807,1.020164,0.338,4.921,1.24,62850.305562,60796.001439
A_OB_1.0_1.0_36,COM,0.983262,1.191491,0.694,2.638,3.182,63032.309043,60796.001439
A_OB_1.0_1.0_37,COM,1.37057,1.266048,1.895,1.906,4.516,63247.03196,60796.001439
A_OB_1.0_1.0_38,COM,3.740023,1.754641,0.617,1.116,4.723,63765.845753,60796.001439
A_OB_1.0_1.0_39,COM,1.035267,1.214019,0.773,4.269,4.755,61896.854745,60796.001439
A_OB_1.0_1.0_40,COM,2.551339,1.511033,1.016,2.547,4.685,62959.660345,60796.001439
A_OB_1.0_1.0_41,COM,4.770245,2.051464,2.688,4.865,3.848,63240.869016,60796.001439
A_OB_1.0_1.0_42,COM,1.261035,1.28633,0.615,2.375,4.358,61265.864457,60796.001439
A_OB_1.0_1.0_43,COM,2.504419,1.623823,0.835,3.146,1.292,61213.693241,60796.001439
A_OB_1.0_1.0_44,COM,1.24413,1.278441,2.416,1.537,5.934,62322.44959,60796.001439
A_OB_1.0_1.0_45,COM,40.899698,11.21419,2.499,5.918,3.361,63101.515922,60796.001439
A_OB_1.0_1.0_46,COM,0.614001,1.148088,2.173,2.404,5.177,61246.055479,60796.001439
A_OB_1.0_1.0_47,COM,0.890988,1.201317,2.536,5.504,3.997,63060.388717,60796.001439
A_OB_1.0_1.0_48,COM,0.71,1.159653,2.066,4.887,4.021,61304.005508,60796.001439
A_OB_1.0_1.0_49,COM,0.615026,1.165189,1.998,5.558,3.912,61251.479907,60796.001439
A_OB_1.0_1.0_50,COM,1.529788,1.41678,1.792,5.957,4.956,64099.491701,60796.001439
A_OB_1.0_1.0_51,COM,9.286213,3.419264,2.109,4.041,3.144,61906.799106,60796.001439
A_OB_1.0_1.0_52,COM,7.350387,3.081699,2.349,0.94,0.398,61268.18257,60796.001439
A_OB_1.0_1.0_53,COM,1.696591,1.497046,1.652,3.619,4.428,62522.203957,60796.001439
A_OB_1.0_1.0_54,COM,4.819554,2.529916,1.209,1.802,4.102,64143.133227,60796.001439
A_OB_1.0_1.0_55,COM,50.45723,17.227624,0.244,0.573,5.182,65602.072571,60796.001439
A_OB_1.0_1.0_56,COM,4.058653,2.275068,1.809,0.093,2.822,60866.311733,60796.001439
A_OB_1.0_1.0_57,COM,1.403691,1.43128,1.613,5.055,5.009,62615.89791,60796.001439
A_OB_1.0_1.0_58,COM,1.74049,1.522345,2.166,1.614,4.354,62521.76384,60796.001439
A_OB_1.0_1.0_59,COM,0.469523,1.140909,2.879,1.252,2.481,61019.477452,60796.001439
A_OB_1.0_1.0_60,COM,53.659261,20.766351,0.611,1.4,4.557,65133.837853,60796.001439
A_OB_1.0_1.0_61,COM,41.682684,17.136217,2.075,1.031,3.871,59988.425547,60796.001439
A_OB_1.0_1.0_62,COM,0.755657,1.2902,0.745,1.764,2.654,62716.67726,60796.001439
A_OB_1.0_1.0_63,COM,0.507936,1.191547,1.243,3.038,5.125,62153.522165,60796.001439
A_OB_1.0_1.0_64,COM,0.224961,1.092984,1.198,3.711,4.328,62733.675061,60796.001439
A_OB_1.0_1.0_65,COM,1.218157,1.531226,1.323,1.571,4.23,61053.618245,60796.001439
A_OB_1.0_1.0_66,COM,1.780788,1.748041,0.808,0.665,2.958,61994.838937,60796.001439
A_OB_1.0_1.0_67,COM,1.060547,1.436588,2.074,0.262,4.114,62991.246877,60796.001439
A_OB_1.0_1.0_68,COM,0.509589,1.221323,1.201,5.03,3.07,63883.542934,60796.001439
A_OB_1.0_1.0_69,COM,0.047437,1.021465,1.0,5.083,4.63,63120.771265,60796.001439
A_OB_1.0_1.0_70,COM,21.577981,9.872833,1.338,4.197,3.096,67865.683147,60796.001439
A_OB_1.0_1.0_71,COM,0.930986,1.385382,1.67,4.954,4.274,60796.134883,60796.001439
A_OB_1.0_1.0_72,COM,2.159181,2.026375,0.611,1.904,4.58,64080.986339,60796.001439
A_OB_1.0_1.0_73,COM,37.137134,18.401001,1.992,6.272,2.783,62236.074478,60796.001439
A_OB_1.0_1.0_74,COM,35.010131,17.844906,1.977,1.687,4.131,64060.761589,60796.001439
A_OB_1.0_1.0_75,COM,26.28301,13.381755,1.394,3.305,1.962,56539.284365,60796.001439
A_OB_1.0_1.0_76,COM,28.955491,14.83416,1.871,5.906,2.77,67385.59309,60796.001439
A_OB_1.0_1.0_77,COM,2.249191,2.030676,0.984,3.261,3.266,63725.480025,60796.001439
A_OB_1.0_1.0_78,COM,2.391305,2.266892,1.424,5.468,2.36,60815.235058,60796.001439
A_OB_1.0_1.0_79,COM,0.58472,1.30812,1.794,4.409,4.296,62713.57001,60796.001439
A_OB_1.0_1.0_80,COM,40.233497,21.428421,1.167,3.251,2.488,64156.901072,60796.001439
A_OB_1.0_1.0_81,COM,0.385628,1.202957,1.505,3.116,4.024,62305.707888,60796.001439
A_OB_1.0_1.0_82,COM,1.735298,1.913472,2.025,0.832,4.8,61660.397549,60796.001439
A_OB_1.0_1.0_83,COM,13.029528,7.55748,1.909,0.697,4.316,65584.449508,60796.001439
A_OB_1.0_1.0_84,COM,13.868843,7.987769,1.359,3.251,3.089,64332.167907,60796.001439
A_OB_1.0_1.0_85,COM,2.943558,2.574781,0.688,1.201,4.456,61000.06516,60796.001439
A_OB_1.0_1.0_86,COM,0.214083,1.126464,0.842,2.034,3.885,63527.330283,60796.001439
A_OB_1.0_1.0_87,COM,4.467502,3.507087,2.957,0.468,3.83,63367.351514,60796.001439
A_OB_1.0_1.0_88,COM,10.995494,7.231766,2.453,0.854,3.013,61718.407027,60796.001439
A_OB_1.0_1.0_89,COM,1.387536,1.865701,1.057,0.54,4.584,61449.959207,60796.001439
A_OB_1.0_1.0_90,COM,23.72443,16.220531,1.201,0.245,2.963,63572.580684,60796.001439
A_OB_1.0_1.0_91,COM,0.413255,1.249934,1.664,0.43,3.988,62421.491352,60796.001439
A_OB_1.0_1.0_92,COM,0.946608,1.60316,1.512,1.962,4.644,63261.374763,60796.001439
A_OB_1.0_1.0_93,COM,8.439612,6.278012,2.311,4.865,2.652,61710.380661,60796.001439
A_OB_1.0_1.0_94,COM,6.247166,4.887986,2.613,4.889,4.0,62665.300636,60796.001439
A_OB_1.0_1.0_95,COM,1.073198,1.668069,1.399,3.876,3.309,62497.592772,60796.001439
A_OB_1.0_1.0_96,COM,1.36704,1.85211,2.207,0.487,3.828,63672.251385,60796.001439
A_OB_1.0_1.0_97,COM,10.821962,8.505997,1.378,3.513,3.934,64679.024618,60796.001439
A_OB_1.0_1.0_98,COM,9.349938,7.919227,0.475,2.758,3.764,61059.647386,60796.001439
A_OB_1.0_1.0_99,COM,1.405349,2.022483,1.951,5.195,2.55,61517.565837,60796.001439
A_OB_1.0_1.0_100,COM,1.421142,2.055552,2.18,4.608,2.242,63185.280404,60796.001439
A_OB_1.0_1.0_101,COM,5.797334,5.205276,1.002,4.415,3.741,62239.605268,60796.001439
A_OB_1.0_1.0_102,COM,1.92122,2.441425,0.608,4.391,2.422,60961.442605,60796.001439
A_OB_1.0_1.0_103,COM,0.973982,1.707503,0.469,3.234,3.809,63467.442512,60796.001439
A_OB_1.0_1.0_104,COM,7.151203,6.635011,2.02,4.434,2.498,61965.090657,60796.001439
A_OB_1.0_1.0_105,COM,1.522369,2.290188,1.036,3.922,3.033,63984.304996,60796.001439
A_OB_1.0_1.0_106,COM,4.853927,5.033756,1.313,4.143,2.325,63148.779189,60796.001439
A_OB_1.0_1.0_107,COM,4.021072,4.484525,2.708,6.13,5.503,63531.558511,60796.001439
A_OB_1.0_1.0_108,COM,6.245978,6.784126,1.879,4.468,1.48,62839.274481,60796.001439
A_OB_1.0_1.0_109,COM,1.332848,2.227742,1.178,1.952,4.479,64685.006716,60796.001439
A_OB_1.0_1.0_110,COM,33.566639,31.390575,0.971,5.241,1.471,60542.272882,60796.001439
A_OB_1.0_1.0_111,COM,0.831378,1.781433,2.477,0.113,3.088,63440.016008,60796.001439
A_OB_1.0_1.0_112,COM,1.174054,2.096566,0.378,4.71,2.242,61951.024932,60796.001439
A_OB_1.0_1.0_113,COM,2.734219,3.688438,1.472,1.506,4.473,62575.322842,60796.001439
A_OB_1.0_1.0_114,COM,4.027662,5.09453,1.925,4.703,2.47,61141.663306,60796.001439
A_OB_1.0_1.0_115,COM,1.609838,2.721438,0.569,3.579,3.363,61446.705698,60796.001439
A_OB_1.0_1.0_116,COM,21.992235,23.673423,1.453,1.685,4.496,58715.05286,60796.001439
A_OB_1.0_1.0_117,COM,1.412227,2.459201,1.507,5.094,2.618,63007.114504,60796.001439
A_OB_1.0_1.0_118,COM,10.193545,11.516053,0.573,2.161,3.992,61870.731823,60796.001439
A_OB_1.0_1.0_119,COM,20.917221,22.532731,1.955,5.064,2.292,64178.669897,60796.001439
A_OB_1.0_1.0_120,COM,1.759992,3.0016,1.391,5.528,3.161,61507.878286,60796.001439
A_OB_1.0_1.0_121,COM,0.740156,1.828475,2.142,6.102,3.392,62976.615833,60796.001439
A_OB_1.0_1.0_122,COM,1.343793,2.504511,1.153,2.592,4.041,61924.049417,60796.001439
A_OB_1.0_1.0_123,COM,0.360612,1.405387,0.811,3.51,3.515,61354.332647,60796.001439
A_OB_1.0_1.0_124,COM,17.724074,20.386767,1.728,0.017,2.905,61180.329444,60796.001439
A_OB_1.0_1.0_125,COM,0.670296,1.782123,2.005,0.649,4.578,63392.819251,60796.001439
A_OB_1.0_1.0_126,COM,0.847346,2.033478,1.729,0.62,4.183,63679.539412,60796.001439
A_OB_1.0_1.0_127,COM,0.007673,1.008992,2.436,5.981,4.521,62539.758202,60796.001439
A_OB_1.0_1.0_128,COM,0.251928,1.299133,2.029,5.726,4.533,62663.868964,60796.001439
A_OB_1.0_1.0_129,COM,17.13544,21.313232,1.642,0.29,2.937,60329.008598,60796.001439
A_OB_1.0_1.0_130,COM,10.98046,14.286387,1.007,3.223,3.251,61328.871621,60796.001439
A_OB_1.0_1.0_131,COM,2.212428,3.747359,1.292,4.657,2.829,61209.44816,60796.001439
A_OB_1.0_1.0_132,COM,1.280432,2.59548,0.969,4.173,3.387,63817.745862,60796.001439
A_OB_1.0_1.0_133,COM,3.992868,6.050665,1.004,4.262,3.285,60893.177702,60796.001439
A_OB_1.0_1.0_134,COM,6.707781,9.454978,1.0,2.529,4.028,63581.002749,60796.001439
A_OB_1.0_1.0_135,COM,0.733399,1.905213,2.718,0.051,2.985,63412.970215,60796.001439
A_OB_1.0_1.0_136,COM,0.924883,2.191928,1.44,0.188,3.711,64374.206434,60796.001439
A_OB_1.0_1.0_137,COM,4.846963,7.641596,1.376,1.242,4.048,63153.358754,60796.001439
A_OB_1.0_1.0_138,COM,1.397304,2.892842,0.711,1.583,4.483,62246.678693,60796.001439
A_OB_1.0_1.0_139,COM,0.291838,1.411847,1.332,5.822,3.391,61038.968261,60796.001439
A_OB_1.0_1.0_140,COM,4.068302,7.219862,1.048,1.412,4.765,64513.858594,60796.001439
A_OB_1.0_1.0_141,COM,1.271745,2.988013,1.856,4.716,2.867,61582.361145,60796.001439
A_OB_1.0_1.0_142,COM,0.251089,1.390821,1.561,2.698,3.14,62881.248329,60796.001439
A_OB_1.0_1.0_143,COM,0.282483,1.444965,2.049,1.27,4.274,63393.028424,60796.001439
A_OB_1.0_1.0_144,COM,17.240834,31.602339,0.754,3.26,2.997,60333.240403,60796.001439
A_OB_1.0_1.0_145,COM,0.476436,1.858116,0.59,2.328,4.795,62586.839847,60796.001439
A_OB_1.0_1.0_146,COM,1.596624,3.762412,2.498,0.001,3.306,62911.058479,60796.001439
A_OB_1.0_1.0_147,COM,3.530034,7.158895,1.961,1.133,4.0,61487.865335,60796.001439
A_OB_1.0_1.0_148,COM,1.572962,3.903041,2.402,0.432,3.824,65012.420473,60796.001439
A_OB_1.0_1.0_149,COM,17.788536,36.133817,0.661,2.111,3.7,59965.836851,60796.001439
A_OB_1.0_1.0_150,COM,12.04547,26.072073,1.648,5.103,1.846,63162.387367,60796.001439
A_OB_1.0_1.0_151,COM,8.904912,20.818741,0.991,4.503,2.675,63420.700514,60796.001439
A_OB_1.0_1.0_152,COM,1.371276,4.220759,1.409,4.46,2.514,64079.286207,60796.001439
A_OB_1.0_1.0_153,COM,1.270858,4.115049,1.283,4.597,2.061,61246.637697,60796.001439
A_OB_1.0_1.0_154,COM,3.676595,11.288284,2.201,1.601,4.513,63796.45371,60796.001439
A_OB_1.0_1.0_155,COM,23.263562,75.508598,2.066,1.451,3.786,60142.819561,60796.001439
A_OB_1.0_1.0_156,COM,9.778944,35.774357,2.095,1.197,3.283,62257.414525,60796.001439
