ObjID,H_g,u-r,g-r,i-r,z-r,y-r,GS
A_OB_2.1999999999999997_1.0_0,24.85,2.31,0.73,-0.33,-0.5,-0.68,0.15
A_OB_2.1999999999999997_1.0_1,25.21,2.31,0.73,-0.33,-0.5,-0.68,0.15
A_OB_2.1999999999999997_1.0_2,25.29,2.31,0.73,-0.33,-0.5,-0.68,0.15
A_OB_2.1999999999999997_1.0_3,25.28,2.31,0.73,-0.33,-0.5,-0.68,0.15
A_OB_2.1999999999999997_1.0_4,25.45,2.31,0.73,-0.33,-0.5,-0.68,0.15
A_OB_2.1999999999999997_1.0_5,25.28,2.31,0.73,-0.33,-0.5,-0.68,0.15
A_OB_2.1999999999999997_1.0_6,25.2,2.31,0.73,-0.33,-0.5,-0.68,0.15
A_OB_2.1999999999999997_1.0_7,24.91,2.31,0.73,-0.33,-0.5,-0.68,0.15
A_OB_2.1999999999999997_1.0_8,25.14,2.31,0.73,-0.33,-0.5,-0.68,0.15
A_OB_2.1999999999999997_1.0_9,24.24,2.31,0.73,-0.33,-0.5,-0.68,0.15
A_OB_2.1999999999999997_1.0_10,18.44,2.31,0.73,-0.33,-0.5,-0.68,0.15
A_OB_2.1999999999999997_1.0_11,24.99,2.31,0.73,-0.33,-0.5,-0.68,0.15
A_OB_2.1999999999999997_1.0_12,22.54,2.31,0.73,-0.33,-0.5,-0.68,0.15
A_OB_2.1999999999999997_1.0_13,25.3,2.31,0.73,-0.33,-0.5,-0.68,0.15
A_OB_2.1999999999999997_1.0_14,24.33,2.31,0.73,-0.33,-0.5,-0.68,0.15
A_OB_2.1999999999999997_1.0_15,24.45,2.31,0.73,-0.33,-0.5,-0.68,0.15
A_OB_2.1999999999999997_1.0_16,24.6,2.31,0.73,-0.33,-0.5,-0.68,0.15
A_OB_2.1999999999999997_1.0_17,25.57,2.31,0.73,-0.33,-0.5,-0.68,0.15
A_OB_2.1999999999999997_1.0_18,25.38,2.31,0.73,-0.33,-0.5,-0.68,0.15
A_OB_2.1999999999999997_1.0_19,25.18,2.31,0.73,-0.33,-0.5,-0.68,0.15
A_OB_2.1999999999999997_1.0_20,22.11,2.31,0.73,-0.33,-0.5,-0.68,0.15
A_OB_2.1999999999999997_1.0_21,22.98,2.31,0.73,-0.33,-0.5,-0.68,0.15
A_OB_2.1999999999999997_1.0_22,25.02,2.31,0.73,-0.33,-0.5,-0.68,0.15
A_OB_2.1999999999999997_1.0_23,25.08,2.31,0.73,-0.33,-0.5,-0.68,0.15
A_OB_2.1999999999999997_1.0_24,21.02,2.31,0.73,-0.33,-0.5,-0.68,0.15
A_OB_2.1999999999999997_1.0_25,25.15,2.31,0.73,-0.33,-0.5,-0.68,0.15
A_OB_2.1999999999999997_1.0_26,24.78,2.31,0.73,-0.33,-0.5,-0.68,0.15
A_OB_2.1999999999999997_1.0_27,25.6,2.31,0.73,-0.33,-0.5,-0.68,0.15
A_OB_2.1999999999999997_1.0_28,24.34,2.31,0.73,-0.33,-0.5,-0.68,0.15
A_OB_2.1999999999999997_1.0_29,24.32,2.31,0.73,-0.33,-0.5,-0.68,0.15
A_OB_2.1999999999999997_1.0_30,24.91,2.31,0.73,-0.33,-0.5,-0.68,0.15
A_OB_2.1999999999999997_1.0_31,24.63,2.31,0.73,-0.33,-0.5,-0.68,0.15
A_OB_2.1999999999999997_1.0_32,25.38,2.31,0.73,-0.33,-0.5,-0.68,0.15
A_OB_2.1999999999999997_1.0_33,24.51,2.31,0.73,-0.33,-0.5,-0.68,0.15
A_OB_2.1999999999999997_1.0_34,25.37,2.31,0.73,-0.33,-0.5,-0.68,0.15
A_OB_2.1999999999999997_1.0_35,25.48,2.31,0.73,-0.33,-0.5,-0.68,0.15
A_OB_2.1999999999999997_1.0_36,25.09,2.31,0.73,-0.33,-0.5,-0.68,0.15
A_OB_2.1999999999999997_1.0_37,21.09,2.31,0.73,-0.33,-0.5,-0.68,0.15
A_OB_2.1999999999999997_1.0_38,25.38,2.31,0.73,-0.33,-0.5,-0.68,0.15
A_OB_2.1999999999999997_1.0_39,24.29,2.31,0.73,-0.33,-0.5,-0.68,0.15
A_OB_2.1999999999999997_1.0_40,24.97,2.31,0.73,-0.33,-0.5,-0.68,0.15
A_OB_2.1999999999999997_1.0_41,24.09,2.31,0.73,-0.33,-0.5,-0.68,0.15
A_OB_2.1999999999999997_1.0_42,25.29,2.31,0.73,-0.33,-0.5,-0.68,0.15
A_OB_2.1999999999999997_1.0_43,25.28,2.31,0.73,-0.33,-0.5,-0.68,0.15
A_OB_2.1999999999999997_1.0_44,25.44,2.31,0.73,-0.33,-0.5,-0.68,0.15
A_OB_2.1999999999999997_1.0_45,25.05,2.31,0.73,-0.33,-0.5,-0.68,0.15
A_OB_2.1999999999999997_1.0_46,24.29,2.31,0.73,-0.33,-0.5,-0.68,0.15
A_OB_2.1999999999999997_1.0_47,25.33,2.31,0.73,-0.33,-0.5,-0.68,0.15
A_OB_2.1999999999999997_1.0_48,25.09,2.31,0.73,-0.33,-0.5,-0.68,0.15
A_OB_2.1999999999999997_1.0_49,24.6,2.31,0.73,-0.33,-0.5,-0.68,0.15
A_OB_2.1999999999999997_1.0_50,24.47,2.31,0.73,-0.33,-0.5,-0.68,0.15
A_OB_2.1999999999999997_1.0_51,25.52,2.31,0.73,-0.33,-0.5,-0.68,0.15
A_OB_2.1999999999999997_1.0_52,25.59,2.31,0.73,-0.33,-0.5,-0.68,0.15
A_OB_2.1999999999999997_1.0_53,25.06,2.31,0.73,-0.33,-0.5,-0.68,0.15
A_OB_2.1999999999999997_1.0_54,25.08,2.31,0.73,-0.33,-0.5,-0.68,0.15
A_OB_2.1999999999999997_1.0_55,25.04,2.31,0.73,-0.33,-0.5,-0.68,0.15
A_OB_2.1999999999999997_1.0_56,24.84,2.31,0.73,-0.33,-0.5,-0.68,0.15
A_OB_2.1999999999999997_1.0_57,25.56,2.31,0.73,-0.33,-0.5,-0.68,0.15
A_OB_2.1999999999999997_1.0_58,25.58,2.31,0.73,-0.33,-0.5,-0.68,0.15
A_OB_2.1999999999999997_1.0_59,23.6,2.31,0.73,-0.33,-0.5,-0.68,0.15
A_OB_2.1999999999999997_1.0_60,22.48,2.31,0.73,-0.33,-0.5,-0.68,0.15
A_OB_2.1999999999999997_1.0_61,24.76,2.31,0.73,-0.33,-0.5,-0.68,0.15
A_OB_2.1999999999999997_1.0_62,24.8,2.31,0.73,-0.33,-0.5,-0.68,0.15
A_OB_2.1999999999999997_1.0_63,23.56,2.31,0.73,-0.33,-0.5,-0.68,0.15
A_OB_2.1999999999999997_1.0_64,22.64,2.31,0.73,-0.33,-0.5,-0.68,0.15
A_OB_2.1999999999999997_1.0_65,25.2,2.31,0.73,-0.33,-0.5,-0.68,0.15
A_OB_2.1999999999999997_1.0_66,18.6,2.31,0.73,-0.33,-0.5,-0.68,0.15
A_OB_2.1999999999999997_1.0_67,24.62,2.31,0.73,-0.33,-0.5,-0.68,0.15
A_OB_2.1999999999999997_1.0_68,25.21,2.31,0.73,-0.33,-0.5,-0.68,0.15
A_OB_2.1999999999999997_1.0_69,25.42,2.31,0.73,-0.33,-0.5,-0.68,0.15
A_OB_2.1999999999999997_1.0_70,24.05,2.31,0.73,-0.33,-0.5,-0.68,0.15
A_OB_2.1999999999999997_1.0_71,23.81,2.31,0.73,-0.33,-0.5,-0.68,0.15
A_OB_2.1999999999999997_1.0_72,25.41,2.31,0.73,-0.33,-0.5,-0.68,0.15
A_OB_2.1999999999999997_1.0_73,22.93,2.31,0.73,-0.33,-0.5,-0.68,0.15
A_OB_2.1999999999999997_1.0_74,25.54,2.31,0.73,-0.33,-0.5,-0.68,0.15
A_OB_2.1999999999999997_1.0_75,25.47,2.31,0.73,-0.33,-0.5,-0.68,0.15
A_OB_2.1999999999999997_1.0_76,25.32,2.31,0.73,-0.33,-0.5,-0.68,0.15
A_OB_2.1999999999999997_1.0_77,25.03,2.31,0.73,-0.33,-0.5,-0.68,0.15
A_OB_2.1999999999999997_1.0_78,23.86,2.31,0.73,-0.33,-0.5,-0.68,0.15
A_OB_2.1999999999999997_1.0_79,22.73,2.31,0.73,-0.33,-0.5,-0.68,0.15
A_OB_2.1999999999999997_1.0_80,25.15,2.31,0.73,-0.33,-0.5,-0.68,0.15
A_OB_2.1999999999999997_1.0_81,23.97,2.31,0.73,-0.33,-0.5,-0.68,0.15
A_OB_2.1999999999999997_1.0_82,21.33,2.31,0.73,-0.33,-0.5,-0.68,0.15
A_OB_2.1999999999999997_1.0_83,25.4,2.31,0.73,-0.33,-0.5,-0.68,0.15
A_OB_2.1999999999999997_1.0_84,22.27,2.31,0.73,-0.33,-0.5,-0.68,0.15
A_OB_2.1999999999999997_1.0_85,24.6,2.31,0.73,-0.33,-0.5,-0.68,0.15
A_OB_2.1999999999999997_1.0_86,22.19,2.31,0.73,-0.33,-0.5,-0.68,0.15
A_OB_2.1999999999999997_1.0_87,22.59,2.31,0.73,-0.33,-0.5,-0.68,0.15
A_OB_2.1999999999999997_1.0_88,24.14,2.31,0.73,-0.33,-0.5,-0.68,0.15
A_OB_2.1999999999999997_1.0_89,24.8,2.31,0.73,-0.33,-0.5,-0.68,0.15
A_OB_2.1999999999999997_1.0_90,24.05,2.31,0.73,-0.33,-0.5,-0.68,0.15
A_OB_2.1999999999999997_1.0_91,25.01,2.31,0.73,-0.33,-0.5,-0.68,0.15
A_OB_2.1999999999999997_1.0_92,25.36,2.31,0.73,-0.33,-0.5,-0.68,0.15
A_OB_2.1999999999999997_1.0_93,25.11,2.31,0.73,-0.33,-0.5,-0.68,0.15
A_OB_2.1999999999999997_1.0_94,24.51,2.31,0.73,-0.33,-0.5,-0.68,0.15
A_OB_2.1999999999999997_1.0_95,25.0,2.31,0.73,-0.33,-0.5,-0.68,0.15
A_OB_2.1999999999999997_1.0_96,19.85,2.31,0.73,-0.33,-0.5,-0.68,0.15
A_OB_2.1999999999999997_1.0_97,23.87,2.31,0.73,-0.33,-0.5,-0.68,0.15
A_OB_2.1999999999999997_1.0_98,23.78,2.31,0.73,-0.33,-0.5,-0.68,0.15
A_OB_2.1999999999999997_1.0_99,23.95,2.31,0.73,-0.33,-0.5,-0.68,0.15
A_OB_2.1999999999999997_1.0_100,25.27,2.31,0.73,-0.33,-0.5,-0.68,0.15
A_OB_2.1999999999999997_1.0_101,24.81,2.31,0.73,-0.33,-0.5,-0.68,0.15
A_OB_2.1999999999999997_1.0_102,25.5,2.31,0.73,-0.33,-0.5,-0.68,0.15
A_OB_2.1999999999999997_1.0_103,25.25,2.31,0.73,-0.33,-0.5,-0.68,0.15
A_OB_2.1999999999999997_1.0_104,24.83,2.31,0.73,-0.33,-0.5,-0.68,0.15
A_OB_2.1999999999999997_1.0_105,24.89,2.31,0.73,-0.33,-0.5,-0.68,0.15
A_OB_2.1999999999999997_1.0_106,23.57,2.31,0.73,-0.33,-0.5,-0.68,0.15
A_OB_2.1999999999999997_1.0_107,25.32,2.31,0.73,-0.33,-0.5,-0.68,0.15
A_OB_2.1999999999999997_1.0_108,22.63,2.31,0.73,-0.33,-0.5,-0.68,0.15
A_OB_2.1999999999999997_1.0_109,23.97,2.31,0.73,-0.33,-0.5,-0.68,0.15
A_OB_2.1999999999999997_1.0_110,23.81,2.31,0.73,-0.33,-0.5,-0.68,0.15
A_OB_2.1999999999999997_1.0_111,24.07,2.31,0.73,-0.33,-0.5,-0.68,0.15
A_OB_2.1999999999999997_1.0_112,24.42,2.31,0.73,-0.33,-0.5,-0.68,0.15
A_OB_2.1999999999999997_1.0_113,25.01,2.31,0.73,-0.33,-0.5,-0.68,0.15
A_OB_2.1999999999999997_1.0_114,25.1,2.31,0.73,-0.33,-0.5,-0.68,0.15
A_OB_2.1999999999999997_1.0_115,23.65,2.31,0.73,-0.33,-0.5,-0.68,0.15
A_OB_2.1999999999999997_1.0_116,24.7,2.31,0.73,-0.33,-0.5,-0.68,0.15
A_OB_2.1999999999999997_1.0_117,23.2,2.31,0.73,-0.33,-0.5,-0.68,0.15
A_OB_2.1999999999999997_1.0_118,23.96,2.31,0.73,-0.33,-0.5,-0.68,0.15
A_OB_2.1999999999999997_1.0_119,25.62,2.31,0.73,-0.33,-0.5,-0.68,0.15
A_OB_2.1999999999999997_1.0_120,25.26,2.31,0.73,-0.33,-0.5,-0.68,0.15
A_OB_2.1999999999999997_1.0_121,20.4,2.31,0.73,-0.33,-0.5,-0.68,0.15
A_OB_2.1999999999999997_1.0_122,21.76,2.31,0.73,-0.33,-0.5,-0.68,0.15
A_OB_2.1999999999999997_1.0_123,24.19,2.31,0.73,-0.33,-0.5,-0.68,0.15
A_OB_2.1999999999999997_1.0_124,24.99,2.31,0.73,-0.33,-0.5,-0.68,0.15
A_OB_2.1999999999999997_1.0_125,25.21,2.31,0.73,-0.33,-0.5,-0.68,0.15
A_OB_2.1999999999999997_1.0_126,25.12,2.31,0.73,-0.33,-0.5,-0.68,0.15
A_OB_2.1999999999999997_1.0_127,25.02,2.31,0.73,-0.33,-0.5,-0.68,0.15
A_OB_2.1999999999999997_1.0_128,25.55,2.31,0.73,-0.33,-0.5,-0.68,0.15
A_OB_2.1999999999999997_1.0_129,25.47,2.31,0.73,-0.33,-0.5,-0.68,0.15
A_OB_2.1999999999999997_1.0_130,25.24,2.31,0.73,-0.33,-0.5,-0.68,0.15
A_OB_2.1999999999999997_1.0_131,25.18,2.31,0.73,-0.33,-0.5,-0.68,0.15
A_OB_2.1999999999999997_1.0_132,25.16,2.31,0.73,-0.33,-0.5,-0.68,0.15
A_OB_2.1999999999999997_1.0_133,25.3,2.31,0.73,-0.33,-0.5,-0.68,0.15
A_OB_2.1999999999999997_1.0_134,24.53,2.31,0.73,-0.33,-0.5,-0.68,0.15
A_OB_2.1999999999999997_1.0_135,23.33,2.31,0.73,-0.33,-0.5,-0.68,0.15
A_OB_2.1999999999999997_1.0_136,24.06,2.31,0.73,-0.33,-0.5,-0.68,0.15
A_OB_2.1999999999999997_1.0_137,25.26,2.31,0.73,-0.33,-0.5,-0.68,0.15
A_OB_2.1999999999999997_1.0_138,25.53,2.31,0.73,-0.33,-0.5,-0.68,0.15
A_OB_2.1999999999999997_1.0_139,24.6,2.31,0.73,-0.33,-0.5,-0.68,0.15
A_OB_2.1999999999999997_1.0_140,24.33,2.31,0.73,-0.33,-0.5,-0.68,0.15
A_OB_2.1999999999999997_1.0_141,21.85,2.31,0.73,-0.33,-0.5,-0.68,0.15
A_OB_2.1999999999999997_1.0_142,25.54,2.31,0.73,-0.33,-0.5,-0.68,0.15
A_OB_2.1999999999999997_1.0_143,24.36,2.31,0.73,-0.33,-0.5,-0.68,0.15
A_OB_2.1999999999999997_1.0_144,22.18,2.31,0.73,-0.33,-0.5,-0.68,0.15
A_OB_2.1999999999999997_1.0_145,24.4,2.31,0.73,-0.33,-0.5,-0.68,0.15
A_OB_2.1999999999999997_1.0_146,24.45,2.31,0.73,-0.33,-0.5,-0.68,0.15
A_OB_2.1999999999999997_1.0_147,24.58,2.31,0.73,-0.33,-0.5,-0.68,0.15
A_OB_2.1999999999999997_1.0_148,25.25,2.31,0.73,-0.33,-0.5,-0.68,0.15
A_OB_2.1999999999999997_1.0_149,25.25,2.31,0.73,-0.33,-0.5,-0.68,0.15
A_OB_2.1999999999999997_1.0_150,25.1,2.31,0.73,-0.33,-0.5,-0.68,0.15
A_OB_2.1999999999999997_1.0_151,22.2,2.31,0.73,-0.33,-0.5,-0.68,0.15
A_OB_2.1999999999999997_1.0_152,21.45,2.31,0.73,-0.33,-0.5,-0.68,0.15
A_OB_2.1999999999999997_1.0_153,24.19,2.31,0.73,-0.33,-0.5,-0.68,0.15
A_OB_2.1999999999999997_1.0_154,23.56,2.31,0.73,-0.33,-0.5,-0.68,0.15
A_OB_2.1999999999999997_1.0_155,24.89,2.31,0.73,-0.33,-0.5,-0.68,0.15
A_OB_2.1999999999999997_1.0_156,24.71,2.31,0.73,-0.33,-0.5,-0.68,0.15
A_OB_2.1999999999999997_1.0_157,24.69,2.31,0.73,-0.33,-0.5,-0.68,0.15
A_OB_2.1999999999999997_1.0_158,23.73,2.31,0.73,-0.33,-0.5,-0.68,0.15
A_OB_2.1999999999999997_1.0_159,24.01,2.31,0.73,-0.33,-0.5,-0.68,0.15
A_OB_2.1999999999999997_1.0_160,23.88,2.31,0.73,-0.33,-0.5,-0.68,0.15
A_OB_2.1999999999999997_1.0_161,23.95,2.31,0.73,-0.33,-0.5,-0.68,0.15
A_OB_2.1999999999999997_1.0_162,25.52,2.31,0.73,-0.33,-0.5,-0.68,0.15
A_OB_2.1999999999999997_1.0_163,22.25,2.31,0.73,-0.33,-0.5,-0.68,0.15
A_OB_2.1999999999999997_1.0_164,24.24,2.31,0.73,-0.33,-0.5,-0.68,0.15
A_OB_2.1999999999999997_1.0_165,23.82,2.31,0.73,-0.33,-0.5,-0.68,0.15
A_OB_2.1999999999999997_1.0_166,16.28,2.31,0.73,-0.33,-0.5,-0.68,0.15
A_OB_2.1999999999999997_1.0_167,25.43,2.31,0.73,-0.33,-0.5,-0.68,0.15
A_OB_2.1999999999999997_1.0_168,25.37,2.31,0.73,-0.33,-0.5,-0.68,0.15
A_OB_2.1999999999999997_1.0_169,24.72,2.31,0.73,-0.33,-0.5,-0.68,0.15
A_OB_2.1999999999999997_1.0_170,22.92,2.31,0.73,-0.33,-0.5,-0.68,0.15
A_OB_2.1999999999999997_1.0_171,22.85,2.31,0.73,-0.33,-0.5,-0.68,0.15
A_OB_2.1999999999999997_1.0_172,23.57,2.31,0.73,-0.33,-0.5,-0.68,0.15
A_OB_2.1999999999999997_1.0_173,25.53,2.31,0.73,-0.33,-0.5,-0.68,0.15
A_OB_2.1999999999999997_1.0_174,25.53,2.31,0.73,-0.33,-0.5,-0.68,0.15
A_OB_2.1999999999999997_1.0_175,25.57,2.31,0.73,-0.33,-0.5,-0.68,0.15
A_OB_2.1999999999999997_1.0_176,22.7,2.31,0.73,-0.33,-0.5,-0.68,0.15
A_OB_2.1999999999999997_1.0_177,24.11,2.31,0.73,-0.33,-0.5,-0.68,0.15
A_OB_2.1999999999999997_1.0_178,24.89,2.31,0.73,-0.33,-0.5,-0.68,0.15
A_OB_2.1999999999999997_1.0_179,24.16,2.31,0.73,-0.33,-0.5,-0.68,0.15
A_OB_2.1999999999999997_1.0_180,25.44,2.31,0.73,-0.33,-0.5,-0.68,0.15
A_OB_2.1999999999999997_1.0_181,25.52,2.31,0.73,-0.33,-0.5,-0.68,0.15
A_OB_2.1999999999999997_1.0_182,22.53,2.31,0.73,-0.33,-0.5,-0.68,0.15
A_OB_2.1999999999999997_1.0_183,24.78,2.31,0.73,-0.33,-0.5,-0.68,0.15
A_OB_2.1999999999999997_1.0_184,25.46,2.31,0.73,-0.33,-0.5,-0.68,0.15
A_OB_2.1999999999999997_1.0_185,24.57,2.31,0.73,-0.33,-0.5,-0.68,0.15
A_OB_2.1999999999999997_1.0_186,25.61,2.31,0.73,-0.33,-0.5,-0.68,0.15
A_OB_2.1999999999999997_1.0_187,24.61,2.31,0.73,-0.33,-0.5,-0.68,0.15
A_OB_2.1999999999999997_1.0_188,25.17,2.31,0.73,-0.33,-0.5,-0.68,0.15
A_OB_2.1999999999999997_1.0_189,22.67,2.31,0.73,-0.33,-0.5,-0.68,0.15
A_OB_2.1999999999999997_1.0_190,24.17,2.31,0.73,-0.33,-0.5,-0.68,0.15
A_OB_2.1999999999999997_1.0_191,23.77,2.31,0.73,-0.33,-0.5,-0.68,0.15
A_OB_2.1999999999999997_1.0_192,23.45,2.31,0.73,-0.33,-0.5,-0.68,0.15
A_OB_2.1999999999999997_1.0_193,25.03,2.31,0.73,-0.33,-0.5,-0.68,0.15
A_OB_2.1999999999999997_1.0_194,20.75,2.31,0.73,-0.33,-0.5,-0.68,0.15
A_OB_2.1999999999999997_1.0_195,25.32,2.31,0.73,-0.33,-0.5,-0.68,0.15
A_OB_2.1999999999999997_1.0_196,23.31,2.31,0.73,-0.33,-0.5,-0.68,0.15
A_OB_2.1999999999999997_1.0_197,25.53,2.31,0.73,-0.33,-0.5,-0.68,0.15
A_OB_2.1999999999999997_1.0_198,24.15,2.31,0.73,-0.33,-0.5,-0.68,0.15
A_OB_2.1999999999999997_1.0_199,24.47,2.31,0.73,-0.33,-0.5,-0.68,0.15
A_OB_2.1999999999999997_1.0_200,25.6,2.31,0.73,-0.33,-0.5,-0.68,0.15
A_OB_2.1999999999999997_1.0_201,24.25,2.31,0.73,-0.33,-0.5,-0.68,0.15
A_OB_2.1999999999999997_1.0_202,25.42,2.31,0.73,-0.33,-0.5,-0.68,0.15
A_OB_2.1999999999999997_1.0_203,24.4,2.31,0.73,-0.33,-0.5,-0.68,0.15
A_OB_2.1999999999999997_1.0_204,25.21,2.31,0.73,-0.33,-0.5,-0.68,0.15
A_OB_2.1999999999999997_1.0_205,24.88,2.31,0.73,-0.33,-0.5,-0.68,0.15
A_OB_2.1999999999999997_1.0_206,24.72,2.31,0.73,-0.33,-0.5,-0.68,0.15
A_OB_2.1999999999999997_1.0_207,24.73,2.31,0.73,-0.33,-0.5,-0.68,0.15
A_OB_2.1999999999999997_1.0_208,24.96,2.31,0.73,-0.33,-0.5,-0.68,0.15
A_OB_2.1999999999999997_1.0_209,22.96,2.31,0.73,-0.33,-0.5,-0.68,0.15
A_OB_2.1999999999999997_1.0_210,25.5,2.31,0.73,-0.33,-0.5,-0.68,0.15
A_OB_2.1999999999999997_1.0_211,24.55,2.31,0.73,-0.33,-0.5,-0.68,0.15
A_OB_2.1999999999999997_1.0_212,25.47,2.31,0.73,-0.33,-0.5,-0.68,0.15
A_OB_2.1999999999999997_1.0_213,24.74,2.31,0.73,-0.33,-0.5,-0.68,0.15
A_OB_2.1999999999999997_1.0_214,24.57,2.31,0.73,-0.33,-0.5,-0.68,0.15
A_OB_2.1999999999999997_1.0_215,25.54,2.31,0.73,-0.33,-0.5,-0.68,0.15
A_OB_2.1999999999999997_1.0_216,25.02,2.31,0.73,-0.33,-0.5,-0.68,0.15
A_OB_2.1999999999999997_1.0_217,21.91,2.31,0.73,-0.33,-0.5,-0.68,0.15
A_OB_2.1999999999999997_1.0_218,24.99,2.31,0.73,-0.33,-0.5,-0.68,0.15
A_OB_2.1999999999999997_1.0_219,24.9,2.31,0.73,-0.33,-0.5,-0.68,0.15
A_OB_2.1999999999999997_1.0_220,24.7,2.31,0.73,-0.33,-0.5,-0.68,0.15
A_OB_2.1999999999999997_1.0_221,23.85,2.31,0.73,-0.33,-0.5,-0.68,0.15
A_OB_2.1999999999999997_1.0_222,25.22,2.31,0.73,-0.33,-0.5,-0.68,0.15
A_OB_2.1999999999999997_1.0_223,25.3,2.31,0.73,-0.33,-0.5,-0.68,0.15
A_OB_2.1999999999999997_1.0_224,24.34,2.31,0.73,-0.33,-0.5,-0.68,0.15
A_OB_2.1999999999999997_1.0_225,24.37,2.31,0.73,-0.33,-0.5,-0.68,0.15
A_OB_2.1999999999999997_1.0_226,23.29,2.31,0.73,-0.33,-0.5,-0.68,0.15
A_OB_2.1999999999999997_1.0_227,25.43,2.31,0.73,-0.33,-0.5,-0.68,0.15
A_OB_2.1999999999999997_1.0_228,25.15,2.31,0.73,-0.33,-0.5,-0.68,0.15
A_OB_2.1999999999999997_1.0_229,25.48,2.31,0.73,-0.33,-0.5,-0.68,0.15
A_OB_2.1999999999999997_1.0_230,25.55,2.31,0.73,-0.33,-0.5,-0.68,0.15
A_OB_2.1999999999999997_1.0_231,25.48,2.31,0.73,-0.33,-0.5,-0.68,0.15
A_OB_2.1999999999999997_1.0_232,25.57,2.31,0.73,-0.33,-0.5,-0.68,0.15
A_OB_2.1999999999999997_1.0_233,23.91,2.31,0.73,-0.33,-0.5,-0.68,0.15
A_OB_2.1999999999999997_1.0_234,24.95,2.31,0.73,-0.33,-0.5,-0.68,0.15
A_OB_2.1999999999999997_1.0_235,25.58,2.31,0.73,-0.33,-0.5,-0.68,0.15
A_OB_2.1999999999999997_1.0_236,25.35,2.31,0.73,-0.33,-0.5,-0.68,0.15
A_OB_2.1999999999999997_1.0_237,24.76,2.31,0.73,-0.33,-0.5,-0.68,0.15
A_OB_2.1999999999999997_1.0_238,25.62,2.31,0.73,-0.33,-0.5,-0.68,0.15
A_OB_2.1999999999999997_1.0_239,25.04,2.31,0.73,-0.33,-0.5,-0.68,0.15
A_OB_2.1999999999999997_1.0_240,22.41,2.31,0.73,-0.33,-0.5,-0.68,0.15
A_OB_2.1999999999999997_1.0_241,22.37,2.31,0.73,-0.33,-0.5,-0.68,0.15
A_OB_2.1999999999999997_1.0_242,24.54,2.31,0.73,-0.33,-0.5,-0.68,0.15
A_OB_2.1999999999999997_1.0_243,25.22,2.31,0.73,-0.33,-0.5,-0.68,0.15
A_OB_2.1999999999999997_1.0_244,25.42,2.31,0.73,-0.33,-0.5,-0.68,0.15
A_OB_2.1999999999999997_1.0_245,25.0,2.31,0.73,-0.33,-0.5,-0.68,0.15
A_OB_2.1999999999999997_1.0_246,23.37,2.31,0.73,-0.33,-0.5,-0.68,0.15
A_OB_2.1999999999999997_1.0_247,21.31,2.31,0.73,-0.33,-0.5,-0.68,0.15
A_OB_2.1999999999999997_1.0_248,25.52,2.31,0.73,-0.33,-0.5,-0.68,0.15
A_OB_2.1999999999999997_1.0_249,25.44,2.31,0.73,-0.33,-0.5,-0.68,0.15
A_OB_2.1999999999999997_1.0_250,24.0,2.31,0.73,-0.33,-0.5,-0.68,0.15
A_OB_2.1999999999999997_1.0_251,22.05,2.31,0.73,-0.33,-0.5,-0.68,0.15
A_OB_2.1999999999999997_1.0_252,25.37,2.31,0.73,-0.33,-0.5,-0.68,0.15
A_OB_2.1999999999999997_1.0_253,24.92,2.31,0.73,-0.33,-0.5,-0.68,0.15
A_OB_2.1999999999999997_1.0_254,25.13,2.31,0.73,-0.33,-0.5,-0.68,0.15
A_OB_2.1999999999999997_1.0_255,25.55,2.31,0.73,-0.33,-0.5,-0.68,0.15
A_OB_2.1999999999999997_1.0_256,25.49,2.31,0.73,-0.33,-0.5,-0.68,0.15
A_OB_2.1999999999999997_1.0_257,24.96,2.31,0.73,-0.33,-0.5,-0.68,0.15
A_OB_2.1999999999999997_1.0_258,25.56,2.31,0.73,-0.33,-0.5,-0.68,0.15
A_OB_2.1999999999999997_1.0_259,18.85,2.31,0.73,-0.33,-0.5,-0.68,0.15
A_OB_2.1999999999999997_1.0_260,25.05,2.31,0.73,-0.33,-0.5,-0.68,0.15
A_OB_2.1999999999999997_1.0_261,25.27,2.31,0.73,-0.33,-0.5,-0.68,0.15
A_OB_2.1999999999999997_1.0_262,24.85,2.31,0.73,-0.33,-0.5,-0.68,0.15
A_OB_2.1999999999999997_1.0_263,23.58,2.31,0.73,-0.33,-0.5,-0.68,0.15
A_OB_2.1999999999999997_1.0_264,25.14,2.31,0.73,-0.33,-0.5,-0.68,0.15
A_OB_2.1999999999999997_1.0_265,24.29,2.31,0.73,-0.33,-0.5,-0.68,0.15
A_OB_2.1999999999999997_1.0_266,25.21,2.31,0.73,-0.33,-0.5,-0.68,0.15
A_OB_2.1999999999999997_1.0_267,25.13,2.31,0.73,-0.33,-0.5,-0.68,0.15
A_OB_2.1999999999999997_1.0_268,24.47,2.31,0.73,-0.33,-0.5,-0.68,0.15
A_OB_2.1999999999999997_1.0_269,25.1,2.31,0.73,-0.33,-0.5,-0.68,0.15
A_OB_2.1999999999999997_1.0_270,25.62,2.31,0.73,-0.33,-0.5,-0.68,0.15
A_OB_2.1999999999999997_1.0_271,24.11,2.31,0.73,-0.33,-0.5,-0.68,0.15
A_OB_2.1999999999999997_1.0_272,23.24,2.31,0.73,-0.33,-0.5,-0.68,0.15
A_OB_2.1999999999999997_1.0_273,25.48,2.31,0.73,-0.33,-0.5,-0.68,0.15
A_OB_2.1999999999999997_1.0_274,24.56,2.31,0.73,-0.33,-0.5,-0.68,0.15
A_OB_2.1999999999999997_1.0_275,25.47,2.31,0.73,-0.33,-0.5,-0.68,0.15
A_OB_2.1999999999999997_1.0_276,23.35,2.31,0.73,-0.33,-0.5,-0.68,0.15
A_OB_2.1999999999999997_1.0_277,24.25,2.31,0.73,-0.33,-0.5,-0.68,0.15
A_OB_2.1999999999999997_1.0_278,25.22,2.31,0.73,-0.33,-0.5,-0.68,0.15
A_OB_2.1999999999999997_1.0_279,25.3,2.31,0.73,-0.33,-0.5,-0.68,0.15
A_OB_2.1999999999999997_1.0_280,25.54,2.31,0.73,-0.33,-0.5,-0.68,0.15
A_OB_2.1999999999999997_1.0_281,25.23,2.31,0.73,-0.33,-0.5,-0.68,0.15
A_OB_2.1999999999999997_1.0_282,25.61,2.31,0.73,-0.33,-0.5,-0.68,0.15
A_OB_2.1999999999999997_1.0_283,24.9,2.31,0.73,-0.33,-0.5,-0.68,0.15
A_OB_2.1999999999999997_1.0_284,24.46,2.31,0.73,-0.33,-0.5,-0.68,0.15
A_OB_2.1999999999999997_1.0_285,24.4,2.31,0.73,-0.33,-0.5,-0.68,0.15
A_OB_2.1999999999999997_1.0_286,25.56,2.31,0.73,-0.33,-0.5,-0.68,0.15
A_OB_2.1999999999999997_1.0_287,22.02,2.31,0.73,-0.33,-0.5,-0.68,0.15
A_OB_2.1999999999999997_1.0_288,25.3,2.31,0.73,-0.33,-0.5,-0.68,0.15
A_OB_2.1999999999999997_1.0_289,25.04,2.31,0.73,-0.33,-0.5,-0.68,0.15
A_OB_2.1999999999999997_1.0_290,25.06,2.31,0.73,-0.33,-0.5,-0.68,0.15
A_OB_2.1999999999999997_1.0_291,22.7,2.31,0.73,-0.33,-0.5,-0.68,0.15
A_OB_2.1999999999999997_1.0_292,23.54,2.31,0.73,-0.33,-0.5,-0.68,0.15
A_OB_2.1999999999999997_1.0_293,25.47,2.31,0.73,-0.33,-0.5,-0.68,0.15
A_OB_2.1999999999999997_1.0_294,25.5,2.31,0.73,-0.33,-0.5,-0.68,0.15
A_OB_2.1999999999999997_1.0_295,24.95,2.31,0.73,-0.33,-0.5,-0.68,0.15
A_OB_2.1999999999999997_1.0_296,24.31,2.31,0.73,-0.33,-0.5,-0.68,0.15
A_OB_2.1999999999999997_1.0_297,25.42,2.31,0.73,-0.33,-0.5,-0.68,0.15
A_OB_2.1999999999999997_1.0_298,25.49,2.31,0.73,-0.33,-0.5,-0.68,0.15
A_OB_2.1999999999999997_1.0_299,24.77,2.31,0.73,-0.33,-0.5,-0.68,0.15
A_OB_2.1999999999999997_1.0_300,24.31,2.31,0.73,-0.33,-0.5,-0.68,0.15
A_OB_2.1999999999999997_1.0_301,25.23,2.31,0.73,-0.33,-0.5,-0.68,0.15
A_OB_2.1999999999999997_1.0_302,25.05,2.31,0.73,-0.33,-0.5,-0.68,0.15
A_OB_2.1999999999999997_1.0_303,25.47,2.31,0.73,-0.33,-0.5,-0.68,0.15
A_OB_2.1999999999999997_1.0_304,22.5,2.31,0.73,-0.33,-0.5,-0.68,0.15
A_OB_2.1999999999999997_1.0_305,25.39,2.31,0.73,-0.33,-0.5,-0.68,0.15
A_OB_2.1999999999999997_1.0_306,24.47,2.31,0.73,-0.33,-0.5,-0.68,0.15
A_OB_2.1999999999999997_1.0_307,24.39,2.31,0.73,-0.33,-0.5,-0.68,0.15
A_OB_2.1999999999999997_1.0_308,22.65,2.31,0.73,-0.33,-0.5,-0.68,0.15
A_OB_2.1999999999999997_1.0_309,25.35,2.31,0.73,-0.33,-0.5,-0.68,0.15
A_OB_2.1999999999999997_1.0_310,25.24,2.31,0.73,-0.33,-0.5,-0.68,0.15
A_OB_2.1999999999999997_1.0_311,24.22,2.31,0.73,-0.33,-0.5,-0.68,0.15
A_OB_2.1999999999999997_1.0_312,24.97,2.31,0.73,-0.33,-0.5,-0.68,0.15
A_OB_2.1999999999999997_1.0_313,24.55,2.31,0.73,-0.33,-0.5,-0.68,0.15
A_OB_2.1999999999999997_1.0_314,25.35,2.31,0.73,-0.33,-0.5,-0.68,0.15
A_OB_2.1999999999999997_1.0_315,25.46,2.31,0.73,-0.33,-0.5,-0.68,0.15
A_OB_2.1999999999999997_1.0_316,25.42,2.31,0.73,-0.33,-0.5,-0.68,0.15
A_OB_2.1999999999999997_1.0_317,23.57,2.31,0.73,-0.33,-0.5,-0.68,0.15
A_OB_2.1999999999999997_1.0_318,24.14,2.31,0.73,-0.33,-0.5,-0.68,0.15
A_OB_2.1999999999999997_1.0_319,25.36,2.31,0.73,-0.33,-0.5,-0.68,0.15
A_OB_2.1999999999999997_1.0_320,24.73,2.31,0.73,-0.33,-0.5,-0.68,0.15
A_OB_2.1999999999999997_1.0_321,25.13,2.31,0.73,-0.33,-0.5,-0.68,0.15
A_OB_2.1999999999999997_1.0_322,24.52,2.31,0.73,-0.33,-0.5,-0.68,0.15
A_OB_2.1999999999999997_1.0_323,25.45,2.31,0.73,-0.33,-0.5,-0.68,0.15
A_OB_2.1999999999999997_1.0_324,24.46,2.31,0.73,-0.33,-0.5,-0.68,0.15
A_OB_2.1999999999999997_1.0_325,25.3,2.31,0.73,-0.33,-0.5,-0.68,0.15
A_OB_2.1999999999999997_1.0_326,24.37,2.31,0.73,-0.33,-0.5,-0.68,0.15
A_OB_2.1999999999999997_1.0_327,24.78,2.31,0.73,-0.33,-0.5,-0.68,0.15
A_OB_2.1999999999999997_1.0_328,23.31,2.31,0.73,-0.33,-0.5,-0.68,0.15
A_OB_2.1999999999999997_1.0_329,24.33,2.31,0.73,-0.33,-0.5,-0.68,0.15
A_OB_2.1999999999999997_1.0_330,25.4,2.31,0.73,-0.33,-0.5,-0.68,0.15
A_OB_2.1999999999999997_1.0_331,24.81,2.31,0.73,-0.33,-0.5,-0.68,0.15
A_OB_2.1999999999999997_1.0_332,25.28,2.31,0.73,-0.33,-0.5,-0.68,0.15
A_OB_2.1999999999999997_1.0_333,24.91,2.31,0.73,-0.33,-0.5,-0.68,0.15
A_OB_2.1999999999999997_1.0_334,24.34,2.31,0.73,-0.33,-0.5,-0.68,0.15
A_OB_2.1999999999999997_1.0_335,24.21,2.31,0.73,-0.33,-0.5,-0.68,0.15
A_OB_2.1999999999999997_1.0_336,24.33,2.31,0.73,-0.33,-0.5,-0.68,0.15
A_OB_2.1999999999999997_1.0_337,24.64,2.31,0.73,-0.33,-0.5,-0.68,0.15
A_OB_2.1999999999999997_1.0_338,25.38,2.31,0.73,-0.33,-0.5,-0.68,0.15
A_OB_2.1999999999999997_1.0_339,18.42,2.31,0.73,-0.33,-0.5,-0.68,0.15
A_OB_2.1999999999999997_1.0_340,24.2,2.31,0.73,-0.33,-0.5,-0.68,0.15
A_OB_2.1999999999999997_1.0_341,24.32,2.31,0.73,-0.33,-0.5,-0.68,0.15
A_OB_2.1999999999999997_1.0_342,25.13,2.31,0.73,-0.33,-0.5,-0.68,0.15
A_OB_2.1999999999999997_1.0_343,25.21,2.31,0.73,-0.33,-0.5,-0.68,0.15
A_OB_2.1999999999999997_1.0_344,25.45,2.31,0.73,-0.33,-0.5,-0.68,0.15
A_OB_2.1999999999999997_1.0_345,24.57,2.31,0.73,-0.33,-0.5,-0.68,0.15
A_OB_2.1999999999999997_1.0_346,25.59,2.31,0.73,-0.33,-0.5,-0.68,0.15
A_OB_2.1999999999999997_1.0_347,24.4,2.31,0.73,-0.33,-0.5,-0.68,0.15
A_OB_2.1999999999999997_1.0_348,23.33,2.31,0.73,-0.33,-0.5,-0.68,0.15
A_OB_2.1999999999999997_1.0_349,25.06,2.31,0.73,-0.33,-0.5,-0.68,0.15
A_OB_2.1999999999999997_1.0_350,24.83,2.31,0.73,-0.33,-0.5,-0.68,0.15
A_OB_2.1999999999999997_1.0_351,25.05,2.31,0.73,-0.33,-0.5,-0.68,0.15
A_OB_2.1999999999999997_1.0_352,25.37,2.31,0.73,-0.33,-0.5,-0.68,0.15
A_OB_2.1999999999999997_1.0_353,23.55,2.31,0.73,-0.33,-0.5,-0.68,0.15
A_OB_2.1999999999999997_1.0_354,24.39,2.31,0.73,-0.33,-0.5,-0.68,0.15
A_OB_2.1999999999999997_1.0_355,25.59,2.31,0.73,-0.33,-0.5,-0.68,0.15
A_OB_2.1999999999999997_1.0_356,25.32,2.31,0.73,-0.33,-0.5,-0.68,0.15
A_OB_2.1999999999999997_1.0_357,25.5,2.31,0.73,-0.33,-0.5,-0.68,0.15
A_OB_2.1999999999999997_1.0_358,24.22,2.31,0.73,-0.33,-0.5,-0.68,0.15
A_OB_2.1999999999999997_1.0_359,20.15,2.31,0.73,-0.33,-0.5,-0.68,0.15
A_OB_2.1999999999999997_1.0_360,19.95,2.31,0.73,-0.33,-0.5,-0.68,0.15
A_OB_2.1999999999999997_1.0_361,25.42,2.31,0.73,-0.33,-0.5,-0.68,0.15
A_OB_2.1999999999999997_1.0_362,25.48,2.31,0.73,-0.33,-0.5,-0.68,0.15
A_OB_2.1999999999999997_1.0_363,25.33,2.31,0.73,-0.33,-0.5,-0.68,0.15
A_OB_2.1999999999999997_1.0_364,25.52,2.31,0.73,-0.33,-0.5,-0.68,0.15
A_OB_2.1999999999999997_1.0_365,24.59,2.31,0.73,-0.33,-0.5,-0.68,0.15
A_OB_2.1999999999999997_1.0_366,25.59,2.31,0.73,-0.33,-0.5,-0.68,0.15
A_OB_2.1999999999999997_1.0_367,25.51,2.31,0.73,-0.33,-0.5,-0.68,0.15
A_OB_2.1999999999999997_1.0_368,24.87,2.31,0.73,-0.33,-0.5,-0.68,0.15
A_OB_2.1999999999999997_1.0_369,25.43,2.31,0.73,-0.33,-0.5,-0.68,0.15
A_OB_2.1999999999999997_1.0_370,25.02,2.31,0.73,-0.33,-0.5,-0.68,0.15
A_OB_2.1999999999999997_1.0_371,24.39,2.31,0.73,-0.33,-0.5,-0.68,0.15
A_OB_2.1999999999999997_1.0_372,25.54,2.31,0.73,-0.33,-0.5,-0.68,0.15
A_OB_2.1999999999999997_1.0_373,22.07,2.31,0.73,-0.33,-0.5,-0.68,0.15
A_OB_2.1999999999999997_1.0_374,25.17,2.31,0.73,-0.33,-0.5,-0.68,0.15
A_OB_2.1999999999999997_1.0_375,25.22,2.31,0.73,-0.33,-0.5,-0.68,0.15
A_OB_2.1999999999999997_1.0_376,25.51,2.31,0.73,-0.33,-0.5,-0.68,0.15
A_OB_2.1999999999999997_1.0_377,25.28,2.31,0.73,-0.33,-0.5,-0.68,0.15
A_OB_2.1999999999999997_1.0_378,25.53,2.31,0.73,-0.33,-0.5,-0.68,0.15
A_OB_2.1999999999999997_1.0_379,25.24,2.31,0.73,-0.33,-0.5,-0.68,0.15
A_OB_2.1999999999999997_1.0_380,25.34,2.31,0.73,-0.33,-0.5,-0.68,0.15
A_OB_2.1999999999999997_1.0_381,20.71,2.31,0.73,-0.33,-0.5,-0.68,0.15
A_OB_2.1999999999999997_1.0_382,24.29,2.31,0.73,-0.33,-0.5,-0.68,0.15
A_OB_2.1999999999999997_1.0_383,24.52,2.31,0.73,-0.33,-0.5,-0.68,0.15
A_OB_2.1999999999999997_1.0_384,22.63,2.31,0.73,-0.33,-0.5,-0.68,0.15
A_OB_2.1999999999999997_1.0_385,22.2,2.31,0.73,-0.33,-0.5,-0.68,0.15
A_OB_2.1999999999999997_1.0_386,25.61,2.31,0.73,-0.33,-0.5,-0.68,0.15
A_OB_2.1999999999999997_1.0_387,25.29,2.31,0.73,-0.33,-0.5,-0.68,0.15
A_OB_2.1999999999999997_1.0_388,25.52,2.31,0.73,-0.33,-0.5,-0.68,0.15
A_OB_2.1999999999999997_1.0_389,25.42,2.31,0.73,-0.33,-0.5,-0.68,0.15
A_OB_2.1999999999999997_1.0_390,25.61,2.31,0.73,-0.33,-0.5,-0.68,0.15
A_OB_2.1999999999999997_1.0_391,23.66,2.31,0.73,-0.33,-0.5,-0.68,0.15
A_OB_2.1999999999999997_1.0_392,24.25,2.31,0.73,-0.33,-0.5,-0.68,0.15
A_OB_2.1999999999999997_1.0_393,25.29,2.31,0.73,-0.33,-0.5,-0.68,0.15
A_OB_2.1999999999999997_1.0_394,25.03,2.31,0.73,-0.33,-0.5,-0.68,0.15
A_OB_2.1999999999999997_1.0_395,25.15,2.31,0.73,-0.33,-0.5,-0.68,0.15
A_OB_2.1999999999999997_1.0_396,25.12,2.31,0.73,-0.33,-0.5,-0.68,0.15
A_OB_2.1999999999999997_1.0_397,24.86,2.31,0.73,-0.33,-0.5,-0.68,0.15
A_OB_2.1999999999999997_1.0_398,24.5,2.31,0.73,-0.33,-0.5,-0.68,0.15
A_OB_2.1999999999999997_1.0_399,24.24,2.31,0.73,-0.33,-0.5,-0.68,0.15
A_OB_2.1999999999999997_1.0_400,24.39,2.31,0.73,-0.33,-0.5,-0.68,0.15
A_OB_2.1999999999999997_1.0_401,24.8,2.31,0.73,-0.33,-0.5,-0.68,0.15
A_OB_2.1999999999999997_1.0_402,22.33,2.31,0.73,-0.33,-0.5,-0.68,0.15
A_OB_2.1999999999999997_1.0_403,24.09,2.31,0.73,-0.33,-0.5,-0.68,0.15
A_OB_2.1999999999999997_1.0_404,25.35,2.31,0.73,-0.33,-0.5,-0.68,0.15
A_OB_2.1999999999999997_1.0_405,24.96,2.31,0.73,-0.33,-0.5,-0.68,0.15
A_OB_2.1999999999999997_1.0_406,23.81,2.31,0.73,-0.33,-0.5,-0.68,0.15
A_OB_2.1999999999999997_1.0_407,25.54,2.31,0.73,-0.33,-0.5,-0.68,0.15
A_OB_2.1999999999999997_1.0_408,25.42,2.31,0.73,-0.33,-0.5,-0.68,0.15
A_OB_2.1999999999999997_1.0_409,25.6,2.31,0.73,-0.33,-0.5,-0.68,0.15
A_OB_2.1999999999999997_1.0_410,23.74,2.31,0.73,-0.33,-0.5,-0.68,0.15
A_OB_2.1999999999999997_1.0_411,25.1,2.31,0.73,-0.33,-0.5,-0.68,0.15
A_OB_2.1999999999999997_1.0_412,21.34,2.31,0.73,-0.33,-0.5,-0.68,0.15
A_OB_2.1999999999999997_1.0_413,24.45,2.31,0.73,-0.33,-0.5,-0.68,0.15
A_OB_2.1999999999999997_1.0_414,22.69,2.31,0.73,-0.33,-0.5,-0.68,0.15
A_OB_2.1999999999999997_1.0_415,25.23,2.31,0.73,-0.33,-0.5,-0.68,0.15
A_OB_2.1999999999999997_1.0_416,24.6,2.31,0.73,-0.33,-0.5,-0.68,0.15
A_OB_2.1999999999999997_1.0_417,22.77,2.31,0.73,-0.33,-0.5,-0.68,0.15
A_OB_2.1999999999999997_1.0_418,24.52,2.31,0.73,-0.33,-0.5,-0.68,0.15
A_OB_2.1999999999999997_1.0_419,25.1,2.31,0.73,-0.33,-0.5,-0.68,0.15
A_OB_2.1999999999999997_1.0_420,25.08,2.31,0.73,-0.33,-0.5,-0.68,0.15
A_OB_2.1999999999999997_1.0_421,23.9,2.31,0.73,-0.33,-0.5,-0.68,0.15
A_OB_2.1999999999999997_1.0_422,22.47,2.31,0.73,-0.33,-0.5,-0.68,0.15
A_OB_2.1999999999999997_1.0_423,23.5,2.31,0.73,-0.33,-0.5,-0.68,0.15
A_OB_2.1999999999999997_1.0_424,24.42,2.31,0.73,-0.33,-0.5,-0.68,0.15
A_OB_2.1999999999999997_1.0_425,24.87,2.31,0.73,-0.33,-0.5,-0.68,0.15
A_OB_2.1999999999999997_1.0_426,24.36,2.31,0.73,-0.33,-0.5,-0.68,0.15
A_OB_2.1999999999999997_1.0_427,25.48,2.31,0.73,-0.33,-0.5,-0.68,0.15
A_OB_2.1999999999999997_1.0_428,23.88,2.31,0.73,-0.33,-0.5,-0.68,0.15
A_OB_2.1999999999999997_1.0_429,25.46,2.31,0.73,-0.33,-0.5,-0.68,0.15
A_OB_2.1999999999999997_1.0_430,25.41,2.31,0.73,-0.33,-0.5,-0.68,0.15
A_OB_2.1999999999999997_1.0_431,24.13,2.31,0.73,-0.33,-0.5,-0.68,0.15
A_OB_2.1999999999999997_1.0_432,25.14,2.31,0.73,-0.33,-0.5,-0.68,0.15
A_OB_2.1999999999999997_1.0_433,24.55,2.31,0.73,-0.33,-0.5,-0.68,0.15
A_OB_2.1999999999999997_1.0_434,25.51,2.31,0.73,-0.33,-0.5,-0.68,0.15
A_OB_2.1999999999999997_1.0_435,20.07,2.31,0.73,-0.33,-0.5,-0.68,0.15
A_OB_2.1999999999999997_1.0_436,22.22,2.31,0.73,-0.33,-0.5,-0.68,0.15
A_OB_2.1999999999999997_1.0_437,24.65,2.31,0.73,-0.33,-0.5,-0.68,0.15
A_OB_2.1999999999999997_1.0_438,25.4,2.31,0.73,-0.33,-0.5,-0.68,0.15
A_OB_2.1999999999999997_1.0_439,23.81,2.31,0.73,-0.33,-0.5,-0.68,0.15
A_OB_2.1999999999999997_1.0_440,24.62,2.31,0.73,-0.33,-0.5,-0.68,0.15
A_OB_2.1999999999999997_1.0_441,22.94,2.31,0.73,-0.33,-0.5,-0.68,0.15
A_OB_2.1999999999999997_1.0_442,25.55,2.31,0.73,-0.33,-0.5,-0.68,0.15
A_OB_2.1999999999999997_1.0_443,25.17,2.31,0.73,-0.33,-0.5,-0.68,0.15
A_OB_2.1999999999999997_1.0_444,24.67,2.31,0.73,-0.33,-0.5,-0.68,0.15
A_OB_2.1999999999999997_1.0_445,24.49,2.31,0.73,-0.33,-0.5,-0.68,0.15
A_OB_2.1999999999999997_1.0_446,25.14,2.31,0.73,-0.33,-0.5,-0.68,0.15
A_OB_2.1999999999999997_1.0_447,25.47,2.31,0.73,-0.33,-0.5,-0.68,0.15
A_OB_2.1999999999999997_1.0_448,25.1,2.31,0.73,-0.33,-0.5,-0.68,0.15
A_OB_2.1999999999999997_1.0_449,23.94,2.31,0.73,-0.33,-0.5,-0.68,0.15
A_OB_2.1999999999999997_1.0_450,25.43,2.31,0.73,-0.33,-0.5,-0.68,0.15
A_OB_2.1999999999999997_1.0_451,24.32,2.31,0.73,-0.33,-0.5,-0.68,0.15
A_OB_2.1999999999999997_1.0_452,24.39,2.31,0.73,-0.33,-0.5,-0.68,0.15
A_OB_2.1999999999999997_1.0_453,23.72,2.31,0.73,-0.33,-0.5,-0.68,0.15
A_OB_2.1999999999999997_1.0_454,24.83,2.31,0.73,-0.33,-0.5,-0.68,0.15
A_OB_2.1999999999999997_1.0_455,25.2,2.31,0.73,-0.33,-0.5,-0.68,0.15
A_OB_2.1999999999999997_1.0_456,25.52,2.31,0.73,-0.33,-0.5,-0.68,0.15
A_OB_2.1999999999999997_1.0_457,21.92,2.31,0.73,-0.33,-0.5,-0.68,0.15
A_OB_2.1999999999999997_1.0_458,25.02,2.31,0.73,-0.33,-0.5,-0.68,0.15
A_OB_2.1999999999999997_1.0_459,25.06,2.31,0.73,-0.33,-0.5,-0.68,0.15
A_OB_2.1999999999999997_1.0_460,24.82,2.31,0.73,-0.33,-0.5,-0.68,0.15
A_OB_2.1999999999999997_1.0_461,25.12,2.31,0.73,-0.33,-0.5,-0.68,0.15
A_OB_2.1999999999999997_1.0_462,25.48,2.31,0.73,-0.33,-0.5,-0.68,0.15
A_OB_2.1999999999999997_1.0_463,20.71,2.31,0.73,-0.33,-0.5,-0.68,0.15
A_OB_2.1999999999999997_1.0_464,24.66,2.31,0.73,-0.33,-0.5,-0.68,0.15
A_OB_2.1999999999999997_1.0_465,23.55,2.31,0.73,-0.33,-0.5,-0.68,0.15
A_OB_2.1999999999999997_1.0_466,25.47,2.31,0.73,-0.33,-0.5,-0.68,0.15
A_OB_2.1999999999999997_1.0_467,25.11,2.31,0.73,-0.33,-0.5,-0.68,0.15
A_OB_2.1999999999999997_1.0_468,24.33,2.31,0.73,-0.33,-0.5,-0.68,0.15
A_OB_2.1999999999999997_1.0_469,24.18,2.31,0.73,-0.33,-0.5,-0.68,0.15
A_OB_2.1999999999999997_1.0_470,22.62,2.31,0.73,-0.33,-0.5,-0.68,0.15
A_OB_2.1999999999999997_1.0_471,24.6,2.31,0.73,-0.33,-0.5,-0.68,0.15
A_OB_2.1999999999999997_1.0_472,25.49,2.31,0.73,-0.33,-0.5,-0.68,0.15
A_OB_2.1999999999999997_1.0_473,24.63,2.31,0.73,-0.33,-0.5,-0.68,0.15
A_OB_2.1999999999999997_1.0_474,19.6,2.31,0.73,-0.33,-0.5,-0.68,0.15
A_OB_2.1999999999999997_1.0_475,24.04,2.31,0.73,-0.33,-0.5,-0.68,0.15
A_OB_2.1999999999999997_1.0_476,24.84,2.31,0.73,-0.33,-0.5,-0.68,0.15
A_OB_2.1999999999999997_1.0_477,25.13,2.31,0.73,-0.33,-0.5,-0.68,0.15
A_OB_2.1999999999999997_1.0_478,25.37,2.31,0.73,-0.33,-0.5,-0.68,0.15
A_OB_2.1999999999999997_1.0_479,25.48,2.31,0.73,-0.33,-0.5,-0.68,0.15
A_OB_2.1999999999999997_1.0_480,25.45,2.31,0.73,-0.33,-0.5,-0.68,0.15
A_OB_2.1999999999999997_1.0_481,23.82,2.31,0.73,-0.33,-0.5,-0.68,0.15
A_OB_2.1999999999999997_1.0_482,25.56,2.31,0.73,-0.33,-0.5,-0.68,0.15
A_OB_2.1999999999999997_1.0_483,23.88,2.31,0.73,-0.33,-0.5,-0.68,0.15
A_OB_2.1999999999999997_1.0_484,22.88,2.31,0.73,-0.33,-0.5,-0.68,0.15
A_OB_2.1999999999999997_1.0_485,24.15,2.31,0.73,-0.33,-0.5,-0.68,0.15
A_OB_2.1999999999999997_1.0_486,25.6,2.31,0.73,-0.33,-0.5,-0.68,0.15
A_OB_2.1999999999999997_1.0_487,25.45,2.31,0.73,-0.33,-0.5,-0.68,0.15
A_OB_2.1999999999999997_1.0_488,24.17,2.31,0.73,-0.33,-0.5,-0.68,0.15
A_OB_2.1999999999999997_1.0_489,24.85,2.31,0.73,-0.33,-0.5,-0.68,0.15
A_OB_2.1999999999999997_1.0_490,24.79,2.31,0.73,-0.33,-0.5,-0.68,0.15
A_OB_2.1999999999999997_1.0_491,25.23,2.31,0.73,-0.33,-0.5,-0.68,0.15
A_OB_2.1999999999999997_1.0_492,25.31,2.31,0.73,-0.33,-0.5,-0.68,0.15
A_OB_2.1999999999999997_1.0_493,24.87,2.31,0.73,-0.33,-0.5,-0.68,0.15
A_OB_2.1999999999999997_1.0_494,25.13,2.31,0.73,-0.33,-0.5,-0.68,0.15
A_OB_2.1999999999999997_1.0_495,20.61,2.31,0.73,-0.33,-0.5,-0.68,0.15
A_OB_2.1999999999999997_1.0_496,25.55,2.31,0.73,-0.33,-0.5,-0.68,0.15
A_OB_2.1999999999999997_1.0_497,25.35,2.31,0.73,-0.33,-0.5,-0.68,0.15
A_OB_2.1999999999999997_1.0_498,25.6,2.31,0.73,-0.33,-0.5,-0.68,0.15
A_OB_2.1999999999999997_1.0_499,25.36,2.31,0.73,-0.33,-0.5,-0.68,0.15
A_OB_2.1999999999999997_1.0_500,24.4,2.31,0.73,-0.33,-0.5,-0.68,0.15
A_OB_2.1999999999999997_1.0_501,24.89,2.31,0.73,-0.33,-0.5,-0.68,0.15
A_OB_2.1999999999999997_1.0_502,24.85,2.31,0.73,-0.33,-0.5,-0.68,0.15
A_OB_2.1999999999999997_1.0_503,16.44,2.31,0.73,-0.33,-0.5,-0.68,0.15
A_OB_2.1999999999999997_1.0_504,24.74,2.31,0.73,-0.33,-0.5,-0.68,0.15
A_OB_2.1999999999999997_1.0_505,22.47,2.31,0.73,-0.33,-0.5,-0.68,0.15
A_OB_2.1999999999999997_1.0_506,24.24,2.31,0.73,-0.33,-0.5,-0.68,0.15
A_OB_2.1999999999999997_1.0_507,22.01,2.31,0.73,-0.33,-0.5,-0.68,0.15
A_OB_2.1999999999999997_1.0_508,21.32,2.31,0.73,-0.33,-0.5,-0.68,0.15
A_OB_2.1999999999999997_1.0_509,22.75,2.31,0.73,-0.33,-0.5,-0.68,0.15
A_OB_2.1999999999999997_1.0_510,23.83,2.31,0.73,-0.33,-0.5,-0.68,0.15
A_OB_2.1999999999999997_1.0_511,25.01,2.31,0.73,-0.33,-0.5,-0.68,0.15
A_OB_2.1999999999999997_1.0_512,25.51,2.31,0.73,-0.33,-0.5,-0.68,0.15
A_OB_2.1999999999999997_1.0_513,23.24,2.31,0.73,-0.33,-0.5,-0.68,0.15
A_OB_2.1999999999999997_1.0_514,24.82,2.31,0.73,-0.33,-0.5,-0.68,0.15
A_OB_2.1999999999999997_1.0_515,25.47,2.31,0.73,-0.33,-0.5,-0.68,0.15
A_OB_2.1999999999999997_1.0_516,25.32,2.31,0.73,-0.33,-0.5,-0.68,0.15
A_OB_2.1999999999999997_1.0_517,25.04,2.31,0.73,-0.33,-0.5,-0.68,0.15
A_OB_2.1999999999999997_1.0_518,25.52,2.31,0.73,-0.33,-0.5,-0.68,0.15
A_OB_2.1999999999999997_1.0_519,22.83,2.31,0.73,-0.33,-0.5,-0.68,0.15
A_OB_2.1999999999999997_1.0_520,25.3,2.31,0.73,-0.33,-0.5,-0.68,0.15
A_OB_2.1999999999999997_1.0_521,23.82,2.31,0.73,-0.33,-0.5,-0.68,0.15
A_OB_2.1999999999999997_1.0_522,25.53,2.31,0.73,-0.33,-0.5,-0.68,0.15
A_OB_2.1999999999999997_1.0_523,25.26,2.31,0.73,-0.33,-0.5,-0.68,0.15
A_OB_2.1999999999999997_1.0_524,24.36,2.31,0.73,-0.33,-0.5,-0.68,0.15
A_OB_2.1999999999999997_1.0_525,24.79,2.31,0.73,-0.33,-0.5,-0.68,0.15
A_OB_2.1999999999999997_1.0_526,25.43,2.31,0.73,-0.33,-0.5,-0.68,0.15
A_OB_2.1999999999999997_1.0_527,25.26,2.31,0.73,-0.33,-0.5,-0.68,0.15
A_OB_2.1999999999999997_1.0_528,23.34,2.31,0.73,-0.33,-0.5,-0.68,0.15
A_OB_2.1999999999999997_1.0_529,25.1,2.31,0.73,-0.33,-0.5,-0.68,0.15
A_OB_2.1999999999999997_1.0_530,24.93,2.31,0.73,-0.33,-0.5,-0.68,0.15
A_OB_2.1999999999999997_1.0_531,25.41,2.31,0.73,-0.33,-0.5,-0.68,0.15
A_OB_2.1999999999999997_1.0_532,24.6,2.31,0.73,-0.33,-0.5,-0.68,0.15
A_OB_2.1999999999999997_1.0_533,25.62,2.31,0.73,-0.33,-0.5,-0.68,0.15
A_OB_2.1999999999999997_1.0_534,22.39,2.31,0.73,-0.33,-0.5,-0.68,0.15
A_OB_2.1999999999999997_1.0_535,24.36,2.31,0.73,-0.33,-0.5,-0.68,0.15
A_OB_2.1999999999999997_1.0_536,25.38,2.31,0.73,-0.33,-0.5,-0.68,0.15
A_OB_2.1999999999999997_1.0_537,24.57,2.31,0.73,-0.33,-0.5,-0.68,0.15
A_OB_2.1999999999999997_1.0_538,23.31,2.31,0.73,-0.33,-0.5,-0.68,0.15
A_OB_2.1999999999999997_1.0_539,25.41,2.31,0.73,-0.33,-0.5,-0.68,0.15
A_OB_2.1999999999999997_1.0_540,24.9,2.31,0.73,-0.33,-0.5,-0.68,0.15
A_OB_2.1999999999999997_1.0_541,25.29,2.31,0.73,-0.33,-0.5,-0.68,0.15
A_OB_2.1999999999999997_1.0_542,25.11,2.31,0.73,-0.33,-0.5,-0.68,0.15
A_OB_2.1999999999999997_1.0_543,24.9,2.31,0.73,-0.33,-0.5,-0.68,0.15
A_OB_2.1999999999999997_1.0_544,25.58,2.31,0.73,-0.33,-0.5,-0.68,0.15
A_OB_2.1999999999999997_1.0_545,24.37,2.31,0.73,-0.33,-0.5,-0.68,0.15
A_OB_2.1999999999999997_1.0_546,25.23,2.31,0.73,-0.33,-0.5,-0.68,0.15
A_OB_2.1999999999999997_1.0_547,25.6,2.31,0.73,-0.33,-0.5,-0.68,0.15
A_OB_2.1999999999999997_1.0_548,20.75,2.31,0.73,-0.33,-0.5,-0.68,0.15
A_OB_2.1999999999999997_1.0_549,25.5,2.31,0.73,-0.33,-0.5,-0.68,0.15
A_OB_2.1999999999999997_1.0_550,22.91,2.31,0.73,-0.33,-0.5,-0.68,0.15
A_OB_2.1999999999999997_1.0_551,25.11,2.31,0.73,-0.33,-0.5,-0.68,0.15
A_OB_2.1999999999999997_1.0_552,23.87,2.31,0.73,-0.33,-0.5,-0.68,0.15
A_OB_2.1999999999999997_1.0_553,23.26,2.31,0.73,-0.33,-0.5,-0.68,0.15
A_OB_2.1999999999999997_1.0_554,25.25,2.31,0.73,-0.33,-0.5,-0.68,0.15
A_OB_2.1999999999999997_1.0_555,24.51,2.31,0.73,-0.33,-0.5,-0.68,0.15
A_OB_2.1999999999999997_1.0_556,24.35,2.31,0.73,-0.33,-0.5,-0.68,0.15
A_OB_2.1999999999999997_1.0_557,25.48,2.31,0.73,-0.33,-0.5,-0.68,0.15
A_OB_2.1999999999999997_1.0_558,23.3,2.31,0.73,-0.33,-0.5,-0.68,0.15
A_OB_2.1999999999999997_1.0_559,23.77,2.31,0.73,-0.33,-0.5,-0.68,0.15
A_OB_2.1999999999999997_1.0_560,22.41,2.31,0.73,-0.33,-0.5,-0.68,0.15
A_OB_2.1999999999999997_1.0_561,24.73,2.31,0.73,-0.33,-0.5,-0.68,0.15
A_OB_2.1999999999999997_1.0_562,24.0,2.31,0.73,-0.33,-0.5,-0.68,0.15
A_OB_2.1999999999999997_1.0_563,25.03,2.31,0.73,-0.33,-0.5,-0.68,0.15
A_OB_2.1999999999999997_1.0_564,24.83,2.31,0.73,-0.33,-0.5,-0.68,0.15
A_OB_2.1999999999999997_1.0_565,24.68,2.31,0.73,-0.33,-0.5,-0.68,0.15
A_OB_2.1999999999999997_1.0_566,25.18,2.31,0.73,-0.33,-0.5,-0.68,0.15
A_OB_2.1999999999999997_1.0_567,23.88,2.31,0.73,-0.33,-0.5,-0.68,0.15
A_OB_2.1999999999999997_1.0_568,25.39,2.31,0.73,-0.33,-0.5,-0.68,0.15
A_OB_2.1999999999999997_1.0_569,24.69,2.31,0.73,-0.33,-0.5,-0.68,0.15
A_OB_2.1999999999999997_1.0_570,25.37,2.31,0.73,-0.33,-0.5,-0.68,0.15
A_OB_2.1999999999999997_1.0_571,25.27,2.31,0.73,-0.33,-0.5,-0.68,0.15
A_OB_2.1999999999999997_1.0_572,25.6,2.31,0.73,-0.33,-0.5,-0.68,0.15
A_OB_2.1999999999999997_1.0_573,24.35,2.31,0.73,-0.33,-0.5,-0.68,0.15
A_OB_2.1999999999999997_1.0_574,25.3,2.31,0.73,-0.33,-0.5,-0.68,0.15
A_OB_2.1999999999999997_1.0_575,25.53,2.31,0.73,-0.33,-0.5,-0.68,0.15
A_OB_2.1999999999999997_1.0_576,20.78,2.31,0.73,-0.33,-0.5,-0.68,0.15
A_OB_2.1999999999999997_1.0_577,22.33,2.31,0.73,-0.33,-0.5,-0.68,0.15
A_OB_2.1999999999999997_1.0_578,24.62,2.31,0.73,-0.33,-0.5,-0.68,0.15
A_OB_2.1999999999999997_1.0_579,24.36,2.31,0.73,-0.33,-0.5,-0.68,0.15
A_OB_2.1999999999999997_1.0_580,24.4,2.31,0.73,-0.33,-0.5,-0.68,0.15
A_OB_2.1999999999999997_1.0_581,22.52,2.31,0.73,-0.33,-0.5,-0.68,0.15
A_OB_2.1999999999999997_1.0_582,23.96,2.31,0.73,-0.33,-0.5,-0.68,0.15
A_OB_2.1999999999999997_1.0_583,24.75,2.31,0.73,-0.33,-0.5,-0.68,0.15
A_OB_2.1999999999999997_1.0_584,22.89,2.31,0.73,-0.33,-0.5,-0.68,0.15
A_OB_2.1999999999999997_1.0_585,25.52,2.31,0.73,-0.33,-0.5,-0.68,0.15
A_OB_2.1999999999999997_1.0_586,24.21,2.31,0.73,-0.33,-0.5,-0.68,0.15
A_OB_2.1999999999999997_1.0_587,24.36,2.31,0.73,-0.33,-0.5,-0.68,0.15
A_OB_2.1999999999999997_1.0_588,24.6,2.31,0.73,-0.33,-0.5,-0.68,0.15
A_OB_2.1999999999999997_1.0_589,24.92,2.31,0.73,-0.33,-0.5,-0.68,0.15
A_OB_2.1999999999999997_1.0_590,23.01,2.31,0.73,-0.33,-0.5,-0.68,0.15
A_OB_2.1999999999999997_1.0_591,25.55,2.31,0.73,-0.33,-0.5,-0.68,0.15
A_OB_2.1999999999999997_1.0_592,25.29,2.31,0.73,-0.33,-0.5,-0.68,0.15
A_OB_2.1999999999999997_1.0_593,23.6,2.31,0.73,-0.33,-0.5,-0.68,0.15
A_OB_2.1999999999999997_1.0_594,25.41,2.31,0.73,-0.33,-0.5,-0.68,0.15
A_OB_2.1999999999999997_1.0_595,19.85,2.31,0.73,-0.33,-0.5,-0.68,0.15
A_OB_2.1999999999999997_1.0_596,25.48,2.31,0.73,-0.33,-0.5,-0.68,0.15
A_OB_2.1999999999999997_1.0_597,22.72,2.31,0.73,-0.33,-0.5,-0.68,0.15
A_OB_2.1999999999999997_1.0_598,24.41,2.31,0.73,-0.33,-0.5,-0.68,0.15
A_OB_2.1999999999999997_1.0_599,25.35,2.31,0.73,-0.33,-0.5,-0.68,0.15
A_OB_2.1999999999999997_1.0_600,24.4,2.31,0.73,-0.33,-0.5,-0.68,0.15
A_OB_2.1999999999999997_1.0_601,25.6,2.31,0.73,-0.33,-0.5,-0.68,0.15
A_OB_2.1999999999999997_1.0_602,25.27,2.31,0.73,-0.33,-0.5,-0.68,0.15
A_OB_2.1999999999999997_1.0_603,22.8,2.31,0.73,-0.33,-0.5,-0.68,0.15
A_OB_2.1999999999999997_1.0_604,21.75,2.31,0.73,-0.33,-0.5,-0.68,0.15
A_OB_2.1999999999999997_1.0_605,25.45,2.31,0.73,-0.33,-0.5,-0.68,0.15
A_OB_2.1999999999999997_1.0_606,25.47,2.31,0.73,-0.33,-0.5,-0.68,0.15
A_OB_2.1999999999999997_1.0_607,24.71,2.31,0.73,-0.33,-0.5,-0.68,0.15
A_OB_2.1999999999999997_1.0_608,25.34,2.31,0.73,-0.33,-0.5,-0.68,0.15
A_OB_2.1999999999999997_1.0_609,25.51,2.31,0.73,-0.33,-0.5,-0.68,0.15
A_OB_2.1999999999999997_1.0_610,25.09,2.31,0.73,-0.33,-0.5,-0.68,0.15
A_OB_2.1999999999999997_1.0_611,25.51,2.31,0.73,-0.33,-0.5,-0.68,0.15
A_OB_2.1999999999999997_1.0_612,25.4,2.31,0.73,-0.33,-0.5,-0.68,0.15
A_OB_2.1999999999999997_1.0_613,24.75,2.31,0.73,-0.33,-0.5,-0.68,0.15
A_OB_2.1999999999999997_1.0_614,25.47,2.31,0.73,-0.33,-0.5,-0.68,0.15
A_OB_2.1999999999999997_1.0_615,24.51,2.31,0.73,-0.33,-0.5,-0.68,0.15
A_OB_2.1999999999999997_1.0_616,25.02,2.31,0.73,-0.33,-0.5,-0.68,0.15
A_OB_2.1999999999999997_1.0_617,25.04,2.31,0.73,-0.33,-0.5,-0.68,0.15
A_OB_2.1999999999999997_1.0_618,24.96,2.31,0.73,-0.33,-0.5,-0.68,0.15
A_OB_2.1999999999999997_1.0_619,24.61,2.31,0.73,-0.33,-0.5,-0.68,0.15
A_OB_2.1999999999999997_1.0_620,22.49,2.31,0.73,-0.33,-0.5,-0.68,0.15
A_OB_2.1999999999999997_1.0_621,24.69,2.31,0.73,-0.33,-0.5,-0.68,0.15
A_OB_2.1999999999999997_1.0_622,24.59,2.31,0.73,-0.33,-0.5,-0.68,0.15
A_OB_2.1999999999999997_1.0_623,25.47,2.31,0.73,-0.33,-0.5,-0.68,0.15
A_OB_2.1999999999999997_1.0_624,25.43,2.31,0.73,-0.33,-0.5,-0.68,0.15
A_OB_2.1999999999999997_1.0_625,24.27,2.31,0.73,-0.33,-0.5,-0.68,0.15
A_OB_2.1999999999999997_1.0_626,25.41,2.31,0.73,-0.33,-0.5,-0.68,0.15
A_OB_2.1999999999999997_1.0_627,24.9,2.31,0.73,-0.33,-0.5,-0.68,0.15
A_OB_2.1999999999999997_1.0_628,24.84,2.31,0.73,-0.33,-0.5,-0.68,0.15
A_OB_2.1999999999999997_1.0_629,25.52,2.31,0.73,-0.33,-0.5,-0.68,0.15
A_OB_2.1999999999999997_1.0_630,24.63,2.31,0.73,-0.33,-0.5,-0.68,0.15
A_OB_2.1999999999999997_1.0_631,25.56,2.31,0.73,-0.33,-0.5,-0.68,0.15
A_OB_2.1999999999999997_1.0_632,25.09,2.31,0.73,-0.33,-0.5,-0.68,0.15
A_OB_2.1999999999999997_1.0_633,22.41,2.31,0.73,-0.33,-0.5,-0.68,0.15
A_OB_2.1999999999999997_1.0_634,24.41,2.31,0.73,-0.33,-0.5,-0.68,0.15
A_OB_2.1999999999999997_1.0_635,25.37,2.31,0.73,-0.33,-0.5,-0.68,0.15
A_OB_2.1999999999999997_1.0_636,23.7,2.31,0.73,-0.33,-0.5,-0.68,0.15
A_OB_2.1999999999999997_1.0_637,24.46,2.31,0.73,-0.33,-0.5,-0.68,0.15
A_OB_2.1999999999999997_1.0_638,24.55,2.31,0.73,-0.33,-0.5,-0.68,0.15
A_OB_2.1999999999999997_1.0_639,22.27,2.31,0.73,-0.33,-0.5,-0.68,0.15
A_OB_2.1999999999999997_1.0_640,25.49,2.31,0.73,-0.33,-0.5,-0.68,0.15
A_OB_2.1999999999999997_1.0_641,23.86,2.31,0.73,-0.33,-0.5,-0.68,0.15
A_OB_2.1999999999999997_1.0_642,24.13,2.31,0.73,-0.33,-0.5,-0.68,0.15
A_OB_2.1999999999999997_1.0_643,25.17,2.31,0.73,-0.33,-0.5,-0.68,0.15
A_OB_2.1999999999999997_1.0_644,22.03,2.31,0.73,-0.33,-0.5,-0.68,0.15
A_OB_2.1999999999999997_1.0_645,24.37,2.31,0.73,-0.33,-0.5,-0.68,0.15
A_OB_2.1999999999999997_1.0_646,21.6,2.31,0.73,-0.33,-0.5,-0.68,0.15
A_OB_2.1999999999999997_1.0_647,25.4,2.31,0.73,-0.33,-0.5,-0.68,0.15
A_OB_2.1999999999999997_1.0_648,24.28,2.31,0.73,-0.33,-0.5,-0.68,0.15
A_OB_2.1999999999999997_1.0_649,25.02,2.31,0.73,-0.33,-0.5,-0.68,0.15
A_OB_2.1999999999999997_1.0_650,25.01,2.31,0.73,-0.33,-0.5,-0.68,0.15
A_OB_2.1999999999999997_1.0_651,23.96,2.31,0.73,-0.33,-0.5,-0.68,0.15
A_OB_2.1999999999999997_1.0_652,24.98,2.31,0.73,-0.33,-0.5,-0.68,0.15
A_OB_2.1999999999999997_1.0_653,25.51,2.31,0.73,-0.33,-0.5,-0.68,0.15
A_OB_2.1999999999999997_1.0_654,20.98,2.31,0.73,-0.33,-0.5,-0.68,0.15
A_OB_2.1999999999999997_1.0_655,25.19,2.31,0.73,-0.33,-0.5,-0.68,0.15
A_OB_2.1999999999999997_1.0_656,25.47,2.31,0.73,-0.33,-0.5,-0.68,0.15
A_OB_2.1999999999999997_1.0_657,23.13,2.31,0.73,-0.33,-0.5,-0.68,0.15
A_OB_2.1999999999999997_1.0_658,25.04,2.31,0.73,-0.33,-0.5,-0.68,0.15
A_OB_2.1999999999999997_1.0_659,25.05,2.31,0.73,-0.33,-0.5,-0.68,0.15
A_OB_2.1999999999999997_1.0_660,25.07,2.31,0.73,-0.33,-0.5,-0.68,0.15
A_OB_2.1999999999999997_1.0_661,21.48,2.31,0.73,-0.33,-0.5,-0.68,0.15
A_OB_2.1999999999999997_1.0_662,25.42,2.31,0.73,-0.33,-0.5,-0.68,0.15
A_OB_2.1999999999999997_1.0_663,24.67,2.31,0.73,-0.33,-0.5,-0.68,0.15
A_OB_2.1999999999999997_1.0_664,22.3,2.31,0.73,-0.33,-0.5,-0.68,0.15
A_OB_2.1999999999999997_1.0_665,24.95,2.31,0.73,-0.33,-0.5,-0.68,0.15
A_OB_2.1999999999999997_1.0_666,25.28,2.31,0.73,-0.33,-0.5,-0.68,0.15
A_OB_2.1999999999999997_1.0_667,24.96,2.31,0.73,-0.33,-0.5,-0.68,0.15
A_OB_2.1999999999999997_1.0_668,22.41,2.31,0.73,-0.33,-0.5,-0.68,0.15
A_OB_2.1999999999999997_1.0_669,20.07,2.31,0.73,-0.33,-0.5,-0.68,0.15
A_OB_2.1999999999999997_1.0_670,20.96,2.31,0.73,-0.33,-0.5,-0.68,0.15
A_OB_2.1999999999999997_1.0_671,25.42,2.31,0.73,-0.33,-0.5,-0.68,0.15
A_OB_2.1999999999999997_1.0_672,24.98,2.31,0.73,-0.33,-0.5,-0.68,0.15
A_OB_2.1999999999999997_1.0_673,23.86,2.31,0.73,-0.33,-0.5,-0.68,0.15
A_OB_2.1999999999999997_1.0_674,21.39,2.31,0.73,-0.33,-0.5,-0.68,0.15
A_OB_2.1999999999999997_1.0_675,24.63,2.31,0.73,-0.33,-0.5,-0.68,0.15
A_OB_2.1999999999999997_1.0_676,24.68,2.31,0.73,-0.33,-0.5,-0.68,0.15
A_OB_2.1999999999999997_1.0_677,24.33,2.31,0.73,-0.33,-0.5,-0.68,0.15
A_OB_2.1999999999999997_1.0_678,24.93,2.31,0.73,-0.33,-0.5,-0.68,0.15
A_OB_2.1999999999999997_1.0_679,24.39,2.31,0.73,-0.33,-0.5,-0.68,0.15
A_OB_2.1999999999999997_1.0_680,25.12,2.31,0.73,-0.33,-0.5,-0.68,0.15
A_OB_2.1999999999999997_1.0_681,24.58,2.31,0.73,-0.33,-0.5,-0.68,0.15
A_OB_2.1999999999999997_1.0_682,24.92,2.31,0.73,-0.33,-0.5,-0.68,0.15
A_OB_2.1999999999999997_1.0_683,25.37,2.31,0.73,-0.33,-0.5,-0.68,0.15
A_OB_2.1999999999999997_1.0_684,23.79,2.31,0.73,-0.33,-0.5,-0.68,0.15
A_OB_2.1999999999999997_1.0_685,21.69,2.31,0.73,-0.33,-0.5,-0.68,0.15
A_OB_2.1999999999999997_1.0_686,24.07,2.31,0.73,-0.33,-0.5,-0.68,0.15
A_OB_2.1999999999999997_1.0_687,24.88,2.31,0.73,-0.33,-0.5,-0.68,0.15
A_OB_2.1999999999999997_1.0_688,25.39,2.31,0.73,-0.33,-0.5,-0.68,0.15
A_OB_2.1999999999999997_1.0_689,23.06,2.31,0.73,-0.33,-0.5,-0.68,0.15
A_OB_2.1999999999999997_1.0_690,20.98,2.31,0.73,-0.33,-0.5,-0.68,0.15
A_OB_2.1999999999999997_1.0_691,23.87,2.31,0.73,-0.33,-0.5,-0.68,0.15
A_OB_2.1999999999999997_1.0_692,23.92,2.31,0.73,-0.33,-0.5,-0.68,0.15
A_OB_2.1999999999999997_1.0_693,23.97,2.31,0.73,-0.33,-0.5,-0.68,0.15
A_OB_2.1999999999999997_1.0_694,25.5,2.31,0.73,-0.33,-0.5,-0.68,0.15
A_OB_2.1999999999999997_1.0_695,24.83,2.31,0.73,-0.33,-0.5,-0.68,0.15
A_OB_2.1999999999999997_1.0_696,25.11,2.31,0.73,-0.33,-0.5,-0.68,0.15
A_OB_2.1999999999999997_1.0_697,24.19,2.31,0.73,-0.33,-0.5,-0.68,0.15
A_OB_2.1999999999999997_1.0_698,24.5,2.31,0.73,-0.33,-0.5,-0.68,0.15
A_OB_2.1999999999999997_1.0_699,23.2,2.31,0.73,-0.33,-0.5,-0.68,0.15
A_OB_2.1999999999999997_1.0_700,24.05,2.31,0.73,-0.33,-0.5,-0.68,0.15
A_OB_2.1999999999999997_1.0_701,24.79,2.31,0.73,-0.33,-0.5,-0.68,0.15
A_OB_2.1999999999999997_1.0_702,22.19,2.31,0.73,-0.33,-0.5,-0.68,0.15
A_OB_2.1999999999999997_1.0_703,21.3,2.31,0.73,-0.33,-0.5,-0.68,0.15
A_OB_2.1999999999999997_1.0_704,25.25,2.31,0.73,-0.33,-0.5,-0.68,0.15
A_OB_2.1999999999999997_1.0_705,25.51,2.31,0.73,-0.33,-0.5,-0.68,0.15
A_OB_2.1999999999999997_1.0_706,24.55,2.31,0.73,-0.33,-0.5,-0.68,0.15
A_OB_2.1999999999999997_1.0_707,24.03,2.31,0.73,-0.33,-0.5,-0.68,0.15
A_OB_2.1999999999999997_1.0_708,25.34,2.31,0.73,-0.33,-0.5,-0.68,0.15
A_OB_2.1999999999999997_1.0_709,23.88,2.31,0.73,-0.33,-0.5,-0.68,0.15
A_OB_2.1999999999999997_1.0_710,25.41,2.31,0.73,-0.33,-0.5,-0.68,0.15
A_OB_2.1999999999999997_1.0_711,24.74,2.31,0.73,-0.33,-0.5,-0.68,0.15
A_OB_2.1999999999999997_1.0_712,22.04,2.31,0.73,-0.33,-0.5,-0.68,0.15
A_OB_2.1999999999999997_1.0_713,25.48,2.31,0.73,-0.33,-0.5,-0.68,0.15
A_OB_2.1999999999999997_1.0_714,25.5,2.31,0.73,-0.33,-0.5,-0.68,0.15
A_OB_2.1999999999999997_1.0_715,25.46,2.31,0.73,-0.33,-0.5,-0.68,0.15
A_OB_2.1999999999999997_1.0_716,22.01,2.31,0.73,-0.33,-0.5,-0.68,0.15
A_OB_2.1999999999999997_1.0_717,25.16,2.31,0.73,-0.33,-0.5,-0.68,0.15
A_OB_2.1999999999999997_1.0_718,25.07,2.31,0.73,-0.33,-0.5,-0.68,0.15
A_OB_2.1999999999999997_1.0_719,22.25,2.31,0.73,-0.33,-0.5,-0.68,0.15
A_OB_2.1999999999999997_1.0_720,24.61,2.31,0.73,-0.33,-0.5,-0.68,0.15
A_OB_2.1999999999999997_1.0_721,24.11,2.31,0.73,-0.33,-0.5,-0.68,0.15
A_OB_2.1999999999999997_1.0_722,24.9,2.31,0.73,-0.33,-0.5,-0.68,0.15
A_OB_2.1999999999999997_1.0_723,22.98,2.31,0.73,-0.33,-0.5,-0.68,0.15
A_OB_2.1999999999999997_1.0_724,25.07,2.31,0.73,-0.33,-0.5,-0.68,0.15
A_OB_2.1999999999999997_1.0_725,19.08,2.31,0.73,-0.33,-0.5,-0.68,0.15
A_OB_2.1999999999999997_1.0_726,25.29,2.31,0.73,-0.33,-0.5,-0.68,0.15
A_OB_2.1999999999999997_1.0_727,23.27,2.31,0.73,-0.33,-0.5,-0.68,0.15
A_OB_2.1999999999999997_1.0_728,22.95,2.31,0.73,-0.33,-0.5,-0.68,0.15
A_OB_2.1999999999999997_1.0_729,25.57,2.31,0.73,-0.33,-0.5,-0.68,0.15
A_OB_2.1999999999999997_1.0_730,23.02,2.31,0.73,-0.33,-0.5,-0.68,0.15
A_OB_2.1999999999999997_1.0_731,24.6,2.31,0.73,-0.33,-0.5,-0.68,0.15
A_OB_2.1999999999999997_1.0_732,25.35,2.31,0.73,-0.33,-0.5,-0.68,0.15
A_OB_2.1999999999999997_1.0_733,24.94,2.31,0.73,-0.33,-0.5,-0.68,0.15
A_OB_2.1999999999999997_1.0_734,25.3,2.31,0.73,-0.33,-0.5,-0.68,0.15
A_OB_2.1999999999999997_1.0_735,25.61,2.31,0.73,-0.33,-0.5,-0.68,0.15
A_OB_2.1999999999999997_1.0_736,24.03,2.31,0.73,-0.33,-0.5,-0.68,0.15
A_OB_2.1999999999999997_1.0_737,24.83,2.31,0.73,-0.33,-0.5,-0.68,0.15
A_OB_2.1999999999999997_1.0_738,22.63,2.31,0.73,-0.33,-0.5,-0.68,0.15
A_OB_2.1999999999999997_1.0_739,25.11,2.31,0.73,-0.33,-0.5,-0.68,0.15
A_OB_2.1999999999999997_1.0_740,25.32,2.31,0.73,-0.33,-0.5,-0.68,0.15
A_OB_2.1999999999999997_1.0_741,24.73,2.31,0.73,-0.33,-0.5,-0.68,0.15
A_OB_2.1999999999999997_1.0_742,25.12,2.31,0.73,-0.33,-0.5,-0.68,0.15
A_OB_2.1999999999999997_1.0_743,24.96,2.31,0.73,-0.33,-0.5,-0.68,0.15
A_OB_2.1999999999999997_1.0_744,24.6,2.31,0.73,-0.33,-0.5,-0.68,0.15
A_OB_2.1999999999999997_1.0_745,25.21,2.31,0.73,-0.33,-0.5,-0.68,0.15
A_OB_2.1999999999999997_1.0_746,23.2,2.31,0.73,-0.33,-0.5,-0.68,0.15
A_OB_2.1999999999999997_1.0_747,23.51,2.31,0.73,-0.33,-0.5,-0.68,0.15
A_OB_2.1999999999999997_1.0_748,24.9,2.31,0.73,-0.33,-0.5,-0.68,0.15
A_OB_2.1999999999999997_1.0_749,24.45,2.31,0.73,-0.33,-0.5,-0.68,0.15
A_OB_2.1999999999999997_1.0_750,21.6,2.31,0.73,-0.33,-0.5,-0.68,0.15
A_OB_2.1999999999999997_1.0_751,24.13,2.31,0.73,-0.33,-0.5,-0.68,0.15
A_OB_2.1999999999999997_1.0_752,25.36,2.31,0.73,-0.33,-0.5,-0.68,0.15
A_OB_2.1999999999999997_1.0_753,22.28,2.31,0.73,-0.33,-0.5,-0.68,0.15
A_OB_2.1999999999999997_1.0_754,23.14,2.31,0.73,-0.33,-0.5,-0.68,0.15
A_OB_2.1999999999999997_1.0_755,22.17,2.31,0.73,-0.33,-0.5,-0.68,0.15
A_OB_2.1999999999999997_1.0_756,25.42,2.31,0.73,-0.33,-0.5,-0.68,0.15
A_OB_2.1999999999999997_1.0_757,23.41,2.31,0.73,-0.33,-0.5,-0.68,0.15
A_OB_2.1999999999999997_1.0_758,25.49,2.31,0.73,-0.33,-0.5,-0.68,0.15
A_OB_2.1999999999999997_1.0_759,25.55,2.31,0.73,-0.33,-0.5,-0.68,0.15
A_OB_2.1999999999999997_1.0_760,24.84,2.31,0.73,-0.33,-0.5,-0.68,0.15
A_OB_2.1999999999999997_1.0_761,25.53,2.31,0.73,-0.33,-0.5,-0.68,0.15
A_OB_2.1999999999999997_1.0_762,25.55,2.31,0.73,-0.33,-0.5,-0.68,0.15
A_OB_2.1999999999999997_1.0_763,23.23,2.31,0.73,-0.33,-0.5,-0.68,0.15
A_OB_2.1999999999999997_1.0_764,24.19,2.31,0.73,-0.33,-0.5,-0.68,0.15
A_OB_2.1999999999999997_1.0_765,25.26,2.31,0.73,-0.33,-0.5,-0.68,0.15
A_OB_2.1999999999999997_1.0_766,24.23,2.31,0.73,-0.33,-0.5,-0.68,0.15
A_OB_2.1999999999999997_1.0_767,24.93,2.31,0.73,-0.33,-0.5,-0.68,0.15
A_OB_2.1999999999999997_1.0_768,22.31,2.31,0.73,-0.33,-0.5,-0.68,0.15
A_OB_2.1999999999999997_1.0_769,25.09,2.31,0.73,-0.33,-0.5,-0.68,0.15
A_OB_2.1999999999999997_1.0_770,24.19,2.31,0.73,-0.33,-0.5,-0.68,0.15
A_OB_2.1999999999999997_1.0_771,24.14,2.31,0.73,-0.33,-0.5,-0.68,0.15
A_OB_2.1999999999999997_1.0_772,25.25,2.31,0.73,-0.33,-0.5,-0.68,0.15
A_OB_2.1999999999999997_1.0_773,25.17,2.31,0.73,-0.33,-0.5,-0.68,0.15
A_OB_2.1999999999999997_1.0_774,25.25,2.31,0.73,-0.33,-0.5,-0.68,0.15
A_OB_2.1999999999999997_1.0_775,23.63,2.31,0.73,-0.33,-0.5,-0.68,0.15
A_OB_2.1999999999999997_1.0_776,25.19,2.31,0.73,-0.33,-0.5,-0.68,0.15
A_OB_2.1999999999999997_1.0_777,25.45,2.31,0.73,-0.33,-0.5,-0.68,0.15
A_OB_2.1999999999999997_1.0_778,25.04,2.31,0.73,-0.33,-0.5,-0.68,0.15
A_OB_2.1999999999999997_1.0_779,23.53,2.31,0.73,-0.33,-0.5,-0.68,0.15
A_OB_2.1999999999999997_1.0_780,25.58,2.31,0.73,-0.33,-0.5,-0.68,0.15
A_OB_2.1999999999999997_1.0_781,23.1,2.31,0.73,-0.33,-0.5,-0.68,0.15
A_OB_2.1999999999999997_1.0_782,25.52,2.31,0.73,-0.33,-0.5,-0.68,0.15
A_OB_2.1999999999999997_1.0_783,25.28,2.31,0.73,-0.33,-0.5,-0.68,0.15
A_OB_2.1999999999999997_1.0_784,25.2,2.31,0.73,-0.33,-0.5,-0.68,0.15
A_OB_2.1999999999999997_1.0_785,25.61,2.31,0.73,-0.33,-0.5,-0.68,0.15
A_OB_2.1999999999999997_1.0_786,25.25,2.31,0.73,-0.33,-0.5,-0.68,0.15
A_OB_2.1999999999999997_1.0_787,25.51,2.31,0.73,-0.33,-0.5,-0.68,0.15
A_OB_2.1999999999999997_1.0_788,24.44,2.31,0.73,-0.33,-0.5,-0.68,0.15
A_OB_2.1999999999999997_1.0_789,24.44,2.31,0.73,-0.33,-0.5,-0.68,0.15
A_OB_2.1999999999999997_1.0_790,23.96,2.31,0.73,-0.33,-0.5,-0.68,0.15
A_OB_2.1999999999999997_1.0_791,24.72,2.31,0.73,-0.33,-0.5,-0.68,0.15
A_OB_2.1999999999999997_1.0_792,23.49,2.31,0.73,-0.33,-0.5,-0.68,0.15
A_OB_2.1999999999999997_1.0_793,25.52,2.31,0.73,-0.33,-0.5,-0.68,0.15
A_OB_2.1999999999999997_1.0_794,24.09,2.31,0.73,-0.33,-0.5,-0.68,0.15
A_OB_2.1999999999999997_1.0_795,23.99,2.31,0.73,-0.33,-0.5,-0.68,0.15
A_OB_2.1999999999999997_1.0_796,24.85,2.31,0.73,-0.33,-0.5,-0.68,0.15
A_OB_2.1999999999999997_1.0_797,24.88,2.31,0.73,-0.33,-0.5,-0.68,0.15
A_OB_2.1999999999999997_1.0_798,24.6,2.31,0.73,-0.33,-0.5,-0.68,0.15
A_OB_2.1999999999999997_1.0_799,24.0,2.31,0.73,-0.33,-0.5,-0.68,0.15
A_OB_2.1999999999999997_1.0_800,25.31,2.31,0.73,-0.33,-0.5,-0.68,0.15
A_OB_2.1999999999999997_1.0_801,24.97,2.31,0.73,-0.33,-0.5,-0.68,0.15
A_OB_2.1999999999999997_1.0_802,25.58,2.31,0.73,-0.33,-0.5,-0.68,0.15
A_OB_2.1999999999999997_1.0_803,25.61,2.31,0.73,-0.33,-0.5,-0.68,0.15
A_OB_2.1999999999999997_1.0_804,24.86,2.31,0.73,-0.33,-0.5,-0.68,0.15
A_OB_2.1999999999999997_1.0_805,24.75,2.31,0.73,-0.33,-0.5,-0.68,0.15
A_OB_2.1999999999999997_1.0_806,25.48,2.31,0.73,-0.33,-0.5,-0.68,0.15
A_OB_2.1999999999999997_1.0_807,24.84,2.31,0.73,-0.33,-0.5,-0.68,0.15
A_OB_2.1999999999999997_1.0_808,24.83,2.31,0.73,-0.33,-0.5,-0.68,0.15
A_OB_2.1999999999999997_1.0_809,25.2,2.31,0.73,-0.33,-0.5,-0.68,0.15
A_OB_2.1999999999999997_1.0_810,25.02,2.31,0.73,-0.33,-0.5,-0.68,0.15
A_OB_2.1999999999999997_1.0_811,24.74,2.31,0.73,-0.33,-0.5,-0.68,0.15
A_OB_2.1999999999999997_1.0_812,25.2,2.31,0.73,-0.33,-0.5,-0.68,0.15
A_OB_2.1999999999999997_1.0_813,21.23,2.31,0.73,-0.33,-0.5,-0.68,0.15
A_OB_2.1999999999999997_1.0_814,23.85,2.31,0.73,-0.33,-0.5,-0.68,0.15
A_OB_2.1999999999999997_1.0_815,25.44,2.31,0.73,-0.33,-0.5,-0.68,0.15
A_OB_2.1999999999999997_1.0_816,24.91,2.31,0.73,-0.33,-0.5,-0.68,0.15
A_OB_2.1999999999999997_1.0_817,24.23,2.31,0.73,-0.33,-0.5,-0.68,0.15
A_OB_2.1999999999999997_1.0_818,25.26,2.31,0.73,-0.33,-0.5,-0.68,0.15
A_OB_2.1999999999999997_1.0_819,23.89,2.31,0.73,-0.33,-0.5,-0.68,0.15
A_OB_2.1999999999999997_1.0_820,24.94,2.31,0.73,-0.33,-0.5,-0.68,0.15
A_OB_2.1999999999999997_1.0_821,25.16,2.31,0.73,-0.33,-0.5,-0.68,0.15
A_OB_2.1999999999999997_1.0_822,22.27,2.31,0.73,-0.33,-0.5,-0.68,0.15
A_OB_2.1999999999999997_1.0_823,25.36,2.31,0.73,-0.33,-0.5,-0.68,0.15
A_OB_2.1999999999999997_1.0_824,25.61,2.31,0.73,-0.33,-0.5,-0.68,0.15
A_OB_2.1999999999999997_1.0_825,23.87,2.31,0.73,-0.33,-0.5,-0.68,0.15
A_OB_2.1999999999999997_1.0_826,24.35,2.31,0.73,-0.33,-0.5,-0.68,0.15
A_OB_2.1999999999999997_1.0_827,24.74,2.31,0.73,-0.33,-0.5,-0.68,0.15
A_OB_2.1999999999999997_1.0_828,23.86,2.31,0.73,-0.33,-0.5,-0.68,0.15
A_OB_2.1999999999999997_1.0_829,24.54,2.31,0.73,-0.33,-0.5,-0.68,0.15
A_OB_2.1999999999999997_1.0_830,24.08,2.31,0.73,-0.33,-0.5,-0.68,0.15
A_OB_2.1999999999999997_1.0_831,24.05,2.31,0.73,-0.33,-0.5,-0.68,0.15
A_OB_2.1999999999999997_1.0_832,25.49,2.31,0.73,-0.33,-0.5,-0.68,0.15
A_OB_2.1999999999999997_1.0_833,22.87,2.31,0.73,-0.33,-0.5,-0.68,0.15
A_OB_2.1999999999999997_1.0_834,25.41,2.31,0.73,-0.33,-0.5,-0.68,0.15
A_OB_2.1999999999999997_1.0_835,24.56,2.31,0.73,-0.33,-0.5,-0.68,0.15
A_OB_2.1999999999999997_1.0_836,24.95,2.31,0.73,-0.33,-0.5,-0.68,0.15
A_OB_2.1999999999999997_1.0_837,25.39,2.31,0.73,-0.33,-0.5,-0.68,0.15
A_OB_2.1999999999999997_1.0_838,25.2,2.31,0.73,-0.33,-0.5,-0.68,0.15
A_OB_2.1999999999999997_1.0_839,25.56,2.31,0.73,-0.33,-0.5,-0.68,0.15
A_OB_2.1999999999999997_1.0_840,25.07,2.31,0.73,-0.33,-0.5,-0.68,0.15
A_OB_2.1999999999999997_1.0_841,24.68,2.31,0.73,-0.33,-0.5,-0.68,0.15
A_OB_2.1999999999999997_1.0_842,25.16,2.31,0.73,-0.33,-0.5,-0.68,0.15
A_OB_2.1999999999999997_1.0_843,24.47,2.31,0.73,-0.33,-0.5,-0.68,0.15
A_OB_2.1999999999999997_1.0_844,24.97,2.31,0.73,-0.33,-0.5,-0.68,0.15
A_OB_2.1999999999999997_1.0_845,24.11,2.31,0.73,-0.33,-0.5,-0.68,0.15
A_OB_2.1999999999999997_1.0_846,25.01,2.31,0.73,-0.33,-0.5,-0.68,0.15
A_OB_2.1999999999999997_1.0_847,24.84,2.31,0.73,-0.33,-0.5,-0.68,0.15
A_OB_2.1999999999999997_1.0_848,25.49,2.31,0.73,-0.33,-0.5,-0.68,0.15
A_OB_2.1999999999999997_1.0_849,25.56,2.31,0.73,-0.33,-0.5,-0.68,0.15
A_OB_2.1999999999999997_1.0_850,22.33,2.31,0.73,-0.33,-0.5,-0.68,0.15
A_OB_2.1999999999999997_1.0_851,24.59,2.31,0.73,-0.33,-0.5,-0.68,0.15
A_OB_2.1999999999999997_1.0_852,22.18,2.31,0.73,-0.33,-0.5,-0.68,0.15
A_OB_2.1999999999999997_1.0_853,24.81,2.31,0.73,-0.33,-0.5,-0.68,0.15
A_OB_2.1999999999999997_1.0_854,24.22,2.31,0.73,-0.33,-0.5,-0.68,0.15
A_OB_2.1999999999999997_1.0_855,25.53,2.31,0.73,-0.33,-0.5,-0.68,0.15
A_OB_2.1999999999999997_1.0_856,25.2,2.31,0.73,-0.33,-0.5,-0.68,0.15
A_OB_2.1999999999999997_1.0_857,25.49,2.31,0.73,-0.33,-0.5,-0.68,0.15
A_OB_2.1999999999999997_1.0_858,20.58,2.31,0.73,-0.33,-0.5,-0.68,0.15
A_OB_2.1999999999999997_1.0_859,24.98,2.31,0.73,-0.33,-0.5,-0.68,0.15
A_OB_2.1999999999999997_1.0_860,24.71,2.31,0.73,-0.33,-0.5,-0.68,0.15
A_OB_2.1999999999999997_1.0_861,25.44,2.31,0.73,-0.33,-0.5,-0.68,0.15
A_OB_2.1999999999999997_1.0_862,24.65,2.31,0.73,-0.33,-0.5,-0.68,0.15
A_OB_2.1999999999999997_1.0_863,25.12,2.31,0.73,-0.33,-0.5,-0.68,0.15
A_OB_2.1999999999999997_1.0_864,21.5,2.31,0.73,-0.33,-0.5,-0.68,0.15
A_OB_2.1999999999999997_1.0_865,20.67,2.31,0.73,-0.33,-0.5,-0.68,0.15
A_OB_2.1999999999999997_1.0_866,25.23,2.31,0.73,-0.33,-0.5,-0.68,0.15
A_OB_2.1999999999999997_1.0_867,23.75,2.31,0.73,-0.33,-0.5,-0.68,0.15
A_OB_2.1999999999999997_1.0_868,25.46,2.31,0.73,-0.33,-0.5,-0.68,0.15
A_OB_2.1999999999999997_1.0_869,24.92,2.31,0.73,-0.33,-0.5,-0.68,0.15
A_OB_2.1999999999999997_1.0_870,23.81,2.31,0.73,-0.33,-0.5,-0.68,0.15
A_OB_2.1999999999999997_1.0_871,25.48,2.31,0.73,-0.33,-0.5,-0.68,0.15
A_OB_2.1999999999999997_1.0_872,25.53,2.31,0.73,-0.33,-0.5,-0.68,0.15
A_OB_2.1999999999999997_1.0_873,25.39,2.31,0.73,-0.33,-0.5,-0.68,0.15
A_OB_2.1999999999999997_1.0_874,25.15,2.31,0.73,-0.33,-0.5,-0.68,0.15
A_OB_2.1999999999999997_1.0_875,22.65,2.31,0.73,-0.33,-0.5,-0.68,0.15
A_OB_2.1999999999999997_1.0_876,24.62,2.31,0.73,-0.33,-0.5,-0.68,0.15
A_OB_2.1999999999999997_1.0_877,25.13,2.31,0.73,-0.33,-0.5,-0.68,0.15
A_OB_2.1999999999999997_1.0_878,24.8,2.31,0.73,-0.33,-0.5,-0.68,0.15
A_OB_2.1999999999999997_1.0_879,25.08,2.31,0.73,-0.33,-0.5,-0.68,0.15
A_OB_2.1999999999999997_1.0_880,25.15,2.31,0.73,-0.33,-0.5,-0.68,0.15
A_OB_2.1999999999999997_1.0_881,24.87,2.31,0.73,-0.33,-0.5,-0.68,0.15
A_OB_2.1999999999999997_1.0_882,24.86,2.31,0.73,-0.33,-0.5,-0.68,0.15
A_OB_2.1999999999999997_1.0_883,24.9,2.31,0.73,-0.33,-0.5,-0.68,0.15
A_OB_2.1999999999999997_1.0_884,25.37,2.31,0.73,-0.33,-0.5,-0.68,0.15
A_OB_2.1999999999999997_1.0_885,24.59,2.31,0.73,-0.33,-0.5,-0.68,0.15
A_OB_2.1999999999999997_1.0_886,23.27,2.31,0.73,-0.33,-0.5,-0.68,0.15
A_OB_2.1999999999999997_1.0_887,24.42,2.31,0.73,-0.33,-0.5,-0.68,0.15
A_OB_2.1999999999999997_1.0_888,24.84,2.31,0.73,-0.33,-0.5,-0.68,0.15
A_OB_2.1999999999999997_1.0_889,24.6,2.31,0.73,-0.33,-0.5,-0.68,0.15
A_OB_2.1999999999999997_1.0_890,24.88,2.31,0.73,-0.33,-0.5,-0.68,0.15
A_OB_2.1999999999999997_1.0_891,24.84,2.31,0.73,-0.33,-0.5,-0.68,0.15
A_OB_2.1999999999999997_1.0_892,25.48,2.31,0.73,-0.33,-0.5,-0.68,0.15
A_OB_2.1999999999999997_1.0_893,25.04,2.31,0.73,-0.33,-0.5,-0.68,0.15
A_OB_2.1999999999999997_1.0_894,25.41,2.31,0.73,-0.33,-0.5,-0.68,0.15
A_OB_2.1999999999999997_1.0_895,25.48,2.31,0.73,-0.33,-0.5,-0.68,0.15
A_OB_2.1999999999999997_1.0_896,24.71,2.31,0.73,-0.33,-0.5,-0.68,0.15
A_OB_2.1999999999999997_1.0_897,24.58,2.31,0.73,-0.33,-0.5,-0.68,0.15
A_OB_2.1999999999999997_1.0_898,24.81,2.31,0.73,-0.33,-0.5,-0.68,0.15
A_OB_2.1999999999999997_1.0_899,25.08,2.31,0.73,-0.33,-0.5,-0.68,0.15
A_OB_2.1999999999999997_1.0_900,23.28,2.31,0.73,-0.33,-0.5,-0.68,0.15
A_OB_2.1999999999999997_1.0_901,23.9,2.31,0.73,-0.33,-0.5,-0.68,0.15
A_OB_2.1999999999999997_1.0_902,16.74,2.31,0.73,-0.33,-0.5,-0.68,0.15
A_OB_2.1999999999999997_1.0_903,25.55,2.31,0.73,-0.33,-0.5,-0.68,0.15
A_OB_2.1999999999999997_1.0_904,25.48,2.31,0.73,-0.33,-0.5,-0.68,0.15
A_OB_2.1999999999999997_1.0_905,24.39,2.31,0.73,-0.33,-0.5,-0.68,0.15
A_OB_2.1999999999999997_1.0_906,23.67,2.31,0.73,-0.33,-0.5,-0.68,0.15
A_OB_2.1999999999999997_1.0_907,25.52,2.31,0.73,-0.33,-0.5,-0.68,0.15
A_OB_2.1999999999999997_1.0_908,21.13,2.31,0.73,-0.33,-0.5,-0.68,0.15
A_OB_2.1999999999999997_1.0_909,25.34,2.31,0.73,-0.33,-0.5,-0.68,0.15
A_OB_2.1999999999999997_1.0_910,24.55,2.31,0.73,-0.33,-0.5,-0.68,0.15
A_OB_2.1999999999999997_1.0_911,25.35,2.31,0.73,-0.33,-0.5,-0.68,0.15
A_OB_2.1999999999999997_1.0_912,24.47,2.31,0.73,-0.33,-0.5,-0.68,0.15
A_OB_2.1999999999999997_1.0_913,25.51,2.31,0.73,-0.33,-0.5,-0.68,0.15
A_OB_2.1999999999999997_1.0_914,24.96,2.31,0.73,-0.33,-0.5,-0.68,0.15
A_OB_2.1999999999999997_1.0_915,23.56,2.31,0.73,-0.33,-0.5,-0.68,0.15
A_OB_2.1999999999999997_1.0_916,25.58,2.31,0.73,-0.33,-0.5,-0.68,0.15
A_OB_2.1999999999999997_1.0_917,24.94,2.31,0.73,-0.33,-0.5,-0.68,0.15
A_OB_2.1999999999999997_1.0_918,24.41,2.31,0.73,-0.33,-0.5,-0.68,0.15
A_OB_2.1999999999999997_1.0_919,25.58,2.31,0.73,-0.33,-0.5,-0.68,0.15
A_OB_2.1999999999999997_1.0_920,24.34,2.31,0.73,-0.33,-0.5,-0.68,0.15
A_OB_2.1999999999999997_1.0_921,24.51,2.31,0.73,-0.33,-0.5,-0.68,0.15
A_OB_2.1999999999999997_1.0_922,22.5,2.31,0.73,-0.33,-0.5,-0.68,0.15
A_OB_2.1999999999999997_1.0_923,24.33,2.31,0.73,-0.33,-0.5,-0.68,0.15
A_OB_2.1999999999999997_1.0_924,25.08,2.31,0.73,-0.33,-0.5,-0.68,0.15
A_OB_2.1999999999999997_1.0_925,24.91,2.31,0.73,-0.33,-0.5,-0.68,0.15
A_OB_2.1999999999999997_1.0_926,25.23,2.31,0.73,-0.33,-0.5,-0.68,0.15
A_OB_2.1999999999999997_1.0_927,25.43,2.31,0.73,-0.33,-0.5,-0.68,0.15
A_OB_2.1999999999999997_1.0_928,24.84,2.31,0.73,-0.33,-0.5,-0.68,0.15
A_OB_2.1999999999999997_1.0_929,25.42,2.31,0.73,-0.33,-0.5,-0.68,0.15
A_OB_2.1999999999999997_1.0_930,24.6,2.31,0.73,-0.33,-0.5,-0.68,0.15
A_OB_2.1999999999999997_1.0_931,25.21,2.31,0.73,-0.33,-0.5,-0.68,0.15
A_OB_2.1999999999999997_1.0_932,21.96,2.31,0.73,-0.33,-0.5,-0.68,0.15
A_OB_2.1999999999999997_1.0_933,24.29,2.31,0.73,-0.33,-0.5,-0.68,0.15
A_OB_2.1999999999999997_1.0_934,24.9,2.31,0.73,-0.33,-0.5,-0.68,0.15
A_OB_2.1999999999999997_1.0_935,24.76,2.31,0.73,-0.33,-0.5,-0.68,0.15
A_OB_2.1999999999999997_1.0_936,25.43,2.31,0.73,-0.33,-0.5,-0.68,0.15
A_OB_2.1999999999999997_1.0_937,25.39,2.31,0.73,-0.33,-0.5,-0.68,0.15
A_OB_2.1999999999999997_1.0_938,24.73,2.31,0.73,-0.33,-0.5,-0.68,0.15
A_OB_2.1999999999999997_1.0_939,25.07,2.31,0.73,-0.33,-0.5,-0.68,0.15
A_OB_2.1999999999999997_1.0_940,23.81,2.31,0.73,-0.33,-0.5,-0.68,0.15
A_OB_2.1999999999999997_1.0_941,25.44,2.31,0.73,-0.33,-0.5,-0.68,0.15
A_OB_2.1999999999999997_1.0_942,24.1,2.31,0.73,-0.33,-0.5,-0.68,0.15
A_OB_2.1999999999999997_1.0_943,25.0,2.31,0.73,-0.33,-0.5,-0.68,0.15
A_OB_2.1999999999999997_1.0_944,25.55,2.31,0.73,-0.33,-0.5,-0.68,0.15
A_OB_2.1999999999999997_1.0_945,20.31,2.31,0.73,-0.33,-0.5,-0.68,0.15
A_OB_2.1999999999999997_1.0_946,23.23,2.31,0.73,-0.33,-0.5,-0.68,0.15
A_OB_2.1999999999999997_1.0_947,24.59,2.31,0.73,-0.33,-0.5,-0.68,0.15
A_OB_2.1999999999999997_1.0_948,25.6,2.31,0.73,-0.33,-0.5,-0.68,0.15
A_OB_2.1999999999999997_1.0_949,25.15,2.31,0.73,-0.33,-0.5,-0.68,0.15
A_OB_2.1999999999999997_1.0_950,24.13,2.31,0.73,-0.33,-0.5,-0.68,0.15
A_OB_2.1999999999999997_1.0_951,16.29,2.31,0.73,-0.33,-0.5,-0.68,0.15
A_OB_2.1999999999999997_1.0_952,25.29,2.31,0.73,-0.33,-0.5,-0.68,0.15
A_OB_2.1999999999999997_1.0_953,24.65,2.31,0.73,-0.33,-0.5,-0.68,0.15
A_OB_2.1999999999999997_1.0_954,24.78,2.31,0.73,-0.33,-0.5,-0.68,0.15
A_OB_2.1999999999999997_1.0_955,25.08,2.31,0.73,-0.33,-0.5,-0.68,0.15
A_OB_2.1999999999999997_1.0_956,24.2,2.31,0.73,-0.33,-0.5,-0.68,0.15
A_OB_2.1999999999999997_1.0_957,22.66,2.31,0.73,-0.33,-0.5,-0.68,0.15
A_OB_2.1999999999999997_1.0_958,24.28,2.31,0.73,-0.33,-0.5,-0.68,0.15
A_OB_2.1999999999999997_1.0_959,25.11,2.31,0.73,-0.33,-0.5,-0.68,0.15
A_OB_2.1999999999999997_1.0_960,25.29,2.31,0.73,-0.33,-0.5,-0.68,0.15
A_OB_2.1999999999999997_1.0_961,21.29,2.31,0.73,-0.33,-0.5,-0.68,0.15
A_OB_2.1999999999999997_1.0_962,24.97,2.31,0.73,-0.33,-0.5,-0.68,0.15
A_OB_2.1999999999999997_1.0_963,24.2,2.31,0.73,-0.33,-0.5,-0.68,0.15
A_OB_2.1999999999999997_1.0_964,25.39,2.31,0.73,-0.33,-0.5,-0.68,0.15
A_OB_2.1999999999999997_1.0_965,25.52,2.31,0.73,-0.33,-0.5,-0.68,0.15
A_OB_2.1999999999999997_1.0_966,23.42,2.31,0.73,-0.33,-0.5,-0.68,0.15
A_OB_2.1999999999999997_1.0_967,23.47,2.31,0.73,-0.33,-0.5,-0.68,0.15
A_OB_2.1999999999999997_1.0_968,25.24,2.31,0.73,-0.33,-0.5,-0.68,0.15
A_OB_2.1999999999999997_1.0_969,23.46,2.31,0.73,-0.33,-0.5,-0.68,0.15
A_OB_2.1999999999999997_1.0_970,24.43,2.31,0.73,-0.33,-0.5,-0.68,0.15
A_OB_2.1999999999999997_1.0_971,24.79,2.31,0.73,-0.33,-0.5,-0.68,0.15
A_OB_2.1999999999999997_1.0_972,25.62,2.31,0.73,-0.33,-0.5,-0.68,0.15
A_OB_2.1999999999999997_1.0_973,25.26,2.31,0.73,-0.33,-0.5,-0.68,0.15
A_OB_2.1999999999999997_1.0_974,24.95,2.31,0.73,-0.33,-0.5,-0.68,0.15
A_OB_2.1999999999999997_1.0_975,25.44,2.31,0.73,-0.33,-0.5,-0.68,0.15
A_OB_2.1999999999999997_1.0_976,19.39,2.31,0.73,-0.33,-0.5,-0.68,0.15
A_OB_2.1999999999999997_1.0_977,23.35,2.31,0.73,-0.33,-0.5,-0.68,0.15
A_OB_2.1999999999999997_1.0_978,24.49,2.31,0.73,-0.33,-0.5,-0.68,0.15
A_OB_2.1999999999999997_1.0_979,24.36,2.31,0.73,-0.33,-0.5,-0.68,0.15
A_OB_2.1999999999999997_1.0_980,25.58,2.31,0.73,-0.33,-0.5,-0.68,0.15
A_OB_2.1999999999999997_1.0_981,24.5,2.31,0.73,-0.33,-0.5,-0.68,0.15
A_OB_2.1999999999999997_1.0_982,25.48,2.31,0.73,-0.33,-0.5,-0.68,0.15
A_OB_2.1999999999999997_1.0_983,25.01,2.31,0.73,-0.33,-0.5,-0.68,0.15
A_OB_2.1999999999999997_1.0_984,23.92,2.31,0.73,-0.33,-0.5,-0.68,0.15
A_OB_2.1999999999999997_1.0_985,25.03,2.31,0.73,-0.33,-0.5,-0.68,0.15
A_OB_2.1999999999999997_1.0_986,25.38,2.31,0.73,-0.33,-0.5,-0.68,0.15
A_OB_2.1999999999999997_1.0_987,25.26,2.31,0.73,-0.33,-0.5,-0.68,0.15
A_OB_2.1999999999999997_1.0_988,23.28,2.31,0.73,-0.33,-0.5,-0.68,0.15
A_OB_2.1999999999999997_1.0_989,22.08,2.31,0.73,-0.33,-0.5,-0.68,0.15
A_OB_2.1999999999999997_1.0_990,23.35,2.31,0.73,-0.33,-0.5,-0.68,0.15
A_OB_2.1999999999999997_1.0_991,25.29,2.31,0.73,-0.33,-0.5,-0.68,0.15
A_OB_2.1999999999999997_1.0_992,24.68,2.31,0.73,-0.33,-0.5,-0.68,0.15
A_OB_2.1999999999999997_1.0_993,24.86,2.31,0.73,-0.33,-0.5,-0.68,0.15
A_OB_2.1999999999999997_1.0_994,23.8,2.31,0.73,-0.33,-0.5,-0.68,0.15
A_OB_2.1999999999999997_1.0_995,24.07,2.31,0.73,-0.33,-0.5,-0.68,0.15
A_OB_2.1999999999999997_1.0_996,25.47,2.31,0.73,-0.33,-0.5,-0.68,0.15
A_OB_2.1999999999999997_1.0_997,24.65,2.31,0.73,-0.33,-0.5,-0.68,0.15
A_OB_2.1999999999999997_1.0_998,24.24,2.31,0.73,-0.33,-0.5,-0.68,0.15
A_OB_2.1999999999999997_1.0_999,25.23,2.31,0.73,-0.33,-0.5,-0.68,0.15
A_OB_2.1999999999999997_1.0_1000,24.53,2.31,0.73,-0.33,-0.5,-0.68,0.15
A_OB_2.1999999999999997_1.0_1001,23.13,2.31,0.73,-0.33,-0.5,-0.68,0.15
A_OB_2.1999999999999997_1.0_1002,20.93,2.31,0.73,-0.33,-0.5,-0.68,0.15
A_OB_2.1999999999999997_1.0_1003,25.19,2.31,0.73,-0.33,-0.5,-0.68,0.15
A_OB_2.1999999999999997_1.0_1004,25.34,2.31,0.73,-0.33,-0.5,-0.68,0.15
A_OB_2.1999999999999997_1.0_1005,23.44,2.31,0.73,-0.33,-0.5,-0.68,0.15
A_OB_2.1999999999999997_1.0_1006,22.94,2.31,0.73,-0.33,-0.5,-0.68,0.15
A_OB_2.1999999999999997_1.0_1007,24.13,2.31,0.73,-0.33,-0.5,-0.68,0.15
A_OB_2.1999999999999997_1.0_1008,24.46,2.31,0.73,-0.33,-0.5,-0.68,0.15
A_OB_2.1999999999999997_1.0_1009,25.17,2.31,0.73,-0.33,-0.5,-0.68,0.15
A_OB_2.1999999999999997_1.0_1010,23.79,2.31,0.73,-0.33,-0.5,-0.68,0.15
A_OB_2.1999999999999997_1.0_1011,24.93,2.31,0.73,-0.33,-0.5,-0.68,0.15
A_OB_2.1999999999999997_1.0_1012,25.55,2.31,0.73,-0.33,-0.5,-0.68,0.15
A_OB_2.1999999999999997_1.0_1013,23.22,2.31,0.73,-0.33,-0.5,-0.68,0.15
A_OB_2.1999999999999997_1.0_1014,23.89,2.31,0.73,-0.33,-0.5,-0.68,0.15
A_OB_2.1999999999999997_1.0_1015,25.6,2.31,0.73,-0.33,-0.5,-0.68,0.15
A_OB_2.1999999999999997_1.0_1016,21.22,2.31,0.73,-0.33,-0.5,-0.68,0.15
A_OB_2.1999999999999997_1.0_1017,25.22,2.31,0.73,-0.33,-0.5,-0.68,0.15
A_OB_2.1999999999999997_1.0_1018,24.57,2.31,0.73,-0.33,-0.5,-0.68,0.15
A_OB_2.1999999999999997_1.0_1019,23.51,2.31,0.73,-0.33,-0.5,-0.68,0.15
A_OB_2.1999999999999997_1.0_1020,25.5,2.31,0.73,-0.33,-0.5,-0.68,0.15
A_OB_2.1999999999999997_1.0_1021,25.03,2.31,0.73,-0.33,-0.5,-0.68,0.15
A_OB_2.1999999999999997_1.0_1022,25.42,2.31,0.73,-0.33,-0.5,-0.68,0.15
A_OB_2.1999999999999997_1.0_1023,25.41,2.31,0.73,-0.33,-0.5,-0.68,0.15
A_OB_2.1999999999999997_1.0_1024,25.21,2.31,0.73,-0.33,-0.5,-0.68,0.15
A_OB_2.1999999999999997_1.0_1025,25.6,2.31,0.73,-0.33,-0.5,-0.68,0.15
A_OB_2.1999999999999997_1.0_1026,24.78,2.31,0.73,-0.33,-0.5,-0.68,0.15
A_OB_2.1999999999999997_1.0_1027,25.3,2.31,0.73,-0.33,-0.5,-0.68,0.15
A_OB_2.1999999999999997_1.0_1028,24.79,2.31,0.73,-0.33,-0.5,-0.68,0.15
A_OB_2.1999999999999997_1.0_1029,25.33,2.31,0.73,-0.33,-0.5,-0.68,0.15
A_OB_2.1999999999999997_1.0_1030,21.91,2.31,0.73,-0.33,-0.5,-0.68,0.15
A_OB_2.1999999999999997_1.0_1031,25.28,2.31,0.73,-0.33,-0.5,-0.68,0.15
A_OB_2.1999999999999997_1.0_1032,22.87,2.31,0.73,-0.33,-0.5,-0.68,0.15
A_OB_2.1999999999999997_1.0_1033,23.6,2.31,0.73,-0.33,-0.5,-0.68,0.15
A_OB_2.1999999999999997_1.0_1034,25.13,2.31,0.73,-0.33,-0.5,-0.68,0.15
A_OB_2.1999999999999997_1.0_1035,23.57,2.31,0.73,-0.33,-0.5,-0.68,0.15
A_OB_2.1999999999999997_1.0_1036,25.48,2.31,0.73,-0.33,-0.5,-0.68,0.15
A_OB_2.1999999999999997_1.0_1037,17.34,2.31,0.73,-0.33,-0.5,-0.68,0.15
A_OB_2.1999999999999997_1.0_1038,25.27,2.31,0.73,-0.33,-0.5,-0.68,0.15
A_OB_2.1999999999999997_1.0_1039,24.68,2.31,0.73,-0.33,-0.5,-0.68,0.15
A_OB_2.1999999999999997_1.0_1040,25.48,2.31,0.73,-0.33,-0.5,-0.68,0.15
A_OB_2.1999999999999997_1.0_1041,24.64,2.31,0.73,-0.33,-0.5,-0.68,0.15
A_OB_2.1999999999999997_1.0_1042,22.5,2.31,0.73,-0.33,-0.5,-0.68,0.15
A_OB_2.1999999999999997_1.0_1043,25.42,2.31,0.73,-0.33,-0.5,-0.68,0.15
A_OB_2.1999999999999997_1.0_1044,24.46,2.31,0.73,-0.33,-0.5,-0.68,0.15
A_OB_2.1999999999999997_1.0_1045,24.73,2.31,0.73,-0.33,-0.5,-0.68,0.15
A_OB_2.1999999999999997_1.0_1046,16.15,2.31,0.73,-0.33,-0.5,-0.68,0.15
A_OB_2.1999999999999997_1.0_1047,24.46,2.31,0.73,-0.33,-0.5,-0.68,0.15
A_OB_2.1999999999999997_1.0_1048,25.45,2.31,0.73,-0.33,-0.5,-0.68,0.15
A_OB_2.1999999999999997_1.0_1049,25.3,2.31,0.73,-0.33,-0.5,-0.68,0.15
A_OB_2.1999999999999997_1.0_1050,25.23,2.31,0.73,-0.33,-0.5,-0.68,0.15
A_OB_2.1999999999999997_1.0_1051,24.2,2.31,0.73,-0.33,-0.5,-0.68,0.15
A_OB_2.1999999999999997_1.0_1052,23.51,2.31,0.73,-0.33,-0.5,-0.68,0.15
A_OB_2.1999999999999997_1.0_1053,25.1,2.31,0.73,-0.33,-0.5,-0.68,0.15
A_OB_2.1999999999999997_1.0_1054,21.34,2.31,0.73,-0.33,-0.5,-0.68,0.15
A_OB_2.1999999999999997_1.0_1055,22.58,2.31,0.73,-0.33,-0.5,-0.68,0.15
A_OB_2.1999999999999997_1.0_1056,25.36,2.31,0.73,-0.33,-0.5,-0.68,0.15
A_OB_2.1999999999999997_1.0_1057,25.35,2.31,0.73,-0.33,-0.5,-0.68,0.15
A_OB_2.1999999999999997_1.0_1058,24.4,2.31,0.73,-0.33,-0.5,-0.68,0.15
A_OB_2.1999999999999997_1.0_1059,24.4,2.31,0.73,-0.33,-0.5,-0.68,0.15
A_OB_2.1999999999999997_1.0_1060,24.85,2.31,0.73,-0.33,-0.5,-0.68,0.15
A_OB_2.1999999999999997_1.0_1061,24.69,2.31,0.73,-0.33,-0.5,-0.68,0.15
A_OB_2.1999999999999997_1.0_1062,24.71,2.31,0.73,-0.33,-0.5,-0.68,0.15
A_OB_2.1999999999999997_1.0_1063,23.79,2.31,0.73,-0.33,-0.5,-0.68,0.15
A_OB_2.1999999999999997_1.0_1064,24.23,2.31,0.73,-0.33,-0.5,-0.68,0.15
A_OB_2.1999999999999997_1.0_1065,24.01,2.31,0.73,-0.33,-0.5,-0.68,0.15
A_OB_2.1999999999999997_1.0_1066,23.23,2.31,0.73,-0.33,-0.5,-0.68,0.15
A_OB_2.1999999999999997_1.0_1067,25.31,2.31,0.73,-0.33,-0.5,-0.68,0.15
A_OB_2.1999999999999997_1.0_1068,25.21,2.31,0.73,-0.33,-0.5,-0.68,0.15
A_OB_2.1999999999999997_1.0_1069,24.73,2.31,0.73,-0.33,-0.5,-0.68,0.15
A_OB_2.1999999999999997_1.0_1070,23.8,2.31,0.73,-0.33,-0.5,-0.68,0.15
A_OB_2.1999999999999997_1.0_1071,24.18,2.31,0.73,-0.33,-0.5,-0.68,0.15
A_OB_2.1999999999999997_1.0_1072,24.78,2.31,0.73,-0.33,-0.5,-0.68,0.15
A_OB_2.1999999999999997_1.0_1073,24.8,2.31,0.73,-0.33,-0.5,-0.68,0.15
A_OB_2.1999999999999997_1.0_1074,25.01,2.31,0.73,-0.33,-0.5,-0.68,0.15
A_OB_2.1999999999999997_1.0_1075,25.48,2.31,0.73,-0.33,-0.5,-0.68,0.15
A_OB_2.1999999999999997_1.0_1076,24.32,2.31,0.73,-0.33,-0.5,-0.68,0.15
A_OB_2.1999999999999997_1.0_1077,25.57,2.31,0.73,-0.33,-0.5,-0.68,0.15
A_OB_2.1999999999999997_1.0_1078,17.04,2.31,0.73,-0.33,-0.5,-0.68,0.15
A_OB_2.1999999999999997_1.0_1079,24.96,2.31,0.73,-0.33,-0.5,-0.68,0.15
A_OB_2.1999999999999997_1.0_1080,24.03,2.31,0.73,-0.33,-0.5,-0.68,0.15
A_OB_2.1999999999999997_1.0_1081,23.6,2.31,0.73,-0.33,-0.5,-0.68,0.15
A_OB_2.1999999999999997_1.0_1082,25.16,2.31,0.73,-0.33,-0.5,-0.68,0.15
A_OB_2.1999999999999997_1.0_1083,24.44,2.31,0.73,-0.33,-0.5,-0.68,0.15
A_OB_2.1999999999999997_1.0_1084,25.34,2.31,0.73,-0.33,-0.5,-0.68,0.15
A_OB_2.1999999999999997_1.0_1085,22.99,2.31,0.73,-0.33,-0.5,-0.68,0.15
A_OB_2.1999999999999997_1.0_1086,25.44,2.31,0.73,-0.33,-0.5,-0.68,0.15
A_OB_2.1999999999999997_1.0_1087,24.31,2.31,0.73,-0.33,-0.5,-0.68,0.15
A_OB_2.1999999999999997_1.0_1088,24.57,2.31,0.73,-0.33,-0.5,-0.68,0.15
A_OB_2.1999999999999997_1.0_1089,24.86,2.31,0.73,-0.33,-0.5,-0.68,0.15
A_OB_2.1999999999999997_1.0_1090,24.21,2.31,0.73,-0.33,-0.5,-0.68,0.15
A_OB_2.1999999999999997_1.0_1091,23.95,2.31,0.73,-0.33,-0.5,-0.68,0.15
A_OB_2.1999999999999997_1.0_1092,23.55,2.31,0.73,-0.33,-0.5,-0.68,0.15
A_OB_2.1999999999999997_1.0_1093,23.5,2.31,0.73,-0.33,-0.5,-0.68,0.15
A_OB_2.1999999999999997_1.0_1094,25.61,2.31,0.73,-0.33,-0.5,-0.68,0.15
A_OB_2.1999999999999997_1.0_1095,25.51,2.31,0.73,-0.33,-0.5,-0.68,0.15
A_OB_2.1999999999999997_1.0_1096,25.33,2.31,0.73,-0.33,-0.5,-0.68,0.15
A_OB_2.1999999999999997_1.0_1097,24.64,2.31,0.73,-0.33,-0.5,-0.68,0.15
A_OB_2.1999999999999997_1.0_1098,19.86,2.31,0.73,-0.33,-0.5,-0.68,0.15
A_OB_2.1999999999999997_1.0_1099,25.45,2.31,0.73,-0.33,-0.5,-0.68,0.15
A_OB_2.1999999999999997_1.0_1100,23.2,2.31,0.73,-0.33,-0.5,-0.68,0.15
A_OB_2.1999999999999997_1.0_1101,24.9,2.31,0.73,-0.33,-0.5,-0.68,0.15
A_OB_2.1999999999999997_1.0_1102,24.74,2.31,0.73,-0.33,-0.5,-0.68,0.15
A_OB_2.1999999999999997_1.0_1103,24.58,2.31,0.73,-0.33,-0.5,-0.68,0.15
A_OB_2.1999999999999997_1.0_1104,25.27,2.31,0.73,-0.33,-0.5,-0.68,0.15
A_OB_2.1999999999999997_1.0_1105,23.21,2.31,0.73,-0.33,-0.5,-0.68,0.15
A_OB_2.1999999999999997_1.0_1106,23.8,2.31,0.73,-0.33,-0.5,-0.68,0.15
A_OB_2.1999999999999997_1.0_1107,25.46,2.31,0.73,-0.33,-0.5,-0.68,0.15
A_OB_2.1999999999999997_1.0_1108,25.45,2.31,0.73,-0.33,-0.5,-0.68,0.15
A_OB_2.1999999999999997_1.0_1109,25.02,2.31,0.73,-0.33,-0.5,-0.68,0.15
A_OB_2.1999999999999997_1.0_1110,25.21,2.31,0.73,-0.33,-0.5,-0.68,0.15
A_OB_2.1999999999999997_1.0_1111,23.09,2.31,0.73,-0.33,-0.5,-0.68,0.15
A_OB_2.1999999999999997_1.0_1112,24.9,2.31,0.73,-0.33,-0.5,-0.68,0.15
A_OB_2.1999999999999997_1.0_1113,25.04,2.31,0.73,-0.33,-0.5,-0.68,0.15
A_OB_2.1999999999999997_1.0_1114,25.07,2.31,0.73,-0.33,-0.5,-0.68,0.15
A_OB_2.1999999999999997_1.0_1115,25.44,2.31,0.73,-0.33,-0.5,-0.68,0.15
A_OB_2.1999999999999997_1.0_1116,25.58,2.31,0.73,-0.33,-0.5,-0.68,0.15
A_OB_2.1999999999999997_1.0_1117,25.23,2.31,0.73,-0.33,-0.5,-0.68,0.15
A_OB_2.1999999999999997_1.0_1118,24.26,2.31,0.73,-0.33,-0.5,-0.68,0.15
A_OB_2.1999999999999997_1.0_1119,21.84,2.31,0.73,-0.33,-0.5,-0.68,0.15
A_OB_2.1999999999999997_1.0_1120,25.5,2.31,0.73,-0.33,-0.5,-0.68,0.15
A_OB_2.1999999999999997_1.0_1121,24.36,2.31,0.73,-0.33,-0.5,-0.68,0.15
A_OB_2.1999999999999997_1.0_1122,22.85,2.31,0.73,-0.33,-0.5,-0.68,0.15
A_OB_2.1999999999999997_1.0_1123,23.22,2.31,0.73,-0.33,-0.5,-0.68,0.15
A_OB_2.1999999999999997_1.0_1124,24.92,2.31,0.73,-0.33,-0.5,-0.68,0.15
A_OB_2.1999999999999997_1.0_1125,25.23,2.31,0.73,-0.33,-0.5,-0.68,0.15
A_OB_2.1999999999999997_1.0_1126,25.49,2.31,0.73,-0.33,-0.5,-0.68,0.15
A_OB_2.1999999999999997_1.0_1127,25.44,2.31,0.73,-0.33,-0.5,-0.68,0.15
A_OB_2.1999999999999997_1.0_1128,25.18,2.31,0.73,-0.33,-0.5,-0.68,0.15
A_OB_2.1999999999999997_1.0_1129,25.38,2.31,0.73,-0.33,-0.5,-0.68,0.15
A_OB_2.1999999999999997_1.0_1130,24.67,2.31,0.73,-0.33,-0.5,-0.68,0.15
A_OB_2.1999999999999997_1.0_1131,25.14,2.31,0.73,-0.33,-0.5,-0.68,0.15
A_OB_2.1999999999999997_1.0_1132,22.15,2.31,0.73,-0.33,-0.5,-0.68,0.15
A_OB_2.1999999999999997_1.0_1133,25.48,2.31,0.73,-0.33,-0.5,-0.68,0.15
A_OB_2.1999999999999997_1.0_1134,25.33,2.31,0.73,-0.33,-0.5,-0.68,0.15
A_OB_2.1999999999999997_1.0_1135,25.05,2.31,0.73,-0.33,-0.5,-0.68,0.15
A_OB_2.1999999999999997_1.0_1136,24.59,2.31,0.73,-0.33,-0.5,-0.68,0.15
A_OB_2.1999999999999997_1.0_1137,23.23,2.31,0.73,-0.33,-0.5,-0.68,0.15
A_OB_2.1999999999999997_1.0_1138,24.49,2.31,0.73,-0.33,-0.5,-0.68,0.15
A_OB_2.1999999999999997_1.0_1139,25.29,2.31,0.73,-0.33,-0.5,-0.68,0.15
A_OB_2.1999999999999997_1.0_1140,25.13,2.31,0.73,-0.33,-0.5,-0.68,0.15
A_OB_2.1999999999999997_1.0_1141,24.7,2.31,0.73,-0.33,-0.5,-0.68,0.15
A_OB_2.1999999999999997_1.0_1142,25.14,2.31,0.73,-0.33,-0.5,-0.68,0.15
A_OB_2.1999999999999997_1.0_1143,23.99,2.31,0.73,-0.33,-0.5,-0.68,0.15
A_OB_2.1999999999999997_1.0_1144,23.8,2.31,0.73,-0.33,-0.5,-0.68,0.15
A_OB_2.1999999999999997_1.0_1145,19.62,2.31,0.73,-0.33,-0.5,-0.68,0.15
A_OB_2.1999999999999997_1.0_1146,25.43,2.31,0.73,-0.33,-0.5,-0.68,0.15
A_OB_2.1999999999999997_1.0_1147,25.61,2.31,0.73,-0.33,-0.5,-0.68,0.15
A_OB_2.1999999999999997_1.0_1148,23.45,2.31,0.73,-0.33,-0.5,-0.68,0.15
A_OB_2.1999999999999997_1.0_1149,25.32,2.31,0.73,-0.33,-0.5,-0.68,0.15
A_OB_2.1999999999999997_1.0_1150,19.05,2.31,0.73,-0.33,-0.5,-0.68,0.15
A_OB_2.1999999999999997_1.0_1151,25.27,2.31,0.73,-0.33,-0.5,-0.68,0.15
A_OB_2.1999999999999997_1.0_1152,25.47,2.31,0.73,-0.33,-0.5,-0.68,0.15
A_OB_2.1999999999999997_1.0_1153,24.82,2.31,0.73,-0.33,-0.5,-0.68,0.15
A_OB_2.1999999999999997_1.0_1154,24.84,2.31,0.73,-0.33,-0.5,-0.68,0.15
A_OB_2.1999999999999997_1.0_1155,20.01,2.31,0.73,-0.33,-0.5,-0.68,0.15
A_OB_2.1999999999999997_1.0_1156,25.32,2.31,0.73,-0.33,-0.5,-0.68,0.15
A_OB_2.1999999999999997_1.0_1157,25.06,2.31,0.73,-0.33,-0.5,-0.68,0.15
A_OB_2.1999999999999997_1.0_1158,23.49,2.31,0.73,-0.33,-0.5,-0.68,0.15
A_OB_2.1999999999999997_1.0_1159,25.42,2.31,0.73,-0.33,-0.5,-0.68,0.15
A_OB_2.1999999999999997_1.0_1160,25.3,2.31,0.73,-0.33,-0.5,-0.68,0.15
A_OB_2.1999999999999997_1.0_1161,24.73,2.31,0.73,-0.33,-0.5,-0.68,0.15
A_OB_2.1999999999999997_1.0_1162,25.5,2.31,0.73,-0.33,-0.5,-0.68,0.15
A_OB_2.1999999999999997_1.0_1163,25.44,2.31,0.73,-0.33,-0.5,-0.68,0.15
A_OB_2.1999999999999997_1.0_1164,23.79,2.31,0.73,-0.33,-0.5,-0.68,0.15
A_OB_2.1999999999999997_1.0_1165,24.9,2.31,0.73,-0.33,-0.5,-0.68,0.15
A_OB_2.1999999999999997_1.0_1166,24.42,2.31,0.73,-0.33,-0.5,-0.68,0.15
A_OB_2.1999999999999997_1.0_1167,25.55,2.31,0.73,-0.33,-0.5,-0.68,0.15
A_OB_2.1999999999999997_1.0_1168,25.52,2.31,0.73,-0.33,-0.5,-0.68,0.15
A_OB_2.1999999999999997_1.0_1169,25.2,2.31,0.73,-0.33,-0.5,-0.68,0.15
A_OB_2.1999999999999997_1.0_1170,22.02,2.31,0.73,-0.33,-0.5,-0.68,0.15
A_OB_2.1999999999999997_1.0_1171,25.02,2.31,0.73,-0.33,-0.5,-0.68,0.15
A_OB_2.1999999999999997_1.0_1172,25.14,2.31,0.73,-0.33,-0.5,-0.68,0.15
A_OB_2.1999999999999997_1.0_1173,25.07,2.31,0.73,-0.33,-0.5,-0.68,0.15
A_OB_2.1999999999999997_1.0_1174,24.07,2.31,0.73,-0.33,-0.5,-0.68,0.15
A_OB_2.1999999999999997_1.0_1175,24.05,2.31,0.73,-0.33,-0.5,-0.68,0.15
A_OB_2.1999999999999997_1.0_1176,21.68,2.31,0.73,-0.33,-0.5,-0.68,0.15
A_OB_2.1999999999999997_1.0_1177,25.12,2.31,0.73,-0.33,-0.5,-0.68,0.15
A_OB_2.1999999999999997_1.0_1178,24.55,2.31,0.73,-0.33,-0.5,-0.68,0.15
A_OB_2.1999999999999997_1.0_1179,25.15,2.31,0.73,-0.33,-0.5,-0.68,0.15
A_OB_2.1999999999999997_1.0_1180,21.17,2.31,0.73,-0.33,-0.5,-0.68,0.15
A_OB_2.1999999999999997_1.0_1181,24.64,2.31,0.73,-0.33,-0.5,-0.68,0.15
A_OB_2.1999999999999997_1.0_1182,25.13,2.31,0.73,-0.33,-0.5,-0.68,0.15
A_OB_2.1999999999999997_1.0_1183,25.58,2.31,0.73,-0.33,-0.5,-0.68,0.15
A_OB_2.1999999999999997_1.0_1184,25.37,2.31,0.73,-0.33,-0.5,-0.68,0.15
A_OB_2.1999999999999997_1.0_1185,25.6,2.31,0.73,-0.33,-0.5,-0.68,0.15
A_OB_2.1999999999999997_1.0_1186,24.98,2.31,0.73,-0.33,-0.5,-0.68,0.15
A_OB_2.1999999999999997_1.0_1187,25.38,2.31,0.73,-0.33,-0.5,-0.68,0.15
A_OB_2.1999999999999997_1.0_1188,24.85,2.31,0.73,-0.33,-0.5,-0.68,0.15
A_OB_2.1999999999999997_1.0_1189,24.99,2.31,0.73,-0.33,-0.5,-0.68,0.15
A_OB_2.1999999999999997_1.0_1190,25.03,2.31,0.73,-0.33,-0.5,-0.68,0.15
A_OB_2.1999999999999997_1.0_1191,23.98,2.31,0.73,-0.33,-0.5,-0.68,0.15
A_OB_2.1999999999999997_1.0_1192,25.45,2.31,0.73,-0.33,-0.5,-0.68,0.15
A_OB_2.1999999999999997_1.0_1193,25.61,2.31,0.73,-0.33,-0.5,-0.68,0.15
A_OB_2.1999999999999997_1.0_1194,25.62,2.31,0.73,-0.33,-0.5,-0.68,0.15
A_OB_2.1999999999999997_1.0_1195,24.52,2.31,0.73,-0.33,-0.5,-0.68,0.15
A_OB_2.1999999999999997_1.0_1196,23.16,2.31,0.73,-0.33,-0.5,-0.68,0.15
A_OB_2.1999999999999997_1.0_1197,24.1,2.31,0.73,-0.33,-0.5,-0.68,0.15
A_OB_2.1999999999999997_1.0_1198,22.53,2.31,0.73,-0.33,-0.5,-0.68,0.15
A_OB_2.1999999999999997_1.0_1199,25.2,2.31,0.73,-0.33,-0.5,-0.68,0.15
A_OB_2.1999999999999997_1.0_1200,23.48,2.31,0.73,-0.33,-0.5,-0.68,0.15
A_OB_2.1999999999999997_1.0_1201,25.61,2.31,0.73,-0.33,-0.5,-0.68,0.15
A_OB_2.1999999999999997_1.0_1202,25.06,2.31,0.73,-0.33,-0.5,-0.68,0.15
A_OB_2.1999999999999997_1.0_1203,23.91,2.31,0.73,-0.33,-0.5,-0.68,0.15
A_OB_2.1999999999999997_1.0_1204,25.21,2.31,0.73,-0.33,-0.5,-0.68,0.15
A_OB_2.1999999999999997_1.0_1205,23.91,2.31,0.73,-0.33,-0.5,-0.68,0.15
A_OB_2.1999999999999997_1.0_1206,25.46,2.31,0.73,-0.33,-0.5,-0.68,0.15
A_OB_2.1999999999999997_1.0_1207,24.13,2.31,0.73,-0.33,-0.5,-0.68,0.15
A_OB_2.1999999999999997_1.0_1208,24.8,2.31,0.73,-0.33,-0.5,-0.68,0.15
A_OB_2.1999999999999997_1.0_1209,25.55,2.31,0.73,-0.33,-0.5,-0.68,0.15
A_OB_2.1999999999999997_1.0_1210,25.05,2.31,0.73,-0.33,-0.5,-0.68,0.15
A_OB_2.1999999999999997_1.0_1211,25.21,2.31,0.73,-0.33,-0.5,-0.68,0.15
A_OB_2.1999999999999997_1.0_1212,24.73,2.31,0.73,-0.33,-0.5,-0.68,0.15
A_OB_2.1999999999999997_1.0_1213,25.22,2.31,0.73,-0.33,-0.5,-0.68,0.15
A_OB_2.1999999999999997_1.0_1214,22.04,2.31,0.73,-0.33,-0.5,-0.68,0.15
A_OB_2.1999999999999997_1.0_1215,23.06,2.31,0.73,-0.33,-0.5,-0.68,0.15
A_OB_2.1999999999999997_1.0_1216,25.47,2.31,0.73,-0.33,-0.5,-0.68,0.15
A_OB_2.1999999999999997_1.0_1217,25.11,2.31,0.73,-0.33,-0.5,-0.68,0.15
A_OB_2.1999999999999997_1.0_1218,23.21,2.31,0.73,-0.33,-0.5,-0.68,0.15
A_OB_2.1999999999999997_1.0_1219,25.32,2.31,0.73,-0.33,-0.5,-0.68,0.15
A_OB_2.1999999999999997_1.0_1220,19.31,2.31,0.73,-0.33,-0.5,-0.68,0.15
A_OB_2.1999999999999997_1.0_1221,25.07,2.31,0.73,-0.33,-0.5,-0.68,0.15
A_OB_2.1999999999999997_1.0_1222,23.21,2.31,0.73,-0.33,-0.5,-0.68,0.15
A_OB_2.1999999999999997_1.0_1223,25.45,2.31,0.73,-0.33,-0.5,-0.68,0.15
A_OB_2.1999999999999997_1.0_1224,22.95,2.31,0.73,-0.33,-0.5,-0.68,0.15
A_OB_2.1999999999999997_1.0_1225,18.75,2.31,0.73,-0.33,-0.5,-0.68,0.15
A_OB_2.1999999999999997_1.0_1226,24.04,2.31,0.73,-0.33,-0.5,-0.68,0.15
A_OB_2.1999999999999997_1.0_1227,24.39,2.31,0.73,-0.33,-0.5,-0.68,0.15
A_OB_2.1999999999999997_1.0_1228,23.11,2.31,0.73,-0.33,-0.5,-0.68,0.15
A_OB_2.1999999999999997_1.0_1229,23.49,2.31,0.73,-0.33,-0.5,-0.68,0.15
A_OB_2.1999999999999997_1.0_1230,24.65,2.31,0.73,-0.33,-0.5,-0.68,0.15
A_OB_2.1999999999999997_1.0_1231,23.29,2.31,0.73,-0.33,-0.5,-0.68,0.15
A_OB_2.1999999999999997_1.0_1232,24.54,2.31,0.73,-0.33,-0.5,-0.68,0.15
A_OB_2.1999999999999997_1.0_1233,24.74,2.31,0.73,-0.33,-0.5,-0.68,0.15
A_OB_2.1999999999999997_1.0_1234,24.81,2.31,0.73,-0.33,-0.5,-0.68,0.15
A_OB_2.1999999999999997_1.0_1235,23.5,2.31,0.73,-0.33,-0.5,-0.68,0.15
A_OB_2.1999999999999997_1.0_1236,23.6,2.31,0.73,-0.33,-0.5,-0.68,0.15
A_OB_2.1999999999999997_1.0_1237,22.87,2.31,0.73,-0.33,-0.5,-0.68,0.15
A_OB_2.1999999999999997_1.0_1238,25.61,2.31,0.73,-0.33,-0.5,-0.68,0.15
A_OB_2.1999999999999997_1.0_1239,25.43,2.31,0.73,-0.33,-0.5,-0.68,0.15
A_OB_2.1999999999999997_1.0_1240,25.26,2.31,0.73,-0.33,-0.5,-0.68,0.15
