ObjID,FORMAT,q,e,inc,node,argPeri,t_p_MJD_TDB,epochMJD_TDB
A_OB_1.9999999999999998_1.0_0,COM,3.360928,1.004307,2.229,3.233,5.35,60662.640341,60796.001439
A_OB_1.9999999999999998_1.0_1,COM,0.890497,1.002285,1.97,5.771,2.424,61984.832513,60796.001439
A_OB_1.9999999999999998_1.0_2,COM,5.095929,1.00877,2.08,2.495,1.076,62326.157404,60796.001439
A_OB_1.9999999999999998_1.0_3,COM,0.253922,1.000585,1.803,5.319,0.044,60755.62604,60796.001439
A_OB_1.9999999999999998_1.0_4,COM,1.611254,1.002903,2.073,1.598,0.739,63278.549887,60796.001439
A_OB_1.9999999999999998_1.0_5,COM,1.257058,1.011859,2.201,2.581,1.744,61570.898432,60796.001439
A_OB_1.9999999999999998_1.0_6,COM,1.177888,1.008266,1.089,3.359,1.467,62313.008622,60796.001439
A_OB_1.9999999999999998_1.0_7,COM,1.028387,1.007023,1.012,4.753,5.001,62020.969118,60796.001439
A_OB_1.9999999999999998_1.0_8,COM,1.41797,1.023821,2.706,1.479,5.026,64250.615748,60796.001439
A_OB_1.9999999999999998_1.0_9,COM,0.851701,1.015421,0.621,0.141,0.557,62017.083159,60796.001439
A_OB_1.9999999999999998_1.0_10,COM,0.756409,1.010949,2.592,4.255,1.557,62947.742656,60796.001439
A_OB_1.9999999999999998_1.0_11,COM,1.284654,1.018268,0.794,2.239,0.685,64221.397494,60796.001439
A_OB_1.9999999999999998_1.0_12,COM,1.37965,1.016789,0.167,0.627,5.215,63694.619053,60796.001439
A_OB_1.9999999999999998_1.0_13,COM,0.62804,1.011553,2.512,2.383,4.875,63235.759847,60796.001439
A_OB_1.9999999999999998_1.0_14,COM,0.240376,1.004261,2.503,3.356,2.209,62391.069723,60796.001439
A_OB_1.9999999999999998_1.0_15,COM,0.686612,1.011072,1.537,3.642,3.16,62121.751692,60796.001439
A_OB_1.9999999999999998_1.0_16,COM,0.406259,1.00746,1.111,5.906,1.497,61482.547691,60796.001439
A_OB_1.9999999999999998_1.0_17,COM,0.25839,1.005137,0.641,3.662,2.166,62991.98729,60796.001439
A_OB_1.9999999999999998_1.0_18,COM,0.431277,1.010025,0.289,0.039,3.477,63435.74191,60796.001439
A_OB_1.9999999999999998_1.0_19,COM,1.49373,1.03521,2.931,2.331,0.149,63545.794117,60796.001439
A_OB_1.9999999999999998_1.0_20,COM,0.812471,1.016441,2.043,3.193,0.292,61428.140395,60796.001439
A_OB_1.9999999999999998_1.0_21,COM,1.222932,1.029191,0.876,3.476,3.615,63657.074049,60796.001439
A_OB_1.9999999999999998_1.0_22,COM,0.330686,1.008959,1.186,2.882,5.857,61559.274854,60796.001439
A_OB_1.9999999999999998_1.0_23,COM,0.851404,1.022965,2.865,5.849,6.001,63972.319221,60796.001439
A_OB_1.9999999999999998_1.0_24,COM,1.270564,1.032451,1.04,0.906,5.777,62163.176518,60796.001439
A_OB_1.9999999999999998_1.0_25,COM,0.163986,1.006498,0.75,1.71,5.765,61176.291712,60796.001439
A_OB_1.9999999999999998_1.0_26,COM,1.061882,1.035009,1.063,1.09,5.104,64334.243847,60796.001439
A_OB_1.9999999999999998_1.0_27,COM,1.177439,1.03986,1.021,4.834,1.0,64175.577939,60796.001439
A_OB_1.9999999999999998_1.0_28,COM,0.074285,1.00234,2.018,5.326,5.121,64148.866732,60796.001439
A_OB_1.9999999999999998_1.0_29,COM,0.942255,1.031109,0.762,0.065,1.584,63819.749289,60796.001439
A_OB_1.9999999999999998_1.0_30,COM,1.411139,1.046064,1.598,0.716,0.047,63478.995709,60796.001439
A_OB_1.9999999999999998_1.0_31,COM,0.934162,1.033906,2.256,3.386,4.394,61292.865063,60796.001439
A_OB_1.9999999999999998_1.0_32,COM,0.226198,1.009144,1.548,5.515,0.774,61389.807163,60796.001439
A_OB_1.9999999999999998_1.0_33,COM,0.986096,1.039079,1.988,3.673,3.581,63781.975982,60796.001439
A_OB_1.9999999999999998_1.0_34,COM,1.474795,1.057721,0.836,0.418,3.827,62937.856851,60796.001439
A_OB_1.9999999999999998_1.0_35,COM,0.901017,1.027757,2.312,0.623,4.889,61795.030479,60796.001439
A_OB_1.9999999999999998_1.0_36,COM,0.776856,1.026173,0.978,1.061,4.478,61793.786633,60796.001439
A_OB_1.9999999999999998_1.0_37,COM,1.477608,1.060117,2.422,3.603,4.073,63023.398828,60796.001439
A_OB_1.9999999999999998_1.0_38,COM,0.184202,1.007131,1.528,6.261,3.669,63498.848875,60796.001439
A_OB_1.9999999999999998_1.0_39,COM,0.736156,1.023073,2.181,4.62,3.836,63600.75212,60796.001439
A_OB_1.9999999999999998_1.0_40,COM,1.360524,1.055547,2.051,0.053,5.869,61706.842731,60796.001439
A_OB_1.9999999999999998_1.0_41,COM,1.160138,1.063503,0.25,4.455,1.167,62019.583008,60796.001439
A_OB_1.9999999999999998_1.0_42,COM,0.257272,1.013923,1.709,5.039,5.76,61630.205221,60796.001439
A_OB_1.9999999999999998_1.0_43,COM,0.894819,1.037524,2.051,0.323,0.06,63151.394031,60796.001439
A_OB_1.9999999999999998_1.0_44,COM,0.006101,1.000318,1.113,3.191,2.984,61750.526339,60796.001439
A_OB_1.9999999999999998_1.0_45,COM,0.92204,1.047461,1.728,5.666,3.701,61452.397259,60796.001439
A_OB_1.9999999999999998_1.0_46,COM,0.799009,1.045027,1.036,1.873,5.256,62140.997203,60796.001439
A_OB_1.9999999999999998_1.0_47,COM,2.380355,1.116063,0.314,4.093,5.977,61447.952266,60796.001439
A_OB_1.9999999999999998_1.0_48,COM,0.586075,1.031735,2.449,0.138,3.725,62381.445212,60796.001439
A_OB_1.9999999999999998_1.0_49,COM,1.019747,1.049931,0.535,3.374,0.102,61287.555001,60796.001439
A_OB_1.9999999999999998_1.0_50,COM,0.071964,1.00363,1.985,0.572,1.434,61921.290997,60796.001439
A_OB_1.9999999999999998_1.0_51,COM,0.191823,1.009222,2.308,0.927,5.39,62209.850179,60796.001439
A_OB_1.9999999999999998_1.0_52,COM,0.003252,1.000153,0.701,5.376,2.05,61465.705451,60796.001439
A_OB_1.9999999999999998_1.0_53,COM,0.915628,1.038478,1.007,4.353,2.326,64202.368714,60796.001439
A_OB_1.9999999999999998_1.0_54,COM,0.600131,1.028178,0.669,3.326,1.798,63485.125043,60796.001439
A_OB_1.9999999999999998_1.0_55,COM,0.530546,1.029415,2.2,0.508,1.629,61133.823295,60796.001439
A_OB_1.9999999999999998_1.0_56,COM,1.983912,1.085391,1.388,4.81,1.068,63073.432407,60796.001439
A_OB_1.9999999999999998_1.0_57,COM,0.982165,1.051236,2.132,4.968,2.802,61025.74265,60796.001439
A_OB_1.9999999999999998_1.0_58,COM,0.411389,1.022661,0.583,5.493,6.168,63130.009135,60796.001439
A_OB_1.9999999999999998_1.0_59,COM,1.517591,1.102774,1.464,3.904,3.84,60873.012534,60796.001439
A_OB_1.9999999999999998_1.0_60,COM,1.720923,1.104877,2.631,2.613,0.609,61959.074418,60796.001439
A_OB_1.9999999999999998_1.0_61,COM,0.795959,1.057966,0.526,1.487,1.118,64070.757414,60796.001439
A_OB_1.9999999999999998_1.0_62,COM,1.851931,1.121252,1.334,5.946,5.952,61435.523608,60796.001439
A_OB_1.9999999999999998_1.0_63,COM,1.086386,1.073436,0.907,6.022,0.132,61284.654765,60796.001439
A_OB_1.9999999999999998_1.0_64,COM,0.835896,1.05997,2.477,0.28,5.406,62826.36111,60796.001439
A_OB_1.9999999999999998_1.0_65,COM,0.814113,1.051747,2.25,1.228,4.724,62702.66566,60796.001439
A_OB_1.9999999999999998_1.0_66,COM,1.0829,1.064944,1.382,0.684,3.033,64316.962846,60796.001439
A_OB_1.9999999999999998_1.0_67,COM,0.932529,1.053887,1.061,4.377,0.627,61786.796556,60796.001439
A_OB_1.9999999999999998_1.0_68,COM,1.522874,1.10394,1.983,3.717,2.85,61894.088256,60796.001439
A_OB_1.9999999999999998_1.0_69,COM,0.740117,1.045301,2.908,5.261,1.708,63732.825739,60796.001439
A_OB_1.9999999999999998_1.0_70,COM,0.08206,1.004992,1.6,1.937,5.491,62028.085024,60796.001439
A_OB_1.9999999999999998_1.0_71,COM,1.073218,1.074564,2.968,4.359,3.905,63978.484281,60796.001439
A_OB_1.9999999999999998_1.0_72,COM,0.470939,1.029225,2.6,0.695,2.494,63502.809922,60796.001439
A_OB_1.9999999999999998_1.0_73,COM,0.118988,1.008278,1.816,3.879,3.348,60796.628422,60796.001439
A_OB_1.9999999999999998_1.0_74,COM,0.380448,1.028056,0.377,4.87,3.955,62965.942694,60796.001439
A_OB_1.9999999999999998_1.0_75,COM,0.853675,1.059392,0.866,3.039,0.784,61258.524213,60796.001439
A_OB_1.9999999999999998_1.0_76,COM,1.194851,1.070415,1.887,5.197,0.668,61622.873246,60796.001439
A_OB_1.9999999999999998_1.0_77,COM,0.389161,1.026126,1.456,2.977,5.127,62505.066681,60796.001439
A_OB_1.9999999999999998_1.0_78,COM,1.5267,1.10769,2.059,4.889,4.071,63763.397118,60796.001439
A_OB_1.9999999999999998_1.0_79,COM,3.498919,1.226488,0.734,3.046,5.485,64364.36092,60796.001439
A_OB_1.9999999999999998_1.0_80,COM,1.173388,1.074311,1.797,4.425,5.75,63327.353436,60796.001439
A_OB_1.9999999999999998_1.0_81,COM,1.029569,1.060741,2.017,4.743,1.989,61902.649228,60796.001439
A_OB_1.9999999999999998_1.0_82,COM,0.795264,1.056459,1.259,4.151,1.721,63699.607498,60796.001439
A_OB_1.9999999999999998_1.0_83,COM,0.911055,1.068739,2.278,2.115,1.525,62994.803753,60796.001439
A_OB_1.9999999999999998_1.0_84,COM,1.569181,1.141511,1.274,1.976,4.441,60911.334385,60796.001439
A_OB_1.9999999999999998_1.0_85,COM,0.107455,1.008209,2.458,4.763,2.973,61778.716874,60796.001439
A_OB_1.9999999999999998_1.0_86,COM,0.394803,1.034226,2.454,3.815,5.83,63869.92217,60796.001439
A_OB_1.9999999999999998_1.0_87,COM,1.080397,1.091054,2.464,1.841,4.175,61315.170855,60796.001439
A_OB_1.9999999999999998_1.0_88,COM,0.883375,1.080225,1.812,3.016,4.775,61116.273309,60796.001439
A_OB_1.9999999999999998_1.0_89,COM,0.473758,1.042881,0.872,3.222,4.015,63414.132281,60796.001439
A_OB_1.9999999999999998_1.0_90,COM,1.148478,1.103941,2.82,4.455,2.364,61173.109232,60796.001439
A_OB_1.9999999999999998_1.0_91,COM,0.075488,1.006253,2.825,4.989,5.355,61525.58162,60796.001439
A_OB_1.9999999999999998_1.0_92,COM,0.019459,1.001659,1.0,3.558,6.16,64485.102436,60796.001439
A_OB_1.9999999999999998_1.0_93,COM,0.994786,1.089322,1.871,6.168,2.633,62313.109001,60796.001439
A_OB_1.9999999999999998_1.0_94,COM,0.42851,1.03835,2.089,4.413,2.565,62726.099721,60796.001439
A_OB_1.9999999999999998_1.0_95,COM,0.010879,1.000881,0.752,1.141,4.972,64493.884962,60796.001439
A_OB_1.9999999999999998_1.0_96,COM,1.441082,1.157592,1.483,4.193,3.471,62492.637962,60796.001439
A_OB_1.9999999999999998_1.0_97,COM,0.576871,1.062937,1.36,3.647,2.617,62545.597754,60796.001439
A_OB_1.9999999999999998_1.0_98,COM,0.650688,1.068531,1.055,3.188,4.287,62090.425859,60796.001439
A_OB_1.9999999999999998_1.0_99,COM,1.339303,1.125214,1.186,4.568,2.737,63814.064108,60796.001439
A_OB_1.9999999999999998_1.0_100,COM,0.805799,1.08214,0.97,3.77,3.977,63189.356333,60796.001439
A_OB_1.9999999999999998_1.0_101,COM,0.381043,1.042773,0.628,3.451,3.724,60999.891087,60796.001439
A_OB_1.9999999999999998_1.0_102,COM,1.261193,1.132995,1.024,0.715,5.342,63518.471319,60796.001439
A_OB_1.9999999999999998_1.0_103,COM,2.318024,1.229384,1.045,0.735,4.117,61402.041023,60796.001439
A_OB_1.9999999999999998_1.0_104,COM,0.976999,1.10571,1.174,1.281,3.704,64003.467324,60796.001439
A_OB_1.9999999999999998_1.0_105,COM,0.894005,1.100367,1.787,0.906,4.516,63288.344132,60796.001439
A_OB_1.9999999999999998_1.0_106,COM,1.529801,1.166391,2.23,0.509,3.787,60858.021587,60796.001439
A_OB_1.9999999999999998_1.0_107,COM,0.066653,1.00697,2.26,5.678,5.334,64207.684457,60796.001439
A_OB_1.9999999999999998_1.0_108,COM,0.993958,1.110215,0.356,4.143,2.509,62564.458028,60796.001439
A_OB_1.9999999999999998_1.0_109,COM,1.932714,1.184564,0.828,4.334,1.902,62143.483553,60796.001439
A_OB_1.9999999999999998_1.0_110,COM,0.846677,1.090581,1.318,3.311,0.307,62691.459415,60796.001439
A_OB_1.9999999999999998_1.0_111,COM,0.739747,1.071566,1.351,2.92,4.472,63629.085138,60796.001439
A_OB_1.9999999999999998_1.0_112,COM,1.464717,1.137585,3.076,5.866,5.694,63609.822066,60796.001439
A_OB_1.9999999999999998_1.0_113,COM,1.145658,1.130739,1.778,2.343,0.744,60919.118497,60796.001439
A_OB_1.9999999999999998_1.0_114,COM,1.800079,1.204767,2.279,2.86,3.631,63757.975656,60796.001439
A_OB_1.9999999999999998_1.0_115,COM,1.605043,1.175154,0.926,4.035,2.685,63642.616781,60796.001439
A_OB_1.9999999999999998_1.0_116,COM,1.008647,1.099175,0.974,6.031,3.154,62524.892711,60796.001439
A_OB_1.9999999999999998_1.0_117,COM,0.753099,1.084635,1.592,3.986,3.973,61505.19506,60796.001439
A_OB_1.9999999999999998_1.0_118,COM,0.528344,1.061499,2.565,5.616,4.474,64216.725103,60796.001439
A_OB_1.9999999999999998_1.0_119,COM,0.787898,1.09424,1.194,3.844,4.307,61599.944469,60796.001439
A_OB_1.9999999999999998_1.0_120,COM,1.287439,1.166868,2.744,0.657,4.418,64156.131381,60796.001439
A_OB_1.9999999999999998_1.0_121,COM,0.712738,1.091122,1.992,5.287,3.822,62056.948143,60796.001439
A_OB_1.9999999999999998_1.0_122,COM,0.231949,1.031774,2.665,0.591,2.475,63217.08723,60796.001439
A_OB_1.9999999999999998_1.0_123,COM,0.508525,1.068912,0.978,3.049,2.04,62528.081372,60796.001439
A_OB_1.9999999999999998_1.0_124,COM,0.639942,1.076573,1.925,2.141,5.256,63320.388668,60796.001439
A_OB_1.9999999999999998_1.0_125,COM,1.168426,1.153139,1.154,1.273,4.33,61066.534857,60796.001439
A_OB_1.9999999999999998_1.0_126,COM,0.583486,1.074204,0.578,2.728,3.658,61812.44373,60796.001439
A_OB_1.9999999999999998_1.0_127,COM,1.501679,1.202527,0.821,6.109,0.499,62543.262669,60796.001439
A_OB_1.9999999999999998_1.0_128,COM,0.892442,1.120878,0.963,4.42,4.683,61331.971178,60796.001439
A_OB_1.9999999999999998_1.0_129,COM,1.408562,1.189879,2.369,0.332,3.345,63711.821872,60796.001439
A_OB_1.9999999999999998_1.0_130,COM,1.327494,1.173408,0.603,3.329,3.175,62592.5588,60796.001439
A_OB_1.9999999999999998_1.0_131,COM,1.634385,1.21008,0.415,5.596,2.224,63039.110761,60796.001439
A_OB_1.9999999999999998_1.0_132,COM,1.055519,1.135673,1.213,0.206,3.519,61205.870372,60796.001439
A_OB_1.9999999999999998_1.0_133,COM,1.061709,1.125823,1.698,1.586,4.248,63797.562813,60796.001439
A_OB_1.9999999999999998_1.0_134,COM,0.464356,1.05876,1.583,5.245,3.405,61706.484147,60796.001439
A_OB_1.9999999999999998_1.0_135,COM,1.666334,1.212844,1.148,0.089,4.655,63431.776348,60796.001439
A_OB_1.9999999999999998_1.0_136,COM,0.025975,1.003308,2.477,6.214,5.307,63924.915601,60796.001439
A_OB_1.9999999999999998_1.0_137,COM,0.94152,1.120377,1.271,0.556,3.659,63404.997865,60796.001439
A_OB_1.9999999999999998_1.0_138,COM,0.804693,1.100236,1.31,4.294,2.093,64203.157105,60796.001439
A_OB_1.9999999999999998_1.0_139,COM,1.253512,1.188701,1.257,4.818,2.561,63769.045904,60796.001439
A_OB_1.9999999999999998_1.0_140,COM,0.765914,1.120947,1.816,3.949,1.051,63227.186541,60796.001439
A_OB_1.9999999999999998_1.0_141,COM,1.24013,1.194074,1.397,1.253,6.226,61284.631563,60796.001439
A_OB_1.9999999999999998_1.0_142,COM,1.475871,1.228413,1.49,0.307,5.512,62892.742777,60796.001439
A_OB_1.9999999999999998_1.0_143,COM,0.384064,1.054372,2.487,0.505,5.089,63538.651577,60796.001439
A_OB_1.9999999999999998_1.0_144,COM,1.426109,1.201598,2.141,0.666,5.472,64485.139837,60796.001439
A_OB_1.9999999999999998_1.0_145,COM,1.39718,1.22619,0.496,5.476,5.642,61864.517915,60796.001439
A_OB_1.9999999999999998_1.0_146,COM,0.102108,1.016608,2.561,2.33,5.861,62123.979171,60796.001439
A_OB_1.9999999999999998_1.0_147,COM,0.06661,1.009335,0.879,4.879,3.525,63181.163978,60796.001439
A_OB_1.9999999999999998_1.0_148,COM,0.793789,1.117628,2.301,5.366,4.507,62077.624415,60796.001439
A_OB_1.9999999999999998_1.0_149,COM,1.049719,1.152338,1.855,6.236,3.787,61010.718653,60796.001439
A_OB_1.9999999999999998_1.0_150,COM,0.821896,1.132834,1.653,5.999,4.08,64392.754891,60796.001439
A_OB_1.9999999999999998_1.0_151,COM,0.566237,1.085955,0.869,4.5,1.685,62662.089082,60796.001439
A_OB_1.9999999999999998_1.0_152,COM,0.386768,1.056212,0.35,1.46,4.646,63017.379176,60796.001439
A_OB_1.9999999999999998_1.0_153,COM,1.158376,1.177165,2.043,5.721,2.89,64071.419479,60796.001439
A_OB_1.9999999999999998_1.0_154,COM,0.641603,1.100973,2.036,0.726,4.155,62537.73678,60796.001439
A_OB_1.9999999999999998_1.0_155,COM,1.087219,1.162262,2.184,5.461,2.375,61729.319383,60796.001439
A_OB_1.9999999999999998_1.0_156,COM,1.846774,1.269822,0.747,2.244,2.859,64107.112083,60796.001439
A_OB_1.9999999999999998_1.0_157,COM,0.010408,1.001576,0.919,3.909,2.386,64163.246707,60796.001439
A_OB_1.9999999999999998_1.0_158,COM,0.685574,1.127754,1.643,1.163,5.086,63415.666486,60796.001439
A_OB_1.9999999999999998_1.0_159,COM,1.572788,1.295758,2.553,4.956,2.744,63653.97545,60796.001439
A_OB_1.9999999999999998_1.0_160,COM,0.030662,1.005283,2.252,1.671,0.52,63491.847132,60796.001439
A_OB_1.9999999999999998_1.0_161,COM,0.268188,1.05119,2.845,0.458,6.251,63611.615115,60796.001439
A_OB_1.9999999999999998_1.0_162,COM,1.211116,1.217687,0.658,3.022,3.855,62588.480957,60796.001439
A_OB_1.9999999999999998_1.0_163,COM,1.419011,1.245731,1.827,4.362,2.729,62869.556012,60796.001439
A_OB_1.9999999999999998_1.0_164,COM,0.073006,1.013853,1.315,4.805,5.428,63849.291823,60796.001439
A_OB_1.9999999999999998_1.0_165,COM,1.180989,1.211536,1.307,0.417,4.839,62146.601109,60796.001439
A_OB_1.9999999999999998_1.0_166,COM,1.590731,1.265969,1.024,0.521,4.655,63557.933657,60796.001439
A_OB_1.9999999999999998_1.0_167,COM,0.958779,1.162533,2.692,3.232,5.92,60763.485928,60796.001439
A_OB_1.9999999999999998_1.0_168,COM,1.765016,1.291402,1.165,4.624,3.406,61061.631848,60796.001439
A_OB_1.9999999999999998_1.0_169,COM,1.223156,1.210965,1.898,0.91,4.03,61350.825864,60796.001439
A_OB_1.9999999999999998_1.0_170,COM,0.639362,1.108163,1.506,5.523,4.963,63934.147453,60796.001439
A_OB_1.9999999999999998_1.0_171,COM,0.526691,1.098819,1.85,4.361,2.738,63032.423944,60796.001439
A_OB_1.9999999999999998_1.0_172,COM,1.328991,1.222963,2.808,3.689,1.52,64054.481567,60796.001439
A_OB_1.9999999999999998_1.0_173,COM,0.33539,1.055624,1.938,2.568,2.84,62306.850121,60796.001439
A_OB_1.9999999999999998_1.0_174,COM,1.744844,1.32495,0.968,1.453,3.288,60961.404076,60796.001439
A_OB_1.9999999999999998_1.0_175,COM,1.180877,1.199474,1.121,5.014,2.969,63760.873977,60796.001439
A_OB_1.9999999999999998_1.0_176,COM,1.32938,1.249129,2.322,4.375,4.269,63357.540804,60796.001439
A_OB_1.9999999999999998_1.0_177,COM,0.517366,1.092254,1.099,0.934,4.616,62778.271452,60796.001439
A_OB_1.9999999999999998_1.0_178,COM,1.367429,1.225811,2.241,4.868,4.48,63704.443433,60796.001439
A_OB_1.9999999999999998_1.0_179,COM,0.444549,1.079718,0.67,1.284,3.128,64451.52816,60796.001439
A_OB_1.9999999999999998_1.0_180,COM,0.048791,1.008073,1.974,2.007,5.195,60920.136111,60796.001439
A_OB_1.9999999999999998_1.0_181,COM,1.313899,1.249278,0.223,5.541,4.465,61664.859916,60796.001439
A_OB_1.9999999999999998_1.0_182,COM,1.217261,1.257375,0.909,2.871,3.779,62635.649571,60796.001439
A_OB_1.9999999999999998_1.0_183,COM,0.779853,1.163443,1.006,3.365,4.484,61666.969969,60796.001439
A_OB_1.9999999999999998_1.0_184,COM,0.322913,1.068834,0.896,0.826,4.583,61606.861989,60796.001439
A_OB_1.9999999999999998_1.0_185,COM,0.705734,1.152751,1.143,0.03,5.057,63015.607182,60796.001439
A_OB_1.9999999999999998_1.0_186,COM,1.294445,1.264196,0.209,4.226,3.449,63452.790435,60796.001439
A_OB_1.9999999999999998_1.0_187,COM,1.177005,1.252468,1.999,5.539,3.625,63862.957426,60796.001439
A_OB_1.9999999999999998_1.0_188,COM,0.099507,1.021671,2.557,5.578,3.865,62781.737622,60796.001439
A_OB_1.9999999999999998_1.0_189,COM,0.457602,1.091345,1.445,3.129,3.603,62175.65207,60796.001439
A_OB_1.9999999999999998_1.0_190,COM,0.210106,1.041831,2.842,4.119,4.02,60878.832342,60796.001439
A_OB_1.9999999999999998_1.0_191,COM,1.300801,1.262085,0.902,0.416,5.232,62578.744216,60796.001439
A_OB_1.9999999999999998_1.0_192,COM,1.351309,1.277524,1.224,1.315,4.662,61752.880696,60796.001439
A_OB_1.9999999999999998_1.0_193,COM,0.520402,1.108306,1.026,1.633,3.564,62335.852753,60796.001439
A_OB_1.9999999999999998_1.0_194,COM,1.435473,1.302725,2.524,1.161,5.032,62088.862069,60796.001439
A_OB_1.9999999999999998_1.0_195,COM,1.490857,1.312292,2.57,5.176,3.161,61874.317946,60796.001439
A_OB_1.9999999999999998_1.0_196,COM,0.493012,1.104324,1.587,2.7,5.217,64095.04628,60796.001439
A_OB_1.9999999999999998_1.0_197,COM,0.474271,1.094173,0.999,4.358,2.203,63376.659475,60796.001439
A_OB_1.9999999999999998_1.0_198,COM,0.591454,1.131126,0.577,1.814,4.19,64193.222646,60796.001439
A_OB_1.9999999999999998_1.0_199,COM,1.230137,1.262078,1.022,4.32,3.864,61653.521604,60796.001439
A_OB_1.9999999999999998_1.0_200,COM,1.309469,1.258838,1.795,4.569,2.873,62959.729619,60796.001439
A_OB_1.9999999999999998_1.0_201,COM,0.303655,1.05956,2.32,3.127,4.435,61849.910708,60796.001439
A_OB_1.9999999999999998_1.0_202,COM,1.503447,1.311934,0.856,1.801,5.372,62563.926144,60796.001439
A_OB_1.9999999999999998_1.0_203,COM,0.767467,1.159101,1.68,4.225,4.545,62565.243032,60796.001439
A_OB_1.9999999999999998_1.0_204,COM,1.195869,1.258091,0.697,3.667,3.31,61121.79236,60796.001439
A_OB_1.9999999999999998_1.0_205,COM,1.261087,1.275658,1.794,0.575,4.363,63292.016972,60796.001439
A_OB_1.9999999999999998_1.0_206,COM,1.366173,1.290012,1.522,0.447,4.708,63128.168087,60796.001439
A_OB_1.9999999999999998_1.0_207,COM,0.429732,1.095668,2.682,1.538,6.224,63912.396298,60796.001439
A_OB_1.9999999999999998_1.0_208,COM,0.524434,1.112638,1.543,3.841,2.715,62988.234509,60796.001439
A_OB_1.9999999999999998_1.0_209,COM,1.794944,1.356315,0.143,1.508,4.816,62862.407316,60796.001439
A_OB_1.9999999999999998_1.0_210,COM,1.061945,1.227612,2.118,5.137,4.143,61872.575219,60796.001439
A_OB_1.9999999999999998_1.0_211,COM,2.585762,1.527031,2.535,1.119,3.799,60718.20159,60796.001439
A_OB_1.9999999999999998_1.0_212,COM,1.23925,1.270398,1.449,4.864,3.746,64407.890885,60796.001439
A_OB_1.9999999999999998_1.0_213,COM,1.470322,1.304741,1.473,5.455,4.08,64352.229969,60796.001439
A_OB_1.9999999999999998_1.0_214,COM,0.406837,1.083195,1.198,2.223,5.19,63194.79111,60796.001439
A_OB_1.9999999999999998_1.0_215,COM,0.746861,1.144988,1.069,0.727,5.66,62286.572726,60796.001439
A_OB_1.9999999999999998_1.0_216,COM,0.44585,1.096526,1.82,2.822,2.2,61111.107429,60796.001439
A_OB_1.9999999999999998_1.0_217,COM,0.291002,1.063633,1.71,1.126,3.927,63333.064032,60796.001439
A_OB_1.9999999999999998_1.0_218,COM,0.815101,1.181018,0.515,3.782,2.823,63989.731681,60796.001439
A_OB_1.9999999999999998_1.0_219,COM,1.877663,1.372354,1.823,0.109,3.845,62744.291213,60796.001439
A_OB_1.9999999999999998_1.0_220,COM,0.377216,1.080188,1.465,1.594,5.625,63138.189541,60796.001439
A_OB_1.9999999999999998_1.0_221,COM,1.143555,1.221296,2.208,4.431,4.055,62285.002526,60796.001439
A_OB_1.9999999999999998_1.0_222,COM,0.903714,1.204522,0.832,4.851,3.72,62723.530675,60796.001439
A_OB_1.9999999999999998_1.0_223,COM,0.550489,1.126375,0.706,2.517,2.25,61570.34222,60796.001439
A_OB_1.9999999999999998_1.0_224,COM,2.16253,1.489257,0.889,3.576,3.033,61783.139272,60796.001439
A_OB_1.9999999999999998_1.0_225,COM,0.457073,1.111765,1.313,5.115,4.125,62654.902678,60796.001439
A_OB_1.9999999999999998_1.0_226,COM,1.348569,1.344719,1.701,2.384,3.405,61056.872269,60796.001439
A_OB_1.9999999999999998_1.0_227,COM,1.459772,1.351226,0.807,3.432,2.567,61318.886043,60796.001439
A_OB_1.9999999999999998_1.0_228,COM,1.221408,1.295146,1.25,4.568,3.881,64474.833342,60796.001439
A_OB_1.9999999999999998_1.0_229,COM,0.945477,1.240721,0.714,5.958,1.836,63010.677015,60796.001439
A_OB_1.9999999999999998_1.0_230,COM,0.710849,1.169823,2.173,5.246,3.591,63393.608834,60796.001439
A_OB_1.9999999999999998_1.0_231,COM,1.261731,1.317142,0.927,2.095,4.298,63709.564781,60796.001439
A_OB_1.9999999999999998_1.0_232,COM,1.310459,1.295736,0.813,3.375,4.225,61763.594339,60796.001439
A_OB_1.9999999999999998_1.0_233,COM,0.510447,1.127406,1.763,5.667,3.764,61518.332484,60796.001439
A_OB_1.9999999999999998_1.0_234,COM,0.595208,1.147195,2.082,4.127,3.863,61155.083224,60796.001439
A_OB_1.9999999999999998_1.0_235,COM,0.622557,1.151771,1.965,6.168,3.173,60986.38538,60796.001439
A_OB_1.9999999999999998_1.0_236,COM,0.582087,1.14702,1.455,4.274,3.541,63438.20942,60796.001439
A_OB_1.9999999999999998_1.0_237,COM,1.210282,1.293338,1.782,4.93,3.505,63006.579913,60796.001439
A_OB_1.9999999999999998_1.0_238,COM,3.272666,1.745697,1.999,0.155,3.38,63843.383246,60796.001439
A_OB_1.9999999999999998_1.0_239,COM,1.38841,1.348282,2.459,4.785,3.112,63594.859445,60796.001439
A_OB_1.9999999999999998_1.0_240,COM,1.098054,1.264482,2.174,2.651,3.818,62439.590842,60796.001439
A_OB_1.9999999999999998_1.0_241,COM,0.876604,1.208956,2.688,5.406,5.242,61371.790686,60796.001439
A_OB_1.9999999999999998_1.0_242,COM,1.358558,1.306697,1.572,6.098,6.104,61916.249253,60796.001439
A_OB_1.9999999999999998_1.0_243,COM,1.278324,1.297433,1.859,5.296,2.732,62053.575833,60796.001439
A_OB_1.9999999999999998_1.0_244,COM,0.761735,1.187135,1.302,4.447,3.958,63314.984646,60796.001439
A_OB_1.9999999999999998_1.0_245,COM,0.383982,1.095953,2.562,2.054,4.838,61105.962839,60796.001439
A_OB_1.9999999999999998_1.0_246,COM,0.173669,1.039436,0.897,2.676,5.64,63093.854444,60796.001439
A_OB_1.9999999999999998_1.0_247,COM,0.888903,1.21514,1.734,0.095,3.418,62697.718119,60796.001439
A_OB_1.9999999999999998_1.0_248,COM,0.315691,1.073315,0.35,3.051,5.149,61539.012419,60796.001439
A_OB_1.9999999999999998_1.0_249,COM,1.439796,1.325422,2.386,4.14,3.014,62864.435918,60796.001439
A_OB_1.9999999999999998_1.0_250,COM,0.153971,1.036796,2.719,1.869,2.646,60824.922351,60796.001439
A_OB_1.9999999999999998_1.0_251,COM,0.367581,1.086552,1.814,1.873,0.009,62498.234488,60796.001439
A_OB_1.9999999999999998_1.0_252,COM,1.367276,1.349052,2.204,1.925,5.533,64250.227545,60796.001439
A_OB_1.9999999999999998_1.0_253,COM,1.031156,1.252231,0.242,2.191,2.707,61582.348968,60796.001439
A_OB_1.9999999999999998_1.0_254,COM,1.260663,1.283116,0.758,3.002,3.862,64210.583157,60796.001439
A_OB_1.9999999999999998_1.0_255,COM,0.228031,1.058691,1.086,0.034,1.954,61717.609618,60796.001439
A_OB_1.9999999999999998_1.0_256,COM,1.711342,1.498894,2.555,6.19,4.7,63217.136831,60796.001439
A_OB_1.9999999999999998_1.0_257,COM,1.607912,1.446248,2.044,2.849,0.763,61053.813429,60796.001439
A_OB_1.9999999999999998_1.0_258,COM,0.092198,1.026273,1.133,2.251,3.96,64003.137814,60796.001439
A_OB_1.9999999999999998_1.0_259,COM,1.922719,1.51413,0.749,0.622,5.002,61739.125704,60796.001439
A_OB_1.9999999999999998_1.0_260,COM,1.292776,1.363794,2.591,0.539,3.776,61887.336095,60796.001439
A_OB_1.9999999999999998_1.0_261,COM,0.881534,1.252288,1.193,2.868,3.623,62243.068544,60796.001439
A_OB_1.9999999999999998_1.0_262,COM,1.290542,1.334721,1.967,4.641,3.637,61783.904836,60796.001439
A_OB_1.9999999999999998_1.0_263,COM,0.163978,1.044719,1.622,0.253,3.94,61094.728474,60796.001439
A_OB_1.9999999999999998_1.0_264,COM,0.725117,1.197609,2.955,4.123,4.694,62675.622915,60796.001439
A_OB_1.9999999999999998_1.0_265,COM,0.045173,1.012858,1.095,2.916,4.339,61766.737469,60796.001439
A_OB_1.9999999999999998_1.0_266,COM,1.361014,1.351362,0.739,5.777,0.908,63319.68842,60796.001439
A_OB_1.9999999999999998_1.0_267,COM,1.811113,1.526591,2.523,5.396,4.228,61316.236894,60796.001439
A_OB_1.9999999999999998_1.0_268,COM,0.475624,1.1303,1.567,3.957,0.659,61654.634025,60796.001439
A_OB_1.9999999999999998_1.0_269,COM,0.700062,1.197943,2.263,0.015,3.908,60756.561035,60796.001439
A_OB_1.9999999999999998_1.0_270,COM,1.228292,1.344077,1.95,4.813,2.588,62973.455837,60796.001439
A_OB_1.9999999999999998_1.0_271,COM,1.069446,1.290664,1.64,6.143,3.286,64053.252958,60796.001439
A_OB_1.9999999999999998_1.0_272,COM,1.422917,1.367773,2.572,4.301,3.851,62158.518249,60796.001439
A_OB_1.9999999999999998_1.0_273,COM,0.530294,1.151421,1.502,2.894,3.924,62427.217479,60796.001439
A_OB_1.9999999999999998_1.0_274,COM,1.454938,1.418778,1.29,4.848,3.18,62550.219566,60796.001439
A_OB_1.9999999999999998_1.0_275,COM,0.233802,1.067069,1.109,1.913,5.034,64188.420287,60796.001439
A_OB_1.9999999999999998_1.0_276,COM,0.722444,1.202466,2.204,0.56,4.564,63385.955053,60796.001439
A_OB_1.9999999999999998_1.0_277,COM,0.451118,1.127925,2.23,5.833,6.169,61823.578067,60796.001439
A_OB_1.9999999999999998_1.0_278,COM,1.18977,1.361746,0.745,1.581,4.655,61958.827621,60796.001439
A_OB_1.9999999999999998_1.0_279,COM,1.180913,1.355164,2.705,1.347,4.128,62475.294081,60796.001439
A_OB_1.9999999999999998_1.0_280,COM,1.180913,1.355164,2.705,1.347,4.128,62475.294081,60796.001439
A_OB_1.9999999999999998_1.0_281,COM,1.537614,1.477078,0.924,4.953,2.707,64414.363017,60796.001439
A_OB_1.9999999999999998_1.0_282,COM,0.589924,1.184401,2.819,4.625,2.684,64224.96647,60796.001439
A_OB_1.9999999999999998_1.0_283,COM,1.40476,1.430968,1.58,5.166,3.283,64133.435479,60796.001439
A_OB_1.9999999999999998_1.0_284,COM,1.0311,1.336893,1.268,1.993,4.578,60793.294519,60796.001439
A_OB_1.9999999999999998_1.0_285,COM,0.734219,1.217272,2.961,5.755,5.141,63486.281683,60796.001439
A_OB_1.9999999999999998_1.0_286,COM,0.233038,1.075503,2.907,6.092,0.215,60965.802438,60796.001439
A_OB_1.9999999999999998_1.0_287,COM,1.155107,1.346535,1.342,1.524,2.926,63640.56645,60796.001439
A_OB_1.9999999999999998_1.0_288,COM,1.351956,1.429821,0.759,1.894,4.246,62130.925814,60796.001439
A_OB_1.9999999999999998_1.0_289,COM,0.628024,1.190883,0.691,2.577,4.947,63834.290209,60796.001439
A_OB_1.9999999999999998_1.0_290,COM,1.12904,1.366801,2.103,0.392,4.254,63179.010308,60796.001439
A_OB_1.9999999999999998_1.0_291,COM,0.69275,1.208178,2.207,1.728,5.617,62001.917457,60796.001439
A_OB_1.9999999999999998_1.0_292,COM,0.486317,1.143837,1.037,2.396,4.906,62593.179797,60796.001439
A_OB_1.9999999999999998_1.0_293,COM,0.962763,1.30335,2.102,5.507,4.341,62666.551504,60796.001439
A_OB_1.9999999999999998_1.0_294,COM,0.369771,1.118311,2.011,5.249,3.758,60738.190233,60796.001439
A_OB_1.9999999999999998_1.0_295,COM,1.32976,1.42388,2.038,0.109,3.936,63560.784829,60796.001439
A_OB_1.9999999999999998_1.0_296,COM,0.861436,1.282099,2.17,0.397,4.532,63103.789092,60796.001439
A_OB_1.9999999999999998_1.0_297,COM,0.164524,1.053855,1.011,4.237,5.141,61504.235313,60796.001439
A_OB_1.9999999999999998_1.0_298,COM,1.095192,1.346709,2.01,2.095,4.248,63424.077652,60796.001439
A_OB_1.9999999999999998_1.0_299,COM,0.714127,1.22113,1.187,1.825,5.351,64504.396018,60796.001439
A_OB_1.9999999999999998_1.0_300,COM,0.251977,1.074845,1.436,5.909,5.782,64089.972854,60796.001439
A_OB_1.9999999999999998_1.0_301,COM,1.088203,1.319745,0.629,2.119,2.532,61848.373936,60796.001439
A_OB_1.9999999999999998_1.0_302,COM,1.243932,1.382262,1.926,6.207,3.612,61543.772599,60796.001439
A_OB_1.9999999999999998_1.0_303,COM,1.767356,1.537181,1.069,0.153,5.529,63878.505899,60796.001439
A_OB_1.9999999999999998_1.0_304,COM,1.511248,1.442393,0.895,4.498,1.875,62564.740173,60796.001439
A_OB_1.9999999999999998_1.0_305,COM,0.966299,1.282585,0.916,2.966,3.732,62823.740568,60796.001439
A_OB_1.9999999999999998_1.0_306,COM,0.972105,1.287911,0.552,4.45,2.552,61687.291045,60796.001439
A_OB_1.9999999999999998_1.0_307,COM,0.08676,1.026313,2.289,1.24,5.181,62679.407178,60796.001439
A_OB_1.9999999999999998_1.0_308,COM,1.391524,1.453982,0.81,0.87,4.189,63937.553403,60796.001439
A_OB_1.9999999999999998_1.0_309,COM,0.034586,1.010951,1.711,0.436,4.234,62426.947155,60796.001439
A_OB_1.9999999999999998_1.0_310,COM,0.373206,1.113547,1.813,1.753,4.797,61614.821857,60796.001439
A_OB_1.9999999999999998_1.0_311,COM,0.869174,1.276054,0.385,5.067,4.939,62755.267166,60796.001439
A_OB_1.9999999999999998_1.0_312,COM,0.710586,1.249531,1.162,4.191,3.013,63360.879632,60796.001439
A_OB_1.9999999999999998_1.0_313,COM,1.765421,1.615471,1.361,0.493,4.699,61470.463998,60796.001439
A_OB_1.9999999999999998_1.0_314,COM,1.158881,1.413892,1.031,3.882,3.727,62707.591345,60796.001439
A_OB_1.9999999999999998_1.0_315,COM,0.931367,1.341961,0.924,0.928,5.37,61732.593301,60796.001439
A_OB_1.9999999999999998_1.0_316,COM,0.197223,1.070175,1.974,2.027,4.205,64300.265145,60796.001439
A_OB_1.9999999999999998_1.0_317,COM,0.383858,1.130362,2.161,0.396,4.073,64519.080673,60796.001439
A_OB_1.9999999999999998_1.0_318,COM,0.311979,1.106537,0.895,1.167,5.588,64249.407604,60796.001439
A_OB_1.9999999999999998_1.0_319,COM,0.162387,1.055775,2.355,1.023,5.115,63542.491375,60796.001439
A_OB_1.9999999999999998_1.0_320,COM,1.382354,1.49785,1.316,4.35,2.621,61561.303276,60796.001439
A_OB_1.9999999999999998_1.0_321,COM,1.424756,1.4915,1.466,5.263,2.919,63317.018641,60796.001439
A_OB_1.9999999999999998_1.0_322,COM,0.305906,1.111394,1.151,2.682,5.096,64023.71307,60796.001439
A_OB_1.9999999999999998_1.0_323,COM,1.297698,1.474777,2.896,0.291,4.38,62096.742182,60796.001439
A_OB_1.9999999999999998_1.0_324,COM,0.632293,1.213175,2.061,2.275,4.502,62797.807343,60796.001439
A_OB_1.9999999999999998_1.0_325,COM,0.062384,1.020963,0.861,3.32,5.716,63197.549648,60796.001439
A_OB_1.9999999999999998_1.0_326,COM,1.244534,1.416192,1.127,4.928,3.672,62107.761823,60796.001439
A_OB_1.9999999999999998_1.0_327,COM,1.101577,1.378356,0.438,4.696,2.442,61430.247601,60796.001439
A_OB_1.9999999999999998_1.0_328,COM,1.710683,1.584099,2.194,2.467,2.576,63307.081207,60796.001439
A_OB_1.9999999999999998_1.0_329,COM,0.814951,1.288291,1.235,2.033,4.502,64328.910728,60796.001439
A_OB_1.9999999999999998_1.0_330,COM,0.894051,1.315314,1.506,0.044,5.014,61826.061426,60796.001439
A_OB_1.9999999999999998_1.0_331,COM,1.175878,1.419903,2.498,1.237,5.062,63635.410101,60796.001439
A_OB_1.9999999999999998_1.0_332,COM,0.739321,1.256252,2.101,2.244,5.055,63816.56021,60796.001439
A_OB_1.9999999999999998_1.0_333,COM,0.615671,1.210557,1.948,4.377,4.652,63636.060774,60796.001439
A_OB_1.9999999999999998_1.0_334,COM,1.072661,1.381667,1.375,2.661,4.319,61032.972127,60796.001439
A_OB_1.9999999999999998_1.0_335,COM,0.789629,1.268043,2.032,0.492,4.303,61049.976209,60796.001439
A_OB_1.9999999999999998_1.0_336,COM,1.451574,1.50549,2.216,5.325,3.487,61527.890173,60796.001439
A_OB_1.9999999999999998_1.0_337,COM,1.053824,1.381819,1.482,2.418,4.506,61029.427243,60796.001439
A_OB_1.9999999999999998_1.0_338,COM,0.701892,1.234468,1.347,1.351,4.903,61107.63888,60796.001439
A_OB_1.9999999999999998_1.0_339,COM,0.688309,1.232059,1.565,1.401,2.684,61898.068049,60796.001439
A_OB_1.9999999999999998_1.0_340,COM,0.238604,1.085877,1.735,3.018,3.72,62088.929861,60796.001439
A_OB_1.9999999999999998_1.0_341,COM,1.546338,1.512638,2.442,6.079,2.284,63379.449682,60796.001439
A_OB_1.9999999999999998_1.0_342,COM,0.964112,1.349317,1.661,2.773,3.528,61949.746044,60796.001439
A_OB_1.9999999999999998_1.0_343,COM,1.396554,1.505727,0.385,2.524,3.698,63343.467725,60796.001439
A_OB_1.9999999999999998_1.0_344,COM,0.864947,1.301849,1.96,6.165,4.229,60850.093822,60796.001439
A_OB_1.9999999999999998_1.0_345,COM,1.4209,1.50571,2.523,5.691,4.299,63665.769353,60796.001439
A_OB_1.9999999999999998_1.0_346,COM,0.332365,1.11006,1.978,3.261,2.173,63380.171379,60796.001439
A_OB_1.9999999999999998_1.0_347,COM,1.018788,1.417327,2.422,0.088,4.807,60963.910133,60796.001439
A_OB_1.9999999999999998_1.0_348,COM,0.97974,1.391116,1.603,3.064,3.153,61762.150985,60796.001439
A_OB_1.9999999999999998_1.0_349,COM,0.077949,1.02996,1.349,2.465,4.587,63493.248143,60796.001439
A_OB_1.9999999999999998_1.0_350,COM,0.187336,1.074937,1.062,4.19,3.518,60977.989283,60796.001439
A_OB_1.9999999999999998_1.0_351,COM,0.816545,1.320091,1.245,2.816,4.171,61159.65798,60796.001439
A_OB_1.9999999999999998_1.0_352,COM,0.597659,1.232909,1.051,1.93,3.8,62644.863238,60796.001439
A_OB_1.9999999999999998_1.0_353,COM,0.112084,1.042492,1.299,1.597,5.891,64124.742941,60796.001439
A_OB_1.9999999999999998_1.0_354,COM,0.464992,1.185845,0.655,3.845,3.661,63164.961669,60796.001439
A_OB_1.9999999999999998_1.0_355,COM,0.481122,1.185154,1.614,5.499,4.629,63967.522267,60796.001439
A_OB_1.9999999999999998_1.0_356,COM,0.961621,1.375993,1.894,2.279,3.594,63921.098718,60796.001439
A_OB_1.9999999999999998_1.0_357,COM,1.492631,1.591942,1.006,3.88,3.961,63335.896135,60796.001439
A_OB_1.9999999999999998_1.0_358,COM,1.322386,1.51265,1.71,3.102,3.694,64334.285884,60796.001439
A_OB_1.9999999999999998_1.0_359,COM,1.1382,1.453786,2.032,3.668,4.374,61804.136592,60796.001439
A_OB_1.9999999999999998_1.0_360,COM,1.322347,1.528932,1.002,1.805,5.477,61619.525737,60796.001439
A_OB_1.9999999999999998_1.0_361,COM,1.686348,1.629238,1.724,0.623,3.576,62189.728315,60796.001439
A_OB_1.9999999999999998_1.0_362,COM,0.798661,1.312477,2.386,0.075,4.154,63971.800592,60796.001439
A_OB_1.9999999999999998_1.0_363,COM,0.665778,1.255413,1.896,5.109,2.922,63459.634678,60796.001439
A_OB_1.9999999999999998_1.0_364,COM,0.283804,1.106067,0.385,3.894,5.307,61445.637086,60796.001439
A_OB_1.9999999999999998_1.0_365,COM,0.912647,1.360373,1.945,0.246,3.5,63134.93963,60796.001439
A_OB_1.9999999999999998_1.0_366,COM,0.342859,1.129629,2.325,4.269,2.894,62343.406709,60796.001439
A_OB_1.9999999999999998_1.0_367,COM,0.294239,1.109959,2.331,4.206,4.16,61292.904036,60796.001439
A_OB_1.9999999999999998_1.0_368,COM,0.968622,1.364636,0.595,4.258,2.484,61111.314779,60796.001439
A_OB_1.9999999999999998_1.0_369,COM,3.010773,2.114218,1.973,0.235,3.561,62059.758528,60796.001439
A_OB_1.9999999999999998_1.0_370,COM,0.56376,1.221284,2.365,4.336,3.392,63930.877071,60796.001439
A_OB_1.9999999999999998_1.0_371,COM,0.389427,1.146485,2.052,5.114,3.33,62357.280827,60796.001439
A_OB_1.9999999999999998_1.0_372,COM,0.696292,1.276348,2.68,0.08,3.772,62366.879303,60796.001439
A_OB_1.9999999999999998_1.0_373,COM,1.09855,1.449163,3.017,0.607,5.685,63766.604938,60796.001439
A_OB_1.9999999999999998_1.0_374,COM,1.140338,1.464251,1.887,1.392,4.638,61612.417784,60796.001439
A_OB_1.9999999999999998_1.0_375,COM,2.416868,1.942174,1.46,5.149,3.202,62280.476503,60796.001439
A_OB_1.9999999999999998_1.0_376,COM,1.355047,1.546672,0.412,3.878,4.941,64276.290355,60796.001439
A_OB_1.9999999999999998_1.0_377,COM,2.674062,2.017474,2.521,0.241,3.829,60625.876023,60796.001439
A_OB_1.9999999999999998_1.0_378,COM,0.368194,1.154368,1.513,1.578,5.07,62609.812576,60796.001439
A_OB_1.9999999999999998_1.0_379,COM,1.544912,1.654918,0.914,4.477,4.39,63655.870793,60796.001439
A_OB_1.9999999999999998_1.0_380,COM,1.552422,1.658634,1.642,5.364,1.962,60726.545795,60796.001439
A_OB_1.9999999999999998_1.0_381,COM,1.045053,1.469002,0.615,5.665,4.081,62928.976701,60796.001439
A_OB_1.9999999999999998_1.0_382,COM,1.414706,1.585481,1.401,0.002,3.773,63805.919884,60796.001439
A_OB_1.9999999999999998_1.0_383,COM,0.642177,1.290579,2.848,5.36,3.303,64116.544748,60796.001439
A_OB_1.9999999999999998_1.0_384,COM,0.99692,1.449897,0.687,2.392,5.041,62993.720564,60796.001439
A_OB_1.9999999999999998_1.0_385,COM,1.559755,1.685797,2.807,0.707,5.149,63953.998303,60796.001439
A_OB_1.9999999999999998_1.0_386,COM,0.824006,1.338942,1.215,2.108,3.763,61453.000703,60796.001439
A_OB_1.9999999999999998_1.0_387,COM,0.910218,1.379897,0.402,4.733,5.385,63783.212113,60796.001439
A_OB_1.9999999999999998_1.0_388,COM,1.288463,1.53642,1.977,3.142,3.178,63051.221087,60796.001439
A_OB_1.9999999999999998_1.0_389,COM,1.338725,1.576806,1.803,0.889,4.693,62697.776332,60796.001439
A_OB_1.9999999999999998_1.0_390,COM,0.672423,1.283422,0.816,2.36,4.212,61187.197468,60796.001439
A_OB_1.9999999999999998_1.0_391,COM,1.378878,1.6084,1.966,5.353,3.261,61281.039802,60796.001439
A_OB_1.9999999999999998_1.0_392,COM,0.386499,1.169088,0.755,0.695,5.31,62879.405905,60796.001439
A_OB_1.9999999999999998_1.0_393,COM,0.988183,1.421996,2.159,2.945,3.758,64371.807995,60796.001439
A_OB_1.9999999999999998_1.0_394,COM,0.007309,1.003023,2.079,4.872,4.141,61705.514485,60796.001439
A_OB_1.9999999999999998_1.0_395,COM,2.05046,1.906854,1.25,4.66,2.436,64269.269617,60796.001439
A_OB_1.9999999999999998_1.0_396,COM,1.505576,1.619532,1.926,5.748,5.211,62627.779509,60796.001439
A_OB_1.9999999999999998_1.0_397,COM,0.298397,1.123044,0.981,1.383,5.156,61192.427091,60796.001439
A_OB_1.9999999999999998_1.0_398,COM,0.637919,1.265143,0.868,3.654,3.846,63740.488717,60796.001439
A_OB_1.9999999999999998_1.0_399,COM,0.931267,1.388556,1.755,0.415,3.663,62779.160062,60796.001439
A_OB_1.9999999999999998_1.0_400,COM,0.22257,1.091528,1.792,1.653,4.025,61819.378284,60796.001439
A_OB_1.9999999999999998_1.0_401,COM,1.555197,1.750064,0.826,4.428,3.275,61607.373659,60796.001439
A_OB_1.9999999999999998_1.0_402,COM,0.063655,1.030941,1.845,1.248,4.56,62189.428428,60796.001439
A_OB_1.9999999999999998_1.0_403,COM,1.19688,1.551537,0.686,2.598,4.026,61699.216,60796.001439
A_OB_1.9999999999999998_1.0_404,COM,1.507855,1.712892,1.92,3.819,2.405,62571.81389,60796.001439
A_OB_1.9999999999999998_1.0_405,COM,0.83886,1.384087,1.32,3.862,4.201,64085.102076,60796.001439
A_OB_1.9999999999999998_1.0_406,COM,2.163065,1.98387,1.489,2.604,3.707,62558.5175,60796.001439
A_OB_1.9999999999999998_1.0_407,COM,0.73111,1.363682,1.153,3.738,4.403,61261.390357,60796.001439
A_OB_1.9999999999999998_1.0_408,COM,0.413995,1.205075,1.828,1.824,5.2,61625.152642,60796.001439
A_OB_1.9999999999999998_1.0_409,COM,1.220688,1.592076,0.481,5.169,3.639,61264.748839,60796.001439
A_OB_1.9999999999999998_1.0_410,COM,1.121157,1.542313,1.098,4.362,2.5,63129.622577,60796.001439
A_OB_1.9999999999999998_1.0_411,COM,1.424789,1.66355,1.812,1.43,5.011,61550.716498,60796.001439
A_OB_1.9999999999999998_1.0_412,COM,0.808864,1.387223,2.682,5.205,4.259,63234.837044,60796.001439
A_OB_1.9999999999999998_1.0_413,COM,1.466227,1.713499,0.795,2.635,3.307,64008.286752,60796.001439
A_OB_1.9999999999999998_1.0_414,COM,0.880198,1.411149,1.452,1.505,4.093,63738.798862,60796.001439
A_OB_1.9999999999999998_1.0_415,COM,0.880198,1.411149,1.452,1.505,4.093,63738.798862,60796.001439
A_OB_1.9999999999999998_1.0_416,COM,1.471841,1.678376,1.902,1.822,3.668,60836.819842,60796.001439
A_OB_1.9999999999999998_1.0_417,COM,0.783275,1.391425,0.742,5.619,3.058,64098.124307,60796.001439
A_OB_1.9999999999999998_1.0_418,COM,0.639214,1.304358,2.449,4.871,3.55,64467.501629,60796.001439
A_OB_1.9999999999999998_1.0_419,COM,1.6529,1.78298,1.6,5.348,4.378,60728.636365,60796.001439
A_OB_1.9999999999999998_1.0_420,COM,1.335633,1.627058,2.218,3.104,3.864,63006.560403,60796.001439
A_OB_1.9999999999999998_1.0_421,COM,0.029535,1.013806,2.379,5.43,3.521,61563.710367,60796.001439
A_OB_1.9999999999999998_1.0_422,COM,0.579273,1.276293,0.823,5.634,2.353,60971.155842,60796.001439
A_OB_1.9999999999999998_1.0_423,COM,1.240082,1.606806,2.118,4.242,4.156,62991.47228,60796.001439
A_OB_1.9999999999999998_1.0_424,COM,1.144245,1.546708,1.44,3.106,3.785,61771.753198,60796.001439
A_OB_1.9999999999999998_1.0_425,COM,0.189697,1.087051,1.556,4.735,2.941,61104.078837,60796.001439
A_OB_1.9999999999999998_1.0_426,COM,0.010182,1.004886,1.693,4.331,4.144,60948.973017,60796.001439
A_OB_1.9999999999999998_1.0_427,COM,0.917472,1.440662,0.679,1.363,4.248,61961.414245,60796.001439
A_OB_1.9999999999999998_1.0_428,COM,1.304168,1.646385,1.098,3.177,3.65,61491.995157,60796.001439
A_OB_1.9999999999999998_1.0_429,COM,0.283138,1.136168,1.679,1.215,4.974,62791.587056,60796.001439
A_OB_1.9999999999999998_1.0_430,COM,0.173939,1.079333,0.732,3.788,3.854,62036.983493,60796.001439
A_OB_1.9999999999999998_1.0_431,COM,1.375059,1.644263,1.105,1.257,4.656,63061.034969,60796.001439
A_OB_1.9999999999999998_1.0_432,COM,1.021493,1.479364,1.8,0.806,5.325,61903.514348,60796.001439
A_OB_1.9999999999999998_1.0_433,COM,1.352246,1.635083,1.671,4.943,2.861,64302.886965,60796.001439
A_OB_1.9999999999999998_1.0_434,COM,0.36283,1.192989,2.054,1.942,5.623,61311.631791,60796.001439
A_OB_1.9999999999999998_1.0_435,COM,0.905919,1.459243,2.247,2.225,5.166,62160.491942,60796.001439
A_OB_1.9999999999999998_1.0_436,COM,1.619064,1.826757,2.148,2.463,4.493,63670.370948,60796.001439
A_OB_1.9999999999999998_1.0_437,COM,0.454997,1.230341,2.453,5.96,3.537,61080.120755,60796.001439
A_OB_1.9999999999999998_1.0_438,COM,0.994114,1.517754,0.847,2.959,3.394,63435.19405,60796.001439
A_OB_1.9999999999999998_1.0_439,COM,0.225791,1.11456,2.386,3.23,2.133,64359.941124,60796.001439
A_OB_1.9999999999999998_1.0_440,COM,0.27685,1.14193,2.719,5.461,3.933,64179.81823,60796.001439
A_OB_1.9999999999999998_1.0_441,COM,1.391712,1.750523,1.465,5.881,2.973,61802.682327,60796.001439
A_OB_1.9999999999999998_1.0_442,COM,0.604788,1.325524,1.801,4.933,3.267,61209.620668,60796.001439
A_OB_1.9999999999999998_1.0_443,COM,2.071353,2.118679,1.577,1.98,2.773,64296.782958,60796.001439
A_OB_1.9999999999999998_1.0_444,COM,1.370678,1.7517,0.509,2.934,5.289,61072.377798,60796.001439
A_OB_1.9999999999999998_1.0_445,COM,0.682929,1.371723,1.645,5.306,3.193,60760.712382,60796.001439
A_OB_1.9999999999999998_1.0_446,COM,1.216699,1.638867,1.921,4.075,2.471,64239.092367,60796.001439
A_OB_1.9999999999999998_1.0_447,COM,0.199048,1.104213,1.917,4.479,2.809,62360.311139,60796.001439
A_OB_1.9999999999999998_1.0_448,COM,0.480282,1.240574,2.319,1.828,5.156,60949.135052,60796.001439
A_OB_1.9999999999999998_1.0_449,COM,0.403452,1.218911,2.226,1.816,4.636,63619.191442,60796.001439
A_OB_1.9999999999999998_1.0_450,COM,1.152088,1.579373,0.999,4.464,2.556,61969.499063,60796.001439
A_OB_1.9999999999999998_1.0_451,COM,1.486596,1.796796,0.849,5.723,1.28,62769.527845,60796.001439
A_OB_1.9999999999999998_1.0_452,COM,1.446765,1.73985,2.017,1.476,5.769,63404.82707,60796.001439
A_OB_1.9999999999999998_1.0_453,COM,0.528532,1.267991,1.627,1.297,4.475,61668.368408,60796.001439
A_OB_1.9999999999999998_1.0_454,COM,0.779306,1.421391,1.395,1.798,5.416,61520.272067,60796.001439
A_OB_1.9999999999999998_1.0_455,COM,1.196575,1.640464,2.085,0.619,4.183,63854.10629,60796.001439
A_OB_1.9999999999999998_1.0_456,COM,0.130434,1.071014,0.377,3.842,3.931,64429.476105,60796.001439
A_OB_1.9999999999999998_1.0_457,COM,1.858403,1.959893,1.983,1.171,4.363,64249.368191,60796.001439
A_OB_1.9999999999999998_1.0_458,COM,0.512699,1.270632,1.318,3.266,2.833,61317.620516,60796.001439
A_OB_1.9999999999999998_1.0_459,COM,1.013196,1.522281,2.429,0.256,4.375,62770.642431,60796.001439
A_OB_1.9999999999999998_1.0_460,COM,0.335675,1.174336,0.693,0.125,5.766,63885.04297,60796.001439
A_OB_1.9999999999999998_1.0_461,COM,1.476168,1.750395,1.71,2.496,4.486,62403.292041,60796.001439
A_OB_1.9999999999999998_1.0_462,COM,0.335863,1.18359,0.961,3.406,0.344,60939.924637,60796.001439
A_OB_1.9999999999999998_1.0_463,COM,0.924403,1.482488,1.857,2.202,4.675,61846.269616,60796.001439
A_OB_1.9999999999999998_1.0_464,COM,1.088116,1.580754,1.998,1.283,4.079,61825.667451,60796.001439
A_OB_1.9999999999999998_1.0_465,COM,1.135922,1.601592,1.358,4.219,2.482,62066.316457,60796.001439
A_OB_1.9999999999999998_1.0_466,COM,0.268996,1.139018,2.126,3.766,3.509,62579.785874,60796.001439
A_OB_1.9999999999999998_1.0_467,COM,0.461736,1.249891,2.061,0.988,5.374,61395.140004,60796.001439
A_OB_1.9999999999999998_1.0_468,COM,2.193104,2.115407,1.728,3.717,3.226,64351.133256,60796.001439
A_OB_1.9999999999999998_1.0_469,COM,0.617665,1.309558,0.991,3.245,3.553,61001.58858,60796.001439
A_OB_1.9999999999999998_1.0_470,COM,0.196335,1.103707,1.573,1.046,4.593,62046.923898,60796.001439
A_OB_1.9999999999999998_1.0_471,COM,1.999778,2.175481,1.618,3.601,3.489,63829.678404,60796.001439
A_OB_1.9999999999999998_1.0_472,COM,1.053079,1.625592,2.282,0.559,3.606,63646.767629,60796.001439
A_OB_1.9999999999999998_1.0_473,COM,0.774572,1.458862,1.908,4.908,3.139,63581.002422,60796.001439
A_OB_1.9999999999999998_1.0_474,COM,0.628413,1.372155,1.202,1.952,3.282,62370.475661,60796.001439
A_OB_1.9999999999999998_1.0_475,COM,0.370471,1.213655,2.852,0.031,4.543,64102.438417,60796.001439
A_OB_1.9999999999999998_1.0_476,COM,0.961653,1.567678,1.452,0.192,4.348,64378.267917,60796.001439
A_OB_1.9999999999999998_1.0_477,COM,0.366508,1.216353,0.215,3.544,3.602,62054.161578,60796.001439
A_OB_1.9999999999999998_1.0_478,COM,1.415039,1.781352,1.751,5.89,3.618,62275.08516,60796.001439
A_OB_1.9999999999999998_1.0_479,COM,0.387543,1.229919,1.592,3.179,5.164,63094.062548,60796.001439
A_OB_1.9999999999999998_1.0_480,COM,1.47027,1.844905,1.26,4.536,3.189,64249.70379,60796.001439
A_OB_1.9999999999999998_1.0_481,COM,1.402379,1.81732,2.467,5.891,4.425,64418.00163,60796.001439
A_OB_1.9999999999999998_1.0_482,COM,0.328276,1.183772,1.443,3.35,4.609,61229.27207,60796.001439
A_OB_1.9999999999999998_1.0_483,COM,0.935369,1.545799,1.532,6.254,3.868,63075.805944,60796.001439
A_OB_1.9999999999999998_1.0_484,COM,0.618021,1.348486,0.884,6.096,0.212,61710.808915,60796.001439
A_OB_1.9999999999999998_1.0_485,COM,0.644946,1.364064,1.262,4.717,4.336,62525.415372,60796.001439
A_OB_1.9999999999999998_1.0_486,COM,0.361294,1.210122,2.617,5.364,4.419,61275.933888,60796.001439
A_OB_1.9999999999999998_1.0_487,COM,1.651002,1.958422,1.924,0.938,4.734,62696.222342,60796.001439
A_OB_1.9999999999999998_1.0_488,COM,0.237746,1.138568,1.422,0.551,4.917,61503.338954,60796.001439
A_OB_1.9999999999999998_1.0_489,COM,0.220521,1.124836,2.064,6.252,4.385,61736.670085,60796.001439
A_OB_1.9999999999999998_1.0_490,COM,0.651908,1.372528,1.623,5.736,4.896,61611.61515,60796.001439
A_OB_1.9999999999999998_1.0_491,COM,0.482346,1.271218,1.431,4.484,2.695,61202.666391,60796.001439
A_OB_1.9999999999999998_1.0_492,COM,1.132928,1.624121,1.999,5.015,5.073,63230.766508,60796.001439
A_OB_1.9999999999999998_1.0_493,COM,1.219131,1.683369,1.044,2.262,4.654,61470.2083,60796.001439
A_OB_1.9999999999999998_1.0_494,COM,0.848739,1.509068,1.77,2.127,1.881,60978.44432,60796.001439
A_OB_1.9999999999999998_1.0_495,COM,0.352541,1.197485,1.588,3.521,3.264,64429.243484,60796.001439
A_OB_1.9999999999999998_1.0_496,COM,0.714834,1.394359,1.891,3.019,3.091,62695.689233,60796.001439
A_OB_1.9999999999999998_1.0_497,COM,1.036975,1.604177,1.643,5.977,4.26,62257.430012,60796.001439
A_OB_1.9999999999999998_1.0_498,COM,0.766288,1.446838,2.539,1.087,5.826,63160.348006,60796.001439
A_OB_1.9999999999999998_1.0_499,COM,0.766288,1.446838,2.539,1.087,5.826,63160.348006,60796.001439
A_OB_1.9999999999999998_1.0_500,COM,2.19275,2.272827,1.673,3.603,3.228,62744.844653,60796.001439
A_OB_1.9999999999999998_1.0_501,COM,1.056223,1.633153,2.343,5.011,3.617,64222.116976,60796.001439
A_OB_1.9999999999999998_1.0_502,COM,0.755108,1.474295,0.865,0.442,5.256,63066.835156,60796.001439
A_OB_1.9999999999999998_1.0_503,COM,1.086375,1.690227,1.686,2.979,4.382,61760.935521,60796.001439
A_OB_1.9999999999999998_1.0_504,COM,1.137644,1.732083,2.626,3.973,1.708,61234.764654,60796.001439
A_OB_1.9999999999999998_1.0_505,COM,0.200163,1.12569,1.568,0.353,4.661,61419.344542,60796.001439
A_OB_1.9999999999999998_1.0_506,COM,0.943077,1.594263,1.554,1.569,4.388,61635.978442,60796.001439
A_OB_1.9999999999999998_1.0_507,COM,1.447995,1.929304,1.474,1.863,3.941,63590.95444,60796.001439
A_OB_1.9999999999999998_1.0_508,COM,0.026827,1.017064,2.737,4.103,2.398,62508.089747,60796.001439
A_OB_1.9999999999999998_1.0_509,COM,1.681087,2.017697,2.288,4.232,3.479,64198.56234,60796.001439
A_OB_1.9999999999999998_1.0_510,COM,0.153761,1.097753,2.259,1.962,4.768,61780.014975,60796.001439
A_OB_1.9999999999999998_1.0_511,COM,0.758337,1.487551,1.822,3.546,3.508,61575.516196,60796.001439
A_OB_1.9999999999999998_1.0_512,COM,1.599987,1.969697,0.936,2.541,3.446,62509.965755,60796.001439
A_OB_1.9999999999999998_1.0_513,COM,1.405286,1.895277,1.343,3.374,3.57,64493.091212,60796.001439
A_OB_1.9999999999999998_1.0_514,COM,1.238122,1.754658,0.924,0.899,4.534,61229.064844,60796.001439
A_OB_1.9999999999999998_1.0_515,COM,0.811209,1.505589,1.332,2.11,5.186,61384.634646,60796.001439
A_OB_1.9999999999999998_1.0_516,COM,1.273399,1.794935,1.6,5.727,4.089,61796.728414,60796.001439
A_OB_1.9999999999999998_1.0_517,COM,1.222708,1.762459,1.402,2.367,4.018,63028.134889,60796.001439
A_OB_1.9999999999999998_1.0_518,COM,1.297305,1.834868,2.006,4.205,3.159,61379.646832,60796.001439
A_OB_1.9999999999999998_1.0_519,COM,1.522454,1.937234,1.733,1.235,4.148,61912.68285,60796.001439
A_OB_1.9999999999999998_1.0_520,COM,1.05469,1.640485,0.997,0.729,5.985,61422.683426,60796.001439
A_OB_1.9999999999999998_1.0_521,COM,1.651556,2.030124,1.161,1.62,4.572,61358.711723,60796.001439
A_OB_1.9999999999999998_1.0_522,COM,0.009075,1.005491,0.853,4.64,1.47,62791.631045,60796.001439
A_OB_1.9999999999999998_1.0_523,COM,1.341793,1.860256,2.67,0.014,2.983,60884.973365,60796.001439
A_OB_1.9999999999999998_1.0_524,COM,0.555884,1.353941,1.824,4.885,4.025,63946.497725,60796.001439
A_OB_1.9999999999999998_1.0_525,COM,0.804451,1.558576,1.7,0.987,4.288,61694.827797,60796.001439
A_OB_1.9999999999999998_1.0_526,COM,0.11175,1.075904,0.007,3.033,4.03,63857.947929,60796.001439
A_OB_1.9999999999999998_1.0_527,COM,0.687061,1.478459,0.649,1.99,4.27,62814.180267,60796.001439
A_OB_1.9999999999999998_1.0_528,COM,1.347553,1.897894,1.389,1.562,4.603,64094.266321,60796.001439
A_OB_1.9999999999999998_1.0_529,COM,0.828345,1.565797,1.357,1.877,3.067,61777.116839,60796.001439
A_OB_1.9999999999999998_1.0_530,COM,0.577838,1.405622,1.809,4.317,2.618,63240.912633,60796.001439
A_OB_1.9999999999999998_1.0_531,COM,0.503382,1.334056,2.731,0.025,3.809,61672.151679,60796.001439
A_OB_1.9999999999999998_1.0_532,COM,0.075444,1.052492,1.913,2.775,2.411,63664.246234,60796.001439
A_OB_1.9999999999999998_1.0_533,COM,1.132148,1.762563,1.919,4.872,2.721,64282.109345,60796.001439
A_OB_1.9999999999999998_1.0_534,COM,0.184909,1.129623,1.664,4.733,3.676,62643.525252,60796.001439
A_OB_1.9999999999999998_1.0_535,COM,0.946426,1.618964,2.191,3.405,3.314,61798.069292,60796.001439
A_OB_1.9999999999999998_1.0_536,COM,0.053688,1.036309,1.546,2.437,5.283,63772.464059,60796.001439
A_OB_1.9999999999999998_1.0_537,COM,0.550669,1.375151,1.456,5.433,2.913,64146.224172,60796.001439
A_OB_1.9999999999999998_1.0_538,COM,0.52095,1.345604,0.95,5.021,4.721,61208.141005,60796.001439
A_OB_1.9999999999999998_1.0_539,COM,0.950305,1.695279,1.037,1.945,3.504,63586.148283,60796.001439
A_OB_1.9999999999999998_1.0_540,COM,0.549896,1.391475,1.528,3.989,2.805,61922.424761,60796.001439
A_OB_1.9999999999999998_1.0_541,COM,1.121985,1.851827,0.99,2.039,4.971,63500.020403,60796.001439
A_OB_1.9999999999999998_1.0_542,COM,0.097214,1.070339,1.336,6.234,5.206,62401.109871,60796.001439
A_OB_1.9999999999999998_1.0_543,COM,0.23005,1.174444,1.658,4.434,3.253,64254.39362,60796.001439
A_OB_1.9999999999999998_1.0_544,COM,1.351225,1.974143,2.428,0.234,3.994,61457.297463,60796.001439
A_OB_1.9999999999999998_1.0_545,COM,0.707889,1.528364,0.706,2.987,3.854,62726.426833,60796.001439
A_OB_1.9999999999999998_1.0_546,COM,0.409771,1.297554,2.186,0.411,4.92,62846.524404,60796.001439
A_OB_1.9999999999999998_1.0_547,COM,1.382632,1.988549,0.776,0.933,3.799,62876.50352,60796.001439
A_OB_1.9999999999999998_1.0_548,COM,0.340518,1.254591,2.425,5.286,5.922,62455.164381,60796.001439
A_OB_1.9999999999999998_1.0_549,COM,1.318093,1.977976,0.938,2.601,2.445,63425.765599,60796.001439
A_OB_1.9999999999999998_1.0_550,COM,1.402576,2.003417,2.292,1.714,4.593,63726.697247,60796.001439
A_OB_1.9999999999999998_1.0_551,COM,0.106418,1.078973,0.194,3.32,3.314,64023.831899,60796.001439
A_OB_1.9999999999999998_1.0_552,COM,1.272586,1.93046,2.117,1.259,4.727,63917.76492,60796.001439
A_OB_1.9999999999999998_1.0_553,COM,1.451389,2.088845,2.314,3.808,2.443,64041.708216,60796.001439
A_OB_1.9999999999999998_1.0_554,COM,1.180457,1.896574,1.27,2.072,4.792,61767.8559,60796.001439
A_OB_1.9999999999999998_1.0_555,COM,0.339708,1.241756,1.077,2.479,4.109,63142.348706,60796.001439
A_OB_1.9999999999999998_1.0_556,COM,1.037004,1.766198,1.392,2.673,3.541,63071.049669,60796.001439
A_OB_1.9999999999999998_1.0_557,COM,0.275965,1.203075,1.842,1.726,2.58,63232.270534,60796.001439
A_OB_1.9999999999999998_1.0_558,COM,0.141009,1.106797,2.603,1.845,5.845,61392.506303,60796.001439
A_OB_1.9999999999999998_1.0_559,COM,1.154935,1.898192,0.664,3.15,3.707,64420.500823,60796.001439
A_OB_1.9999999999999998_1.0_560,COM,1.117985,1.92164,2.663,0.968,3.921,62597.563217,60796.001439
A_OB_1.9999999999999998_1.0_561,COM,0.832778,1.68,1.469,2.373,4.352,62680.018695,60796.001439
A_OB_1.9999999999999998_1.0_562,COM,1.049025,1.817572,1.677,0.846,4.05,60878.792919,60796.001439
A_OB_1.9999999999999998_1.0_563,COM,0.395018,1.320547,2.026,1.364,5.024,64427.6264,60796.001439
A_OB_1.9999999999999998_1.0_564,COM,1.485621,2.181682,1.806,4.071,6.221,64463.092018,60796.001439
A_OB_1.9999999999999998_1.0_565,COM,0.249505,1.194727,1.955,2.001,4.594,61735.198696,60796.001439
A_OB_1.9999999999999998_1.0_566,COM,1.565832,2.22217,1.587,1.783,1.564,63798.607174,60796.001439
A_OB_1.9999999999999998_1.0_567,COM,1.411919,2.153535,1.614,0.182,4.107,63198.23821,60796.001439
A_OB_1.9999999999999998_1.0_568,COM,0.955468,1.7685,1.312,4.989,3.047,62004.526955,60796.001439
A_OB_1.9999999999999998_1.0_569,COM,0.271226,1.220182,1.352,2.995,3.549,63510.208133,60796.001439
A_OB_1.9999999999999998_1.0_570,COM,1.698873,2.403382,0.571,3.174,3.703,63870.658786,60796.001439
A_OB_1.9999999999999998_1.0_571,COM,0.495743,1.381664,2.37,0.446,4.793,64004.90748,60796.001439
A_OB_1.9999999999999998_1.0_572,COM,1.520474,2.20199,0.524,3.326,4.001,63681.553267,60796.001439
A_OB_1.9999999999999998_1.0_573,COM,0.717375,1.571638,2.087,0.973,4.784,61117.920546,60796.001439
A_OB_1.9999999999999998_1.0_574,COM,0.69978,1.574561,2.403,5.105,4.928,62445.909933,60796.001439
A_OB_1.9999999999999998_1.0_575,COM,1.666019,2.300704,1.916,0.24,4.043,62539.694236,60796.001439
A_OB_1.9999999999999998_1.0_576,COM,1.474526,2.198621,2.013,6.201,3.96,62075.0755,60796.001439
A_OB_1.9999999999999998_1.0_577,COM,0.481789,1.392918,0.977,4.024,3.938,63364.863944,60796.001439
A_OB_1.9999999999999998_1.0_578,COM,1.263244,2.013573,1.415,2.351,4.011,61612.332007,60796.001439
A_OB_1.9999999999999998_1.0_579,COM,1.539397,2.317272,1.2,4.317,2.374,62919.095043,60796.001439
A_OB_1.9999999999999998_1.0_580,COM,2.079235,2.760782,1.599,1.144,4.568,64118.729286,60796.001439
A_OB_1.9999999999999998_1.0_581,COM,0.264448,1.228361,0.766,1.832,4.832,62595.810442,60796.001439
A_OB_1.9999999999999998_1.0_582,COM,0.059298,1.049248,0.491,1.844,6.183,64250.069278,60796.001439
A_OB_1.9999999999999998_1.0_583,COM,0.724815,1.611662,1.584,1.103,3.777,61511.187106,60796.001439
A_OB_1.9999999999999998_1.0_584,COM,0.900796,1.765017,1.971,5.269,2.761,61619.078893,60796.001439
A_OB_1.9999999999999998_1.0_585,COM,1.954522,2.735082,1.034,3.57,3.525,64398.020921,60796.001439
A_OB_1.9999999999999998_1.0_586,COM,1.202874,2.050888,2.815,0.358,4.976,64002.463345,60796.001439
A_OB_1.9999999999999998_1.0_587,COM,1.133648,1.948336,2.026,3.674,2.742,62935.008109,60796.001439
A_OB_1.9999999999999998_1.0_588,COM,0.467355,1.40774,1.2,4.345,2.864,62511.852974,60796.001439
A_OB_1.9999999999999998_1.0_589,COM,1.257119,2.078351,1.138,0.63,4.59,64422.259668,60796.001439
A_OB_1.9999999999999998_1.0_590,COM,0.559303,1.473674,1.402,1.941,4.105,60838.942426,60796.001439
A_OB_1.9999999999999998_1.0_591,COM,0.883591,1.747706,0.861,2.2,4.21,61092.665845,60796.001439
A_OB_1.9999999999999998_1.0_592,COM,1.442099,2.263483,1.565,4.421,2.611,63072.896814,60796.001439
A_OB_1.9999999999999998_1.0_593,COM,0.609286,1.508906,0.184,3.537,2.851,61223.618747,60796.001439
A_OB_1.9999999999999998_1.0_594,COM,2.191535,2.865848,1.656,0.966,3.888,63198.216903,60796.001439
A_OB_1.9999999999999998_1.0_595,COM,0.472011,1.405912,2.442,3.738,4.422,63945.432224,60796.001439
A_OB_1.9999999999999998_1.0_596,COM,0.198384,1.188126,1.476,4.884,2.562,64240.925553,60796.001439
A_OB_1.9999999999999998_1.0_597,COM,1.011958,1.942017,0.57,3.996,2.618,63782.723411,60796.001439
A_OB_1.9999999999999998_1.0_598,COM,0.070862,1.067167,1.442,4.241,2.931,61487.908959,60796.001439
A_OB_1.9999999999999998_1.0_599,COM,1.407449,2.284952,2.239,0.099,3.351,61364.615899,60796.001439
A_OB_1.9999999999999998_1.0_600,COM,0.697077,1.622193,1.384,1.379,3.785,62522.965919,60796.001439
A_OB_1.9999999999999998_1.0_601,COM,0.360169,1.335875,0.75,3.662,3.901,62571.533299,60796.001439
A_OB_1.9999999999999998_1.0_602,COM,1.094869,1.992792,1.57,5.49,4.709,61755.433742,60796.001439
A_OB_1.9999999999999998_1.0_603,COM,1.654202,2.563051,2.172,0.799,3.929,62836.206701,60796.001439
A_OB_1.9999999999999998_1.0_604,COM,1.670387,2.485742,1.651,1.984,4.801,64133.462144,60796.001439
A_OB_1.9999999999999998_1.0_605,COM,0.275759,1.24529,2.49,2.492,3.364,61554.214866,60796.001439
A_OB_1.9999999999999998_1.0_606,COM,0.106094,1.094848,0.977,3.346,4.214,63978.610384,60796.001439
A_OB_1.9999999999999998_1.0_607,COM,0.329041,1.297439,1.557,1.012,5.08,63399.97763,60796.001439
A_OB_1.9999999999999998_1.0_608,COM,0.135305,1.127899,1.779,4.685,3.305,62769.500058,60796.001439
A_OB_1.9999999999999998_1.0_609,COM,0.964182,1.882219,2.497,0.362,4.061,63591.931445,60796.001439
A_OB_1.9999999999999998_1.0_610,COM,1.375709,2.28588,2.17,0.029,4.874,62714.696573,60796.001439
A_OB_1.9999999999999998_1.0_611,COM,0.34075,1.303413,0.317,4.247,3.045,62547.798649,60796.001439
A_OB_1.9999999999999998_1.0_612,COM,2.274699,3.149732,1.648,1.122,4.589,62918.408633,60796.001439
A_OB_1.9999999999999998_1.0_613,COM,1.433811,2.321687,2.52,5.669,3.288,63559.244372,60796.001439
A_OB_1.9999999999999998_1.0_614,COM,0.084316,1.079366,1.407,1.979,5.061,64251.686043,60796.001439
A_OB_1.9999999999999998_1.0_615,COM,0.914188,1.914481,1.831,1.959,3.013,64214.36705,60796.001439
A_OB_1.9999999999999998_1.0_616,COM,0.994891,1.989864,1.991,1.577,4.403,64111.934452,60796.001439
A_OB_1.9999999999999998_1.0_617,COM,0.512897,1.501913,1.062,4.032,3.185,60840.441381,60796.001439
A_OB_1.9999999999999998_1.0_618,COM,0.907127,1.883325,2.035,2.041,4.544,61642.670378,60796.001439
A_OB_1.9999999999999998_1.0_619,COM,0.103133,1.103396,1.43,4.897,4.146,62797.517836,60796.001439
A_OB_1.9999999999999998_1.0_620,COM,1.755083,2.746598,2.768,0.432,3.439,62294.101878,60796.001439
A_OB_1.9999999999999998_1.0_621,COM,0.173039,1.17434,2.358,5.253,3.169,62710.991283,60796.001439
A_OB_1.9999999999999998_1.0_622,COM,1.377836,2.342765,0.263,0.541,5.453,64458.100973,60796.001439
A_OB_1.9999999999999998_1.0_623,COM,1.620102,2.602488,1.822,2.288,4.461,63301.785182,60796.001439
A_OB_1.9999999999999998_1.0_624,COM,1.406862,2.373737,0.921,0.706,3.883,61316.985335,60796.001439
A_OB_1.9999999999999998_1.0_625,COM,1.575455,2.501559,0.855,2.986,3.969,64330.733413,60796.001439
A_OB_1.9999999999999998_1.0_626,COM,0.623284,1.628038,2.422,1.754,5.478,62414.310532,60796.001439
A_OB_1.9999999999999998_1.0_627,COM,0.025751,1.025517,0.629,0.962,5.457,61533.236641,60796.001439
A_OB_1.9999999999999998_1.0_628,COM,0.027288,1.028708,1.502,2.17,5.275,63718.646045,60796.001439
A_OB_1.9999999999999998_1.0_629,COM,1.228472,2.288056,2.547,6.162,3.063,61848.881659,60796.001439
A_OB_1.9999999999999998_1.0_630,COM,1.370352,2.400893,2.15,1.451,4.484,62732.697531,60796.001439
A_OB_1.9999999999999998_1.0_631,COM,0.396015,1.418318,2.15,5.911,4.118,62042.476727,60796.001439
A_OB_1.9999999999999998_1.0_632,COM,0.725262,1.746981,1.219,1.634,5.531,64402.46408,60796.001439
A_OB_1.9999999999999998_1.0_633,COM,1.779378,2.83414,2.308,0.858,3.71,62879.285052,60796.001439
A_OB_1.9999999999999998_1.0_634,COM,0.752746,1.807678,1.357,0.07,4.423,62619.493805,60796.001439
A_OB_1.9999999999999998_1.0_635,COM,0.682441,1.739951,0.917,1.166,4.905,61117.443572,60796.001439
A_OB_1.9999999999999998_1.0_636,COM,0.446701,1.47175,1.497,4.639,2.514,60755.186915,60796.001439
A_OB_1.9999999999999998_1.0_637,COM,0.113214,1.121921,1.014,2.314,4.387,63306.2668,60796.001439
A_OB_1.9999999999999998_1.0_638,COM,1.416518,2.497633,2.327,2.995,2.791,62607.440967,60796.001439
A_OB_1.9999999999999998_1.0_639,COM,1.4413,2.53009,2.461,0.773,4.219,64094.350295,60796.001439
A_OB_1.9999999999999998_1.0_640,COM,0.394837,1.406781,1.77,4.486,3.986,61633.822294,60796.001439
A_OB_1.9999999999999998_1.0_641,COM,0.999961,2.073908,2.013,2.248,4.437,63535.252046,60796.001439
A_OB_1.9999999999999998_1.0_642,COM,1.369876,2.43416,1.194,2.591,1.356,63173.96085,60796.001439
A_OB_1.9999999999999998_1.0_643,COM,0.816231,1.840276,1.91,6.249,3.706,62499.677161,60796.001439
A_OB_1.9999999999999998_1.0_644,COM,1.488258,2.708047,1.19,3.971,2.956,61273.345514,60796.001439
A_OB_1.9999999999999998_1.0_645,COM,1.323096,2.456373,1.0,1.749,4.559,61727.454097,60796.001439
A_OB_1.9999999999999998_1.0_646,COM,1.825944,3.041332,2.325,5.985,2.904,61628.271262,60796.001439
A_OB_1.9999999999999998_1.0_647,COM,0.550828,1.6131,1.828,1.477,5.114,63738.931223,60796.001439
A_OB_1.9999999999999998_1.0_648,COM,1.507906,2.718946,2.143,4.794,3.266,64291.991144,60796.001439
A_OB_1.9999999999999998_1.0_649,COM,1.14548,2.263714,1.136,1.888,4.012,64320.081905,60796.001439
A_OB_1.9999999999999998_1.0_650,COM,1.302912,2.435696,0.794,4.727,2.36,62865.41139,60796.001439
A_OB_1.9999999999999998_1.0_651,COM,0.73477,1.842681,0.59,4.415,2.969,63338.843658,60796.001439
A_OB_1.9999999999999998_1.0_652,COM,1.528462,2.748478,1.303,1.838,4.307,63235.025701,60796.001439
A_OB_1.9999999999999998_1.0_653,COM,0.184652,1.2097,1.52,1.917,5.426,63142.884391,60796.001439
A_OB_1.9999999999999998_1.0_654,COM,1.432068,2.571195,0.622,0.853,3.667,63280.132011,60796.001439
A_OB_1.9999999999999998_1.0_655,COM,0.209838,1.232431,1.713,5.944,3.51,63269.027398,60796.001439
A_OB_1.9999999999999998_1.0_656,COM,1.445107,2.613101,1.269,0.605,4.217,62837.568709,60796.001439
A_OB_1.9999999999999998_1.0_657,COM,1.385313,2.680529,1.352,1.913,3.692,61851.296474,60796.001439
A_OB_1.9999999999999998_1.0_658,COM,1.670237,3.009281,1.353,3.355,2.598,64147.040768,60796.001439
A_OB_1.9999999999999998_1.0_659,COM,0.544801,1.645904,0.979,2.483,4.614,60907.197098,60796.001439
A_OB_1.9999999999999998_1.0_660,COM,0.106384,1.127903,0.562,1.855,5.041,61912.195932,60796.001439
A_OB_1.9999999999999998_1.0_661,COM,6.243161,8.422302,0.594,3.085,3.148,64699.922681,60796.001439
A_OB_1.9999999999999998_1.0_662,COM,1.179996,2.436648,2.233,5.803,3.429,62096.832562,60796.001439
A_OB_1.9999999999999998_1.0_663,COM,1.652106,2.946945,2.678,5.87,3.359,63919.600385,60796.001439
A_OB_1.9999999999999998_1.0_664,COM,1.091892,2.318537,1.407,1.648,5.571,62519.937213,60796.001439
A_OB_1.9999999999999998_1.0_665,COM,1.313621,2.597134,1.883,5.508,2.518,63921.605407,60796.001439
A_OB_1.9999999999999998_1.0_666,COM,1.420979,2.676852,0.567,4.328,2.862,63890.650609,60796.001439
A_OB_1.9999999999999998_1.0_667,COM,1.714401,3.076565,1.172,2.835,3.199,61836.468695,60796.001439
A_OB_1.9999999999999998_1.0_668,COM,1.310945,2.595065,1.569,4.394,2.522,63141.934315,60796.001439
A_OB_1.9999999999999998_1.0_669,COM,1.643741,3.087554,0.359,2.845,4.126,60995.584142,60796.001439
A_OB_1.9999999999999998_1.0_670,COM,1.597618,3.040609,2.222,4.227,1.402,62328.223875,60796.001439
A_OB_1.9999999999999998_1.0_671,COM,0.182518,1.226925,2.008,5.259,4.139,61664.569887,60796.001439
A_OB_1.9999999999999998_1.0_672,COM,1.734235,3.146217,2.226,5.801,3.502,64465.94564,60796.001439
A_OB_1.9999999999999998_1.0_673,COM,0.672698,1.846782,1.763,2.056,4.715,62635.052444,60796.001439
A_OB_1.9999999999999998_1.0_674,COM,1.04114,2.356677,1.976,0.48,3.316,61796.350901,60796.001439
A_OB_1.9999999999999998_1.0_675,COM,1.111252,2.432915,1.008,2.644,3.452,61348.527906,60796.001439
A_OB_1.9999999999999998_1.0_676,COM,0.779532,1.97579,1.295,5.257,2.714,62203.441401,60796.001439
A_OB_1.9999999999999998_1.0_677,COM,1.945022,3.417403,1.441,1.702,4.212,62052.926413,60796.001439
A_OB_1.9999999999999998_1.0_678,COM,0.948457,2.231375,1.764,1.532,4.0,62922.855411,60796.001439
A_OB_1.9999999999999998_1.0_679,COM,0.054698,1.073993,1.516,1.889,4.548,62797.897864,60796.001439
A_OB_1.9999999999999998_1.0_680,COM,1.971332,3.666379,1.843,1.835,4.272,61350.424769,60796.001439
A_OB_1.9999999999999998_1.0_681,COM,0.525513,1.705599,0.726,3.768,3.01,62854.508347,60796.001439
A_OB_1.9999999999999998_1.0_682,COM,1.048082,2.424002,1.889,1.368,4.358,60926.492411,60796.001439
A_OB_1.9999999999999998_1.0_683,COM,0.944516,2.296232,2.182,5.987,3.547,64047.755571,60796.001439
A_OB_1.9999999999999998_1.0_684,COM,1.28902,2.769693,1.034,2.372,3.967,63677.557845,60796.001439
A_OB_1.9999999999999998_1.0_685,COM,1.298606,2.773453,0.765,3.374,3.497,62104.750263,60796.001439
A_OB_1.9999999999999998_1.0_686,COM,1.165497,2.595782,2.169,0.024,3.052,62696.355339,60796.001439
A_OB_1.9999999999999998_1.0_687,COM,1.277898,2.686994,1.955,4.599,2.568,62381.044247,60796.001439
A_OB_1.9999999999999998_1.0_688,COM,1.110469,2.512958,1.799,5.021,2.263,62862.643576,60796.001439
A_OB_1.9999999999999998_1.0_689,COM,1.110469,2.512958,1.799,5.021,2.263,62862.643576,60796.001439
A_OB_1.9999999999999998_1.0_690,COM,0.874848,2.201533,1.96,2.516,3.808,61334.231763,60796.001439
A_OB_1.9999999999999998_1.0_691,COM,1.377607,2.817497,1.005,3.818,3.764,64089.420603,60796.001439
A_OB_1.9999999999999998_1.0_692,COM,1.700864,3.310665,2.211,0.423,3.744,61863.346932,60796.001439
A_OB_1.9999999999999998_1.0_693,COM,1.335575,2.824256,1.108,4.525,2.001,61273.837458,60796.001439
A_OB_1.9999999999999998_1.0_694,COM,1.278055,2.718152,1.911,4.429,2.973,61926.358982,60796.001439
A_OB_1.9999999999999998_1.0_695,COM,0.765619,2.049588,0.966,3.375,3.38,61320.340594,60796.001439
A_OB_1.9999999999999998_1.0_696,COM,0.775747,2.029306,2.24,1.257,5.391,64041.513298,60796.001439
A_OB_1.9999999999999998_1.0_697,COM,0.269012,1.367023,2.143,1.989,4.733,63142.256152,60796.001439
A_OB_1.9999999999999998_1.0_698,COM,0.891484,2.21653,0.969,4.414,2.89,61790.529254,60796.001439
A_OB_1.9999999999999998_1.0_699,COM,1.796475,3.529707,0.944,2.031,3.746,61879.338836,60796.001439
A_OB_1.9999999999999998_1.0_700,COM,1.219862,2.780915,2.179,5.602,3.23,61958.223343,60796.001439
A_OB_1.9999999999999998_1.0_701,COM,0.269276,1.374916,1.353,4.091,3.027,61976.545266,60796.001439
A_OB_1.9999999999999998_1.0_702,COM,0.895713,2.282697,1.62,1.946,4.546,61373.142653,60796.001439
A_OB_1.9999999999999998_1.0_703,COM,1.185981,2.705552,2.155,5.233,3.207,62997.843386,60796.001439
A_OB_1.9999999999999998_1.0_704,COM,1.897264,3.731577,0.983,4.548,2.904,63258.032116,60796.001439
A_OB_1.9999999999999998_1.0_705,COM,0.160457,1.23447,2.399,5.838,3.771,64216.758939,60796.001439
A_OB_1.9999999999999998_1.0_706,COM,1.018854,2.420655,2.065,0.318,4.372,63416.421423,60796.001439
A_OB_1.9999999999999998_1.0_707,COM,1.430675,3.052611,1.947,5.385,2.975,62318.567864,60796.001439
A_OB_1.9999999999999998_1.0_708,COM,0.32433,1.498871,0.932,4.897,2.799,63544.473607,60796.001439
A_OB_1.9999999999999998_1.0_709,COM,0.521641,1.771957,0.786,2.19,4.37,62493.707758,60796.001439
A_OB_1.9999999999999998_1.0_710,COM,1.302817,2.939904,1.525,1.052,4.622,62687.651731,60796.001439
A_OB_1.9999999999999998_1.0_711,COM,1.61076,3.457463,1.115,2.013,4.891,64075.593276,60796.001439
A_OB_1.9999999999999998_1.0_712,COM,0.47368,1.71751,1.143,3.703,4.109,60942.735622,60796.001439
A_OB_1.9999999999999998_1.0_713,COM,1.132309,2.731593,0.58,3.523,3.981,63909.912427,60796.001439
A_OB_1.9999999999999998_1.0_714,COM,1.76649,3.654564,2.726,6.125,3.264,64215.123037,60796.001439
A_OB_1.9999999999999998_1.0_715,COM,1.40393,3.11871,2.263,1.979,4.778,63595.157559,60796.001439
A_OB_1.9999999999999998_1.0_716,COM,0.741613,2.20716,0.786,3.961,2.874,64334.888915,60796.001439
A_OB_1.9999999999999998_1.0_717,COM,0.9196,2.459473,1.046,3.214,3.669,61037.814318,60796.001439
A_OB_1.9999999999999998_1.0_718,COM,0.874442,2.40528,1.489,4.785,3.173,62439.025124,60796.001439
A_OB_1.9999999999999998_1.0_719,COM,0.367118,1.588887,2.454,5.221,3.302,62188.504815,60796.001439
A_OB_1.9999999999999998_1.0_720,COM,0.367118,1.588887,2.454,5.221,3.302,62188.504815,60796.001439
A_OB_1.9999999999999998_1.0_721,COM,0.989727,2.553572,1.443,1.999,4.024,64297.414409,60796.001439
A_OB_1.9999999999999998_1.0_722,COM,1.01572,2.59795,1.485,4.431,2.657,61803.299306,60796.001439
A_OB_1.9999999999999998_1.0_723,COM,0.356429,1.558088,0.738,3.296,3.448,63030.988156,60796.001439
A_OB_1.9999999999999998_1.0_724,COM,0.749585,2.199724,2.317,6.202,3.364,63813.805561,60796.001439
A_OB_1.9999999999999998_1.0_725,COM,0.039779,1.063302,1.825,2.027,4.947,61992.145392,60796.001439
A_OB_1.9999999999999998_1.0_726,COM,0.830143,2.305157,2.469,0.584,3.729,64066.780548,60796.001439
A_OB_1.9999999999999998_1.0_727,COM,1.111894,2.755559,1.293,4.119,2.441,63556.204421,60796.001439
A_OB_1.9999999999999998_1.0_728,COM,1.2633,3.04475,1.026,4.76,1.981,62351.86731,60796.001439
A_OB_1.9999999999999998_1.0_729,COM,1.579212,3.482024,1.402,1.698,4.192,62465.694784,60796.001439
A_OB_1.9999999999999998_1.0_730,COM,1.170136,2.903006,0.696,2.607,3.801,63667.756006,60796.001439
A_OB_1.9999999999999998_1.0_731,COM,0.44185,1.711524,1.878,4.516,2.627,63537.99173,60796.001439
A_OB_1.9999999999999998_1.0_732,COM,1.059091,2.738997,0.835,5.77,3.27,64376.788946,60796.001439
A_OB_1.9999999999999998_1.0_733,COM,1.205738,3.006278,0.995,4.15,2.629,61003.047445,60796.001439
A_OB_1.9999999999999998_1.0_734,COM,0.758067,2.257443,1.592,5.416,2.169,62463.075087,60796.001439
A_OB_1.9999999999999998_1.0_735,COM,1.045221,2.75705,2.084,0.52,3.874,63936.061775,60796.001439
A_OB_1.9999999999999998_1.0_736,COM,1.14038,2.881153,1.629,4.536,2.615,62109.63508,60796.001439
A_OB_1.9999999999999998_1.0_737,COM,1.338317,3.20325,0.739,3.887,2.812,63178.588265,60796.001439
A_OB_1.9999999999999998_1.0_738,COM,1.342547,3.279731,2.133,0.667,4.193,61091.313357,60796.001439
A_OB_1.9999999999999998_1.0_739,COM,1.674437,4.012104,1.42,4.556,3.077,64043.032657,60796.001439
A_OB_1.9999999999999998_1.0_740,COM,3.585349,7.646546,2.984,5.546,2.331,62909.569105,60796.001439
A_OB_1.9999999999999998_1.0_741,COM,1.874678,4.489269,2.168,0.946,4.696,63893.989643,60796.001439
A_OB_1.9999999999999998_1.0_742,COM,0.804523,2.483658,2.233,5.161,2.617,61786.658151,60796.001439
A_OB_1.9999999999999998_1.0_743,COM,1.320704,3.452066,2.172,5.041,2.768,63860.663253,60796.001439
A_OB_1.9999999999999998_1.0_744,COM,0.675467,2.339333,2.129,4.985,3.04,62428.895829,60796.001439
A_OB_1.9999999999999998_1.0_745,COM,0.620273,2.221881,1.618,5.375,2.495,64036.586715,60796.001439
A_OB_1.9999999999999998_1.0_746,COM,1.335053,3.633347,1.328,3.648,3.548,61585.879121,60796.001439
A_OB_1.9999999999999998_1.0_747,COM,1.106298,3.218308,1.651,5.114,2.764,64208.663877,60796.001439
A_OB_1.9999999999999998_1.0_748,COM,0.583608,2.217888,0.735,5.022,2.567,62774.408403,60796.001439
A_OB_1.9999999999999998_1.0_749,COM,3.093707,7.523826,1.633,4.747,2.493,62435.145768,60796.001439
A_OB_1.9999999999999998_1.0_750,COM,0.127194,1.271872,1.115,4.395,3.323,63104.59692,60796.001439
A_OB_1.9999999999999998_1.0_751,COM,0.130809,1.277871,1.912,5.298,3.152,61409.477789,60796.001439
A_OB_1.9999999999999998_1.0_752,COM,1.456297,4.214409,2.705,1.473,4.41,62851.333725,60796.001439
A_OB_1.9999999999999998_1.0_753,COM,2.144251,5.706111,0.96,2.947,3.662,62262.150925,60796.001439
A_OB_1.9999999999999998_1.0_754,COM,1.052655,3.494688,0.905,2.009,4.256,64427.332256,60796.001439
A_OB_1.9999999999999998_1.0_755,COM,1.046015,3.394206,1.195,3.95,2.802,62771.412964,60796.001439
A_OB_1.9999999999999998_1.0_756,COM,1.308623,4.065833,1.815,5.99,2.914,63789.636471,60796.001439
A_OB_1.9999999999999998_1.0_757,COM,0.626261,2.447693,0.907,3.708,3.429,61839.28056,60796.001439
A_OB_1.9999999999999998_1.0_758,COM,0.468433,2.151361,1.112,4.464,2.913,61822.990868,60796.001439
A_OB_1.9999999999999998_1.0_759,COM,0.37743,1.96734,2.176,5.74,3.348,64343.789315,60796.001439
A_OB_1.9999999999999998_1.0_760,COM,1.39693,4.643322,1.705,1.162,3.965,61959.886545,60796.001439
A_OB_1.9999999999999998_1.0_761,COM,1.008313,3.749988,0.853,2.842,3.772,63170.505508,60796.001439
A_OB_1.9999999999999998_1.0_762,COM,0.486186,2.360441,1.993,5.318,3.006,62953.039021,60796.001439
A_OB_1.9999999999999998_1.0_763,COM,0.024672,1.07113,2.25,6.003,4.1,64283.117784,60796.001439
A_OB_1.9999999999999998_1.0_764,COM,0.233668,1.702324,0.763,2.707,4.113,64297.412825,60796.001439
A_OB_1.9999999999999998_1.0_765,COM,0.991417,4.467749,2.405,5.671,2.952,62839.67829,60796.001439
A_OB_1.9999999999999998_1.0_766,COM,0.820445,4.046969,2.527,0.885,4.016,63545.399409,60796.001439
