ObjID,FORMAT,q,e,inc,node,argPeri,t_p_MJD_TDB,epochMJD_TDB
A_OB_1.5999999999999999_1.0_0,COM,0.946767,1.002025,2.143,2.574,4.99,64118.763104,60796.001439
A_OB_1.5999999999999999_1.0_1,COM,0.804043,1.00231,1.583,2.134,3.415,62975.802603,60796.001439
A_OB_1.5999999999999999_1.0_2,COM,1.906823,1.018146,2.339,3.96,1.114,61541.898119,60796.001439
A_OB_1.5999999999999999_1.0_3,COM,0.03106,1.000202,1.166,6.097,5.266,63097.190909,60796.001439
A_OB_1.5999999999999999_1.0_4,COM,1.218497,1.012181,1.072,5.035,2.904,61598.282592,60796.001439
A_OB_1.5999999999999999_1.0_5,COM,1.682855,1.021619,2.134,3.174,2.087,63293.74205,60796.001439
A_OB_1.5999999999999999_1.0_6,COM,0.488015,1.009228,1.607,0.83,5.504,64255.694726,60796.001439
A_OB_1.5999999999999999_1.0_7,COM,1.238713,1.020455,2.137,3.492,6.064,63132.340999,60796.001439
A_OB_1.5999999999999999_1.0_8,COM,0.795323,1.021363,2.046,2.811,4.391,63576.62825,60796.001439
A_OB_1.5999999999999999_1.0_9,COM,1.271772,1.034503,0.604,3.686,3.759,63796.093105,60796.001439
A_OB_1.5999999999999999_1.0_10,COM,0.208353,1.005392,1.887,1.744,1.709,62360.225669,60796.001439
A_OB_1.5999999999999999_1.0_11,COM,0.086443,1.002081,0.941,5.188,4.626,60795.031206,60796.001439
A_OB_1.5999999999999999_1.0_12,COM,0.596867,1.021743,1.788,2.179,0.125,62889.13156,60796.001439
A_OB_1.5999999999999999_1.0_13,COM,0.439158,1.016585,0.731,0.93,4.765,63092.973668,60796.001439
A_OB_1.5999999999999999_1.0_14,COM,1.423226,1.057668,1.99,3.717,5.808,61953.446688,60796.001439
A_OB_1.5999999999999999_1.0_15,COM,0.009487,1.000315,1.233,0.038,4.335,63047.092756,60796.001439
A_OB_1.5999999999999999_1.0_16,COM,0.850862,1.035751,2.349,1.632,5.099,61922.613546,60796.001439
A_OB_1.5999999999999999_1.0_17,COM,1.225672,1.052891,0.864,4.101,3.409,62497.122375,60796.001439
A_OB_1.5999999999999999_1.0_18,COM,1.376021,1.059155,1.095,1.622,5.445,64004.918878,60796.001439
A_OB_1.5999999999999999_1.0_19,COM,1.081779,1.047467,2.304,2.284,6.184,64179.727517,60796.001439
A_OB_1.5999999999999999_1.0_20,COM,1.20013,1.052634,0.756,5.024,3.942,61937.348452,60796.001439
A_OB_1.5999999999999999_1.0_21,COM,1.91181,1.139119,1.52,2.047,5.006,62252.375953,60796.001439
A_OB_1.5999999999999999_1.0_22,COM,2.015051,1.140553,1.269,1.418,4.619,63356.835079,60796.001439
A_OB_1.5999999999999999_1.0_23,COM,0.715538,1.048645,2.263,2.896,0.233,62052.399142,60796.001439
A_OB_1.5999999999999999_1.0_24,COM,0.79964,1.052246,1.855,3.167,2.235,64083.279247,60796.001439
A_OB_1.5999999999999999_1.0_25,COM,1.353946,1.090862,1.58,4.055,3.981,61252.969126,60796.001439
A_OB_1.5999999999999999_1.0_26,COM,0.257484,1.019716,1.554,2.537,1.049,63682.22297,60796.001439
A_OB_1.5999999999999999_1.0_27,COM,0.302899,1.025859,1.67,0.5,5.036,60930.131043,60796.001439
A_OB_1.5999999999999999_1.0_28,COM,1.393358,1.107199,2.316,0.205,5.47,62628.323543,60796.001439
A_OB_1.5999999999999999_1.0_29,COM,1.448187,1.115565,1.759,0.216,4.891,61847.352808,60796.001439
A_OB_1.5999999999999999_1.0_30,COM,1.013151,1.089776,1.324,1.833,5.06,61010.808799,60796.001439
A_OB_1.5999999999999999_1.0_31,COM,0.736075,1.065365,2.535,1.188,4.734,62577.312258,60796.001439
A_OB_1.5999999999999999_1.0_32,COM,0.955748,1.086512,0.626,1.423,5.041,61608.52447,60796.001439
A_OB_1.5999999999999999_1.0_33,COM,1.334168,1.108145,1.492,1.434,4.701,64169.259517,60796.001439
A_OB_1.5999999999999999_1.0_34,COM,1.288526,1.113475,2.045,1.663,6.046,60883.983515,60796.001439
A_OB_1.5999999999999999_1.0_35,COM,1.21569,1.108024,0.865,0.276,6.029,61964.212727,60796.001439
A_OB_1.5999999999999999_1.0_36,COM,0.086654,1.006477,0.77,5.583,4.929,63276.546802,60796.001439
A_OB_1.5999999999999999_1.0_37,COM,1.677983,1.158631,0.926,0.035,3.903,62203.936073,60796.001439
A_OB_1.5999999999999999_1.0_38,COM,1.039893,1.107138,1.72,0.247,4.646,64315.156259,60796.001439
A_OB_1.5999999999999999_1.0_39,COM,0.198004,1.022204,0.554,0.275,0.962,64456.434603,60796.001439
A_OB_1.5999999999999999_1.0_40,COM,0.05275,1.005096,2.759,1.276,2.309,61513.792308,60796.001439
A_OB_1.5999999999999999_1.0_41,COM,2.33584,1.267064,2.577,4.839,3.516,62984.143816,60796.001439
A_OB_1.5999999999999999_1.0_42,COM,0.863598,1.097865,1.481,3.348,3.843,62574.755247,60796.001439
A_OB_1.5999999999999999_1.0_43,COM,1.601101,1.177016,1.487,3.81,4.067,62470.309835,60796.001439
A_OB_1.5999999999999999_1.0_44,COM,0.826347,1.092015,2.308,4.811,3.388,63456.22318,60796.001439
A_OB_1.5999999999999999_1.0_45,COM,0.540265,1.051819,1.06,3.997,6.254,62674.864567,60796.001439
A_OB_1.5999999999999999_1.0_46,COM,1.416945,1.136252,2.854,1.318,1.701,61011.139928,60796.001439
A_OB_1.5999999999999999_1.0_47,COM,0.926553,1.091657,2.863,6.026,4.282,61955.421834,60796.001439
A_OB_1.5999999999999999_1.0_48,COM,0.626339,1.062627,2.989,1.152,4.589,61635.423862,60796.001439
A_OB_1.5999999999999999_1.0_49,COM,0.791088,1.104934,1.827,1.343,5.995,61819.308119,60796.001439
A_OB_1.5999999999999999_1.0_50,COM,0.032193,1.004403,0.92,2.784,5.406,63595.62622,60796.001439
A_OB_1.5999999999999999_1.0_51,COM,1.362476,1.173798,2.846,6.0,0.509,60930.454271,60796.001439
A_OB_1.5999999999999999_1.0_52,COM,0.775582,1.090222,2.452,5.785,5.079,63933.997478,60796.001439
A_OB_1.5999999999999999_1.0_53,COM,0.306694,1.035739,2.537,4.355,4.67,60939.627516,60796.001439
A_OB_1.5999999999999999_1.0_54,COM,0.23552,1.030708,1.345,6.04,4.932,61137.114685,60796.001439
A_OB_1.5999999999999999_1.0_55,COM,1.683926,1.218441,1.265,4.197,3.635,64170.355432,60796.001439
A_OB_1.5999999999999999_1.0_56,COM,1.091291,1.149423,1.068,6.256,4.451,60980.82961,60796.001439
A_OB_1.5999999999999999_1.0_57,COM,1.693614,1.217606,0.833,4.106,3.176,61088.62286,60796.001439
A_OB_1.5999999999999999_1.0_58,COM,0.008883,1.00121,2.62,3.352,1.728,62564.038182,60796.001439
A_OB_1.5999999999999999_1.0_59,COM,1.030439,1.146066,1.587,2.45,5.179,62588.611263,60796.001439
A_OB_1.5999999999999999_1.0_60,COM,0.518212,1.079163,0.897,3.211,4.944,60832.383764,60796.001439
A_OB_1.5999999999999999_1.0_61,COM,0.835581,1.118715,1.474,5.333,4.584,63614.233712,60796.001439
A_OB_1.5999999999999999_1.0_62,COM,1.141972,1.172723,1.722,5.389,3.766,64442.062384,60796.001439
A_OB_1.5999999999999999_1.0_63,COM,0.273478,1.038077,2.812,5.069,1.757,63331.325443,60796.001439
A_OB_1.5999999999999999_1.0_64,COM,0.24103,1.035358,0.607,0.769,5.108,61968.015408,60796.001439
A_OB_1.5999999999999999_1.0_65,COM,1.175556,1.177595,2.718,4.956,4.528,62660.989335,60796.001439
A_OB_1.5999999999999999_1.0_66,COM,1.402069,1.22237,2.097,5.093,4.053,63608.796772,60796.001439
A_OB_1.5999999999999999_1.0_67,COM,0.191882,1.030784,2.131,5.299,2.321,64385.505838,60796.001439
A_OB_1.5999999999999999_1.0_68,COM,0.941138,1.146769,0.33,2.514,2.816,63551.634042,60796.001439
A_OB_1.5999999999999999_1.0_69,COM,0.40535,1.062622,1.257,3.001,5.212,61743.871614,60796.001439
A_OB_1.5999999999999999_1.0_70,COM,0.008422,1.001246,1.611,0.249,5.064,60796.078826,60796.001439
A_OB_1.5999999999999999_1.0_71,COM,2.204202,1.353368,0.877,3.511,3.229,61390.669998,60796.001439
A_OB_1.5999999999999999_1.0_72,COM,0.778336,1.122771,0.999,6.14,0.865,64310.457005,60796.001439
A_OB_1.5999999999999999_1.0_73,COM,5.293096,1.792599,0.917,4.492,2.831,61418.197918,60796.001439
A_OB_1.5999999999999999_1.0_74,COM,0.791274,1.148837,1.137,3.804,4.584,61055.004671,60796.001439
A_OB_1.5999999999999999_1.0_75,COM,1.924425,1.365133,1.045,2.899,4.458,63592.197928,60796.001439
A_OB_1.5999999999999999_1.0_76,COM,0.685667,1.118814,2.849,3.042,1.791,62554.75152,60796.001439
A_OB_1.5999999999999999_1.0_77,COM,1.016012,1.195229,0.749,4.988,2.231,62180.88392,60796.001439
A_OB_1.5999999999999999_1.0_78,COM,0.580191,1.105205,1.711,6.007,5.196,63389.223232,60796.001439
A_OB_1.5999999999999999_1.0_79,COM,0.104012,1.01895,1.507,5.272,4.58,63909.50993,60796.001439
A_OB_1.5999999999999999_1.0_80,COM,0.548305,1.104967,1.376,4.859,5.862,61841.72458,60796.001439
A_OB_1.5999999999999999_1.0_81,COM,1.101607,1.20876,1.835,0.691,6.046,63162.864869,60796.001439
A_OB_1.5999999999999999_1.0_82,COM,0.995148,1.193123,2.055,3.406,2.615,64489.159946,60796.001439
A_OB_1.5999999999999999_1.0_83,COM,1.263621,1.260274,0.961,2.443,3.105,63501.936342,60796.001439
A_OB_1.5999999999999999_1.0_84,COM,0.269117,1.054305,1.557,3.581,5.275,60739.880355,60796.001439
A_OB_1.5999999999999999_1.0_85,COM,1.305517,1.265909,2.34,0.769,5.756,61479.663174,60796.001439
A_OB_1.5999999999999999_1.0_86,COM,1.184542,1.258083,0.971,2.216,5.706,61176.271827,60796.001439
A_OB_1.5999999999999999_1.0_87,COM,2.409183,1.511729,0.825,1.941,4.453,62589.509381,60796.001439
A_OB_1.5999999999999999_1.0_88,COM,0.501629,1.1043,2.309,1.127,2.834,61319.650667,60796.001439
A_OB_1.5999999999999999_1.0_89,COM,1.567671,1.319227,1.896,3.491,3.439,61120.190493,60796.001439
A_OB_1.5999999999999999_1.0_90,COM,1.32014,1.267793,1.465,3.34,3.156,63600.962219,60796.001439
A_OB_1.5999999999999999_1.0_91,COM,0.43305,1.088336,2.523,6.025,4.378,61852.315839,60796.001439
A_OB_1.5999999999999999_1.0_92,COM,1.36985,1.26464,1.697,1.814,5.2,62949.760709,60796.001439
A_OB_1.5999999999999999_1.0_93,COM,1.434846,1.301609,2.516,4.66,3.7,61849.422465,60796.001439
A_OB_1.5999999999999999_1.0_94,COM,0.745098,1.158461,1.487,2.38,5.046,61740.068313,60796.001439
A_OB_1.5999999999999999_1.0_95,COM,0.97438,1.193708,1.854,2.998,5.531,61456.36843,60796.001439
A_OB_1.5999999999999999_1.0_96,COM,0.320004,1.070697,1.463,4.873,2.743,61813.869899,60796.001439
A_OB_1.5999999999999999_1.0_97,COM,0.788146,1.16145,2.195,0.652,0.596,62127.316248,60796.001439
A_OB_1.5999999999999999_1.0_98,COM,0.71073,1.142774,2.539,2.027,4.658,62382.384394,60796.001439
A_OB_1.5999999999999999_1.0_99,COM,0.413228,1.103025,2.277,6.102,4.042,63165.507298,60796.001439
A_OB_1.5999999999999999_1.0_100,COM,0.739313,1.168982,1.532,0.202,4.391,63901.502616,60796.001439
A_OB_1.5999999999999999_1.0_101,COM,0.366274,1.08654,1.106,4.995,5.706,62793.037176,60796.001439
A_OB_1.5999999999999999_1.0_102,COM,0.240057,1.057476,1.666,2.321,3.748,60811.060283,60796.001439
A_OB_1.5999999999999999_1.0_103,COM,0.412523,1.099074,1.173,4.468,3.28,60890.232444,60796.001439
A_OB_1.5999999999999999_1.0_104,COM,0.536831,1.133609,0.504,3.973,3.104,60833.259288,60796.001439
A_OB_1.5999999999999999_1.0_105,COM,0.673067,1.17083,1.323,1.666,4.801,60821.867443,60796.001439
A_OB_1.5999999999999999_1.0_106,COM,0.456595,1.110363,1.44,5.075,3.928,63170.652589,60796.001439
A_OB_1.5999999999999999_1.0_107,COM,1.150952,1.273994,0.551,2.849,0.392,61823.890362,60796.001439
A_OB_1.5999999999999999_1.0_108,COM,0.706806,1.182639,2.778,0.167,4.364,63978.638566,60796.001439
A_OB_1.5999999999999999_1.0_109,COM,8.225143,3.138214,2.03,0.1,5.387,61286.316103,60796.001439
A_OB_1.5999999999999999_1.0_110,COM,0.646897,1.188093,1.077,3.405,4.054,62872.950863,60796.001439
A_OB_1.5999999999999999_1.0_111,COM,1.488087,1.4207,0.708,0.367,4.537,61288.432476,60796.001439
A_OB_1.5999999999999999_1.0_112,COM,1.141915,1.306105,1.087,0.886,5.902,61680.018031,60796.001439
A_OB_1.5999999999999999_1.0_113,COM,0.890364,1.241797,1.081,0.976,5.594,61497.656011,60796.001439
A_OB_1.5999999999999999_1.0_114,COM,0.42401,1.119258,1.748,1.872,5.126,63737.529328,60796.001439
A_OB_1.5999999999999999_1.0_115,COM,0.237261,1.061772,0.775,2.025,5.428,64029.716931,60796.001439
A_OB_1.5999999999999999_1.0_116,COM,1.246931,1.352661,2.223,0.506,4.161,63967.396085,60796.001439
A_OB_1.5999999999999999_1.0_117,COM,0.590957,1.158351,0.773,0.145,5.119,61845.128242,60796.001439
A_OB_1.5999999999999999_1.0_118,COM,0.023172,1.00616,0.208,3.268,4.439,64444.45694,60796.001439
A_OB_1.5999999999999999_1.0_119,COM,2.054183,1.564939,1.028,3.821,2.864,63971.133007,60796.001439
A_OB_1.5999999999999999_1.0_120,COM,1.161167,1.324656,2.164,2.063,5.616,62504.867524,60796.001439
A_OB_1.5999999999999999_1.0_121,COM,0.992792,1.30986,1.844,3.781,4.094,61196.247867,60796.001439
A_OB_1.5999999999999999_1.0_122,COM,1.376167,1.424577,1.412,2.466,3.298,60897.009819,60796.001439
A_OB_1.5999999999999999_1.0_123,COM,0.841955,1.263358,2.03,5.437,4.216,63141.648332,60796.001439
A_OB_1.5999999999999999_1.0_124,COM,0.924961,1.291175,1.688,6.036,6.154,61737.06507,60796.001439
A_OB_1.5999999999999999_1.0_125,COM,0.796846,1.249483,1.808,2.435,5.228,61505.858827,60796.001439
A_OB_1.5999999999999999_1.0_126,COM,1.436322,1.443162,2.767,1.783,1.828,61803.380673,60796.001439
A_OB_1.5999999999999999_1.0_127,COM,0.379506,1.115178,1.546,5.147,2.58,61757.680936,60796.001439
A_OB_1.5999999999999999_1.0_128,COM,1.375521,1.423186,2.295,0.031,4.576,61928.728947,60796.001439
A_OB_1.5999999999999999_1.0_129,COM,1.565848,1.504248,2.177,4.546,3.165,64208.454306,60796.001439
A_OB_1.5999999999999999_1.0_130,COM,0.889556,1.259657,2.202,3.043,2.963,61781.10038,60796.001439
A_OB_1.5999999999999999_1.0_131,COM,3.211584,1.995961,1.382,3.39,4.424,61339.773851,60796.001439
A_OB_1.5999999999999999_1.0_132,COM,0.246083,1.075037,1.629,2.745,3.426,64395.898848,60796.001439
A_OB_1.5999999999999999_1.0_133,COM,1.244991,1.398425,0.869,4.672,1.825,63944.651739,60796.001439
A_OB_1.5999999999999999_1.0_134,COM,1.173303,1.3784,1.356,4.151,3.69,64263.333263,60796.001439
A_OB_1.5999999999999999_1.0_135,COM,1.915919,1.642326,1.784,4.807,2.517,62318.032641,60796.001439
A_OB_1.5999999999999999_1.0_136,COM,0.519402,1.172138,0.787,5.47,2.811,62294.906937,60796.001439
A_OB_1.5999999999999999_1.0_137,COM,0.484323,1.169616,2.957,5.733,3.795,63386.751868,60796.001439
A_OB_1.5999999999999999_1.0_138,COM,1.164744,1.406897,1.757,3.308,3.192,63232.206862,60796.001439
A_OB_1.5999999999999999_1.0_139,COM,0.161808,1.057341,0.897,2.653,4.023,63139.627909,60796.001439
A_OB_1.5999999999999999_1.0_140,COM,3.944914,2.410986,2.41,2.458,3.763,62536.705199,60796.001439
A_OB_1.5999999999999999_1.0_141,COM,1.18614,1.436654,0.983,2.511,4.35,63614.379104,60796.001439
A_OB_1.5999999999999999_1.0_142,COM,1.13333,1.381635,2.407,1.744,3.166,62055.362502,60796.001439
A_OB_1.5999999999999999_1.0_143,COM,1.221907,1.426678,0.375,2.63,3.753,61789.542518,60796.001439
A_OB_1.5999999999999999_1.0_144,COM,0.777627,1.282086,1.419,5.89,2.618,62932.181199,60796.001439
A_OB_1.5999999999999999_1.0_145,COM,0.544871,1.180745,2.721,5.995,6.141,61346.454367,60796.001439
A_OB_1.5999999999999999_1.0_146,COM,1.393228,1.498243,0.761,3.228,4.322,61028.939572,60796.001439
A_OB_1.5999999999999999_1.0_147,COM,0.470542,1.167563,1.777,2.2,4.406,62562.683564,60796.001439
A_OB_1.5999999999999999_1.0_148,COM,0.195897,1.07495,2.311,5.7,3.816,62806.20468,60796.001439
A_OB_1.5999999999999999_1.0_149,COM,0.787852,1.321109,0.95,4.664,1.843,63287.613487,60796.001439
A_OB_1.5999999999999999_1.0_150,COM,1.109309,1.45319,1.619,2.19,5.455,61420.519093,60796.001439
A_OB_1.5999999999999999_1.0_151,COM,1.197313,1.483774,1.175,2.635,4.473,62248.076666,60796.001439
A_OB_1.5999999999999999_1.0_152,COM,1.278159,1.478681,2.06,0.625,5.898,62785.10871,60796.001439
A_OB_1.5999999999999999_1.0_153,COM,1.163097,1.443241,1.699,1.517,5.154,63519.580893,60796.001439
A_OB_1.5999999999999999_1.0_154,COM,0.855117,1.329219,1.028,3.926,1.977,60820.943424,60796.001439
A_OB_1.5999999999999999_1.0_155,COM,1.439971,1.548771,0.609,4.779,2.734,64279.260505,60796.001439
A_OB_1.5999999999999999_1.0_156,COM,0.279467,1.106454,0.691,3.549,3.557,60827.131709,60796.001439
A_OB_1.5999999999999999_1.0_157,COM,1.594082,1.598602,1.699,4.763,2.9,63604.769448,60796.001439
A_OB_1.5999999999999999_1.0_158,COM,1.089793,1.414867,1.587,4.597,3.974,64119.004088,60796.001439
A_OB_1.5999999999999999_1.0_159,COM,1.805869,1.70907,1.485,4.366,2.761,60956.04169,60796.001439
A_OB_1.5999999999999999_1.0_160,COM,0.142192,1.054753,1.933,6.235,5.149,64124.113621,60796.001439
A_OB_1.5999999999999999_1.0_161,COM,1.090751,1.472633,1.432,1.263,4.939,61605.412722,60796.001439
A_OB_1.5999999999999999_1.0_162,COM,3.638212,2.497112,1.179,4.401,2.834,61168.175605,60796.001439
A_OB_1.5999999999999999_1.0_163,COM,0.926979,1.414713,1.722,1.967,4.692,63937.934509,60796.001439
A_OB_1.5999999999999999_1.0_164,COM,0.966751,1.43901,1.93,4.151,2.227,62408.680184,60796.001439
A_OB_1.5999999999999999_1.0_165,COM,0.582859,1.254901,2.736,6.27,3.474,63387.166904,60796.001439
A_OB_1.5999999999999999_1.0_166,COM,1.615581,1.702689,1.53,3.12,4.035,62004.285016,60796.001439
A_OB_1.5999999999999999_1.0_167,COM,1.521465,1.664706,0.486,5.915,1.116,64114.123382,60796.001439
A_OB_1.5999999999999999_1.0_168,COM,1.568656,1.702899,0.958,5.185,3.548,62328.194933,60796.001439
A_OB_1.5999999999999999_1.0_169,COM,1.119116,1.475166,0.887,0.76,5.199,64479.003645,60796.001439
A_OB_1.5999999999999999_1.0_170,COM,0.377595,1.1594,1.46,2.753,4.684,61219.247083,60796.001439
A_OB_1.5999999999999999_1.0_171,COM,1.429825,1.60503,1.179,3.493,4.014,61952.361365,60796.001439
A_OB_1.5999999999999999_1.0_172,COM,0.198207,1.086162,0.703,4.249,3.49,62690.54998,60796.001439
A_OB_1.5999999999999999_1.0_173,COM,0.329859,1.146846,2.156,1.519,4.59,63352.213493,60796.001439
A_OB_1.5999999999999999_1.0_174,COM,2.129342,2.034055,1.538,0.151,3.458,61970.919205,60796.001439
A_OB_1.5999999999999999_1.0_175,COM,1.123963,1.530771,0.638,3.857,3.655,61638.357958,60796.001439
A_OB_1.5999999999999999_1.0_176,COM,1.623335,1.788601,0.908,4.734,3.333,62045.83042,60796.001439
A_OB_1.5999999999999999_1.0_177,COM,1.368053,1.627105,1.035,1.972,4.584,63773.032122,60796.001439
A_OB_1.5999999999999999_1.0_178,COM,1.799461,1.864799,2.525,4.73,4.302,62790.968486,60796.001439
A_OB_1.5999999999999999_1.0_179,COM,1.322172,1.628904,2.04,1.298,4.747,61285.260874,60796.001439
A_OB_1.5999999999999999_1.0_180,COM,1.123056,1.520855,1.294,3.427,3.282,62381.517115,60796.001439
A_OB_1.5999999999999999_1.0_181,COM,0.736105,1.353613,1.57,2.611,4.269,61802.98038,60796.001439
A_OB_1.5999999999999999_1.0_182,COM,1.744574,1.854915,2.372,0.807,3.867,64569.941797,60796.001439
A_OB_1.5999999999999999_1.0_183,COM,1.313858,1.657033,2.088,4.384,2.727,61564.12025,60796.001439
A_OB_1.5999999999999999_1.0_184,COM,0.952129,1.452327,0.271,4.076,2.947,63473.66171,60796.001439
A_OB_1.5999999999999999_1.0_185,COM,1.034374,1.475827,1.58,4.977,3.33,63313.723491,60796.001439
A_OB_1.5999999999999999_1.0_186,COM,0.247849,1.124421,1.267,2.212,5.353,62730.676129,60796.001439
A_OB_1.5999999999999999_1.0_187,COM,1.151662,1.603624,2.423,5.233,3.373,63640.473773,60796.001439
A_OB_1.5999999999999999_1.0_188,COM,4.235938,3.125691,1.462,2.318,3.687,61025.488894,60796.001439
A_OB_1.5999999999999999_1.0_189,COM,2.347276,2.228767,1.645,4.283,2.924,63304.616136,60796.001439
A_OB_1.5999999999999999_1.0_190,COM,0.255458,1.133024,1.901,4.858,4.031,63669.461776,60796.001439
A_OB_1.5999999999999999_1.0_191,COM,1.461163,1.74724,1.121,2.245,4.233,64286.938132,60796.001439
A_OB_1.5999999999999999_1.0_192,COM,0.97991,1.511917,0.913,2.435,4.531,62507.467926,60796.001439
A_OB_1.5999999999999999_1.0_193,COM,0.620491,1.335878,0.985,1.74,4.827,63084.42684,60796.001439
A_OB_1.5999999999999999_1.0_194,COM,1.279852,1.66003,1.432,4.163,3.279,62655.496077,60796.001439
A_OB_1.5999999999999999_1.0_195,COM,0.69702,1.352483,1.029,3.595,2.878,63067.164732,60796.001439
A_OB_1.5999999999999999_1.0_196,COM,0.792362,1.421651,1.735,4.682,3.196,62425.271783,60796.001439
A_OB_1.5999999999999999_1.0_197,COM,3.009846,2.597855,1.064,2.651,4.18,62882.309376,60796.001439
A_OB_1.5999999999999999_1.0_198,COM,2.28957,2.305003,1.426,1.017,5.168,61793.288059,60796.001439
A_OB_1.5999999999999999_1.0_199,COM,0.95659,1.560213,1.383,4.526,1.257,61814.26018,60796.001439
A_OB_1.5999999999999999_1.0_200,COM,0.10882,1.062557,1.889,1.434,5.395,61626.383794,60796.001439
A_OB_1.5999999999999999_1.0_201,COM,2.380486,2.315836,2.792,5.94,3.004,63330.333725,60796.001439
A_OB_1.5999999999999999_1.0_202,COM,0.753247,1.44708,0.543,3.685,4.156,61060.985072,60796.001439
A_OB_1.5999999999999999_1.0_203,COM,1.097828,1.646335,2.099,1.645,4.116,63851.141426,60796.001439
A_OB_1.5999999999999999_1.0_204,COM,2.738157,2.607967,0.705,1.693,3.452,60926.326885,60796.001439
A_OB_1.5999999999999999_1.0_205,COM,1.357944,1.811079,1.145,0.88,4.768,64229.696112,60796.001439
A_OB_1.5999999999999999_1.0_206,COM,0.204989,1.113319,2.798,6.152,4.016,63319.316516,60796.001439
A_OB_1.5999999999999999_1.0_207,COM,8.339813,5.70481,0.689,5.055,4.435,64778.429625,60796.001439
A_OB_1.5999999999999999_1.0_208,COM,0.359353,1.207914,0.892,1.962,5.854,63436.318454,60796.001439
A_OB_1.5999999999999999_1.0_209,COM,1.172713,1.702595,1.854,1.5,5.267,62712.602345,60796.001439
A_OB_1.5999999999999999_1.0_210,COM,0.868894,1.478497,1.184,4.98,2.405,61104.098847,60796.001439
A_OB_1.5999999999999999_1.0_211,COM,4.152069,3.340386,2.061,0.41,3.422,61820.134123,60796.001439
A_OB_1.5999999999999999_1.0_212,COM,0.631427,1.372112,1.08,3.908,3.954,63320.142685,60796.001439
A_OB_1.5999999999999999_1.0_213,COM,0.822196,1.462053,0.444,1.172,3.248,61738.751466,60796.001439
A_OB_1.5999999999999999_1.0_214,COM,0.260941,1.148547,0.828,1.59,5.963,61170.610393,60796.001439
A_OB_1.5999999999999999_1.0_215,COM,0.420796,1.236452,2.216,0.718,4.492,62746.430824,60796.001439
A_OB_1.5999999999999999_1.0_216,COM,1.026631,1.625307,2.082,4.798,4.351,63547.076774,60796.001439
A_OB_1.5999999999999999_1.0_217,COM,0.562248,1.366299,2.194,4.936,3.3,63781.194599,60796.001439
A_OB_1.5999999999999999_1.0_218,COM,1.727267,2.058813,1.046,4.426,3.355,62857.11727,60796.001439
A_OB_1.5999999999999999_1.0_219,COM,1.049218,1.664725,1.961,3.508,4.439,62724.456866,60796.001439
A_OB_1.5999999999999999_1.0_220,COM,0.773045,1.473865,2.15,5.866,4.077,61940.885294,60796.001439
A_OB_1.5999999999999999_1.0_221,COM,1.59427,1.989822,2.429,2.703,2.536,63369.921936,60796.001439
A_OB_1.5999999999999999_1.0_222,COM,1.795727,2.091865,0.781,1.939,3.896,62675.907066,60796.001439
A_OB_1.5999999999999999_1.0_223,COM,0.530726,1.327594,2.409,1.702,4.884,63863.048314,60796.001439
A_OB_1.5999999999999999_1.0_224,COM,0.825548,1.559468,0.373,1.163,5.173,62772.797567,60796.001439
A_OB_1.5999999999999999_1.0_225,COM,0.195104,1.128979,0.839,2.527,4.738,62287.698524,60796.001439
A_OB_1.5999999999999999_1.0_226,COM,1.406614,1.987333,1.024,2.994,4.638,63607.627927,60796.001439
A_OB_1.5999999999999999_1.0_227,COM,1.969631,2.331412,1.118,4.57,2.798,62237.209008,60796.001439
A_OB_1.5999999999999999_1.0_228,COM,0.036786,1.024446,2.109,1.819,5.206,61844.005543,60796.001439
A_OB_1.5999999999999999_1.0_229,COM,0.972478,1.654207,1.649,5.73,2.654,61240.479134,60796.001439
A_OB_1.5999999999999999_1.0_230,COM,2.337275,2.613568,1.862,5.765,0.047,60904.901513,60796.001439
A_OB_1.5999999999999999_1.0_231,COM,1.129882,1.782935,1.314,2.471,3.806,61513.698865,60796.001439
A_OB_1.5999999999999999_1.0_232,COM,1.185024,1.857969,1.656,1.64,3.767,62395.732996,60796.001439
A_OB_1.5999999999999999_1.0_233,COM,0.773656,1.583119,0.783,5.725,1.301,62724.83942,60796.001439
A_OB_1.5999999999999999_1.0_234,COM,0.598626,1.425572,0.588,4.124,3.198,62944.959102,60796.001439
A_OB_1.5999999999999999_1.0_235,COM,0.538951,1.398442,1.774,3.6,4.474,62381.547767,60796.001439
A_OB_1.5999999999999999_1.0_236,COM,0.823206,1.588621,1.788,1.942,3.364,63090.237507,60796.001439
A_OB_1.5999999999999999_1.0_237,COM,0.510166,1.375916,1.956,0.718,3.762,62011.520149,60796.001439
A_OB_1.5999999999999999_1.0_238,COM,1.847945,2.348973,1.763,1.496,4.82,62283.455631,60796.001439
A_OB_1.5999999999999999_1.0_239,COM,2.082616,2.569909,2.489,4.863,2.496,61683.432714,60796.001439
A_OB_1.5999999999999999_1.0_240,COM,0.698347,1.520753,1.83,4.673,2.63,64027.653675,60796.001439
A_OB_1.5999999999999999_1.0_241,COM,1.16094,1.83447,0.602,1.591,4.114,62697.799313,60796.001439
A_OB_1.5999999999999999_1.0_242,COM,0.270136,1.213191,1.579,5.214,3.495,62875.256978,60796.001439
A_OB_1.5999999999999999_1.0_243,COM,1.622363,2.269343,2.38,1.053,3.978,61206.118414,60796.001439
A_OB_1.5999999999999999_1.0_244,COM,1.505956,2.169223,1.081,2.353,4.324,62304.055144,60796.001439
A_OB_1.5999999999999999_1.0_245,COM,1.572329,2.289074,0.949,3.511,3.858,61727.184136,60796.001439
A_OB_1.5999999999999999_1.0_246,COM,1.415898,2.103096,1.139,2.122,4.661,62801.26887,60796.001439
A_OB_1.5999999999999999_1.0_247,COM,1.372841,2.089667,2.162,5.549,3.391,61804.926641,60796.001439
A_OB_1.5999999999999999_1.0_248,COM,1.204004,1.990253,2.312,1.171,4.355,62589.352839,60796.001439
A_OB_1.5999999999999999_1.0_249,COM,1.382817,2.087894,0.746,4.081,3.411,64239.415361,60796.001439
A_OB_1.5999999999999999_1.0_250,COM,2.045674,2.657495,1.011,4.069,2.598,60889.011188,60796.001439
A_OB_1.5999999999999999_1.0_251,COM,0.903261,1.711367,1.712,0.342,3.734,61386.552146,60796.001439
A_OB_1.5999999999999999_1.0_252,COM,1.972317,2.656633,2.542,0.252,4.318,63079.054584,60796.001439
A_OB_1.5999999999999999_1.0_253,COM,1.493438,2.262489,1.756,1.466,3.811,62718.173717,60796.001439
A_OB_1.5999999999999999_1.0_254,COM,0.012526,1.010957,2.394,5.149,3.677,62603.375895,60796.001439
A_OB_1.5999999999999999_1.0_255,COM,0.892297,1.743658,1.787,5.08,1.952,63446.852077,60796.001439
A_OB_1.5999999999999999_1.0_256,COM,0.532055,1.44956,1.3,0.789,3.974,62040.349186,60796.001439
A_OB_1.5999999999999999_1.0_257,COM,0.919371,1.810671,0.472,4.048,3.704,60793.993704,60796.001439
A_OB_1.5999999999999999_1.0_258,COM,0.472434,1.418697,1.26,1.2,4.648,64022.649369,60796.001439
A_OB_1.5999999999999999_1.0_259,COM,2.846278,3.551278,0.989,3.707,2.852,61840.639278,60796.001439
A_OB_1.5999999999999999_1.0_260,COM,1.111166,2.04451,1.108,4.265,3.05,62971.092816,60796.001439
A_OB_1.5999999999999999_1.0_261,COM,1.896019,2.765308,1.349,0.676,3.989,64234.531893,60796.001439
A_OB_1.5999999999999999_1.0_262,COM,1.312821,2.245377,2.13,3.928,3.987,63563.654817,60796.001439
A_OB_1.5999999999999999_1.0_263,COM,2.256217,3.123796,1.663,4.672,2.834,63581.692862,60796.001439
A_OB_1.5999999999999999_1.0_264,COM,0.080711,1.07757,1.298,2.986,4.241,60993.585739,60796.001439
A_OB_1.5999999999999999_1.0_265,COM,0.948545,1.945097,1.46,2.191,3.601,63599.572682,60796.001439
A_OB_1.5999999999999999_1.0_266,COM,1.504148,2.440991,2.24,6.123,3.303,62535.938153,60796.001439
A_OB_1.5999999999999999_1.0_267,COM,1.769473,2.725593,2.149,3.717,2.881,63266.13995,60796.001439
A_OB_1.5999999999999999_1.0_268,COM,0.232941,1.22559,1.684,1.704,4.627,61886.130026,60796.001439
A_OB_1.5999999999999999_1.0_269,COM,1.059843,2.052617,1.168,5.614,2.233,64401.275448,60796.001439
A_OB_1.5999999999999999_1.0_270,COM,1.672925,2.668622,1.919,5.918,3.315,61795.263115,60796.001439
A_OB_1.5999999999999999_1.0_271,COM,2.180444,3.085051,1.806,0.619,4.098,63677.481505,60796.001439
A_OB_1.5999999999999999_1.0_272,COM,1.367617,2.380167,2.076,4.971,2.752,63977.563419,60796.001439
A_OB_1.5999999999999999_1.0_273,COM,1.399193,2.351682,2.439,0.337,3.99,62248.519609,60796.001439
A_OB_1.5999999999999999_1.0_274,COM,1.311664,2.339254,2.215,2.056,4.912,60911.977627,60796.001439
A_OB_1.5999999999999999_1.0_275,COM,1.218678,2.290916,0.774,2.24,4.201,62333.603115,60796.001439
A_OB_1.5999999999999999_1.0_276,COM,0.026448,1.02716,2.403,5.524,6.011,63003.017786,60796.001439
A_OB_1.5999999999999999_1.0_277,COM,1.448061,2.527023,1.533,4.668,2.632,63034.451289,60796.001439
A_OB_1.5999999999999999_1.0_278,COM,1.465183,2.57454,1.696,5.397,2.266,62270.222111,60796.001439
A_OB_1.5999999999999999_1.0_279,COM,1.139192,2.216304,1.471,0.961,4.846,64398.444652,60796.001439
A_OB_1.5999999999999999_1.0_280,COM,0.786535,1.825104,2.636,5.35,2.394,64088.035759,60796.001439
A_OB_1.5999999999999999_1.0_281,COM,0.343215,1.360773,2.375,4.545,4.456,63874.185901,60796.001439
A_OB_1.5999999999999999_1.0_282,COM,0.596295,1.67626,1.648,2.314,4.251,60882.160445,60796.001439
A_OB_1.5999999999999999_1.0_283,COM,0.537052,1.616942,1.612,5.195,2.931,63776.473962,60796.001439
A_OB_1.5999999999999999_1.0_284,COM,1.797647,3.00616,2.209,5.658,3.165,63395.255507,60796.001439
A_OB_1.5999999999999999_1.0_285,COM,6.676171,8.282884,2.483,1.275,4.223,61418.742846,60796.001439
A_OB_1.5999999999999999_1.0_286,COM,1.342008,2.491263,1.923,1.425,3.656,61065.866535,60796.001439
A_OB_1.5999999999999999_1.0_287,COM,3.560623,5.122128,1.641,3.056,2.166,64342.147923,60796.001439
A_OB_1.5999999999999999_1.0_288,COM,2.213852,3.566449,0.972,1.905,3.646,63199.621234,60796.001439
A_OB_1.5999999999999999_1.0_289,COM,0.430265,1.515587,1.85,1.117,4.983,63616.873161,60796.001439
A_OB_1.5999999999999999_1.0_290,COM,1.834907,3.20826,1.059,3.577,3.165,60982.069969,60796.001439
A_OB_1.5999999999999999_1.0_291,COM,1.298401,2.579037,0.948,1.698,4.545,63532.900394,60796.001439
A_OB_1.5999999999999999_1.0_292,COM,0.145718,1.17625,1.619,5.129,3.247,61347.159834,60796.001439
A_OB_1.5999999999999999_1.0_293,COM,0.146434,1.175913,0.695,2.742,3.91,63460.427448,60796.001439
A_OB_1.5999999999999999_1.0_294,COM,1.423936,2.72142,0.507,2.028,4.569,61632.766312,60796.001439
A_OB_1.5999999999999999_1.0_295,COM,0.388409,1.47661,2.386,6.081,3.855,63461.534243,60796.001439
A_OB_1.5999999999999999_1.0_296,COM,1.462591,2.867078,0.708,0.745,4.088,63574.536178,60796.001439
A_OB_1.5999999999999999_1.0_297,COM,2.985075,4.856719,0.134,0.53,5.161,62891.79647,60796.001439
A_OB_1.5999999999999999_1.0_298,COM,3.040683,4.876449,1.874,5.536,3.066,63681.893387,60796.001439
A_OB_1.5999999999999999_1.0_299,COM,0.711232,1.965879,0.735,3.117,3.222,62074.861846,60796.001439
A_OB_1.5999999999999999_1.0_300,COM,0.854615,2.183632,2.039,1.149,3.685,64412.038449,60796.001439
A_OB_1.5999999999999999_1.0_301,COM,2.936846,5.117843,1.562,4.381,2.241,63209.884165,60796.001439
A_OB_1.5999999999999999_1.0_302,COM,0.59922,1.844201,0.94,3.876,4.023,61896.651788,60796.001439
A_OB_1.5999999999999999_1.0_303,COM,0.788836,2.155376,1.648,1.49,4.687,64379.369995,60796.001439
A_OB_1.5999999999999999_1.0_304,COM,0.983865,2.39145,1.273,3.941,2.795,63616.186024,60796.001439
A_OB_1.5999999999999999_1.0_305,COM,0.873593,2.33803,2.027,0.999,4.58,62884.074364,60796.001439
A_OB_1.5999999999999999_1.0_306,COM,0.506761,1.762659,0.931,2.984,3.797,63177.703827,60796.001439
A_OB_1.5999999999999999_1.0_307,COM,0.733913,2.165529,1.553,0.997,4.909,61561.082933,60796.001439
A_OB_1.5999999999999999_1.0_308,COM,0.670564,2.055583,2.166,0.751,4.678,64271.835954,60796.001439
A_OB_1.5999999999999999_1.0_309,COM,1.455409,3.317671,1.013,2.287,4.475,64383.273576,60796.001439
A_OB_1.5999999999999999_1.0_310,COM,1.532011,3.548193,1.701,1.561,4.127,62957.611738,60796.001439
A_OB_1.5999999999999999_1.0_311,COM,0.076878,1.126037,1.755,1.506,4.902,63018.55282,60796.001439
A_OB_1.5999999999999999_1.0_312,COM,1.287523,3.129912,0.902,4.003,3.223,61731.048001,60796.001439
A_OB_1.5999999999999999_1.0_313,COM,3.048463,6.030075,0.898,3.636,2.706,62530.470748,60796.001439
A_OB_1.5999999999999999_1.0_314,COM,1.129185,2.94264,1.223,5.824,2.886,62850.190364,60796.001439
A_OB_1.5999999999999999_1.0_315,COM,0.653122,2.160453,1.128,4.304,2.898,62034.170084,60796.001439
A_OB_1.5999999999999999_1.0_316,COM,1.264925,3.361159,1.69,1.677,3.913,61921.660519,60796.001439
A_OB_1.5999999999999999_1.0_317,COM,1.229855,3.438921,0.942,1.633,4.729,63174.261033,60796.001439
A_OB_1.5999999999999999_1.0_318,COM,1.059994,3.179736,2.167,0.856,4.2,63342.092605,60796.001439
A_OB_1.5999999999999999_1.0_319,COM,1.435019,4.310001,0.888,4.365,2.647,63872.370337,60796.001439
A_OB_1.5999999999999999_1.0_320,COM,4.375745,12.069279,1.251,2.089,3.818,64468.697704,60796.001439
A_OB_1.5999999999999999_1.0_321,COM,1.483775,5.1824,2.057,6.053,2.679,63058.462581,60796.001439
