ObjID,H_g,u-r,g-r,i-r,z-r,y-r,GS
A_OB_2.1999999999999997_1.0_0,25.2,2.31,0.73,-0.33,-0.5,-0.68,0.15
A_OB_2.1999999999999997_1.0_1,22.31,2.31,0.73,-0.33,-0.5,-0.68,0.15
A_OB_2.1999999999999997_1.0_2,24.33,2.31,0.73,-0.33,-0.5,-0.68,0.15
A_OB_2.1999999999999997_1.0_3,25.24,2.31,0.73,-0.33,-0.5,-0.68,0.15
A_OB_2.1999999999999997_1.0_4,20.64,2.31,0.73,-0.33,-0.5,-0.68,0.15
A_OB_2.1999999999999997_1.0_5,24.61,2.31,0.73,-0.33,-0.5,-0.68,0.15
A_OB_2.1999999999999997_1.0_6,25.61,2.31,0.73,-0.33,-0.5,-0.68,0.15
A_OB_2.1999999999999997_1.0_7,23.98,2.31,0.73,-0.33,-0.5,-0.68,0.15
A_OB_2.1999999999999997_1.0_8,24.37,2.31,0.73,-0.33,-0.5,-0.68,0.15
A_OB_2.1999999999999997_1.0_9,22.05,2.31,0.73,-0.33,-0.5,-0.68,0.15
A_OB_2.1999999999999997_1.0_10,24.96,2.31,0.73,-0.33,-0.5,-0.68,0.15
A_OB_2.1999999999999997_1.0_11,25.42,2.31,0.73,-0.33,-0.5,-0.68,0.15
A_OB_2.1999999999999997_1.0_12,25.6,2.31,0.73,-0.33,-0.5,-0.68,0.15
A_OB_2.1999999999999997_1.0_13,25.02,2.31,0.73,-0.33,-0.5,-0.68,0.15
A_OB_2.1999999999999997_1.0_14,24.58,2.31,0.73,-0.33,-0.5,-0.68,0.15
A_OB_2.1999999999999997_1.0_15,24.96,2.31,0.73,-0.33,-0.5,-0.68,0.15
A_OB_2.1999999999999997_1.0_16,24.47,2.31,0.73,-0.33,-0.5,-0.68,0.15
A_OB_2.1999999999999997_1.0_17,25.2,2.31,0.73,-0.33,-0.5,-0.68,0.15
A_OB_2.1999999999999997_1.0_18,24.72,2.31,0.73,-0.33,-0.5,-0.68,0.15
A_OB_2.1999999999999997_1.0_19,24.72,2.31,0.73,-0.33,-0.5,-0.68,0.15
A_OB_2.1999999999999997_1.0_20,25.01,2.31,0.73,-0.33,-0.5,-0.68,0.15
A_OB_2.1999999999999997_1.0_21,24.85,2.31,0.73,-0.33,-0.5,-0.68,0.15
A_OB_2.1999999999999997_1.0_22,22.53,2.31,0.73,-0.33,-0.5,-0.68,0.15
A_OB_2.1999999999999997_1.0_23,25.12,2.31,0.73,-0.33,-0.5,-0.68,0.15
A_OB_2.1999999999999997_1.0_24,24.24,2.31,0.73,-0.33,-0.5,-0.68,0.15
A_OB_2.1999999999999997_1.0_25,24.53,2.31,0.73,-0.33,-0.5,-0.68,0.15
A_OB_2.1999999999999997_1.0_26,25.52,2.31,0.73,-0.33,-0.5,-0.68,0.15
A_OB_2.1999999999999997_1.0_27,25.26,2.31,0.73,-0.33,-0.5,-0.68,0.15
A_OB_2.1999999999999997_1.0_28,25.04,2.31,0.73,-0.33,-0.5,-0.68,0.15
A_OB_2.1999999999999997_1.0_29,25.57,2.31,0.73,-0.33,-0.5,-0.68,0.15
A_OB_2.1999999999999997_1.0_30,24.36,2.31,0.73,-0.33,-0.5,-0.68,0.15
A_OB_2.1999999999999997_1.0_31,23.38,2.31,0.73,-0.33,-0.5,-0.68,0.15
A_OB_2.1999999999999997_1.0_32,25.08,2.31,0.73,-0.33,-0.5,-0.68,0.15
A_OB_2.1999999999999997_1.0_33,25.36,2.31,0.73,-0.33,-0.5,-0.68,0.15
A_OB_2.1999999999999997_1.0_34,25.34,2.31,0.73,-0.33,-0.5,-0.68,0.15
A_OB_2.1999999999999997_1.0_35,24.45,2.31,0.73,-0.33,-0.5,-0.68,0.15
A_OB_2.1999999999999997_1.0_36,24.49,2.31,0.73,-0.33,-0.5,-0.68,0.15
A_OB_2.1999999999999997_1.0_37,25.46,2.31,0.73,-0.33,-0.5,-0.68,0.15
A_OB_2.1999999999999997_1.0_38,24.53,2.31,0.73,-0.33,-0.5,-0.68,0.15
A_OB_2.1999999999999997_1.0_39,25.05,2.31,0.73,-0.33,-0.5,-0.68,0.15
A_OB_2.1999999999999997_1.0_40,24.83,2.31,0.73,-0.33,-0.5,-0.68,0.15
A_OB_2.1999999999999997_1.0_41,21.62,2.31,0.73,-0.33,-0.5,-0.68,0.15
A_OB_2.1999999999999997_1.0_42,25.57,2.31,0.73,-0.33,-0.5,-0.68,0.15
A_OB_2.1999999999999997_1.0_43,23.89,2.31,0.73,-0.33,-0.5,-0.68,0.15
A_OB_2.1999999999999997_1.0_44,25.26,2.31,0.73,-0.33,-0.5,-0.68,0.15
A_OB_2.1999999999999997_1.0_45,24.78,2.31,0.73,-0.33,-0.5,-0.68,0.15
A_OB_2.1999999999999997_1.0_46,25.25,2.31,0.73,-0.33,-0.5,-0.68,0.15
A_OB_2.1999999999999997_1.0_47,23.65,2.31,0.73,-0.33,-0.5,-0.68,0.15
A_OB_2.1999999999999997_1.0_48,21.81,2.31,0.73,-0.33,-0.5,-0.68,0.15
A_OB_2.1999999999999997_1.0_49,25.43,2.31,0.73,-0.33,-0.5,-0.68,0.15
A_OB_2.1999999999999997_1.0_50,25.55,2.31,0.73,-0.33,-0.5,-0.68,0.15
A_OB_2.1999999999999997_1.0_51,25.32,2.31,0.73,-0.33,-0.5,-0.68,0.15
A_OB_2.1999999999999997_1.0_52,25.59,2.31,0.73,-0.33,-0.5,-0.68,0.15
A_OB_2.1999999999999997_1.0_53,25.23,2.31,0.73,-0.33,-0.5,-0.68,0.15
A_OB_2.1999999999999997_1.0_54,24.94,2.31,0.73,-0.33,-0.5,-0.68,0.15
A_OB_2.1999999999999997_1.0_55,23.83,2.31,0.73,-0.33,-0.5,-0.68,0.15
A_OB_2.1999999999999997_1.0_56,25.14,2.31,0.73,-0.33,-0.5,-0.68,0.15
A_OB_2.1999999999999997_1.0_57,24.62,2.31,0.73,-0.33,-0.5,-0.68,0.15
A_OB_2.1999999999999997_1.0_58,25.37,2.31,0.73,-0.33,-0.5,-0.68,0.15
A_OB_2.1999999999999997_1.0_59,25.18,2.31,0.73,-0.33,-0.5,-0.68,0.15
A_OB_2.1999999999999997_1.0_60,25.54,2.31,0.73,-0.33,-0.5,-0.68,0.15
A_OB_2.1999999999999997_1.0_61,25.51,2.31,0.73,-0.33,-0.5,-0.68,0.15
A_OB_2.1999999999999997_1.0_62,25.5,2.31,0.73,-0.33,-0.5,-0.68,0.15
A_OB_2.1999999999999997_1.0_63,25.6,2.31,0.73,-0.33,-0.5,-0.68,0.15
A_OB_2.1999999999999997_1.0_64,24.15,2.31,0.73,-0.33,-0.5,-0.68,0.15
A_OB_2.1999999999999997_1.0_65,24.76,2.31,0.73,-0.33,-0.5,-0.68,0.15
A_OB_2.1999999999999997_1.0_66,24.86,2.31,0.73,-0.33,-0.5,-0.68,0.15
A_OB_2.1999999999999997_1.0_67,23.54,2.31,0.73,-0.33,-0.5,-0.68,0.15
A_OB_2.1999999999999997_1.0_68,24.21,2.31,0.73,-0.33,-0.5,-0.68,0.15
A_OB_2.1999999999999997_1.0_69,23.66,2.31,0.73,-0.33,-0.5,-0.68,0.15
A_OB_2.1999999999999997_1.0_70,25.59,2.31,0.73,-0.33,-0.5,-0.68,0.15
A_OB_2.1999999999999997_1.0_71,24.97,2.31,0.73,-0.33,-0.5,-0.68,0.15
A_OB_2.1999999999999997_1.0_72,24.6,2.31,0.73,-0.33,-0.5,-0.68,0.15
A_OB_2.1999999999999997_1.0_73,24.99,2.31,0.73,-0.33,-0.5,-0.68,0.15
A_OB_2.1999999999999997_1.0_74,23.95,2.31,0.73,-0.33,-0.5,-0.68,0.15
A_OB_2.1999999999999997_1.0_75,24.93,2.31,0.73,-0.33,-0.5,-0.68,0.15
A_OB_2.1999999999999997_1.0_76,24.98,2.31,0.73,-0.33,-0.5,-0.68,0.15
A_OB_2.1999999999999997_1.0_77,23.38,2.31,0.73,-0.33,-0.5,-0.68,0.15
A_OB_2.1999999999999997_1.0_78,25.44,2.31,0.73,-0.33,-0.5,-0.68,0.15
A_OB_2.1999999999999997_1.0_79,25.53,2.31,0.73,-0.33,-0.5,-0.68,0.15
A_OB_2.1999999999999997_1.0_80,25.51,2.31,0.73,-0.33,-0.5,-0.68,0.15
A_OB_2.1999999999999997_1.0_81,25.41,2.31,0.73,-0.33,-0.5,-0.68,0.15
A_OB_2.1999999999999997_1.0_82,25.22,2.31,0.73,-0.33,-0.5,-0.68,0.15
A_OB_2.1999999999999997_1.0_83,25.0,2.31,0.73,-0.33,-0.5,-0.68,0.15
A_OB_2.1999999999999997_1.0_84,25.33,2.31,0.73,-0.33,-0.5,-0.68,0.15
A_OB_2.1999999999999997_1.0_85,25.61,2.31,0.73,-0.33,-0.5,-0.68,0.15
A_OB_2.1999999999999997_1.0_86,25.57,2.31,0.73,-0.33,-0.5,-0.68,0.15
A_OB_2.1999999999999997_1.0_87,25.41,2.31,0.73,-0.33,-0.5,-0.68,0.15
A_OB_2.1999999999999997_1.0_88,25.58,2.31,0.73,-0.33,-0.5,-0.68,0.15
A_OB_2.1999999999999997_1.0_89,23.71,2.31,0.73,-0.33,-0.5,-0.68,0.15
A_OB_2.1999999999999997_1.0_90,24.65,2.31,0.73,-0.33,-0.5,-0.68,0.15
A_OB_2.1999999999999997_1.0_91,24.37,2.31,0.73,-0.33,-0.5,-0.68,0.15
A_OB_2.1999999999999997_1.0_92,25.54,2.31,0.73,-0.33,-0.5,-0.68,0.15
A_OB_2.1999999999999997_1.0_93,25.61,2.31,0.73,-0.33,-0.5,-0.68,0.15
A_OB_2.1999999999999997_1.0_94,23.97,2.31,0.73,-0.33,-0.5,-0.68,0.15
A_OB_2.1999999999999997_1.0_95,22.05,2.31,0.73,-0.33,-0.5,-0.68,0.15
A_OB_2.1999999999999997_1.0_96,24.24,2.31,0.73,-0.33,-0.5,-0.68,0.15
A_OB_2.1999999999999997_1.0_97,24.31,2.31,0.73,-0.33,-0.5,-0.68,0.15
A_OB_2.1999999999999997_1.0_98,25.53,2.31,0.73,-0.33,-0.5,-0.68,0.15
A_OB_2.1999999999999997_1.0_99,24.38,2.31,0.73,-0.33,-0.5,-0.68,0.15
A_OB_2.1999999999999997_1.0_100,24.86,2.31,0.73,-0.33,-0.5,-0.68,0.15
A_OB_2.1999999999999997_1.0_101,25.55,2.31,0.73,-0.33,-0.5,-0.68,0.15
A_OB_2.1999999999999997_1.0_102,24.93,2.31,0.73,-0.33,-0.5,-0.68,0.15
A_OB_2.1999999999999997_1.0_103,25.14,2.31,0.73,-0.33,-0.5,-0.68,0.15
A_OB_2.1999999999999997_1.0_104,24.72,2.31,0.73,-0.33,-0.5,-0.68,0.15
A_OB_2.1999999999999997_1.0_105,24.47,2.31,0.73,-0.33,-0.5,-0.68,0.15
A_OB_2.1999999999999997_1.0_106,24.68,2.31,0.73,-0.33,-0.5,-0.68,0.15
A_OB_2.1999999999999997_1.0_107,24.56,2.31,0.73,-0.33,-0.5,-0.68,0.15
A_OB_2.1999999999999997_1.0_108,25.46,2.31,0.73,-0.33,-0.5,-0.68,0.15
A_OB_2.1999999999999997_1.0_109,25.39,2.31,0.73,-0.33,-0.5,-0.68,0.15
A_OB_2.1999999999999997_1.0_110,24.82,2.31,0.73,-0.33,-0.5,-0.68,0.15
A_OB_2.1999999999999997_1.0_111,20.07,2.31,0.73,-0.33,-0.5,-0.68,0.15
A_OB_2.1999999999999997_1.0_112,24.82,2.31,0.73,-0.33,-0.5,-0.68,0.15
A_OB_2.1999999999999997_1.0_113,25.22,2.31,0.73,-0.33,-0.5,-0.68,0.15
A_OB_2.1999999999999997_1.0_114,25.31,2.31,0.73,-0.33,-0.5,-0.68,0.15
A_OB_2.1999999999999997_1.0_115,25.08,2.31,0.73,-0.33,-0.5,-0.68,0.15
A_OB_2.1999999999999997_1.0_116,24.68,2.31,0.73,-0.33,-0.5,-0.68,0.15
A_OB_2.1999999999999997_1.0_117,24.85,2.31,0.73,-0.33,-0.5,-0.68,0.15
A_OB_2.1999999999999997_1.0_118,24.3,2.31,0.73,-0.33,-0.5,-0.68,0.15
A_OB_2.1999999999999997_1.0_119,24.3,2.31,0.73,-0.33,-0.5,-0.68,0.15
A_OB_2.1999999999999997_1.0_120,23.46,2.31,0.73,-0.33,-0.5,-0.68,0.15
A_OB_2.1999999999999997_1.0_121,25.16,2.31,0.73,-0.33,-0.5,-0.68,0.15
A_OB_2.1999999999999997_1.0_122,25.19,2.31,0.73,-0.33,-0.5,-0.68,0.15
A_OB_2.1999999999999997_1.0_123,24.7,2.31,0.73,-0.33,-0.5,-0.68,0.15
A_OB_2.1999999999999997_1.0_124,25.01,2.31,0.73,-0.33,-0.5,-0.68,0.15
A_OB_2.1999999999999997_1.0_125,25.27,2.31,0.73,-0.33,-0.5,-0.68,0.15
A_OB_2.1999999999999997_1.0_126,23.74,2.31,0.73,-0.33,-0.5,-0.68,0.15
A_OB_2.1999999999999997_1.0_127,22.33,2.31,0.73,-0.33,-0.5,-0.68,0.15
A_OB_2.1999999999999997_1.0_128,24.15,2.31,0.73,-0.33,-0.5,-0.68,0.15
A_OB_2.1999999999999997_1.0_129,25.53,2.31,0.73,-0.33,-0.5,-0.68,0.15
A_OB_2.1999999999999997_1.0_130,24.77,2.31,0.73,-0.33,-0.5,-0.68,0.15
A_OB_2.1999999999999997_1.0_131,25.52,2.31,0.73,-0.33,-0.5,-0.68,0.15
A_OB_2.1999999999999997_1.0_132,24.71,2.31,0.73,-0.33,-0.5,-0.68,0.15
A_OB_2.1999999999999997_1.0_133,24.67,2.31,0.73,-0.33,-0.5,-0.68,0.15
A_OB_2.1999999999999997_1.0_134,23.32,2.31,0.73,-0.33,-0.5,-0.68,0.15
A_OB_2.1999999999999997_1.0_135,25.28,2.31,0.73,-0.33,-0.5,-0.68,0.15
A_OB_2.1999999999999997_1.0_136,22.54,2.31,0.73,-0.33,-0.5,-0.68,0.15
A_OB_2.1999999999999997_1.0_137,23.0,2.31,0.73,-0.33,-0.5,-0.68,0.15
A_OB_2.1999999999999997_1.0_138,24.37,2.31,0.73,-0.33,-0.5,-0.68,0.15
A_OB_2.1999999999999997_1.0_139,24.28,2.31,0.73,-0.33,-0.5,-0.68,0.15
A_OB_2.1999999999999997_1.0_140,20.73,2.31,0.73,-0.33,-0.5,-0.68,0.15
A_OB_2.1999999999999997_1.0_141,22.2,2.31,0.73,-0.33,-0.5,-0.68,0.15
A_OB_2.1999999999999997_1.0_142,25.34,2.31,0.73,-0.33,-0.5,-0.68,0.15
A_OB_2.1999999999999997_1.0_143,24.07,2.31,0.73,-0.33,-0.5,-0.68,0.15
A_OB_2.1999999999999997_1.0_144,22.11,2.31,0.73,-0.33,-0.5,-0.68,0.15
A_OB_2.1999999999999997_1.0_145,25.53,2.31,0.73,-0.33,-0.5,-0.68,0.15
A_OB_2.1999999999999997_1.0_146,24.9,2.31,0.73,-0.33,-0.5,-0.68,0.15
A_OB_2.1999999999999997_1.0_147,24.96,2.31,0.73,-0.33,-0.5,-0.68,0.15
A_OB_2.1999999999999997_1.0_148,18.35,2.31,0.73,-0.33,-0.5,-0.68,0.15
A_OB_2.1999999999999997_1.0_149,25.49,2.31,0.73,-0.33,-0.5,-0.68,0.15
A_OB_2.1999999999999997_1.0_150,24.55,2.31,0.73,-0.33,-0.5,-0.68,0.15
A_OB_2.1999999999999997_1.0_151,25.52,2.31,0.73,-0.33,-0.5,-0.68,0.15
A_OB_2.1999999999999997_1.0_152,25.39,2.31,0.73,-0.33,-0.5,-0.68,0.15
A_OB_2.1999999999999997_1.0_153,23.86,2.31,0.73,-0.33,-0.5,-0.68,0.15
A_OB_2.1999999999999997_1.0_154,22.33,2.31,0.73,-0.33,-0.5,-0.68,0.15
A_OB_2.1999999999999997_1.0_155,24.61,2.31,0.73,-0.33,-0.5,-0.68,0.15
A_OB_2.1999999999999997_1.0_156,22.79,2.31,0.73,-0.33,-0.5,-0.68,0.15
A_OB_2.1999999999999997_1.0_157,22.94,2.31,0.73,-0.33,-0.5,-0.68,0.15
A_OB_2.1999999999999997_1.0_158,19.22,2.31,0.73,-0.33,-0.5,-0.68,0.15
A_OB_2.1999999999999997_1.0_159,25.27,2.31,0.73,-0.33,-0.5,-0.68,0.15
A_OB_2.1999999999999997_1.0_160,24.82,2.31,0.73,-0.33,-0.5,-0.68,0.15
A_OB_2.1999999999999997_1.0_161,25.59,2.31,0.73,-0.33,-0.5,-0.68,0.15
A_OB_2.1999999999999997_1.0_162,24.81,2.31,0.73,-0.33,-0.5,-0.68,0.15
A_OB_2.1999999999999997_1.0_163,19.63,2.31,0.73,-0.33,-0.5,-0.68,0.15
A_OB_2.1999999999999997_1.0_164,24.69,2.31,0.73,-0.33,-0.5,-0.68,0.15
A_OB_2.1999999999999997_1.0_165,25.19,2.31,0.73,-0.33,-0.5,-0.68,0.15
A_OB_2.1999999999999997_1.0_166,24.35,2.31,0.73,-0.33,-0.5,-0.68,0.15
A_OB_2.1999999999999997_1.0_167,24.7,2.31,0.73,-0.33,-0.5,-0.68,0.15
A_OB_2.1999999999999997_1.0_168,25.59,2.31,0.73,-0.33,-0.5,-0.68,0.15
A_OB_2.1999999999999997_1.0_169,22.67,2.31,0.73,-0.33,-0.5,-0.68,0.15
A_OB_2.1999999999999997_1.0_170,24.9,2.31,0.73,-0.33,-0.5,-0.68,0.15
A_OB_2.1999999999999997_1.0_171,24.55,2.31,0.73,-0.33,-0.5,-0.68,0.15
A_OB_2.1999999999999997_1.0_172,25.45,2.31,0.73,-0.33,-0.5,-0.68,0.15
A_OB_2.1999999999999997_1.0_173,24.6,2.31,0.73,-0.33,-0.5,-0.68,0.15
A_OB_2.1999999999999997_1.0_174,23.79,2.31,0.73,-0.33,-0.5,-0.68,0.15
A_OB_2.1999999999999997_1.0_175,22.78,2.31,0.73,-0.33,-0.5,-0.68,0.15
A_OB_2.1999999999999997_1.0_176,25.22,2.31,0.73,-0.33,-0.5,-0.68,0.15
A_OB_2.1999999999999997_1.0_177,24.34,2.31,0.73,-0.33,-0.5,-0.68,0.15
A_OB_2.1999999999999997_1.0_178,24.53,2.31,0.73,-0.33,-0.5,-0.68,0.15
A_OB_2.1999999999999997_1.0_179,25.57,2.31,0.73,-0.33,-0.5,-0.68,0.15
A_OB_2.1999999999999997_1.0_180,24.98,2.31,0.73,-0.33,-0.5,-0.68,0.15
A_OB_2.1999999999999997_1.0_181,25.36,2.31,0.73,-0.33,-0.5,-0.68,0.15
A_OB_2.1999999999999997_1.0_182,24.87,2.31,0.73,-0.33,-0.5,-0.68,0.15
A_OB_2.1999999999999997_1.0_183,24.0,2.31,0.73,-0.33,-0.5,-0.68,0.15
A_OB_2.1999999999999997_1.0_184,24.61,2.31,0.73,-0.33,-0.5,-0.68,0.15
A_OB_2.1999999999999997_1.0_185,25.06,2.31,0.73,-0.33,-0.5,-0.68,0.15
A_OB_2.1999999999999997_1.0_186,25.55,2.31,0.73,-0.33,-0.5,-0.68,0.15
A_OB_2.1999999999999997_1.0_187,25.22,2.31,0.73,-0.33,-0.5,-0.68,0.15
A_OB_2.1999999999999997_1.0_188,25.46,2.31,0.73,-0.33,-0.5,-0.68,0.15
A_OB_2.1999999999999997_1.0_189,25.02,2.31,0.73,-0.33,-0.5,-0.68,0.15
A_OB_2.1999999999999997_1.0_190,25.25,2.31,0.73,-0.33,-0.5,-0.68,0.15
A_OB_2.1999999999999997_1.0_191,25.03,2.31,0.73,-0.33,-0.5,-0.68,0.15
A_OB_2.1999999999999997_1.0_192,25.24,2.31,0.73,-0.33,-0.5,-0.68,0.15
A_OB_2.1999999999999997_1.0_193,25.33,2.31,0.73,-0.33,-0.5,-0.68,0.15
A_OB_2.1999999999999997_1.0_194,24.98,2.31,0.73,-0.33,-0.5,-0.68,0.15
A_OB_2.1999999999999997_1.0_195,25.52,2.31,0.73,-0.33,-0.5,-0.68,0.15
A_OB_2.1999999999999997_1.0_196,24.94,2.31,0.73,-0.33,-0.5,-0.68,0.15
A_OB_2.1999999999999997_1.0_197,24.15,2.31,0.73,-0.33,-0.5,-0.68,0.15
A_OB_2.1999999999999997_1.0_198,24.57,2.31,0.73,-0.33,-0.5,-0.68,0.15
A_OB_2.1999999999999997_1.0_199,24.47,2.31,0.73,-0.33,-0.5,-0.68,0.15
A_OB_2.1999999999999997_1.0_200,24.68,2.31,0.73,-0.33,-0.5,-0.68,0.15
A_OB_2.1999999999999997_1.0_201,23.55,2.31,0.73,-0.33,-0.5,-0.68,0.15
A_OB_2.1999999999999997_1.0_202,25.58,2.31,0.73,-0.33,-0.5,-0.68,0.15
A_OB_2.1999999999999997_1.0_203,24.22,2.31,0.73,-0.33,-0.5,-0.68,0.15
A_OB_2.1999999999999997_1.0_204,23.61,2.31,0.73,-0.33,-0.5,-0.68,0.15
A_OB_2.1999999999999997_1.0_205,24.1,2.31,0.73,-0.33,-0.5,-0.68,0.15
A_OB_2.1999999999999997_1.0_206,21.77,2.31,0.73,-0.33,-0.5,-0.68,0.15
A_OB_2.1999999999999997_1.0_207,23.96,2.31,0.73,-0.33,-0.5,-0.68,0.15
A_OB_2.1999999999999997_1.0_208,24.51,2.31,0.73,-0.33,-0.5,-0.68,0.15
A_OB_2.1999999999999997_1.0_209,25.61,2.31,0.73,-0.33,-0.5,-0.68,0.15
A_OB_2.1999999999999997_1.0_210,24.34,2.31,0.73,-0.33,-0.5,-0.68,0.15
A_OB_2.1999999999999997_1.0_211,24.61,2.31,0.73,-0.33,-0.5,-0.68,0.15
A_OB_2.1999999999999997_1.0_212,21.38,2.31,0.73,-0.33,-0.5,-0.68,0.15
A_OB_2.1999999999999997_1.0_213,22.44,2.31,0.73,-0.33,-0.5,-0.68,0.15
A_OB_2.1999999999999997_1.0_214,24.36,2.31,0.73,-0.33,-0.5,-0.68,0.15
A_OB_2.1999999999999997_1.0_215,25.61,2.31,0.73,-0.33,-0.5,-0.68,0.15
A_OB_2.1999999999999997_1.0_216,24.97,2.31,0.73,-0.33,-0.5,-0.68,0.15
A_OB_2.1999999999999997_1.0_217,25.08,2.31,0.73,-0.33,-0.5,-0.68,0.15
A_OB_2.1999999999999997_1.0_218,24.94,2.31,0.73,-0.33,-0.5,-0.68,0.15
A_OB_2.1999999999999997_1.0_219,25.35,2.31,0.73,-0.33,-0.5,-0.68,0.15
A_OB_2.1999999999999997_1.0_220,25.2,2.31,0.73,-0.33,-0.5,-0.68,0.15
A_OB_2.1999999999999997_1.0_221,24.37,2.31,0.73,-0.33,-0.5,-0.68,0.15
A_OB_2.1999999999999997_1.0_222,24.05,2.31,0.73,-0.33,-0.5,-0.68,0.15
A_OB_2.1999999999999997_1.0_223,25.51,2.31,0.73,-0.33,-0.5,-0.68,0.15
A_OB_2.1999999999999997_1.0_224,25.15,2.31,0.73,-0.33,-0.5,-0.68,0.15
A_OB_2.1999999999999997_1.0_225,25.45,2.31,0.73,-0.33,-0.5,-0.68,0.15
A_OB_2.1999999999999997_1.0_226,25.13,2.31,0.73,-0.33,-0.5,-0.68,0.15
A_OB_2.1999999999999997_1.0_227,23.66,2.31,0.73,-0.33,-0.5,-0.68,0.15
A_OB_2.1999999999999997_1.0_228,25.56,2.31,0.73,-0.33,-0.5,-0.68,0.15
A_OB_2.1999999999999997_1.0_229,25.23,2.31,0.73,-0.33,-0.5,-0.68,0.15
A_OB_2.1999999999999997_1.0_230,24.12,2.31,0.73,-0.33,-0.5,-0.68,0.15
A_OB_2.1999999999999997_1.0_231,24.73,2.31,0.73,-0.33,-0.5,-0.68,0.15
A_OB_2.1999999999999997_1.0_232,24.59,2.31,0.73,-0.33,-0.5,-0.68,0.15
A_OB_2.1999999999999997_1.0_233,25.06,2.31,0.73,-0.33,-0.5,-0.68,0.15
A_OB_2.1999999999999997_1.0_234,24.74,2.31,0.73,-0.33,-0.5,-0.68,0.15
A_OB_2.1999999999999997_1.0_235,21.44,2.31,0.73,-0.33,-0.5,-0.68,0.15
A_OB_2.1999999999999997_1.0_236,25.06,2.31,0.73,-0.33,-0.5,-0.68,0.15
A_OB_2.1999999999999997_1.0_237,23.84,2.31,0.73,-0.33,-0.5,-0.68,0.15
A_OB_2.1999999999999997_1.0_238,23.25,2.31,0.73,-0.33,-0.5,-0.68,0.15
A_OB_2.1999999999999997_1.0_239,25.3,2.31,0.73,-0.33,-0.5,-0.68,0.15
A_OB_2.1999999999999997_1.0_240,25.24,2.31,0.73,-0.33,-0.5,-0.68,0.15
A_OB_2.1999999999999997_1.0_241,25.13,2.31,0.73,-0.33,-0.5,-0.68,0.15
A_OB_2.1999999999999997_1.0_242,24.86,2.31,0.73,-0.33,-0.5,-0.68,0.15
A_OB_2.1999999999999997_1.0_243,24.86,2.31,0.73,-0.33,-0.5,-0.68,0.15
A_OB_2.1999999999999997_1.0_244,24.3,2.31,0.73,-0.33,-0.5,-0.68,0.15
A_OB_2.1999999999999997_1.0_245,22.03,2.31,0.73,-0.33,-0.5,-0.68,0.15
A_OB_2.1999999999999997_1.0_246,25.19,2.31,0.73,-0.33,-0.5,-0.68,0.15
A_OB_2.1999999999999997_1.0_247,24.52,2.31,0.73,-0.33,-0.5,-0.68,0.15
A_OB_2.1999999999999997_1.0_248,24.07,2.31,0.73,-0.33,-0.5,-0.68,0.15
A_OB_2.1999999999999997_1.0_249,25.23,2.31,0.73,-0.33,-0.5,-0.68,0.15
A_OB_2.1999999999999997_1.0_250,23.16,2.31,0.73,-0.33,-0.5,-0.68,0.15
A_OB_2.1999999999999997_1.0_251,24.77,2.31,0.73,-0.33,-0.5,-0.68,0.15
A_OB_2.1999999999999997_1.0_252,24.33,2.31,0.73,-0.33,-0.5,-0.68,0.15
A_OB_2.1999999999999997_1.0_253,23.13,2.31,0.73,-0.33,-0.5,-0.68,0.15
A_OB_2.1999999999999997_1.0_254,24.77,2.31,0.73,-0.33,-0.5,-0.68,0.15
A_OB_2.1999999999999997_1.0_255,22.15,2.31,0.73,-0.33,-0.5,-0.68,0.15
A_OB_2.1999999999999997_1.0_256,25.11,2.31,0.73,-0.33,-0.5,-0.68,0.15
A_OB_2.1999999999999997_1.0_257,25.3,2.31,0.73,-0.33,-0.5,-0.68,0.15
A_OB_2.1999999999999997_1.0_258,25.06,2.31,0.73,-0.33,-0.5,-0.68,0.15
A_OB_2.1999999999999997_1.0_259,25.55,2.31,0.73,-0.33,-0.5,-0.68,0.15
A_OB_2.1999999999999997_1.0_260,25.54,2.31,0.73,-0.33,-0.5,-0.68,0.15
A_OB_2.1999999999999997_1.0_261,24.74,2.31,0.73,-0.33,-0.5,-0.68,0.15
A_OB_2.1999999999999997_1.0_262,24.36,2.31,0.73,-0.33,-0.5,-0.68,0.15
A_OB_2.1999999999999997_1.0_263,23.77,2.31,0.73,-0.33,-0.5,-0.68,0.15
A_OB_2.1999999999999997_1.0_264,24.81,2.31,0.73,-0.33,-0.5,-0.68,0.15
A_OB_2.1999999999999997_1.0_265,23.79,2.31,0.73,-0.33,-0.5,-0.68,0.15
A_OB_2.1999999999999997_1.0_266,24.21,2.31,0.73,-0.33,-0.5,-0.68,0.15
A_OB_2.1999999999999997_1.0_267,21.9,2.31,0.73,-0.33,-0.5,-0.68,0.15
A_OB_2.1999999999999997_1.0_268,24.79,2.31,0.73,-0.33,-0.5,-0.68,0.15
A_OB_2.1999999999999997_1.0_269,24.45,2.31,0.73,-0.33,-0.5,-0.68,0.15
A_OB_2.1999999999999997_1.0_270,25.46,2.31,0.73,-0.33,-0.5,-0.68,0.15
A_OB_2.1999999999999997_1.0_271,24.82,2.31,0.73,-0.33,-0.5,-0.68,0.15
A_OB_2.1999999999999997_1.0_272,24.32,2.31,0.73,-0.33,-0.5,-0.68,0.15
A_OB_2.1999999999999997_1.0_273,21.57,2.31,0.73,-0.33,-0.5,-0.68,0.15
A_OB_2.1999999999999997_1.0_274,25.49,2.31,0.73,-0.33,-0.5,-0.68,0.15
A_OB_2.1999999999999997_1.0_275,25.39,2.31,0.73,-0.33,-0.5,-0.68,0.15
A_OB_2.1999999999999997_1.0_276,25.21,2.31,0.73,-0.33,-0.5,-0.68,0.15
A_OB_2.1999999999999997_1.0_277,25.23,2.31,0.73,-0.33,-0.5,-0.68,0.15
A_OB_2.1999999999999997_1.0_278,25.59,2.31,0.73,-0.33,-0.5,-0.68,0.15
A_OB_2.1999999999999997_1.0_279,25.5,2.31,0.73,-0.33,-0.5,-0.68,0.15
A_OB_2.1999999999999997_1.0_280,25.3,2.31,0.73,-0.33,-0.5,-0.68,0.15
A_OB_2.1999999999999997_1.0_281,24.59,2.31,0.73,-0.33,-0.5,-0.68,0.15
A_OB_2.1999999999999997_1.0_282,25.59,2.31,0.73,-0.33,-0.5,-0.68,0.15
A_OB_2.1999999999999997_1.0_283,24.3,2.31,0.73,-0.33,-0.5,-0.68,0.15
A_OB_2.1999999999999997_1.0_284,25.44,2.31,0.73,-0.33,-0.5,-0.68,0.15
A_OB_2.1999999999999997_1.0_285,25.26,2.31,0.73,-0.33,-0.5,-0.68,0.15
A_OB_2.1999999999999997_1.0_286,25.03,2.31,0.73,-0.33,-0.5,-0.68,0.15
A_OB_2.1999999999999997_1.0_287,24.92,2.31,0.73,-0.33,-0.5,-0.68,0.15
A_OB_2.1999999999999997_1.0_288,24.35,2.31,0.73,-0.33,-0.5,-0.68,0.15
A_OB_2.1999999999999997_1.0_289,25.61,2.31,0.73,-0.33,-0.5,-0.68,0.15
A_OB_2.1999999999999997_1.0_290,23.36,2.31,0.73,-0.33,-0.5,-0.68,0.15
A_OB_2.1999999999999997_1.0_291,25.53,2.31,0.73,-0.33,-0.5,-0.68,0.15
A_OB_2.1999999999999997_1.0_292,25.28,2.31,0.73,-0.33,-0.5,-0.68,0.15
A_OB_2.1999999999999997_1.0_293,25.58,2.31,0.73,-0.33,-0.5,-0.68,0.15
A_OB_2.1999999999999997_1.0_294,25.49,2.31,0.73,-0.33,-0.5,-0.68,0.15
A_OB_2.1999999999999997_1.0_295,23.74,2.31,0.73,-0.33,-0.5,-0.68,0.15
A_OB_2.1999999999999997_1.0_296,23.57,2.31,0.73,-0.33,-0.5,-0.68,0.15
A_OB_2.1999999999999997_1.0_297,25.4,2.31,0.73,-0.33,-0.5,-0.68,0.15
A_OB_2.1999999999999997_1.0_298,22.35,2.31,0.73,-0.33,-0.5,-0.68,0.15
A_OB_2.1999999999999997_1.0_299,24.45,2.31,0.73,-0.33,-0.5,-0.68,0.15
A_OB_2.1999999999999997_1.0_300,25.22,2.31,0.73,-0.33,-0.5,-0.68,0.15
A_OB_2.1999999999999997_1.0_301,25.27,2.31,0.73,-0.33,-0.5,-0.68,0.15
A_OB_2.1999999999999997_1.0_302,23.8,2.31,0.73,-0.33,-0.5,-0.68,0.15
A_OB_2.1999999999999997_1.0_303,25.46,2.31,0.73,-0.33,-0.5,-0.68,0.15
A_OB_2.1999999999999997_1.0_304,25.53,2.31,0.73,-0.33,-0.5,-0.68,0.15
A_OB_2.1999999999999997_1.0_305,25.53,2.31,0.73,-0.33,-0.5,-0.68,0.15
A_OB_2.1999999999999997_1.0_306,21.87,2.31,0.73,-0.33,-0.5,-0.68,0.15
A_OB_2.1999999999999997_1.0_307,25.12,2.31,0.73,-0.33,-0.5,-0.68,0.15
A_OB_2.1999999999999997_1.0_308,24.73,2.31,0.73,-0.33,-0.5,-0.68,0.15
A_OB_2.1999999999999997_1.0_309,24.94,2.31,0.73,-0.33,-0.5,-0.68,0.15
A_OB_2.1999999999999997_1.0_310,24.96,2.31,0.73,-0.33,-0.5,-0.68,0.15
A_OB_2.1999999999999997_1.0_311,25.4,2.31,0.73,-0.33,-0.5,-0.68,0.15
A_OB_2.1999999999999997_1.0_312,25.37,2.31,0.73,-0.33,-0.5,-0.68,0.15
A_OB_2.1999999999999997_1.0_313,23.3,2.31,0.73,-0.33,-0.5,-0.68,0.15
A_OB_2.1999999999999997_1.0_314,22.88,2.31,0.73,-0.33,-0.5,-0.68,0.15
A_OB_2.1999999999999997_1.0_315,23.79,2.31,0.73,-0.33,-0.5,-0.68,0.15
A_OB_2.1999999999999997_1.0_316,23.99,2.31,0.73,-0.33,-0.5,-0.68,0.15
A_OB_2.1999999999999997_1.0_317,24.57,2.31,0.73,-0.33,-0.5,-0.68,0.15
A_OB_2.1999999999999997_1.0_318,22.78,2.31,0.73,-0.33,-0.5,-0.68,0.15
A_OB_2.1999999999999997_1.0_319,23.79,2.31,0.73,-0.33,-0.5,-0.68,0.15
A_OB_2.1999999999999997_1.0_320,25.29,2.31,0.73,-0.33,-0.5,-0.68,0.15
A_OB_2.1999999999999997_1.0_321,24.62,2.31,0.73,-0.33,-0.5,-0.68,0.15
A_OB_2.1999999999999997_1.0_322,24.83,2.31,0.73,-0.33,-0.5,-0.68,0.15
A_OB_2.1999999999999997_1.0_323,25.33,2.31,0.73,-0.33,-0.5,-0.68,0.15
A_OB_2.1999999999999997_1.0_324,24.36,2.31,0.73,-0.33,-0.5,-0.68,0.15
A_OB_2.1999999999999997_1.0_325,25.4,2.31,0.73,-0.33,-0.5,-0.68,0.15
A_OB_2.1999999999999997_1.0_326,23.13,2.31,0.73,-0.33,-0.5,-0.68,0.15
A_OB_2.1999999999999997_1.0_327,24.96,2.31,0.73,-0.33,-0.5,-0.68,0.15
A_OB_2.1999999999999997_1.0_328,25.24,2.31,0.73,-0.33,-0.5,-0.68,0.15
A_OB_2.1999999999999997_1.0_329,23.1,2.31,0.73,-0.33,-0.5,-0.68,0.15
A_OB_2.1999999999999997_1.0_330,23.29,2.31,0.73,-0.33,-0.5,-0.68,0.15
A_OB_2.1999999999999997_1.0_331,24.41,2.31,0.73,-0.33,-0.5,-0.68,0.15
A_OB_2.1999999999999997_1.0_332,23.35,2.31,0.73,-0.33,-0.5,-0.68,0.15
A_OB_2.1999999999999997_1.0_333,24.41,2.31,0.73,-0.33,-0.5,-0.68,0.15
A_OB_2.1999999999999997_1.0_334,20.02,2.31,0.73,-0.33,-0.5,-0.68,0.15
A_OB_2.1999999999999997_1.0_335,25.49,2.31,0.73,-0.33,-0.5,-0.68,0.15
A_OB_2.1999999999999997_1.0_336,25.18,2.31,0.73,-0.33,-0.5,-0.68,0.15
A_OB_2.1999999999999997_1.0_337,24.42,2.31,0.73,-0.33,-0.5,-0.68,0.15
A_OB_2.1999999999999997_1.0_338,24.3,2.31,0.73,-0.33,-0.5,-0.68,0.15
A_OB_2.1999999999999997_1.0_339,24.83,2.31,0.73,-0.33,-0.5,-0.68,0.15
A_OB_2.1999999999999997_1.0_340,25.42,2.31,0.73,-0.33,-0.5,-0.68,0.15
A_OB_2.1999999999999997_1.0_341,24.87,2.31,0.73,-0.33,-0.5,-0.68,0.15
A_OB_2.1999999999999997_1.0_342,25.11,2.31,0.73,-0.33,-0.5,-0.68,0.15
A_OB_2.1999999999999997_1.0_343,25.38,2.31,0.73,-0.33,-0.5,-0.68,0.15
A_OB_2.1999999999999997_1.0_344,24.82,2.31,0.73,-0.33,-0.5,-0.68,0.15
A_OB_2.1999999999999997_1.0_345,25.42,2.31,0.73,-0.33,-0.5,-0.68,0.15
A_OB_2.1999999999999997_1.0_346,25.55,2.31,0.73,-0.33,-0.5,-0.68,0.15
A_OB_2.1999999999999997_1.0_347,24.63,2.31,0.73,-0.33,-0.5,-0.68,0.15
A_OB_2.1999999999999997_1.0_348,25.05,2.31,0.73,-0.33,-0.5,-0.68,0.15
A_OB_2.1999999999999997_1.0_349,24.97,2.31,0.73,-0.33,-0.5,-0.68,0.15
A_OB_2.1999999999999997_1.0_350,24.54,2.31,0.73,-0.33,-0.5,-0.68,0.15
A_OB_2.1999999999999997_1.0_351,24.87,2.31,0.73,-0.33,-0.5,-0.68,0.15
A_OB_2.1999999999999997_1.0_352,24.15,2.31,0.73,-0.33,-0.5,-0.68,0.15
A_OB_2.1999999999999997_1.0_353,22.62,2.31,0.73,-0.33,-0.5,-0.68,0.15
A_OB_2.1999999999999997_1.0_354,25.46,2.31,0.73,-0.33,-0.5,-0.68,0.15
A_OB_2.1999999999999997_1.0_355,25.14,2.31,0.73,-0.33,-0.5,-0.68,0.15
A_OB_2.1999999999999997_1.0_356,25.32,2.31,0.73,-0.33,-0.5,-0.68,0.15
A_OB_2.1999999999999997_1.0_357,25.25,2.31,0.73,-0.33,-0.5,-0.68,0.15
A_OB_2.1999999999999997_1.0_358,24.66,2.31,0.73,-0.33,-0.5,-0.68,0.15
A_OB_2.1999999999999997_1.0_359,25.24,2.31,0.73,-0.33,-0.5,-0.68,0.15
A_OB_2.1999999999999997_1.0_360,23.23,2.31,0.73,-0.33,-0.5,-0.68,0.15
A_OB_2.1999999999999997_1.0_361,24.28,2.31,0.73,-0.33,-0.5,-0.68,0.15
A_OB_2.1999999999999997_1.0_362,24.41,2.31,0.73,-0.33,-0.5,-0.68,0.15
A_OB_2.1999999999999997_1.0_363,21.78,2.31,0.73,-0.33,-0.5,-0.68,0.15
A_OB_2.1999999999999997_1.0_364,25.01,2.31,0.73,-0.33,-0.5,-0.68,0.15
A_OB_2.1999999999999997_1.0_365,23.88,2.31,0.73,-0.33,-0.5,-0.68,0.15
A_OB_2.1999999999999997_1.0_366,23.91,2.31,0.73,-0.33,-0.5,-0.68,0.15
A_OB_2.1999999999999997_1.0_367,25.27,2.31,0.73,-0.33,-0.5,-0.68,0.15
A_OB_2.1999999999999997_1.0_368,24.92,2.31,0.73,-0.33,-0.5,-0.68,0.15
A_OB_2.1999999999999997_1.0_369,24.45,2.31,0.73,-0.33,-0.5,-0.68,0.15
A_OB_2.1999999999999997_1.0_370,22.59,2.31,0.73,-0.33,-0.5,-0.68,0.15
A_OB_2.1999999999999997_1.0_371,23.87,2.31,0.73,-0.33,-0.5,-0.68,0.15
A_OB_2.1999999999999997_1.0_372,21.68,2.31,0.73,-0.33,-0.5,-0.68,0.15
A_OB_2.1999999999999997_1.0_373,23.43,2.31,0.73,-0.33,-0.5,-0.68,0.15
A_OB_2.1999999999999997_1.0_374,23.09,2.31,0.73,-0.33,-0.5,-0.68,0.15
A_OB_2.1999999999999997_1.0_375,25.55,2.31,0.73,-0.33,-0.5,-0.68,0.15
A_OB_2.1999999999999997_1.0_376,25.36,2.31,0.73,-0.33,-0.5,-0.68,0.15
A_OB_2.1999999999999997_1.0_377,25.33,2.31,0.73,-0.33,-0.5,-0.68,0.15
A_OB_2.1999999999999997_1.0_378,23.78,2.31,0.73,-0.33,-0.5,-0.68,0.15
A_OB_2.1999999999999997_1.0_379,23.46,2.31,0.73,-0.33,-0.5,-0.68,0.15
A_OB_2.1999999999999997_1.0_380,25.53,2.31,0.73,-0.33,-0.5,-0.68,0.15
A_OB_2.1999999999999997_1.0_381,22.58,2.31,0.73,-0.33,-0.5,-0.68,0.15
A_OB_2.1999999999999997_1.0_382,25.03,2.31,0.73,-0.33,-0.5,-0.68,0.15
A_OB_2.1999999999999997_1.0_383,24.7,2.31,0.73,-0.33,-0.5,-0.68,0.15
A_OB_2.1999999999999997_1.0_384,25.62,2.31,0.73,-0.33,-0.5,-0.68,0.15
A_OB_2.1999999999999997_1.0_385,25.23,2.31,0.73,-0.33,-0.5,-0.68,0.15
A_OB_2.1999999999999997_1.0_386,22.38,2.31,0.73,-0.33,-0.5,-0.68,0.15
A_OB_2.1999999999999997_1.0_387,25.29,2.31,0.73,-0.33,-0.5,-0.68,0.15
A_OB_2.1999999999999997_1.0_388,24.43,2.31,0.73,-0.33,-0.5,-0.68,0.15
A_OB_2.1999999999999997_1.0_389,25.05,2.31,0.73,-0.33,-0.5,-0.68,0.15
A_OB_2.1999999999999997_1.0_390,24.96,2.31,0.73,-0.33,-0.5,-0.68,0.15
A_OB_2.1999999999999997_1.0_391,23.51,2.31,0.73,-0.33,-0.5,-0.68,0.15
A_OB_2.1999999999999997_1.0_392,25.28,2.31,0.73,-0.33,-0.5,-0.68,0.15
A_OB_2.1999999999999997_1.0_393,20.73,2.31,0.73,-0.33,-0.5,-0.68,0.15
A_OB_2.1999999999999997_1.0_394,24.47,2.31,0.73,-0.33,-0.5,-0.68,0.15
A_OB_2.1999999999999997_1.0_395,24.03,2.31,0.73,-0.33,-0.5,-0.68,0.15
A_OB_2.1999999999999997_1.0_396,23.38,2.31,0.73,-0.33,-0.5,-0.68,0.15
A_OB_2.1999999999999997_1.0_397,24.19,2.31,0.73,-0.33,-0.5,-0.68,0.15
A_OB_2.1999999999999997_1.0_398,24.4,2.31,0.73,-0.33,-0.5,-0.68,0.15
A_OB_2.1999999999999997_1.0_399,23.99,2.31,0.73,-0.33,-0.5,-0.68,0.15
A_OB_2.1999999999999997_1.0_400,24.93,2.31,0.73,-0.33,-0.5,-0.68,0.15
A_OB_2.1999999999999997_1.0_401,24.11,2.31,0.73,-0.33,-0.5,-0.68,0.15
A_OB_2.1999999999999997_1.0_402,24.57,2.31,0.73,-0.33,-0.5,-0.68,0.15
A_OB_2.1999999999999997_1.0_403,24.52,2.31,0.73,-0.33,-0.5,-0.68,0.15
A_OB_2.1999999999999997_1.0_404,24.67,2.31,0.73,-0.33,-0.5,-0.68,0.15
A_OB_2.1999999999999997_1.0_405,24.21,2.31,0.73,-0.33,-0.5,-0.68,0.15
A_OB_2.1999999999999997_1.0_406,25.36,2.31,0.73,-0.33,-0.5,-0.68,0.15
A_OB_2.1999999999999997_1.0_407,22.66,2.31,0.73,-0.33,-0.5,-0.68,0.15
A_OB_2.1999999999999997_1.0_408,24.72,2.31,0.73,-0.33,-0.5,-0.68,0.15
A_OB_2.1999999999999997_1.0_409,25.48,2.31,0.73,-0.33,-0.5,-0.68,0.15
A_OB_2.1999999999999997_1.0_410,25.29,2.31,0.73,-0.33,-0.5,-0.68,0.15
A_OB_2.1999999999999997_1.0_411,25.59,2.31,0.73,-0.33,-0.5,-0.68,0.15
A_OB_2.1999999999999997_1.0_412,23.84,2.31,0.73,-0.33,-0.5,-0.68,0.15
A_OB_2.1999999999999997_1.0_413,24.63,2.31,0.73,-0.33,-0.5,-0.68,0.15
A_OB_2.1999999999999997_1.0_414,22.94,2.31,0.73,-0.33,-0.5,-0.68,0.15
A_OB_2.1999999999999997_1.0_415,23.36,2.31,0.73,-0.33,-0.5,-0.68,0.15
A_OB_2.1999999999999997_1.0_416,24.82,2.31,0.73,-0.33,-0.5,-0.68,0.15
A_OB_2.1999999999999997_1.0_417,25.42,2.31,0.73,-0.33,-0.5,-0.68,0.15
A_OB_2.1999999999999997_1.0_418,23.53,2.31,0.73,-0.33,-0.5,-0.68,0.15
A_OB_2.1999999999999997_1.0_419,25.57,2.31,0.73,-0.33,-0.5,-0.68,0.15
A_OB_2.1999999999999997_1.0_420,25.47,2.31,0.73,-0.33,-0.5,-0.68,0.15
A_OB_2.1999999999999997_1.0_421,24.44,2.31,0.73,-0.33,-0.5,-0.68,0.15
A_OB_2.1999999999999997_1.0_422,25.37,2.31,0.73,-0.33,-0.5,-0.68,0.15
A_OB_2.1999999999999997_1.0_423,24.94,2.31,0.73,-0.33,-0.5,-0.68,0.15
A_OB_2.1999999999999997_1.0_424,25.05,2.31,0.73,-0.33,-0.5,-0.68,0.15
A_OB_2.1999999999999997_1.0_425,25.25,2.31,0.73,-0.33,-0.5,-0.68,0.15
A_OB_2.1999999999999997_1.0_426,23.78,2.31,0.73,-0.33,-0.5,-0.68,0.15
A_OB_2.1999999999999997_1.0_427,24.62,2.31,0.73,-0.33,-0.5,-0.68,0.15
A_OB_2.1999999999999997_1.0_428,25.1,2.31,0.73,-0.33,-0.5,-0.68,0.15
A_OB_2.1999999999999997_1.0_429,24.69,2.31,0.73,-0.33,-0.5,-0.68,0.15
A_OB_2.1999999999999997_1.0_430,25.54,2.31,0.73,-0.33,-0.5,-0.68,0.15
A_OB_2.1999999999999997_1.0_431,25.08,2.31,0.73,-0.33,-0.5,-0.68,0.15
A_OB_2.1999999999999997_1.0_432,24.41,2.31,0.73,-0.33,-0.5,-0.68,0.15
A_OB_2.1999999999999997_1.0_433,24.17,2.31,0.73,-0.33,-0.5,-0.68,0.15
A_OB_2.1999999999999997_1.0_434,24.29,2.31,0.73,-0.33,-0.5,-0.68,0.15
A_OB_2.1999999999999997_1.0_435,25.43,2.31,0.73,-0.33,-0.5,-0.68,0.15
A_OB_2.1999999999999997_1.0_436,23.18,2.31,0.73,-0.33,-0.5,-0.68,0.15
A_OB_2.1999999999999997_1.0_437,24.58,2.31,0.73,-0.33,-0.5,-0.68,0.15
A_OB_2.1999999999999997_1.0_438,24.28,2.31,0.73,-0.33,-0.5,-0.68,0.15
A_OB_2.1999999999999997_1.0_439,25.5,2.31,0.73,-0.33,-0.5,-0.68,0.15
A_OB_2.1999999999999997_1.0_440,25.35,2.31,0.73,-0.33,-0.5,-0.68,0.15
A_OB_2.1999999999999997_1.0_441,24.67,2.31,0.73,-0.33,-0.5,-0.68,0.15
A_OB_2.1999999999999997_1.0_442,25.4,2.31,0.73,-0.33,-0.5,-0.68,0.15
A_OB_2.1999999999999997_1.0_443,24.47,2.31,0.73,-0.33,-0.5,-0.68,0.15
A_OB_2.1999999999999997_1.0_444,22.44,2.31,0.73,-0.33,-0.5,-0.68,0.15
A_OB_2.1999999999999997_1.0_445,25.58,2.31,0.73,-0.33,-0.5,-0.68,0.15
A_OB_2.1999999999999997_1.0_446,24.63,2.31,0.73,-0.33,-0.5,-0.68,0.15
A_OB_2.1999999999999997_1.0_447,25.36,2.31,0.73,-0.33,-0.5,-0.68,0.15
A_OB_2.1999999999999997_1.0_448,25.59,2.31,0.73,-0.33,-0.5,-0.68,0.15
A_OB_2.1999999999999997_1.0_449,25.58,2.31,0.73,-0.33,-0.5,-0.68,0.15
A_OB_2.1999999999999997_1.0_450,22.25,2.31,0.73,-0.33,-0.5,-0.68,0.15
A_OB_2.1999999999999997_1.0_451,20.99,2.31,0.73,-0.33,-0.5,-0.68,0.15
A_OB_2.1999999999999997_1.0_452,25.5,2.31,0.73,-0.33,-0.5,-0.68,0.15
A_OB_2.1999999999999997_1.0_453,25.23,2.31,0.73,-0.33,-0.5,-0.68,0.15
A_OB_2.1999999999999997_1.0_454,24.99,2.31,0.73,-0.33,-0.5,-0.68,0.15
A_OB_2.1999999999999997_1.0_455,24.45,2.31,0.73,-0.33,-0.5,-0.68,0.15
A_OB_2.1999999999999997_1.0_456,24.43,2.31,0.73,-0.33,-0.5,-0.68,0.15
A_OB_2.1999999999999997_1.0_457,24.26,2.31,0.73,-0.33,-0.5,-0.68,0.15
A_OB_2.1999999999999997_1.0_458,24.59,2.31,0.73,-0.33,-0.5,-0.68,0.15
A_OB_2.1999999999999997_1.0_459,25.27,2.31,0.73,-0.33,-0.5,-0.68,0.15
A_OB_2.1999999999999997_1.0_460,23.47,2.31,0.73,-0.33,-0.5,-0.68,0.15
A_OB_2.1999999999999997_1.0_461,24.91,2.31,0.73,-0.33,-0.5,-0.68,0.15
A_OB_2.1999999999999997_1.0_462,22.43,2.31,0.73,-0.33,-0.5,-0.68,0.15
A_OB_2.1999999999999997_1.0_463,24.36,2.31,0.73,-0.33,-0.5,-0.68,0.15
A_OB_2.1999999999999997_1.0_464,24.28,2.31,0.73,-0.33,-0.5,-0.68,0.15
A_OB_2.1999999999999997_1.0_465,23.49,2.31,0.73,-0.33,-0.5,-0.68,0.15
A_OB_2.1999999999999997_1.0_466,24.72,2.31,0.73,-0.33,-0.5,-0.68,0.15
A_OB_2.1999999999999997_1.0_467,25.33,2.31,0.73,-0.33,-0.5,-0.68,0.15
A_OB_2.1999999999999997_1.0_468,24.53,2.31,0.73,-0.33,-0.5,-0.68,0.15
A_OB_2.1999999999999997_1.0_469,21.67,2.31,0.73,-0.33,-0.5,-0.68,0.15
A_OB_2.1999999999999997_1.0_470,25.22,2.31,0.73,-0.33,-0.5,-0.68,0.15
A_OB_2.1999999999999997_1.0_471,24.19,2.31,0.73,-0.33,-0.5,-0.68,0.15
A_OB_2.1999999999999997_1.0_472,23.43,2.31,0.73,-0.33,-0.5,-0.68,0.15
A_OB_2.1999999999999997_1.0_473,24.46,2.31,0.73,-0.33,-0.5,-0.68,0.15
A_OB_2.1999999999999997_1.0_474,24.96,2.31,0.73,-0.33,-0.5,-0.68,0.15
A_OB_2.1999999999999997_1.0_475,25.62,2.31,0.73,-0.33,-0.5,-0.68,0.15
A_OB_2.1999999999999997_1.0_476,25.53,2.31,0.73,-0.33,-0.5,-0.68,0.15
A_OB_2.1999999999999997_1.0_477,25.25,2.31,0.73,-0.33,-0.5,-0.68,0.15
A_OB_2.1999999999999997_1.0_478,25.22,2.31,0.73,-0.33,-0.5,-0.68,0.15
A_OB_2.1999999999999997_1.0_479,24.85,2.31,0.73,-0.33,-0.5,-0.68,0.15
A_OB_2.1999999999999997_1.0_480,14.46,2.31,0.73,-0.33,-0.5,-0.68,0.15
A_OB_2.1999999999999997_1.0_481,24.93,2.31,0.73,-0.33,-0.5,-0.68,0.15
A_OB_2.1999999999999997_1.0_482,25.05,2.31,0.73,-0.33,-0.5,-0.68,0.15
A_OB_2.1999999999999997_1.0_483,25.06,2.31,0.73,-0.33,-0.5,-0.68,0.15
A_OB_2.1999999999999997_1.0_484,24.46,2.31,0.73,-0.33,-0.5,-0.68,0.15
A_OB_2.1999999999999997_1.0_485,25.17,2.31,0.73,-0.33,-0.5,-0.68,0.15
A_OB_2.1999999999999997_1.0_486,24.7,2.31,0.73,-0.33,-0.5,-0.68,0.15
A_OB_2.1999999999999997_1.0_487,22.97,2.31,0.73,-0.33,-0.5,-0.68,0.15
A_OB_2.1999999999999997_1.0_488,25.62,2.31,0.73,-0.33,-0.5,-0.68,0.15
A_OB_2.1999999999999997_1.0_489,24.33,2.31,0.73,-0.33,-0.5,-0.68,0.15
A_OB_2.1999999999999997_1.0_490,25.61,2.31,0.73,-0.33,-0.5,-0.68,0.15
A_OB_2.1999999999999997_1.0_491,25.0,2.31,0.73,-0.33,-0.5,-0.68,0.15
A_OB_2.1999999999999997_1.0_492,22.71,2.31,0.73,-0.33,-0.5,-0.68,0.15
A_OB_2.1999999999999997_1.0_493,24.67,2.31,0.73,-0.33,-0.5,-0.68,0.15
A_OB_2.1999999999999997_1.0_494,23.32,2.31,0.73,-0.33,-0.5,-0.68,0.15
A_OB_2.1999999999999997_1.0_495,25.41,2.31,0.73,-0.33,-0.5,-0.68,0.15
A_OB_2.1999999999999997_1.0_496,25.34,2.31,0.73,-0.33,-0.5,-0.68,0.15
A_OB_2.1999999999999997_1.0_497,25.21,2.31,0.73,-0.33,-0.5,-0.68,0.15
A_OB_2.1999999999999997_1.0_498,24.07,2.31,0.73,-0.33,-0.5,-0.68,0.15
A_OB_2.1999999999999997_1.0_499,23.44,2.31,0.73,-0.33,-0.5,-0.68,0.15
A_OB_2.1999999999999997_1.0_500,25.53,2.31,0.73,-0.33,-0.5,-0.68,0.15
A_OB_2.1999999999999997_1.0_501,25.0,2.31,0.73,-0.33,-0.5,-0.68,0.15
A_OB_2.1999999999999997_1.0_502,25.15,2.31,0.73,-0.33,-0.5,-0.68,0.15
A_OB_2.1999999999999997_1.0_503,25.29,2.31,0.73,-0.33,-0.5,-0.68,0.15
A_OB_2.1999999999999997_1.0_504,21.97,2.31,0.73,-0.33,-0.5,-0.68,0.15
A_OB_2.1999999999999997_1.0_505,25.53,2.31,0.73,-0.33,-0.5,-0.68,0.15
A_OB_2.1999999999999997_1.0_506,24.6,2.31,0.73,-0.33,-0.5,-0.68,0.15
A_OB_2.1999999999999997_1.0_507,22.27,2.31,0.73,-0.33,-0.5,-0.68,0.15
A_OB_2.1999999999999997_1.0_508,23.53,2.31,0.73,-0.33,-0.5,-0.68,0.15
A_OB_2.1999999999999997_1.0_509,25.0,2.31,0.73,-0.33,-0.5,-0.68,0.15
A_OB_2.1999999999999997_1.0_510,25.04,2.31,0.73,-0.33,-0.5,-0.68,0.15
A_OB_2.1999999999999997_1.0_511,24.9,2.31,0.73,-0.33,-0.5,-0.68,0.15
A_OB_2.1999999999999997_1.0_512,23.56,2.31,0.73,-0.33,-0.5,-0.68,0.15
A_OB_2.1999999999999997_1.0_513,25.39,2.31,0.73,-0.33,-0.5,-0.68,0.15
A_OB_2.1999999999999997_1.0_514,25.53,2.31,0.73,-0.33,-0.5,-0.68,0.15
A_OB_2.1999999999999997_1.0_515,24.41,2.31,0.73,-0.33,-0.5,-0.68,0.15
A_OB_2.1999999999999997_1.0_516,24.66,2.31,0.73,-0.33,-0.5,-0.68,0.15
A_OB_2.1999999999999997_1.0_517,25.5,2.31,0.73,-0.33,-0.5,-0.68,0.15
A_OB_2.1999999999999997_1.0_518,25.37,2.31,0.73,-0.33,-0.5,-0.68,0.15
A_OB_2.1999999999999997_1.0_519,19.64,2.31,0.73,-0.33,-0.5,-0.68,0.15
A_OB_2.1999999999999997_1.0_520,22.88,2.31,0.73,-0.33,-0.5,-0.68,0.15
A_OB_2.1999999999999997_1.0_521,24.24,2.31,0.73,-0.33,-0.5,-0.68,0.15
A_OB_2.1999999999999997_1.0_522,25.53,2.31,0.73,-0.33,-0.5,-0.68,0.15
A_OB_2.1999999999999997_1.0_523,24.23,2.31,0.73,-0.33,-0.5,-0.68,0.15
A_OB_2.1999999999999997_1.0_524,22.28,2.31,0.73,-0.33,-0.5,-0.68,0.15
A_OB_2.1999999999999997_1.0_525,24.55,2.31,0.73,-0.33,-0.5,-0.68,0.15
A_OB_2.1999999999999997_1.0_526,23.53,2.31,0.73,-0.33,-0.5,-0.68,0.15
A_OB_2.1999999999999997_1.0_527,25.51,2.31,0.73,-0.33,-0.5,-0.68,0.15
A_OB_2.1999999999999997_1.0_528,22.79,2.31,0.73,-0.33,-0.5,-0.68,0.15
A_OB_2.1999999999999997_1.0_529,24.0,2.31,0.73,-0.33,-0.5,-0.68,0.15
A_OB_2.1999999999999997_1.0_530,25.16,2.31,0.73,-0.33,-0.5,-0.68,0.15
A_OB_2.1999999999999997_1.0_531,24.43,2.31,0.73,-0.33,-0.5,-0.68,0.15
A_OB_2.1999999999999997_1.0_532,23.88,2.31,0.73,-0.33,-0.5,-0.68,0.15
A_OB_2.1999999999999997_1.0_533,25.06,2.31,0.73,-0.33,-0.5,-0.68,0.15
A_OB_2.1999999999999997_1.0_534,24.6,2.31,0.73,-0.33,-0.5,-0.68,0.15
A_OB_2.1999999999999997_1.0_535,24.53,2.31,0.73,-0.33,-0.5,-0.68,0.15
A_OB_2.1999999999999997_1.0_536,24.27,2.31,0.73,-0.33,-0.5,-0.68,0.15
A_OB_2.1999999999999997_1.0_537,21.98,2.31,0.73,-0.33,-0.5,-0.68,0.15
A_OB_2.1999999999999997_1.0_538,24.04,2.31,0.73,-0.33,-0.5,-0.68,0.15
A_OB_2.1999999999999997_1.0_539,25.46,2.31,0.73,-0.33,-0.5,-0.68,0.15
A_OB_2.1999999999999997_1.0_540,25.37,2.31,0.73,-0.33,-0.5,-0.68,0.15
A_OB_2.1999999999999997_1.0_541,24.88,2.31,0.73,-0.33,-0.5,-0.68,0.15
A_OB_2.1999999999999997_1.0_542,24.05,2.31,0.73,-0.33,-0.5,-0.68,0.15
A_OB_2.1999999999999997_1.0_543,24.82,2.31,0.73,-0.33,-0.5,-0.68,0.15
A_OB_2.1999999999999997_1.0_544,23.12,2.31,0.73,-0.33,-0.5,-0.68,0.15
A_OB_2.1999999999999997_1.0_545,25.62,2.31,0.73,-0.33,-0.5,-0.68,0.15
A_OB_2.1999999999999997_1.0_546,24.48,2.31,0.73,-0.33,-0.5,-0.68,0.15
A_OB_2.1999999999999997_1.0_547,25.5,2.31,0.73,-0.33,-0.5,-0.68,0.15
A_OB_2.1999999999999997_1.0_548,25.62,2.31,0.73,-0.33,-0.5,-0.68,0.15
A_OB_2.1999999999999997_1.0_549,25.4,2.31,0.73,-0.33,-0.5,-0.68,0.15
A_OB_2.1999999999999997_1.0_550,23.53,2.31,0.73,-0.33,-0.5,-0.68,0.15
A_OB_2.1999999999999997_1.0_551,25.24,2.31,0.73,-0.33,-0.5,-0.68,0.15
A_OB_2.1999999999999997_1.0_552,24.62,2.31,0.73,-0.33,-0.5,-0.68,0.15
A_OB_2.1999999999999997_1.0_553,23.66,2.31,0.73,-0.33,-0.5,-0.68,0.15
A_OB_2.1999999999999997_1.0_554,25.29,2.31,0.73,-0.33,-0.5,-0.68,0.15
A_OB_2.1999999999999997_1.0_555,24.81,2.31,0.73,-0.33,-0.5,-0.68,0.15
A_OB_2.1999999999999997_1.0_556,25.45,2.31,0.73,-0.33,-0.5,-0.68,0.15
A_OB_2.1999999999999997_1.0_557,23.25,2.31,0.73,-0.33,-0.5,-0.68,0.15
A_OB_2.1999999999999997_1.0_558,24.37,2.31,0.73,-0.33,-0.5,-0.68,0.15
A_OB_2.1999999999999997_1.0_559,24.43,2.31,0.73,-0.33,-0.5,-0.68,0.15
A_OB_2.1999999999999997_1.0_560,25.16,2.31,0.73,-0.33,-0.5,-0.68,0.15
A_OB_2.1999999999999997_1.0_561,23.84,2.31,0.73,-0.33,-0.5,-0.68,0.15
A_OB_2.1999999999999997_1.0_562,25.15,2.31,0.73,-0.33,-0.5,-0.68,0.15
A_OB_2.1999999999999997_1.0_563,22.57,2.31,0.73,-0.33,-0.5,-0.68,0.15
A_OB_2.1999999999999997_1.0_564,24.95,2.31,0.73,-0.33,-0.5,-0.68,0.15
A_OB_2.1999999999999997_1.0_565,23.91,2.31,0.73,-0.33,-0.5,-0.68,0.15
A_OB_2.1999999999999997_1.0_566,25.37,2.31,0.73,-0.33,-0.5,-0.68,0.15
A_OB_2.1999999999999997_1.0_567,24.31,2.31,0.73,-0.33,-0.5,-0.68,0.15
A_OB_2.1999999999999997_1.0_568,21.39,2.31,0.73,-0.33,-0.5,-0.68,0.15
A_OB_2.1999999999999997_1.0_569,25.13,2.31,0.73,-0.33,-0.5,-0.68,0.15
A_OB_2.1999999999999997_1.0_570,25.21,2.31,0.73,-0.33,-0.5,-0.68,0.15
A_OB_2.1999999999999997_1.0_571,25.23,2.31,0.73,-0.33,-0.5,-0.68,0.15
A_OB_2.1999999999999997_1.0_572,23.96,2.31,0.73,-0.33,-0.5,-0.68,0.15
A_OB_2.1999999999999997_1.0_573,24.7,2.31,0.73,-0.33,-0.5,-0.68,0.15
A_OB_2.1999999999999997_1.0_574,25.36,2.31,0.73,-0.33,-0.5,-0.68,0.15
A_OB_2.1999999999999997_1.0_575,25.6,2.31,0.73,-0.33,-0.5,-0.68,0.15
A_OB_2.1999999999999997_1.0_576,22.55,2.31,0.73,-0.33,-0.5,-0.68,0.15
A_OB_2.1999999999999997_1.0_577,25.37,2.31,0.73,-0.33,-0.5,-0.68,0.15
A_OB_2.1999999999999997_1.0_578,25.14,2.31,0.73,-0.33,-0.5,-0.68,0.15
A_OB_2.1999999999999997_1.0_579,25.13,2.31,0.73,-0.33,-0.5,-0.68,0.15
A_OB_2.1999999999999997_1.0_580,21.81,2.31,0.73,-0.33,-0.5,-0.68,0.15
A_OB_2.1999999999999997_1.0_581,25.46,2.31,0.73,-0.33,-0.5,-0.68,0.15
A_OB_2.1999999999999997_1.0_582,24.91,2.31,0.73,-0.33,-0.5,-0.68,0.15
A_OB_2.1999999999999997_1.0_583,23.45,2.31,0.73,-0.33,-0.5,-0.68,0.15
A_OB_2.1999999999999997_1.0_584,25.61,2.31,0.73,-0.33,-0.5,-0.68,0.15
A_OB_2.1999999999999997_1.0_585,25.54,2.31,0.73,-0.33,-0.5,-0.68,0.15
A_OB_2.1999999999999997_1.0_586,25.29,2.31,0.73,-0.33,-0.5,-0.68,0.15
A_OB_2.1999999999999997_1.0_587,24.15,2.31,0.73,-0.33,-0.5,-0.68,0.15
A_OB_2.1999999999999997_1.0_588,24.99,2.31,0.73,-0.33,-0.5,-0.68,0.15
A_OB_2.1999999999999997_1.0_589,23.82,2.31,0.73,-0.33,-0.5,-0.68,0.15
A_OB_2.1999999999999997_1.0_590,24.81,2.31,0.73,-0.33,-0.5,-0.68,0.15
A_OB_2.1999999999999997_1.0_591,24.89,2.31,0.73,-0.33,-0.5,-0.68,0.15
A_OB_2.1999999999999997_1.0_592,23.82,2.31,0.73,-0.33,-0.5,-0.68,0.15
A_OB_2.1999999999999997_1.0_593,25.35,2.31,0.73,-0.33,-0.5,-0.68,0.15
A_OB_2.1999999999999997_1.0_594,22.76,2.31,0.73,-0.33,-0.5,-0.68,0.15
A_OB_2.1999999999999997_1.0_595,24.94,2.31,0.73,-0.33,-0.5,-0.68,0.15
A_OB_2.1999999999999997_1.0_596,25.21,2.31,0.73,-0.33,-0.5,-0.68,0.15
A_OB_2.1999999999999997_1.0_597,24.43,2.31,0.73,-0.33,-0.5,-0.68,0.15
A_OB_2.1999999999999997_1.0_598,25.43,2.31,0.73,-0.33,-0.5,-0.68,0.15
A_OB_2.1999999999999997_1.0_599,24.81,2.31,0.73,-0.33,-0.5,-0.68,0.15
A_OB_2.1999999999999997_1.0_600,25.42,2.31,0.73,-0.33,-0.5,-0.68,0.15
A_OB_2.1999999999999997_1.0_601,24.84,2.31,0.73,-0.33,-0.5,-0.68,0.15
A_OB_2.1999999999999997_1.0_602,23.21,2.31,0.73,-0.33,-0.5,-0.68,0.15
A_OB_2.1999999999999997_1.0_603,25.43,2.31,0.73,-0.33,-0.5,-0.68,0.15
A_OB_2.1999999999999997_1.0_604,24.99,2.31,0.73,-0.33,-0.5,-0.68,0.15
A_OB_2.1999999999999997_1.0_605,22.16,2.31,0.73,-0.33,-0.5,-0.68,0.15
A_OB_2.1999999999999997_1.0_606,24.2,2.31,0.73,-0.33,-0.5,-0.68,0.15
A_OB_2.1999999999999997_1.0_607,24.27,2.31,0.73,-0.33,-0.5,-0.68,0.15
A_OB_2.1999999999999997_1.0_608,25.52,2.31,0.73,-0.33,-0.5,-0.68,0.15
A_OB_2.1999999999999997_1.0_609,25.34,2.31,0.73,-0.33,-0.5,-0.68,0.15
A_OB_2.1999999999999997_1.0_610,23.47,2.31,0.73,-0.33,-0.5,-0.68,0.15
A_OB_2.1999999999999997_1.0_611,23.38,2.31,0.73,-0.33,-0.5,-0.68,0.15
A_OB_2.1999999999999997_1.0_612,23.15,2.31,0.73,-0.33,-0.5,-0.68,0.15
A_OB_2.1999999999999997_1.0_613,25.32,2.31,0.73,-0.33,-0.5,-0.68,0.15
A_OB_2.1999999999999997_1.0_614,24.92,2.31,0.73,-0.33,-0.5,-0.68,0.15
A_OB_2.1999999999999997_1.0_615,24.72,2.31,0.73,-0.33,-0.5,-0.68,0.15
A_OB_2.1999999999999997_1.0_616,23.47,2.31,0.73,-0.33,-0.5,-0.68,0.15
A_OB_2.1999999999999997_1.0_617,25.54,2.31,0.73,-0.33,-0.5,-0.68,0.15
A_OB_2.1999999999999997_1.0_618,25.02,2.31,0.73,-0.33,-0.5,-0.68,0.15
A_OB_2.1999999999999997_1.0_619,25.53,2.31,0.73,-0.33,-0.5,-0.68,0.15
A_OB_2.1999999999999997_1.0_620,25.4,2.31,0.73,-0.33,-0.5,-0.68,0.15
A_OB_2.1999999999999997_1.0_621,24.22,2.31,0.73,-0.33,-0.5,-0.68,0.15
A_OB_2.1999999999999997_1.0_622,23.6,2.31,0.73,-0.33,-0.5,-0.68,0.15
A_OB_2.1999999999999997_1.0_623,23.68,2.31,0.73,-0.33,-0.5,-0.68,0.15
A_OB_2.1999999999999997_1.0_624,23.83,2.31,0.73,-0.33,-0.5,-0.68,0.15
A_OB_2.1999999999999997_1.0_625,25.0,2.31,0.73,-0.33,-0.5,-0.68,0.15
A_OB_2.1999999999999997_1.0_626,23.53,2.31,0.73,-0.33,-0.5,-0.68,0.15
A_OB_2.1999999999999997_1.0_627,25.48,2.31,0.73,-0.33,-0.5,-0.68,0.15
A_OB_2.1999999999999997_1.0_628,24.2,2.31,0.73,-0.33,-0.5,-0.68,0.15
A_OB_2.1999999999999997_1.0_629,25.59,2.31,0.73,-0.33,-0.5,-0.68,0.15
A_OB_2.1999999999999997_1.0_630,25.21,2.31,0.73,-0.33,-0.5,-0.68,0.15
A_OB_2.1999999999999997_1.0_631,25.16,2.31,0.73,-0.33,-0.5,-0.68,0.15
A_OB_2.1999999999999997_1.0_632,23.45,2.31,0.73,-0.33,-0.5,-0.68,0.15
A_OB_2.1999999999999997_1.0_633,23.8,2.31,0.73,-0.33,-0.5,-0.68,0.15
A_OB_2.1999999999999997_1.0_634,25.38,2.31,0.73,-0.33,-0.5,-0.68,0.15
A_OB_2.1999999999999997_1.0_635,25.47,2.31,0.73,-0.33,-0.5,-0.68,0.15
A_OB_2.1999999999999997_1.0_636,19.38,2.31,0.73,-0.33,-0.5,-0.68,0.15
A_OB_2.1999999999999997_1.0_637,22.16,2.31,0.73,-0.33,-0.5,-0.68,0.15
A_OB_2.1999999999999997_1.0_638,22.26,2.31,0.73,-0.33,-0.5,-0.68,0.15
A_OB_2.1999999999999997_1.0_639,25.18,2.31,0.73,-0.33,-0.5,-0.68,0.15
A_OB_2.1999999999999997_1.0_640,24.3,2.31,0.73,-0.33,-0.5,-0.68,0.15
A_OB_2.1999999999999997_1.0_641,25.53,2.31,0.73,-0.33,-0.5,-0.68,0.15
A_OB_2.1999999999999997_1.0_642,23.53,2.31,0.73,-0.33,-0.5,-0.68,0.15
A_OB_2.1999999999999997_1.0_643,21.91,2.31,0.73,-0.33,-0.5,-0.68,0.15
A_OB_2.1999999999999997_1.0_644,25.33,2.31,0.73,-0.33,-0.5,-0.68,0.15
A_OB_2.1999999999999997_1.0_645,23.29,2.31,0.73,-0.33,-0.5,-0.68,0.15
A_OB_2.1999999999999997_1.0_646,22.45,2.31,0.73,-0.33,-0.5,-0.68,0.15
A_OB_2.1999999999999997_1.0_647,25.41,2.31,0.73,-0.33,-0.5,-0.68,0.15
A_OB_2.1999999999999997_1.0_648,23.74,2.31,0.73,-0.33,-0.5,-0.68,0.15
A_OB_2.1999999999999997_1.0_649,25.51,2.31,0.73,-0.33,-0.5,-0.68,0.15
A_OB_2.1999999999999997_1.0_650,24.03,2.31,0.73,-0.33,-0.5,-0.68,0.15
A_OB_2.1999999999999997_1.0_651,24.38,2.31,0.73,-0.33,-0.5,-0.68,0.15
A_OB_2.1999999999999997_1.0_652,23.22,2.31,0.73,-0.33,-0.5,-0.68,0.15
A_OB_2.1999999999999997_1.0_653,25.01,2.31,0.73,-0.33,-0.5,-0.68,0.15
A_OB_2.1999999999999997_1.0_654,25.34,2.31,0.73,-0.33,-0.5,-0.68,0.15
A_OB_2.1999999999999997_1.0_655,25.58,2.31,0.73,-0.33,-0.5,-0.68,0.15
A_OB_2.1999999999999997_1.0_656,25.37,2.31,0.73,-0.33,-0.5,-0.68,0.15
A_OB_2.1999999999999997_1.0_657,25.43,2.31,0.73,-0.33,-0.5,-0.68,0.15
A_OB_2.1999999999999997_1.0_658,25.26,2.31,0.73,-0.33,-0.5,-0.68,0.15
A_OB_2.1999999999999997_1.0_659,24.36,2.31,0.73,-0.33,-0.5,-0.68,0.15
A_OB_2.1999999999999997_1.0_660,25.38,2.31,0.73,-0.33,-0.5,-0.68,0.15
A_OB_2.1999999999999997_1.0_661,25.24,2.31,0.73,-0.33,-0.5,-0.68,0.15
A_OB_2.1999999999999997_1.0_662,20.29,2.31,0.73,-0.33,-0.5,-0.68,0.15
A_OB_2.1999999999999997_1.0_663,23.75,2.31,0.73,-0.33,-0.5,-0.68,0.15
A_OB_2.1999999999999997_1.0_664,23.65,2.31,0.73,-0.33,-0.5,-0.68,0.15
A_OB_2.1999999999999997_1.0_665,24.86,2.31,0.73,-0.33,-0.5,-0.68,0.15
A_OB_2.1999999999999997_1.0_666,22.03,2.31,0.73,-0.33,-0.5,-0.68,0.15
A_OB_2.1999999999999997_1.0_667,24.9,2.31,0.73,-0.33,-0.5,-0.68,0.15
A_OB_2.1999999999999997_1.0_668,25.47,2.31,0.73,-0.33,-0.5,-0.68,0.15
A_OB_2.1999999999999997_1.0_669,25.0,2.31,0.73,-0.33,-0.5,-0.68,0.15
A_OB_2.1999999999999997_1.0_670,25.1,2.31,0.73,-0.33,-0.5,-0.68,0.15
A_OB_2.1999999999999997_1.0_671,25.18,2.31,0.73,-0.33,-0.5,-0.68,0.15
A_OB_2.1999999999999997_1.0_672,25.0,2.31,0.73,-0.33,-0.5,-0.68,0.15
A_OB_2.1999999999999997_1.0_673,21.53,2.31,0.73,-0.33,-0.5,-0.68,0.15
A_OB_2.1999999999999997_1.0_674,25.1,2.31,0.73,-0.33,-0.5,-0.68,0.15
A_OB_2.1999999999999997_1.0_675,25.52,2.31,0.73,-0.33,-0.5,-0.68,0.15
A_OB_2.1999999999999997_1.0_676,24.79,2.31,0.73,-0.33,-0.5,-0.68,0.15
A_OB_2.1999999999999997_1.0_677,25.57,2.31,0.73,-0.33,-0.5,-0.68,0.15
A_OB_2.1999999999999997_1.0_678,22.34,2.31,0.73,-0.33,-0.5,-0.68,0.15
A_OB_2.1999999999999997_1.0_679,24.81,2.31,0.73,-0.33,-0.5,-0.68,0.15
A_OB_2.1999999999999997_1.0_680,23.98,2.31,0.73,-0.33,-0.5,-0.68,0.15
A_OB_2.1999999999999997_1.0_681,23.19,2.31,0.73,-0.33,-0.5,-0.68,0.15
A_OB_2.1999999999999997_1.0_682,24.86,2.31,0.73,-0.33,-0.5,-0.68,0.15
A_OB_2.1999999999999997_1.0_683,25.6,2.31,0.73,-0.33,-0.5,-0.68,0.15
A_OB_2.1999999999999997_1.0_684,24.99,2.31,0.73,-0.33,-0.5,-0.68,0.15
A_OB_2.1999999999999997_1.0_685,25.29,2.31,0.73,-0.33,-0.5,-0.68,0.15
A_OB_2.1999999999999997_1.0_686,25.02,2.31,0.73,-0.33,-0.5,-0.68,0.15
A_OB_2.1999999999999997_1.0_687,25.12,2.31,0.73,-0.33,-0.5,-0.68,0.15
A_OB_2.1999999999999997_1.0_688,24.18,2.31,0.73,-0.33,-0.5,-0.68,0.15
A_OB_2.1999999999999997_1.0_689,25.59,2.31,0.73,-0.33,-0.5,-0.68,0.15
A_OB_2.1999999999999997_1.0_690,25.22,2.31,0.73,-0.33,-0.5,-0.68,0.15
A_OB_2.1999999999999997_1.0_691,25.5,2.31,0.73,-0.33,-0.5,-0.68,0.15
A_OB_2.1999999999999997_1.0_692,20.76,2.31,0.73,-0.33,-0.5,-0.68,0.15
A_OB_2.1999999999999997_1.0_693,25.51,2.31,0.73,-0.33,-0.5,-0.68,0.15
A_OB_2.1999999999999997_1.0_694,24.81,2.31,0.73,-0.33,-0.5,-0.68,0.15
A_OB_2.1999999999999997_1.0_695,23.36,2.31,0.73,-0.33,-0.5,-0.68,0.15
A_OB_2.1999999999999997_1.0_696,20.95,2.31,0.73,-0.33,-0.5,-0.68,0.15
A_OB_2.1999999999999997_1.0_697,23.67,2.31,0.73,-0.33,-0.5,-0.68,0.15
A_OB_2.1999999999999997_1.0_698,25.4,2.31,0.73,-0.33,-0.5,-0.68,0.15
A_OB_2.1999999999999997_1.0_699,25.54,2.31,0.73,-0.33,-0.5,-0.68,0.15
A_OB_2.1999999999999997_1.0_700,25.59,2.31,0.73,-0.33,-0.5,-0.68,0.15
A_OB_2.1999999999999997_1.0_701,23.14,2.31,0.73,-0.33,-0.5,-0.68,0.15
A_OB_2.1999999999999997_1.0_702,25.31,2.31,0.73,-0.33,-0.5,-0.68,0.15
A_OB_2.1999999999999997_1.0_703,23.99,2.31,0.73,-0.33,-0.5,-0.68,0.15
A_OB_2.1999999999999997_1.0_704,22.91,2.31,0.73,-0.33,-0.5,-0.68,0.15
A_OB_2.1999999999999997_1.0_705,25.12,2.31,0.73,-0.33,-0.5,-0.68,0.15
A_OB_2.1999999999999997_1.0_706,24.84,2.31,0.73,-0.33,-0.5,-0.68,0.15
A_OB_2.1999999999999997_1.0_707,25.3,2.31,0.73,-0.33,-0.5,-0.68,0.15
A_OB_2.1999999999999997_1.0_708,25.2,2.31,0.73,-0.33,-0.5,-0.68,0.15
A_OB_2.1999999999999997_1.0_709,24.9,2.31,0.73,-0.33,-0.5,-0.68,0.15
A_OB_2.1999999999999997_1.0_710,24.88,2.31,0.73,-0.33,-0.5,-0.68,0.15
A_OB_2.1999999999999997_1.0_711,24.64,2.31,0.73,-0.33,-0.5,-0.68,0.15
A_OB_2.1999999999999997_1.0_712,25.3,2.31,0.73,-0.33,-0.5,-0.68,0.15
A_OB_2.1999999999999997_1.0_713,24.59,2.31,0.73,-0.33,-0.5,-0.68,0.15
A_OB_2.1999999999999997_1.0_714,23.1,2.31,0.73,-0.33,-0.5,-0.68,0.15
A_OB_2.1999999999999997_1.0_715,25.43,2.31,0.73,-0.33,-0.5,-0.68,0.15
A_OB_2.1999999999999997_1.0_716,25.5,2.31,0.73,-0.33,-0.5,-0.68,0.15
A_OB_2.1999999999999997_1.0_717,25.53,2.31,0.73,-0.33,-0.5,-0.68,0.15
A_OB_2.1999999999999997_1.0_718,25.46,2.31,0.73,-0.33,-0.5,-0.68,0.15
A_OB_2.1999999999999997_1.0_719,24.18,2.31,0.73,-0.33,-0.5,-0.68,0.15
A_OB_2.1999999999999997_1.0_720,24.7,2.31,0.73,-0.33,-0.5,-0.68,0.15
A_OB_2.1999999999999997_1.0_721,20.75,2.31,0.73,-0.33,-0.5,-0.68,0.15
A_OB_2.1999999999999997_1.0_722,25.51,2.31,0.73,-0.33,-0.5,-0.68,0.15
A_OB_2.1999999999999997_1.0_723,23.86,2.31,0.73,-0.33,-0.5,-0.68,0.15
A_OB_2.1999999999999997_1.0_724,25.13,2.31,0.73,-0.33,-0.5,-0.68,0.15
A_OB_2.1999999999999997_1.0_725,23.15,2.31,0.73,-0.33,-0.5,-0.68,0.15
A_OB_2.1999999999999997_1.0_726,25.51,2.31,0.73,-0.33,-0.5,-0.68,0.15
A_OB_2.1999999999999997_1.0_727,23.37,2.31,0.73,-0.33,-0.5,-0.68,0.15
A_OB_2.1999999999999997_1.0_728,23.67,2.31,0.73,-0.33,-0.5,-0.68,0.15
A_OB_2.1999999999999997_1.0_729,25.38,2.31,0.73,-0.33,-0.5,-0.68,0.15
A_OB_2.1999999999999997_1.0_730,21.6,2.31,0.73,-0.33,-0.5,-0.68,0.15
A_OB_2.1999999999999997_1.0_731,24.81,2.31,0.73,-0.33,-0.5,-0.68,0.15
A_OB_2.1999999999999997_1.0_732,25.57,2.31,0.73,-0.33,-0.5,-0.68,0.15
A_OB_2.1999999999999997_1.0_733,24.94,2.31,0.73,-0.33,-0.5,-0.68,0.15
A_OB_2.1999999999999997_1.0_734,24.99,2.31,0.73,-0.33,-0.5,-0.68,0.15
A_OB_2.1999999999999997_1.0_735,25.49,2.31,0.73,-0.33,-0.5,-0.68,0.15
A_OB_2.1999999999999997_1.0_736,25.02,2.31,0.73,-0.33,-0.5,-0.68,0.15
A_OB_2.1999999999999997_1.0_737,25.37,2.31,0.73,-0.33,-0.5,-0.68,0.15
A_OB_2.1999999999999997_1.0_738,25.04,2.31,0.73,-0.33,-0.5,-0.68,0.15
A_OB_2.1999999999999997_1.0_739,25.48,2.31,0.73,-0.33,-0.5,-0.68,0.15
A_OB_2.1999999999999997_1.0_740,24.98,2.31,0.73,-0.33,-0.5,-0.68,0.15
A_OB_2.1999999999999997_1.0_741,24.93,2.31,0.73,-0.33,-0.5,-0.68,0.15
A_OB_2.1999999999999997_1.0_742,25.43,2.31,0.73,-0.33,-0.5,-0.68,0.15
A_OB_2.1999999999999997_1.0_743,25.38,2.31,0.73,-0.33,-0.5,-0.68,0.15
A_OB_2.1999999999999997_1.0_744,25.23,2.31,0.73,-0.33,-0.5,-0.68,0.15
A_OB_2.1999999999999997_1.0_745,24.41,2.31,0.73,-0.33,-0.5,-0.68,0.15
A_OB_2.1999999999999997_1.0_746,23.04,2.31,0.73,-0.33,-0.5,-0.68,0.15
A_OB_2.1999999999999997_1.0_747,23.94,2.31,0.73,-0.33,-0.5,-0.68,0.15
A_OB_2.1999999999999997_1.0_748,24.88,2.31,0.73,-0.33,-0.5,-0.68,0.15
A_OB_2.1999999999999997_1.0_749,25.42,2.31,0.73,-0.33,-0.5,-0.68,0.15
A_OB_2.1999999999999997_1.0_750,25.4,2.31,0.73,-0.33,-0.5,-0.68,0.15
A_OB_2.1999999999999997_1.0_751,24.84,2.31,0.73,-0.33,-0.5,-0.68,0.15
A_OB_2.1999999999999997_1.0_752,23.84,2.31,0.73,-0.33,-0.5,-0.68,0.15
A_OB_2.1999999999999997_1.0_753,25.28,2.31,0.73,-0.33,-0.5,-0.68,0.15
A_OB_2.1999999999999997_1.0_754,24.42,2.31,0.73,-0.33,-0.5,-0.68,0.15
A_OB_2.1999999999999997_1.0_755,23.21,2.31,0.73,-0.33,-0.5,-0.68,0.15
A_OB_2.1999999999999997_1.0_756,25.5,2.31,0.73,-0.33,-0.5,-0.68,0.15
A_OB_2.1999999999999997_1.0_757,25.44,2.31,0.73,-0.33,-0.5,-0.68,0.15
A_OB_2.1999999999999997_1.0_758,23.6,2.31,0.73,-0.33,-0.5,-0.68,0.15
A_OB_2.1999999999999997_1.0_759,24.38,2.31,0.73,-0.33,-0.5,-0.68,0.15
A_OB_2.1999999999999997_1.0_760,25.24,2.31,0.73,-0.33,-0.5,-0.68,0.15
A_OB_2.1999999999999997_1.0_761,25.23,2.31,0.73,-0.33,-0.5,-0.68,0.15
A_OB_2.1999999999999997_1.0_762,24.27,2.31,0.73,-0.33,-0.5,-0.68,0.15
A_OB_2.1999999999999997_1.0_763,25.02,2.31,0.73,-0.33,-0.5,-0.68,0.15
A_OB_2.1999999999999997_1.0_764,25.47,2.31,0.73,-0.33,-0.5,-0.68,0.15
A_OB_2.1999999999999997_1.0_765,25.57,2.31,0.73,-0.33,-0.5,-0.68,0.15
A_OB_2.1999999999999997_1.0_766,23.14,2.31,0.73,-0.33,-0.5,-0.68,0.15
A_OB_2.1999999999999997_1.0_767,25.27,2.31,0.73,-0.33,-0.5,-0.68,0.15
A_OB_2.1999999999999997_1.0_768,22.69,2.31,0.73,-0.33,-0.5,-0.68,0.15
A_OB_2.1999999999999997_1.0_769,24.88,2.31,0.73,-0.33,-0.5,-0.68,0.15
A_OB_2.1999999999999997_1.0_770,25.4,2.31,0.73,-0.33,-0.5,-0.68,0.15
A_OB_2.1999999999999997_1.0_771,23.9,2.31,0.73,-0.33,-0.5,-0.68,0.15
A_OB_2.1999999999999997_1.0_772,25.35,2.31,0.73,-0.33,-0.5,-0.68,0.15
A_OB_2.1999999999999997_1.0_773,25.44,2.31,0.73,-0.33,-0.5,-0.68,0.15
A_OB_2.1999999999999997_1.0_774,22.85,2.31,0.73,-0.33,-0.5,-0.68,0.15
A_OB_2.1999999999999997_1.0_775,24.31,2.31,0.73,-0.33,-0.5,-0.68,0.15
A_OB_2.1999999999999997_1.0_776,18.24,2.31,0.73,-0.33,-0.5,-0.68,0.15
A_OB_2.1999999999999997_1.0_777,24.64,2.31,0.73,-0.33,-0.5,-0.68,0.15
A_OB_2.1999999999999997_1.0_778,25.1,2.31,0.73,-0.33,-0.5,-0.68,0.15
A_OB_2.1999999999999997_1.0_779,25.45,2.31,0.73,-0.33,-0.5,-0.68,0.15
A_OB_2.1999999999999997_1.0_780,20.81,2.31,0.73,-0.33,-0.5,-0.68,0.15
A_OB_2.1999999999999997_1.0_781,25.61,2.31,0.73,-0.33,-0.5,-0.68,0.15
A_OB_2.1999999999999997_1.0_782,24.37,2.31,0.73,-0.33,-0.5,-0.68,0.15
A_OB_2.1999999999999997_1.0_783,25.26,2.31,0.73,-0.33,-0.5,-0.68,0.15
A_OB_2.1999999999999997_1.0_784,25.28,2.31,0.73,-0.33,-0.5,-0.68,0.15
A_OB_2.1999999999999997_1.0_785,25.11,2.31,0.73,-0.33,-0.5,-0.68,0.15
A_OB_2.1999999999999997_1.0_786,24.43,2.31,0.73,-0.33,-0.5,-0.68,0.15
A_OB_2.1999999999999997_1.0_787,25.59,2.31,0.73,-0.33,-0.5,-0.68,0.15
A_OB_2.1999999999999997_1.0_788,24.33,2.31,0.73,-0.33,-0.5,-0.68,0.15
A_OB_2.1999999999999997_1.0_789,25.3,2.31,0.73,-0.33,-0.5,-0.68,0.15
A_OB_2.1999999999999997_1.0_790,25.57,2.31,0.73,-0.33,-0.5,-0.68,0.15
A_OB_2.1999999999999997_1.0_791,25.18,2.31,0.73,-0.33,-0.5,-0.68,0.15
A_OB_2.1999999999999997_1.0_792,24.4,2.31,0.73,-0.33,-0.5,-0.68,0.15
A_OB_2.1999999999999997_1.0_793,25.55,2.31,0.73,-0.33,-0.5,-0.68,0.15
A_OB_2.1999999999999997_1.0_794,24.83,2.31,0.73,-0.33,-0.5,-0.68,0.15
A_OB_2.1999999999999997_1.0_795,24.31,2.31,0.73,-0.33,-0.5,-0.68,0.15
A_OB_2.1999999999999997_1.0_796,24.32,2.31,0.73,-0.33,-0.5,-0.68,0.15
A_OB_2.1999999999999997_1.0_797,24.71,2.31,0.73,-0.33,-0.5,-0.68,0.15
A_OB_2.1999999999999997_1.0_798,24.65,2.31,0.73,-0.33,-0.5,-0.68,0.15
A_OB_2.1999999999999997_1.0_799,25.41,2.31,0.73,-0.33,-0.5,-0.68,0.15
A_OB_2.1999999999999997_1.0_800,25.5,2.31,0.73,-0.33,-0.5,-0.68,0.15
A_OB_2.1999999999999997_1.0_801,24.95,2.31,0.73,-0.33,-0.5,-0.68,0.15
A_OB_2.1999999999999997_1.0_802,20.22,2.31,0.73,-0.33,-0.5,-0.68,0.15
A_OB_2.1999999999999997_1.0_803,25.16,2.31,0.73,-0.33,-0.5,-0.68,0.15
A_OB_2.1999999999999997_1.0_804,24.39,2.31,0.73,-0.33,-0.5,-0.68,0.15
A_OB_2.1999999999999997_1.0_805,25.5,2.31,0.73,-0.33,-0.5,-0.68,0.15
A_OB_2.1999999999999997_1.0_806,23.11,2.31,0.73,-0.33,-0.5,-0.68,0.15
A_OB_2.1999999999999997_1.0_807,19.77,2.31,0.73,-0.33,-0.5,-0.68,0.15
A_OB_2.1999999999999997_1.0_808,24.47,2.31,0.73,-0.33,-0.5,-0.68,0.15
A_OB_2.1999999999999997_1.0_809,23.68,2.31,0.73,-0.33,-0.5,-0.68,0.15
A_OB_2.1999999999999997_1.0_810,25.45,2.31,0.73,-0.33,-0.5,-0.68,0.15
A_OB_2.1999999999999997_1.0_811,25.46,2.31,0.73,-0.33,-0.5,-0.68,0.15
A_OB_2.1999999999999997_1.0_812,24.88,2.31,0.73,-0.33,-0.5,-0.68,0.15
A_OB_2.1999999999999997_1.0_813,22.8,2.31,0.73,-0.33,-0.5,-0.68,0.15
A_OB_2.1999999999999997_1.0_814,23.5,2.31,0.73,-0.33,-0.5,-0.68,0.15
A_OB_2.1999999999999997_1.0_815,25.35,2.31,0.73,-0.33,-0.5,-0.68,0.15
A_OB_2.1999999999999997_1.0_816,25.03,2.31,0.73,-0.33,-0.5,-0.68,0.15
A_OB_2.1999999999999997_1.0_817,25.01,2.31,0.73,-0.33,-0.5,-0.68,0.15
A_OB_2.1999999999999997_1.0_818,25.42,2.31,0.73,-0.33,-0.5,-0.68,0.15
A_OB_2.1999999999999997_1.0_819,24.44,2.31,0.73,-0.33,-0.5,-0.68,0.15
A_OB_2.1999999999999997_1.0_820,23.56,2.31,0.73,-0.33,-0.5,-0.68,0.15
A_OB_2.1999999999999997_1.0_821,24.8,2.31,0.73,-0.33,-0.5,-0.68,0.15
A_OB_2.1999999999999997_1.0_822,21.57,2.31,0.73,-0.33,-0.5,-0.68,0.15
A_OB_2.1999999999999997_1.0_823,24.28,2.31,0.73,-0.33,-0.5,-0.68,0.15
A_OB_2.1999999999999997_1.0_824,24.18,2.31,0.73,-0.33,-0.5,-0.68,0.15
A_OB_2.1999999999999997_1.0_825,25.37,2.31,0.73,-0.33,-0.5,-0.68,0.15
A_OB_2.1999999999999997_1.0_826,24.16,2.31,0.73,-0.33,-0.5,-0.68,0.15
A_OB_2.1999999999999997_1.0_827,25.39,2.31,0.73,-0.33,-0.5,-0.68,0.15
A_OB_2.1999999999999997_1.0_828,24.48,2.31,0.73,-0.33,-0.5,-0.68,0.15
A_OB_2.1999999999999997_1.0_829,25.33,2.31,0.73,-0.33,-0.5,-0.68,0.15
A_OB_2.1999999999999997_1.0_830,25.46,2.31,0.73,-0.33,-0.5,-0.68,0.15
A_OB_2.1999999999999997_1.0_831,20.0,2.31,0.73,-0.33,-0.5,-0.68,0.15
A_OB_2.1999999999999997_1.0_832,25.38,2.31,0.73,-0.33,-0.5,-0.68,0.15
A_OB_2.1999999999999997_1.0_833,19.78,2.31,0.73,-0.33,-0.5,-0.68,0.15
A_OB_2.1999999999999997_1.0_834,25.21,2.31,0.73,-0.33,-0.5,-0.68,0.15
A_OB_2.1999999999999997_1.0_835,23.49,2.31,0.73,-0.33,-0.5,-0.68,0.15
A_OB_2.1999999999999997_1.0_836,24.18,2.31,0.73,-0.33,-0.5,-0.68,0.15
A_OB_2.1999999999999997_1.0_837,24.44,2.31,0.73,-0.33,-0.5,-0.68,0.15
A_OB_2.1999999999999997_1.0_838,24.31,2.31,0.73,-0.33,-0.5,-0.68,0.15
A_OB_2.1999999999999997_1.0_839,25.36,2.31,0.73,-0.33,-0.5,-0.68,0.15
A_OB_2.1999999999999997_1.0_840,21.55,2.31,0.73,-0.33,-0.5,-0.68,0.15
A_OB_2.1999999999999997_1.0_841,25.58,2.31,0.73,-0.33,-0.5,-0.68,0.15
A_OB_2.1999999999999997_1.0_842,24.55,2.31,0.73,-0.33,-0.5,-0.68,0.15
A_OB_2.1999999999999997_1.0_843,21.68,2.31,0.73,-0.33,-0.5,-0.68,0.15
A_OB_2.1999999999999997_1.0_844,24.11,2.31,0.73,-0.33,-0.5,-0.68,0.15
A_OB_2.1999999999999997_1.0_845,23.45,2.31,0.73,-0.33,-0.5,-0.68,0.15
A_OB_2.1999999999999997_1.0_846,25.48,2.31,0.73,-0.33,-0.5,-0.68,0.15
A_OB_2.1999999999999997_1.0_847,21.47,2.31,0.73,-0.33,-0.5,-0.68,0.15
A_OB_2.1999999999999997_1.0_848,25.55,2.31,0.73,-0.33,-0.5,-0.68,0.15
A_OB_2.1999999999999997_1.0_849,25.09,2.31,0.73,-0.33,-0.5,-0.68,0.15
A_OB_2.1999999999999997_1.0_850,25.17,2.31,0.73,-0.33,-0.5,-0.68,0.15
A_OB_2.1999999999999997_1.0_851,24.58,2.31,0.73,-0.33,-0.5,-0.68,0.15
A_OB_2.1999999999999997_1.0_852,25.44,2.31,0.73,-0.33,-0.5,-0.68,0.15
A_OB_2.1999999999999997_1.0_853,25.45,2.31,0.73,-0.33,-0.5,-0.68,0.15
A_OB_2.1999999999999997_1.0_854,25.29,2.31,0.73,-0.33,-0.5,-0.68,0.15
A_OB_2.1999999999999997_1.0_855,22.74,2.31,0.73,-0.33,-0.5,-0.68,0.15
A_OB_2.1999999999999997_1.0_856,23.48,2.31,0.73,-0.33,-0.5,-0.68,0.15
A_OB_2.1999999999999997_1.0_857,22.64,2.31,0.73,-0.33,-0.5,-0.68,0.15
A_OB_2.1999999999999997_1.0_858,25.07,2.31,0.73,-0.33,-0.5,-0.68,0.15
A_OB_2.1999999999999997_1.0_859,25.29,2.31,0.73,-0.33,-0.5,-0.68,0.15
A_OB_2.1999999999999997_1.0_860,24.05,2.31,0.73,-0.33,-0.5,-0.68,0.15
A_OB_2.1999999999999997_1.0_861,24.76,2.31,0.73,-0.33,-0.5,-0.68,0.15
A_OB_2.1999999999999997_1.0_862,25.45,2.31,0.73,-0.33,-0.5,-0.68,0.15
A_OB_2.1999999999999997_1.0_863,23.04,2.31,0.73,-0.33,-0.5,-0.68,0.15
A_OB_2.1999999999999997_1.0_864,23.99,2.31,0.73,-0.33,-0.5,-0.68,0.15
A_OB_2.1999999999999997_1.0_865,24.37,2.31,0.73,-0.33,-0.5,-0.68,0.15
A_OB_2.1999999999999997_1.0_866,25.04,2.31,0.73,-0.33,-0.5,-0.68,0.15
A_OB_2.1999999999999997_1.0_867,22.25,2.31,0.73,-0.33,-0.5,-0.68,0.15
A_OB_2.1999999999999997_1.0_868,23.18,2.31,0.73,-0.33,-0.5,-0.68,0.15
A_OB_2.1999999999999997_1.0_869,19.64,2.31,0.73,-0.33,-0.5,-0.68,0.15
A_OB_2.1999999999999997_1.0_870,25.57,2.31,0.73,-0.33,-0.5,-0.68,0.15
A_OB_2.1999999999999997_1.0_871,24.88,2.31,0.73,-0.33,-0.5,-0.68,0.15
A_OB_2.1999999999999997_1.0_872,25.24,2.31,0.73,-0.33,-0.5,-0.68,0.15
A_OB_2.1999999999999997_1.0_873,24.74,2.31,0.73,-0.33,-0.5,-0.68,0.15
A_OB_2.1999999999999997_1.0_874,24.97,2.31,0.73,-0.33,-0.5,-0.68,0.15
A_OB_2.1999999999999997_1.0_875,25.48,2.31,0.73,-0.33,-0.5,-0.68,0.15
A_OB_2.1999999999999997_1.0_876,24.52,2.31,0.73,-0.33,-0.5,-0.68,0.15
A_OB_2.1999999999999997_1.0_877,25.28,2.31,0.73,-0.33,-0.5,-0.68,0.15
A_OB_2.1999999999999997_1.0_878,23.02,2.31,0.73,-0.33,-0.5,-0.68,0.15
A_OB_2.1999999999999997_1.0_879,24.93,2.31,0.73,-0.33,-0.5,-0.68,0.15
A_OB_2.1999999999999997_1.0_880,23.71,2.31,0.73,-0.33,-0.5,-0.68,0.15
A_OB_2.1999999999999997_1.0_881,24.98,2.31,0.73,-0.33,-0.5,-0.68,0.15
A_OB_2.1999999999999997_1.0_882,24.96,2.31,0.73,-0.33,-0.5,-0.68,0.15
A_OB_2.1999999999999997_1.0_883,25.45,2.31,0.73,-0.33,-0.5,-0.68,0.15
A_OB_2.1999999999999997_1.0_884,25.18,2.31,0.73,-0.33,-0.5,-0.68,0.15
A_OB_2.1999999999999997_1.0_885,21.42,2.31,0.73,-0.33,-0.5,-0.68,0.15
A_OB_2.1999999999999997_1.0_886,25.41,2.31,0.73,-0.33,-0.5,-0.68,0.15
A_OB_2.1999999999999997_1.0_887,25.56,2.31,0.73,-0.33,-0.5,-0.68,0.15
A_OB_2.1999999999999997_1.0_888,25.12,2.31,0.73,-0.33,-0.5,-0.68,0.15
A_OB_2.1999999999999997_1.0_889,24.61,2.31,0.73,-0.33,-0.5,-0.68,0.15
A_OB_2.1999999999999997_1.0_890,25.42,2.31,0.73,-0.33,-0.5,-0.68,0.15
A_OB_2.1999999999999997_1.0_891,23.84,2.31,0.73,-0.33,-0.5,-0.68,0.15
A_OB_2.1999999999999997_1.0_892,25.18,2.31,0.73,-0.33,-0.5,-0.68,0.15
A_OB_2.1999999999999997_1.0_893,25.36,2.31,0.73,-0.33,-0.5,-0.68,0.15
A_OB_2.1999999999999997_1.0_894,25.47,2.31,0.73,-0.33,-0.5,-0.68,0.15
A_OB_2.1999999999999997_1.0_895,24.81,2.31,0.73,-0.33,-0.5,-0.68,0.15
A_OB_2.1999999999999997_1.0_896,22.61,2.31,0.73,-0.33,-0.5,-0.68,0.15
A_OB_2.1999999999999997_1.0_897,21.44,2.31,0.73,-0.33,-0.5,-0.68,0.15
A_OB_2.1999999999999997_1.0_898,24.57,2.31,0.73,-0.33,-0.5,-0.68,0.15
A_OB_2.1999999999999997_1.0_899,23.7,2.31,0.73,-0.33,-0.5,-0.68,0.15
A_OB_2.1999999999999997_1.0_900,25.51,2.31,0.73,-0.33,-0.5,-0.68,0.15
A_OB_2.1999999999999997_1.0_901,23.53,2.31,0.73,-0.33,-0.5,-0.68,0.15
A_OB_2.1999999999999997_1.0_902,25.54,2.31,0.73,-0.33,-0.5,-0.68,0.15
A_OB_2.1999999999999997_1.0_903,23.3,2.31,0.73,-0.33,-0.5,-0.68,0.15
A_OB_2.1999999999999997_1.0_904,24.82,2.31,0.73,-0.33,-0.5,-0.68,0.15
A_OB_2.1999999999999997_1.0_905,25.42,2.31,0.73,-0.33,-0.5,-0.68,0.15
A_OB_2.1999999999999997_1.0_906,23.1,2.31,0.73,-0.33,-0.5,-0.68,0.15
A_OB_2.1999999999999997_1.0_907,23.39,2.31,0.73,-0.33,-0.5,-0.68,0.15
A_OB_2.1999999999999997_1.0_908,24.71,2.31,0.73,-0.33,-0.5,-0.68,0.15
A_OB_2.1999999999999997_1.0_909,23.75,2.31,0.73,-0.33,-0.5,-0.68,0.15
A_OB_2.1999999999999997_1.0_910,24.99,2.31,0.73,-0.33,-0.5,-0.68,0.15
A_OB_2.1999999999999997_1.0_911,25.59,2.31,0.73,-0.33,-0.5,-0.68,0.15
A_OB_2.1999999999999997_1.0_912,25.44,2.31,0.73,-0.33,-0.5,-0.68,0.15
A_OB_2.1999999999999997_1.0_913,25.11,2.31,0.73,-0.33,-0.5,-0.68,0.15
A_OB_2.1999999999999997_1.0_914,23.99,2.31,0.73,-0.33,-0.5,-0.68,0.15
A_OB_2.1999999999999997_1.0_915,25.43,2.31,0.73,-0.33,-0.5,-0.68,0.15
A_OB_2.1999999999999997_1.0_916,20.9,2.31,0.73,-0.33,-0.5,-0.68,0.15
A_OB_2.1999999999999997_1.0_917,25.51,2.31,0.73,-0.33,-0.5,-0.68,0.15
A_OB_2.1999999999999997_1.0_918,25.55,2.31,0.73,-0.33,-0.5,-0.68,0.15
A_OB_2.1999999999999997_1.0_919,23.38,2.31,0.73,-0.33,-0.5,-0.68,0.15
A_OB_2.1999999999999997_1.0_920,24.37,2.31,0.73,-0.33,-0.5,-0.68,0.15
A_OB_2.1999999999999997_1.0_921,23.91,2.31,0.73,-0.33,-0.5,-0.68,0.15
A_OB_2.1999999999999997_1.0_922,24.51,2.31,0.73,-0.33,-0.5,-0.68,0.15
A_OB_2.1999999999999997_1.0_923,22.86,2.31,0.73,-0.33,-0.5,-0.68,0.15
A_OB_2.1999999999999997_1.0_924,24.6,2.31,0.73,-0.33,-0.5,-0.68,0.15
A_OB_2.1999999999999997_1.0_925,25.57,2.31,0.73,-0.33,-0.5,-0.68,0.15
A_OB_2.1999999999999997_1.0_926,25.05,2.31,0.73,-0.33,-0.5,-0.68,0.15
A_OB_2.1999999999999997_1.0_927,20.84,2.31,0.73,-0.33,-0.5,-0.68,0.15
A_OB_2.1999999999999997_1.0_928,22.39,2.31,0.73,-0.33,-0.5,-0.68,0.15
A_OB_2.1999999999999997_1.0_929,25.62,2.31,0.73,-0.33,-0.5,-0.68,0.15
A_OB_2.1999999999999997_1.0_930,24.38,2.31,0.73,-0.33,-0.5,-0.68,0.15
A_OB_2.1999999999999997_1.0_931,25.57,2.31,0.73,-0.33,-0.5,-0.68,0.15
A_OB_2.1999999999999997_1.0_932,25.25,2.31,0.73,-0.33,-0.5,-0.68,0.15
A_OB_2.1999999999999997_1.0_933,22.66,2.31,0.73,-0.33,-0.5,-0.68,0.15
A_OB_2.1999999999999997_1.0_934,25.53,2.31,0.73,-0.33,-0.5,-0.68,0.15
A_OB_2.1999999999999997_1.0_935,25.21,2.31,0.73,-0.33,-0.5,-0.68,0.15
A_OB_2.1999999999999997_1.0_936,24.34,2.31,0.73,-0.33,-0.5,-0.68,0.15
A_OB_2.1999999999999997_1.0_937,25.61,2.31,0.73,-0.33,-0.5,-0.68,0.15
A_OB_2.1999999999999997_1.0_938,24.83,2.31,0.73,-0.33,-0.5,-0.68,0.15
A_OB_2.1999999999999997_1.0_939,24.92,2.31,0.73,-0.33,-0.5,-0.68,0.15
A_OB_2.1999999999999997_1.0_940,25.54,2.31,0.73,-0.33,-0.5,-0.68,0.15
A_OB_2.1999999999999997_1.0_941,23.86,2.31,0.73,-0.33,-0.5,-0.68,0.15
A_OB_2.1999999999999997_1.0_942,24.5,2.31,0.73,-0.33,-0.5,-0.68,0.15
A_OB_2.1999999999999997_1.0_943,25.52,2.31,0.73,-0.33,-0.5,-0.68,0.15
A_OB_2.1999999999999997_1.0_944,21.75,2.31,0.73,-0.33,-0.5,-0.68,0.15
A_OB_2.1999999999999997_1.0_945,24.26,2.31,0.73,-0.33,-0.5,-0.68,0.15
A_OB_2.1999999999999997_1.0_946,24.77,2.31,0.73,-0.33,-0.5,-0.68,0.15
A_OB_2.1999999999999997_1.0_947,24.52,2.31,0.73,-0.33,-0.5,-0.68,0.15
A_OB_2.1999999999999997_1.0_948,24.53,2.31,0.73,-0.33,-0.5,-0.68,0.15
A_OB_2.1999999999999997_1.0_949,25.11,2.31,0.73,-0.33,-0.5,-0.68,0.15
A_OB_2.1999999999999997_1.0_950,24.68,2.31,0.73,-0.33,-0.5,-0.68,0.15
A_OB_2.1999999999999997_1.0_951,25.59,2.31,0.73,-0.33,-0.5,-0.68,0.15
A_OB_2.1999999999999997_1.0_952,25.39,2.31,0.73,-0.33,-0.5,-0.68,0.15
A_OB_2.1999999999999997_1.0_953,24.77,2.31,0.73,-0.33,-0.5,-0.68,0.15
A_OB_2.1999999999999997_1.0_954,25.51,2.31,0.73,-0.33,-0.5,-0.68,0.15
A_OB_2.1999999999999997_1.0_955,24.72,2.31,0.73,-0.33,-0.5,-0.68,0.15
A_OB_2.1999999999999997_1.0_956,25.09,2.31,0.73,-0.33,-0.5,-0.68,0.15
A_OB_2.1999999999999997_1.0_957,25.57,2.31,0.73,-0.33,-0.5,-0.68,0.15
A_OB_2.1999999999999997_1.0_958,24.78,2.31,0.73,-0.33,-0.5,-0.68,0.15
A_OB_2.1999999999999997_1.0_959,25.55,2.31,0.73,-0.33,-0.5,-0.68,0.15
A_OB_2.1999999999999997_1.0_960,24.65,2.31,0.73,-0.33,-0.5,-0.68,0.15
A_OB_2.1999999999999997_1.0_961,24.84,2.31,0.73,-0.33,-0.5,-0.68,0.15
A_OB_2.1999999999999997_1.0_962,24.16,2.31,0.73,-0.33,-0.5,-0.68,0.15
A_OB_2.1999999999999997_1.0_963,25.29,2.31,0.73,-0.33,-0.5,-0.68,0.15
A_OB_2.1999999999999997_1.0_964,20.07,2.31,0.73,-0.33,-0.5,-0.68,0.15
A_OB_2.1999999999999997_1.0_965,25.49,2.31,0.73,-0.33,-0.5,-0.68,0.15
A_OB_2.1999999999999997_1.0_966,24.07,2.31,0.73,-0.33,-0.5,-0.68,0.15
A_OB_2.1999999999999997_1.0_967,25.13,2.31,0.73,-0.33,-0.5,-0.68,0.15
A_OB_2.1999999999999997_1.0_968,24.82,2.31,0.73,-0.33,-0.5,-0.68,0.15
A_OB_2.1999999999999997_1.0_969,25.51,2.31,0.73,-0.33,-0.5,-0.68,0.15
A_OB_2.1999999999999997_1.0_970,24.76,2.31,0.73,-0.33,-0.5,-0.68,0.15
A_OB_2.1999999999999997_1.0_971,24.26,2.31,0.73,-0.33,-0.5,-0.68,0.15
A_OB_2.1999999999999997_1.0_972,24.6,2.31,0.73,-0.33,-0.5,-0.68,0.15
A_OB_2.1999999999999997_1.0_973,25.28,2.31,0.73,-0.33,-0.5,-0.68,0.15
A_OB_2.1999999999999997_1.0_974,25.56,2.31,0.73,-0.33,-0.5,-0.68,0.15
A_OB_2.1999999999999997_1.0_975,24.74,2.31,0.73,-0.33,-0.5,-0.68,0.15
A_OB_2.1999999999999997_1.0_976,25.48,2.31,0.73,-0.33,-0.5,-0.68,0.15
A_OB_2.1999999999999997_1.0_977,23.99,2.31,0.73,-0.33,-0.5,-0.68,0.15
A_OB_2.1999999999999997_1.0_978,24.92,2.31,0.73,-0.33,-0.5,-0.68,0.15
A_OB_2.1999999999999997_1.0_979,23.73,2.31,0.73,-0.33,-0.5,-0.68,0.15
A_OB_2.1999999999999997_1.0_980,25.5,2.31,0.73,-0.33,-0.5,-0.68,0.15
A_OB_2.1999999999999997_1.0_981,24.48,2.31,0.73,-0.33,-0.5,-0.68,0.15
A_OB_2.1999999999999997_1.0_982,24.84,2.31,0.73,-0.33,-0.5,-0.68,0.15
A_OB_2.1999999999999997_1.0_983,24.49,2.31,0.73,-0.33,-0.5,-0.68,0.15
A_OB_2.1999999999999997_1.0_984,25.43,2.31,0.73,-0.33,-0.5,-0.68,0.15
A_OB_2.1999999999999997_1.0_985,23.3,2.31,0.73,-0.33,-0.5,-0.68,0.15
A_OB_2.1999999999999997_1.0_986,25.16,2.31,0.73,-0.33,-0.5,-0.68,0.15
A_OB_2.1999999999999997_1.0_987,22.88,2.31,0.73,-0.33,-0.5,-0.68,0.15
A_OB_2.1999999999999997_1.0_988,25.06,2.31,0.73,-0.33,-0.5,-0.68,0.15
A_OB_2.1999999999999997_1.0_989,23.77,2.31,0.73,-0.33,-0.5,-0.68,0.15
A_OB_2.1999999999999997_1.0_990,25.02,2.31,0.73,-0.33,-0.5,-0.68,0.15
A_OB_2.1999999999999997_1.0_991,22.02,2.31,0.73,-0.33,-0.5,-0.68,0.15
A_OB_2.1999999999999997_1.0_992,25.57,2.31,0.73,-0.33,-0.5,-0.68,0.15
A_OB_2.1999999999999997_1.0_993,25.27,2.31,0.73,-0.33,-0.5,-0.68,0.15
A_OB_2.1999999999999997_1.0_994,25.33,2.31,0.73,-0.33,-0.5,-0.68,0.15
A_OB_2.1999999999999997_1.0_995,24.2,2.31,0.73,-0.33,-0.5,-0.68,0.15
A_OB_2.1999999999999997_1.0_996,22.3,2.31,0.73,-0.33,-0.5,-0.68,0.15
A_OB_2.1999999999999997_1.0_997,22.74,2.31,0.73,-0.33,-0.5,-0.68,0.15
A_OB_2.1999999999999997_1.0_998,25.07,2.31,0.73,-0.33,-0.5,-0.68,0.15
A_OB_2.1999999999999997_1.0_999,25.43,2.31,0.73,-0.33,-0.5,-0.68,0.15
A_OB_2.1999999999999997_1.0_1000,20.54,2.31,0.73,-0.33,-0.5,-0.68,0.15
A_OB_2.1999999999999997_1.0_1001,24.55,2.31,0.73,-0.33,-0.5,-0.68,0.15
A_OB_2.1999999999999997_1.0_1002,23.65,2.31,0.73,-0.33,-0.5,-0.68,0.15
A_OB_2.1999999999999997_1.0_1003,24.11,2.31,0.73,-0.33,-0.5,-0.68,0.15
A_OB_2.1999999999999997_1.0_1004,25.39,2.31,0.73,-0.33,-0.5,-0.68,0.15
A_OB_2.1999999999999997_1.0_1005,20.8,2.31,0.73,-0.33,-0.5,-0.68,0.15
A_OB_2.1999999999999997_1.0_1006,24.99,2.31,0.73,-0.33,-0.5,-0.68,0.15
A_OB_2.1999999999999997_1.0_1007,22.47,2.31,0.73,-0.33,-0.5,-0.68,0.15
A_OB_2.1999999999999997_1.0_1008,25.22,2.31,0.73,-0.33,-0.5,-0.68,0.15
A_OB_2.1999999999999997_1.0_1009,24.89,2.31,0.73,-0.33,-0.5,-0.68,0.15
A_OB_2.1999999999999997_1.0_1010,22.29,2.31,0.73,-0.33,-0.5,-0.68,0.15
A_OB_2.1999999999999997_1.0_1011,25.09,2.31,0.73,-0.33,-0.5,-0.68,0.15
A_OB_2.1999999999999997_1.0_1012,25.59,2.31,0.73,-0.33,-0.5,-0.68,0.15
A_OB_2.1999999999999997_1.0_1013,22.91,2.31,0.73,-0.33,-0.5,-0.68,0.15
A_OB_2.1999999999999997_1.0_1014,23.53,2.31,0.73,-0.33,-0.5,-0.68,0.15
A_OB_2.1999999999999997_1.0_1015,24.27,2.31,0.73,-0.33,-0.5,-0.68,0.15
A_OB_2.1999999999999997_1.0_1016,25.27,2.31,0.73,-0.33,-0.5,-0.68,0.15
A_OB_2.1999999999999997_1.0_1017,24.32,2.31,0.73,-0.33,-0.5,-0.68,0.15
A_OB_2.1999999999999997_1.0_1018,25.53,2.31,0.73,-0.33,-0.5,-0.68,0.15
A_OB_2.1999999999999997_1.0_1019,24.82,2.31,0.73,-0.33,-0.5,-0.68,0.15
A_OB_2.1999999999999997_1.0_1020,24.48,2.31,0.73,-0.33,-0.5,-0.68,0.15
A_OB_2.1999999999999997_1.0_1021,24.94,2.31,0.73,-0.33,-0.5,-0.68,0.15
A_OB_2.1999999999999997_1.0_1022,16.33,2.31,0.73,-0.33,-0.5,-0.68,0.15
A_OB_2.1999999999999997_1.0_1023,25.31,2.31,0.73,-0.33,-0.5,-0.68,0.15
A_OB_2.1999999999999997_1.0_1024,24.65,2.31,0.73,-0.33,-0.5,-0.68,0.15
A_OB_2.1999999999999997_1.0_1025,24.01,2.31,0.73,-0.33,-0.5,-0.68,0.15
A_OB_2.1999999999999997_1.0_1026,25.27,2.31,0.73,-0.33,-0.5,-0.68,0.15
A_OB_2.1999999999999997_1.0_1027,25.2,2.31,0.73,-0.33,-0.5,-0.68,0.15
A_OB_2.1999999999999997_1.0_1028,25.51,2.31,0.73,-0.33,-0.5,-0.68,0.15
A_OB_2.1999999999999997_1.0_1029,24.46,2.31,0.73,-0.33,-0.5,-0.68,0.15
A_OB_2.1999999999999997_1.0_1030,25.45,2.31,0.73,-0.33,-0.5,-0.68,0.15
A_OB_2.1999999999999997_1.0_1031,24.28,2.31,0.73,-0.33,-0.5,-0.68,0.15
A_OB_2.1999999999999997_1.0_1032,21.97,2.31,0.73,-0.33,-0.5,-0.68,0.15
A_OB_2.1999999999999997_1.0_1033,23.64,2.31,0.73,-0.33,-0.5,-0.68,0.15
A_OB_2.1999999999999997_1.0_1034,25.43,2.31,0.73,-0.33,-0.5,-0.68,0.15
A_OB_2.1999999999999997_1.0_1035,25.22,2.31,0.73,-0.33,-0.5,-0.68,0.15
A_OB_2.1999999999999997_1.0_1036,25.6,2.31,0.73,-0.33,-0.5,-0.68,0.15
A_OB_2.1999999999999997_1.0_1037,24.23,2.31,0.73,-0.33,-0.5,-0.68,0.15
A_OB_2.1999999999999997_1.0_1038,24.85,2.31,0.73,-0.33,-0.5,-0.68,0.15
A_OB_2.1999999999999997_1.0_1039,24.08,2.31,0.73,-0.33,-0.5,-0.68,0.15
A_OB_2.1999999999999997_1.0_1040,24.0,2.31,0.73,-0.33,-0.5,-0.68,0.15
A_OB_2.1999999999999997_1.0_1041,20.73,2.31,0.73,-0.33,-0.5,-0.68,0.15
A_OB_2.1999999999999997_1.0_1042,25.39,2.31,0.73,-0.33,-0.5,-0.68,0.15
A_OB_2.1999999999999997_1.0_1043,25.14,2.31,0.73,-0.33,-0.5,-0.68,0.15
A_OB_2.1999999999999997_1.0_1044,24.3,2.31,0.73,-0.33,-0.5,-0.68,0.15
A_OB_2.1999999999999997_1.0_1045,24.93,2.31,0.73,-0.33,-0.5,-0.68,0.15
A_OB_2.1999999999999997_1.0_1046,21.12,2.31,0.73,-0.33,-0.5,-0.68,0.15
A_OB_2.1999999999999997_1.0_1047,23.08,2.31,0.73,-0.33,-0.5,-0.68,0.15
A_OB_2.1999999999999997_1.0_1048,25.07,2.31,0.73,-0.33,-0.5,-0.68,0.15
A_OB_2.1999999999999997_1.0_1049,25.53,2.31,0.73,-0.33,-0.5,-0.68,0.15
A_OB_2.1999999999999997_1.0_1050,24.48,2.31,0.73,-0.33,-0.5,-0.68,0.15
A_OB_2.1999999999999997_1.0_1051,24.32,2.31,0.73,-0.33,-0.5,-0.68,0.15
A_OB_2.1999999999999997_1.0_1052,24.2,2.31,0.73,-0.33,-0.5,-0.68,0.15
A_OB_2.1999999999999997_1.0_1053,25.46,2.31,0.73,-0.33,-0.5,-0.68,0.15
A_OB_2.1999999999999997_1.0_1054,23.67,2.31,0.73,-0.33,-0.5,-0.68,0.15
A_OB_2.1999999999999997_1.0_1055,25.36,2.31,0.73,-0.33,-0.5,-0.68,0.15
A_OB_2.1999999999999997_1.0_1056,24.68,2.31,0.73,-0.33,-0.5,-0.68,0.15
A_OB_2.1999999999999997_1.0_1057,25.31,2.31,0.73,-0.33,-0.5,-0.68,0.15
A_OB_2.1999999999999997_1.0_1058,25.38,2.31,0.73,-0.33,-0.5,-0.68,0.15
A_OB_2.1999999999999997_1.0_1059,22.27,2.31,0.73,-0.33,-0.5,-0.68,0.15
A_OB_2.1999999999999997_1.0_1060,23.87,2.31,0.73,-0.33,-0.5,-0.68,0.15
A_OB_2.1999999999999997_1.0_1061,23.7,2.31,0.73,-0.33,-0.5,-0.68,0.15
A_OB_2.1999999999999997_1.0_1062,20.26,2.31,0.73,-0.33,-0.5,-0.68,0.15
A_OB_2.1999999999999997_1.0_1063,21.58,2.31,0.73,-0.33,-0.5,-0.68,0.15
A_OB_2.1999999999999997_1.0_1064,25.24,2.31,0.73,-0.33,-0.5,-0.68,0.15
A_OB_2.1999999999999997_1.0_1065,24.29,2.31,0.73,-0.33,-0.5,-0.68,0.15
A_OB_2.1999999999999997_1.0_1066,24.12,2.31,0.73,-0.33,-0.5,-0.68,0.15
A_OB_2.1999999999999997_1.0_1067,25.17,2.31,0.73,-0.33,-0.5,-0.68,0.15
A_OB_2.1999999999999997_1.0_1068,24.64,2.31,0.73,-0.33,-0.5,-0.68,0.15
A_OB_2.1999999999999997_1.0_1069,24.71,2.31,0.73,-0.33,-0.5,-0.68,0.15
A_OB_2.1999999999999997_1.0_1070,25.23,2.31,0.73,-0.33,-0.5,-0.68,0.15
A_OB_2.1999999999999997_1.0_1071,23.07,2.31,0.73,-0.33,-0.5,-0.68,0.15
A_OB_2.1999999999999997_1.0_1072,25.43,2.31,0.73,-0.33,-0.5,-0.68,0.15
A_OB_2.1999999999999997_1.0_1073,22.96,2.31,0.73,-0.33,-0.5,-0.68,0.15
A_OB_2.1999999999999997_1.0_1074,23.22,2.31,0.73,-0.33,-0.5,-0.68,0.15
A_OB_2.1999999999999997_1.0_1075,25.13,2.31,0.73,-0.33,-0.5,-0.68,0.15
A_OB_2.1999999999999997_1.0_1076,25.14,2.31,0.73,-0.33,-0.5,-0.68,0.15
A_OB_2.1999999999999997_1.0_1077,23.09,2.31,0.73,-0.33,-0.5,-0.68,0.15
A_OB_2.1999999999999997_1.0_1078,25.3,2.31,0.73,-0.33,-0.5,-0.68,0.15
A_OB_2.1999999999999997_1.0_1079,24.11,2.31,0.73,-0.33,-0.5,-0.68,0.15
A_OB_2.1999999999999997_1.0_1080,25.48,2.31,0.73,-0.33,-0.5,-0.68,0.15
A_OB_2.1999999999999997_1.0_1081,25.26,2.31,0.73,-0.33,-0.5,-0.68,0.15
A_OB_2.1999999999999997_1.0_1082,25.43,2.31,0.73,-0.33,-0.5,-0.68,0.15
A_OB_2.1999999999999997_1.0_1083,24.41,2.31,0.73,-0.33,-0.5,-0.68,0.15
A_OB_2.1999999999999997_1.0_1084,25.5,2.31,0.73,-0.33,-0.5,-0.68,0.15
A_OB_2.1999999999999997_1.0_1085,21.34,2.31,0.73,-0.33,-0.5,-0.68,0.15
A_OB_2.1999999999999997_1.0_1086,16.43,2.31,0.73,-0.33,-0.5,-0.68,0.15
A_OB_2.1999999999999997_1.0_1087,24.77,2.31,0.73,-0.33,-0.5,-0.68,0.15
A_OB_2.1999999999999997_1.0_1088,24.88,2.31,0.73,-0.33,-0.5,-0.68,0.15
A_OB_2.1999999999999997_1.0_1089,21.68,2.31,0.73,-0.33,-0.5,-0.68,0.15
A_OB_2.1999999999999997_1.0_1090,25.26,2.31,0.73,-0.33,-0.5,-0.68,0.15
A_OB_2.1999999999999997_1.0_1091,23.62,2.31,0.73,-0.33,-0.5,-0.68,0.15
A_OB_2.1999999999999997_1.0_1092,24.21,2.31,0.73,-0.33,-0.5,-0.68,0.15
A_OB_2.1999999999999997_1.0_1093,25.31,2.31,0.73,-0.33,-0.5,-0.68,0.15
A_OB_2.1999999999999997_1.0_1094,24.49,2.31,0.73,-0.33,-0.5,-0.68,0.15
A_OB_2.1999999999999997_1.0_1095,24.87,2.31,0.73,-0.33,-0.5,-0.68,0.15
A_OB_2.1999999999999997_1.0_1096,24.46,2.31,0.73,-0.33,-0.5,-0.68,0.15
A_OB_2.1999999999999997_1.0_1097,24.64,2.31,0.73,-0.33,-0.5,-0.68,0.15
A_OB_2.1999999999999997_1.0_1098,25.5,2.31,0.73,-0.33,-0.5,-0.68,0.15
A_OB_2.1999999999999997_1.0_1099,24.68,2.31,0.73,-0.33,-0.5,-0.68,0.15
A_OB_2.1999999999999997_1.0_1100,25.47,2.31,0.73,-0.33,-0.5,-0.68,0.15
A_OB_2.1999999999999997_1.0_1101,25.26,2.31,0.73,-0.33,-0.5,-0.68,0.15
A_OB_2.1999999999999997_1.0_1102,24.23,2.31,0.73,-0.33,-0.5,-0.68,0.15
A_OB_2.1999999999999997_1.0_1103,24.05,2.31,0.73,-0.33,-0.5,-0.68,0.15
A_OB_2.1999999999999997_1.0_1104,23.84,2.31,0.73,-0.33,-0.5,-0.68,0.15
A_OB_2.1999999999999997_1.0_1105,23.61,2.31,0.73,-0.33,-0.5,-0.68,0.15
A_OB_2.1999999999999997_1.0_1106,24.42,2.31,0.73,-0.33,-0.5,-0.68,0.15
A_OB_2.1999999999999997_1.0_1107,25.51,2.31,0.73,-0.33,-0.5,-0.68,0.15
A_OB_2.1999999999999997_1.0_1108,25.02,2.31,0.73,-0.33,-0.5,-0.68,0.15
A_OB_2.1999999999999997_1.0_1109,24.56,2.31,0.73,-0.33,-0.5,-0.68,0.15
A_OB_2.1999999999999997_1.0_1110,25.58,2.31,0.73,-0.33,-0.5,-0.68,0.15
A_OB_2.1999999999999997_1.0_1111,25.58,2.31,0.73,-0.33,-0.5,-0.68,0.15
A_OB_2.1999999999999997_1.0_1112,24.38,2.31,0.73,-0.33,-0.5,-0.68,0.15
A_OB_2.1999999999999997_1.0_1113,25.46,2.31,0.73,-0.33,-0.5,-0.68,0.15
A_OB_2.1999999999999997_1.0_1114,25.55,2.31,0.73,-0.33,-0.5,-0.68,0.15
A_OB_2.1999999999999997_1.0_1115,22.57,2.31,0.73,-0.33,-0.5,-0.68,0.15
A_OB_2.1999999999999997_1.0_1116,25.24,2.31,0.73,-0.33,-0.5,-0.68,0.15
A_OB_2.1999999999999997_1.0_1117,25.49,2.31,0.73,-0.33,-0.5,-0.68,0.15
A_OB_2.1999999999999997_1.0_1118,25.62,2.31,0.73,-0.33,-0.5,-0.68,0.15
A_OB_2.1999999999999997_1.0_1119,24.84,2.31,0.73,-0.33,-0.5,-0.68,0.15
A_OB_2.1999999999999997_1.0_1120,23.48,2.31,0.73,-0.33,-0.5,-0.68,0.15
A_OB_2.1999999999999997_1.0_1121,22.43,2.31,0.73,-0.33,-0.5,-0.68,0.15
A_OB_2.1999999999999997_1.0_1122,24.51,2.31,0.73,-0.33,-0.5,-0.68,0.15
A_OB_2.1999999999999997_1.0_1123,25.17,2.31,0.73,-0.33,-0.5,-0.68,0.15
A_OB_2.1999999999999997_1.0_1124,25.37,2.31,0.73,-0.33,-0.5,-0.68,0.15
A_OB_2.1999999999999997_1.0_1125,25.02,2.31,0.73,-0.33,-0.5,-0.68,0.15
A_OB_2.1999999999999997_1.0_1126,23.33,2.31,0.73,-0.33,-0.5,-0.68,0.15
A_OB_2.1999999999999997_1.0_1127,25.11,2.31,0.73,-0.33,-0.5,-0.68,0.15
A_OB_2.1999999999999997_1.0_1128,24.35,2.31,0.73,-0.33,-0.5,-0.68,0.15
A_OB_2.1999999999999997_1.0_1129,23.33,2.31,0.73,-0.33,-0.5,-0.68,0.15
A_OB_2.1999999999999997_1.0_1130,25.48,2.31,0.73,-0.33,-0.5,-0.68,0.15
A_OB_2.1999999999999997_1.0_1131,23.43,2.31,0.73,-0.33,-0.5,-0.68,0.15
A_OB_2.1999999999999997_1.0_1132,22.52,2.31,0.73,-0.33,-0.5,-0.68,0.15
A_OB_2.1999999999999997_1.0_1133,25.57,2.31,0.73,-0.33,-0.5,-0.68,0.15
A_OB_2.1999999999999997_1.0_1134,25.25,2.31,0.73,-0.33,-0.5,-0.68,0.15
A_OB_2.1999999999999997_1.0_1135,25.36,2.31,0.73,-0.33,-0.5,-0.68,0.15
A_OB_2.1999999999999997_1.0_1136,23.82,2.31,0.73,-0.33,-0.5,-0.68,0.15
A_OB_2.1999999999999997_1.0_1137,22.47,2.31,0.73,-0.33,-0.5,-0.68,0.15
A_OB_2.1999999999999997_1.0_1138,25.51,2.31,0.73,-0.33,-0.5,-0.68,0.15
A_OB_2.1999999999999997_1.0_1139,25.53,2.31,0.73,-0.33,-0.5,-0.68,0.15
A_OB_2.1999999999999997_1.0_1140,25.11,2.31,0.73,-0.33,-0.5,-0.68,0.15
A_OB_2.1999999999999997_1.0_1141,24.7,2.31,0.73,-0.33,-0.5,-0.68,0.15
A_OB_2.1999999999999997_1.0_1142,25.2,2.31,0.73,-0.33,-0.5,-0.68,0.15
A_OB_2.1999999999999997_1.0_1143,24.15,2.31,0.73,-0.33,-0.5,-0.68,0.15
A_OB_2.1999999999999997_1.0_1144,18.76,2.31,0.73,-0.33,-0.5,-0.68,0.15
A_OB_2.1999999999999997_1.0_1145,25.55,2.31,0.73,-0.33,-0.5,-0.68,0.15
A_OB_2.1999999999999997_1.0_1146,24.52,2.31,0.73,-0.33,-0.5,-0.68,0.15
A_OB_2.1999999999999997_1.0_1147,24.93,2.31,0.73,-0.33,-0.5,-0.68,0.15
A_OB_2.1999999999999997_1.0_1148,23.67,2.31,0.73,-0.33,-0.5,-0.68,0.15
A_OB_2.1999999999999997_1.0_1149,24.35,2.31,0.73,-0.33,-0.5,-0.68,0.15
A_OB_2.1999999999999997_1.0_1150,24.48,2.31,0.73,-0.33,-0.5,-0.68,0.15
A_OB_2.1999999999999997_1.0_1151,25.4,2.31,0.73,-0.33,-0.5,-0.68,0.15
A_OB_2.1999999999999997_1.0_1152,25.51,2.31,0.73,-0.33,-0.5,-0.68,0.15
A_OB_2.1999999999999997_1.0_1153,25.27,2.31,0.73,-0.33,-0.5,-0.68,0.15
A_OB_2.1999999999999997_1.0_1154,25.3,2.31,0.73,-0.33,-0.5,-0.68,0.15
A_OB_2.1999999999999997_1.0_1155,18.61,2.31,0.73,-0.33,-0.5,-0.68,0.15
A_OB_2.1999999999999997_1.0_1156,24.36,2.31,0.73,-0.33,-0.5,-0.68,0.15
A_OB_2.1999999999999997_1.0_1157,24.78,2.31,0.73,-0.33,-0.5,-0.68,0.15
A_OB_2.1999999999999997_1.0_1158,25.55,2.31,0.73,-0.33,-0.5,-0.68,0.15
A_OB_2.1999999999999997_1.0_1159,21.55,2.31,0.73,-0.33,-0.5,-0.68,0.15
A_OB_2.1999999999999997_1.0_1160,24.8,2.31,0.73,-0.33,-0.5,-0.68,0.15
A_OB_2.1999999999999997_1.0_1161,25.6,2.31,0.73,-0.33,-0.5,-0.68,0.15
A_OB_2.1999999999999997_1.0_1162,25.21,2.31,0.73,-0.33,-0.5,-0.68,0.15
A_OB_2.1999999999999997_1.0_1163,22.78,2.31,0.73,-0.33,-0.5,-0.68,0.15
A_OB_2.1999999999999997_1.0_1164,23.86,2.31,0.73,-0.33,-0.5,-0.68,0.15
A_OB_2.1999999999999997_1.0_1165,25.28,2.31,0.73,-0.33,-0.5,-0.68,0.15
A_OB_2.1999999999999997_1.0_1166,25.38,2.31,0.73,-0.33,-0.5,-0.68,0.15
A_OB_2.1999999999999997_1.0_1167,23.98,2.31,0.73,-0.33,-0.5,-0.68,0.15
A_OB_2.1999999999999997_1.0_1168,24.44,2.31,0.73,-0.33,-0.5,-0.68,0.15
A_OB_2.1999999999999997_1.0_1169,24.64,2.31,0.73,-0.33,-0.5,-0.68,0.15
A_OB_2.1999999999999997_1.0_1170,24.87,2.31,0.73,-0.33,-0.5,-0.68,0.15
A_OB_2.1999999999999997_1.0_1171,23.64,2.31,0.73,-0.33,-0.5,-0.68,0.15
A_OB_2.1999999999999997_1.0_1172,25.57,2.31,0.73,-0.33,-0.5,-0.68,0.15
A_OB_2.1999999999999997_1.0_1173,25.61,2.31,0.73,-0.33,-0.5,-0.68,0.15
A_OB_2.1999999999999997_1.0_1174,25.35,2.31,0.73,-0.33,-0.5,-0.68,0.15
A_OB_2.1999999999999997_1.0_1175,21.58,2.31,0.73,-0.33,-0.5,-0.68,0.15
A_OB_2.1999999999999997_1.0_1176,22.83,2.31,0.73,-0.33,-0.5,-0.68,0.15
A_OB_2.1999999999999997_1.0_1177,25.54,2.31,0.73,-0.33,-0.5,-0.68,0.15
A_OB_2.1999999999999997_1.0_1178,24.42,2.31,0.73,-0.33,-0.5,-0.68,0.15
A_OB_2.1999999999999997_1.0_1179,25.14,2.31,0.73,-0.33,-0.5,-0.68,0.15
A_OB_2.1999999999999997_1.0_1180,21.55,2.31,0.73,-0.33,-0.5,-0.68,0.15
A_OB_2.1999999999999997_1.0_1181,23.5,2.31,0.73,-0.33,-0.5,-0.68,0.15
A_OB_2.1999999999999997_1.0_1182,24.67,2.31,0.73,-0.33,-0.5,-0.68,0.15
A_OB_2.1999999999999997_1.0_1183,20.33,2.31,0.73,-0.33,-0.5,-0.68,0.15
A_OB_2.1999999999999997_1.0_1184,23.79,2.31,0.73,-0.33,-0.5,-0.68,0.15
A_OB_2.1999999999999997_1.0_1185,25.37,2.31,0.73,-0.33,-0.5,-0.68,0.15
A_OB_2.1999999999999997_1.0_1186,24.26,2.31,0.73,-0.33,-0.5,-0.68,0.15
A_OB_2.1999999999999997_1.0_1187,24.51,2.31,0.73,-0.33,-0.5,-0.68,0.15
A_OB_2.1999999999999997_1.0_1188,22.44,2.31,0.73,-0.33,-0.5,-0.68,0.15
A_OB_2.1999999999999997_1.0_1189,24.97,2.31,0.73,-0.33,-0.5,-0.68,0.15
A_OB_2.1999999999999997_1.0_1190,24.56,2.31,0.73,-0.33,-0.5,-0.68,0.15
A_OB_2.1999999999999997_1.0_1191,25.55,2.31,0.73,-0.33,-0.5,-0.68,0.15
A_OB_2.1999999999999997_1.0_1192,23.97,2.31,0.73,-0.33,-0.5,-0.68,0.15
A_OB_2.1999999999999997_1.0_1193,23.22,2.31,0.73,-0.33,-0.5,-0.68,0.15
A_OB_2.1999999999999997_1.0_1194,24.98,2.31,0.73,-0.33,-0.5,-0.68,0.15
A_OB_2.1999999999999997_1.0_1195,24.3,2.31,0.73,-0.33,-0.5,-0.68,0.15
A_OB_2.1999999999999997_1.0_1196,25.57,2.31,0.73,-0.33,-0.5,-0.68,0.15
A_OB_2.1999999999999997_1.0_1197,23.29,2.31,0.73,-0.33,-0.5,-0.68,0.15
A_OB_2.1999999999999997_1.0_1198,25.49,2.31,0.73,-0.33,-0.5,-0.68,0.15
A_OB_2.1999999999999997_1.0_1199,24.74,2.31,0.73,-0.33,-0.5,-0.68,0.15
A_OB_2.1999999999999997_1.0_1200,24.92,2.31,0.73,-0.33,-0.5,-0.68,0.15
A_OB_2.1999999999999997_1.0_1201,24.82,2.31,0.73,-0.33,-0.5,-0.68,0.15
A_OB_2.1999999999999997_1.0_1202,23.31,2.31,0.73,-0.33,-0.5,-0.68,0.15
A_OB_2.1999999999999997_1.0_1203,24.27,2.31,0.73,-0.33,-0.5,-0.68,0.15
A_OB_2.1999999999999997_1.0_1204,21.92,2.31,0.73,-0.33,-0.5,-0.68,0.15
A_OB_2.1999999999999997_1.0_1205,25.49,2.31,0.73,-0.33,-0.5,-0.68,0.15
A_OB_2.1999999999999997_1.0_1206,25.53,2.31,0.73,-0.33,-0.5,-0.68,0.15
A_OB_2.1999999999999997_1.0_1207,25.4,2.31,0.73,-0.33,-0.5,-0.68,0.15
A_OB_2.1999999999999997_1.0_1208,22.86,2.31,0.73,-0.33,-0.5,-0.68,0.15
A_OB_2.1999999999999997_1.0_1209,25.41,2.31,0.73,-0.33,-0.5,-0.68,0.15
A_OB_2.1999999999999997_1.0_1210,25.45,2.31,0.73,-0.33,-0.5,-0.68,0.15
A_OB_2.1999999999999997_1.0_1211,25.07,2.31,0.73,-0.33,-0.5,-0.68,0.15
A_OB_2.1999999999999997_1.0_1212,23.39,2.31,0.73,-0.33,-0.5,-0.68,0.15
A_OB_2.1999999999999997_1.0_1213,25.22,2.31,0.73,-0.33,-0.5,-0.68,0.15
A_OB_2.1999999999999997_1.0_1214,25.52,2.31,0.73,-0.33,-0.5,-0.68,0.15
A_OB_2.1999999999999997_1.0_1215,24.64,2.31,0.73,-0.33,-0.5,-0.68,0.15
A_OB_2.1999999999999997_1.0_1216,23.12,2.31,0.73,-0.33,-0.5,-0.68,0.15
A_OB_2.1999999999999997_1.0_1217,25.52,2.31,0.73,-0.33,-0.5,-0.68,0.15
A_OB_2.1999999999999997_1.0_1218,21.36,2.31,0.73,-0.33,-0.5,-0.68,0.15
A_OB_2.1999999999999997_1.0_1219,24.05,2.31,0.73,-0.33,-0.5,-0.68,0.15
A_OB_2.1999999999999997_1.0_1220,24.84,2.31,0.73,-0.33,-0.5,-0.68,0.15
A_OB_2.1999999999999997_1.0_1221,21.37,2.31,0.73,-0.33,-0.5,-0.68,0.15
A_OB_2.1999999999999997_1.0_1222,25.27,2.31,0.73,-0.33,-0.5,-0.68,0.15
