ObjID,H_g,u-r,g-r,i-r,z-r,y-r,GS
A_OB_1.5999999999999999_1.0_0,24.42,2.31,0.73,-0.33,-0.5,-0.68,0.15
A_OB_1.5999999999999999_1.0_1,24.97,2.31,0.73,-0.33,-0.5,-0.68,0.15
A_OB_1.5999999999999999_1.0_2,22.29,2.31,0.73,-0.33,-0.5,-0.68,0.15
A_OB_1.5999999999999999_1.0_3,24.04,2.31,0.73,-0.33,-0.5,-0.68,0.15
A_OB_1.5999999999999999_1.0_4,23.3,2.31,0.73,-0.33,-0.5,-0.68,0.15
A_OB_1.5999999999999999_1.0_5,24.63,2.31,0.73,-0.33,-0.5,-0.68,0.15
A_OB_1.5999999999999999_1.0_6,24.37,2.31,0.73,-0.33,-0.5,-0.68,0.15
A_OB_1.5999999999999999_1.0_7,23.98,2.31,0.73,-0.33,-0.5,-0.68,0.15
A_OB_1.5999999999999999_1.0_8,25.53,2.31,0.73,-0.33,-0.5,-0.68,0.15
A_OB_1.5999999999999999_1.0_9,23.66,2.31,0.73,-0.33,-0.5,-0.68,0.15
A_OB_1.5999999999999999_1.0_10,24.59,2.31,0.73,-0.33,-0.5,-0.68,0.15
A_OB_1.5999999999999999_1.0_11,22.56,2.31,0.73,-0.33,-0.5,-0.68,0.15
A_OB_1.5999999999999999_1.0_12,25.02,2.31,0.73,-0.33,-0.5,-0.68,0.15
A_OB_1.5999999999999999_1.0_13,22.59,2.31,0.73,-0.33,-0.5,-0.68,0.15
A_OB_1.5999999999999999_1.0_14,20.83,2.31,0.73,-0.33,-0.5,-0.68,0.15
A_OB_1.5999999999999999_1.0_15,24.79,2.31,0.73,-0.33,-0.5,-0.68,0.15
A_OB_1.5999999999999999_1.0_16,19.5,2.31,0.73,-0.33,-0.5,-0.68,0.15
A_OB_1.5999999999999999_1.0_17,25.23,2.31,0.73,-0.33,-0.5,-0.68,0.15
A_OB_1.5999999999999999_1.0_18,22.08,2.31,0.73,-0.33,-0.5,-0.68,0.15
A_OB_1.5999999999999999_1.0_19,25.49,2.31,0.73,-0.33,-0.5,-0.68,0.15
A_OB_1.5999999999999999_1.0_20,24.19,2.31,0.73,-0.33,-0.5,-0.68,0.15
A_OB_1.5999999999999999_1.0_21,24.31,2.31,0.73,-0.33,-0.5,-0.68,0.15
A_OB_1.5999999999999999_1.0_22,20.25,2.31,0.73,-0.33,-0.5,-0.68,0.15
A_OB_1.5999999999999999_1.0_23,25.4,2.31,0.73,-0.33,-0.5,-0.68,0.15
A_OB_1.5999999999999999_1.0_24,25.11,2.31,0.73,-0.33,-0.5,-0.68,0.15
A_OB_1.5999999999999999_1.0_25,25.5,2.31,0.73,-0.33,-0.5,-0.68,0.15
A_OB_1.5999999999999999_1.0_26,25.27,2.31,0.73,-0.33,-0.5,-0.68,0.15
A_OB_1.5999999999999999_1.0_27,23.55,2.31,0.73,-0.33,-0.5,-0.68,0.15
A_OB_1.5999999999999999_1.0_28,23.65,2.31,0.73,-0.33,-0.5,-0.68,0.15
A_OB_1.5999999999999999_1.0_29,25.57,2.31,0.73,-0.33,-0.5,-0.68,0.15
A_OB_1.5999999999999999_1.0_30,24.3,2.31,0.73,-0.33,-0.5,-0.68,0.15
A_OB_1.5999999999999999_1.0_31,24.99,2.31,0.73,-0.33,-0.5,-0.68,0.15
A_OB_1.5999999999999999_1.0_32,23.15,2.31,0.73,-0.33,-0.5,-0.68,0.15
A_OB_1.5999999999999999_1.0_33,25.34,2.31,0.73,-0.33,-0.5,-0.68,0.15
A_OB_1.5999999999999999_1.0_34,23.49,2.31,0.73,-0.33,-0.5,-0.68,0.15
A_OB_1.5999999999999999_1.0_35,23.68,2.31,0.73,-0.33,-0.5,-0.68,0.15
A_OB_1.5999999999999999_1.0_36,25.27,2.31,0.73,-0.33,-0.5,-0.68,0.15
A_OB_1.5999999999999999_1.0_37,24.33,2.31,0.73,-0.33,-0.5,-0.68,0.15
A_OB_1.5999999999999999_1.0_38,23.99,2.31,0.73,-0.33,-0.5,-0.68,0.15
A_OB_1.5999999999999999_1.0_39,25.35,2.31,0.73,-0.33,-0.5,-0.68,0.15
A_OB_1.5999999999999999_1.0_40,25.49,2.31,0.73,-0.33,-0.5,-0.68,0.15
A_OB_1.5999999999999999_1.0_41,24.5,2.31,0.73,-0.33,-0.5,-0.68,0.15
A_OB_1.5999999999999999_1.0_42,24.28,2.31,0.73,-0.33,-0.5,-0.68,0.15
A_OB_1.5999999999999999_1.0_43,22.28,2.31,0.73,-0.33,-0.5,-0.68,0.15
A_OB_1.5999999999999999_1.0_44,23.64,2.31,0.73,-0.33,-0.5,-0.68,0.15
A_OB_1.5999999999999999_1.0_45,25.62,2.31,0.73,-0.33,-0.5,-0.68,0.15
A_OB_1.5999999999999999_1.0_46,24.99,2.31,0.73,-0.33,-0.5,-0.68,0.15
A_OB_1.5999999999999999_1.0_47,25.56,2.31,0.73,-0.33,-0.5,-0.68,0.15
A_OB_1.5999999999999999_1.0_48,20.7,2.31,0.73,-0.33,-0.5,-0.68,0.15
A_OB_1.5999999999999999_1.0_49,22.94,2.31,0.73,-0.33,-0.5,-0.68,0.15
A_OB_1.5999999999999999_1.0_50,25.61,2.31,0.73,-0.33,-0.5,-0.68,0.15
A_OB_1.5999999999999999_1.0_51,25.21,2.31,0.73,-0.33,-0.5,-0.68,0.15
A_OB_1.5999999999999999_1.0_52,24.7,2.31,0.73,-0.33,-0.5,-0.68,0.15
A_OB_1.5999999999999999_1.0_53,22.03,2.31,0.73,-0.33,-0.5,-0.68,0.15
A_OB_1.5999999999999999_1.0_54,23.07,2.31,0.73,-0.33,-0.5,-0.68,0.15
A_OB_1.5999999999999999_1.0_55,24.93,2.31,0.73,-0.33,-0.5,-0.68,0.15
A_OB_1.5999999999999999_1.0_56,25.07,2.31,0.73,-0.33,-0.5,-0.68,0.15
A_OB_1.5999999999999999_1.0_57,20.2,2.31,0.73,-0.33,-0.5,-0.68,0.15
A_OB_1.5999999999999999_1.0_58,24.94,2.31,0.73,-0.33,-0.5,-0.68,0.15
A_OB_1.5999999999999999_1.0_59,25.39,2.31,0.73,-0.33,-0.5,-0.68,0.15
A_OB_1.5999999999999999_1.0_60,24.41,2.31,0.73,-0.33,-0.5,-0.68,0.15
A_OB_1.5999999999999999_1.0_61,23.23,2.31,0.73,-0.33,-0.5,-0.68,0.15
A_OB_1.5999999999999999_1.0_62,19.76,2.31,0.73,-0.33,-0.5,-0.68,0.15
A_OB_1.5999999999999999_1.0_63,23.49,2.31,0.73,-0.33,-0.5,-0.68,0.15
A_OB_1.5999999999999999_1.0_64,24.29,2.31,0.73,-0.33,-0.5,-0.68,0.15
A_OB_1.5999999999999999_1.0_65,25.25,2.31,0.73,-0.33,-0.5,-0.68,0.15
A_OB_1.5999999999999999_1.0_66,25.35,2.31,0.73,-0.33,-0.5,-0.68,0.15
A_OB_1.5999999999999999_1.0_67,23.77,2.31,0.73,-0.33,-0.5,-0.68,0.15
A_OB_1.5999999999999999_1.0_68,24.57,2.31,0.73,-0.33,-0.5,-0.68,0.15
A_OB_1.5999999999999999_1.0_69,25.45,2.31,0.73,-0.33,-0.5,-0.68,0.15
A_OB_1.5999999999999999_1.0_70,24.92,2.31,0.73,-0.33,-0.5,-0.68,0.15
A_OB_1.5999999999999999_1.0_71,25.41,2.31,0.73,-0.33,-0.5,-0.68,0.15
A_OB_1.5999999999999999_1.0_72,20.7,2.31,0.73,-0.33,-0.5,-0.68,0.15
A_OB_1.5999999999999999_1.0_73,23.38,2.31,0.73,-0.33,-0.5,-0.68,0.15
A_OB_1.5999999999999999_1.0_74,23.2,2.31,0.73,-0.33,-0.5,-0.68,0.15
A_OB_1.5999999999999999_1.0_75,21.87,2.31,0.73,-0.33,-0.5,-0.68,0.15
A_OB_1.5999999999999999_1.0_76,23.67,2.31,0.73,-0.33,-0.5,-0.68,0.15
A_OB_1.5999999999999999_1.0_77,25.13,2.31,0.73,-0.33,-0.5,-0.68,0.15
A_OB_1.5999999999999999_1.0_78,25.16,2.31,0.73,-0.33,-0.5,-0.68,0.15
A_OB_1.5999999999999999_1.0_79,20.93,2.31,0.73,-0.33,-0.5,-0.68,0.15
A_OB_1.5999999999999999_1.0_80,24.03,2.31,0.73,-0.33,-0.5,-0.68,0.15
A_OB_1.5999999999999999_1.0_81,25.5,2.31,0.73,-0.33,-0.5,-0.68,0.15
A_OB_1.5999999999999999_1.0_82,22.32,2.31,0.73,-0.33,-0.5,-0.68,0.15
A_OB_1.5999999999999999_1.0_83,22.94,2.31,0.73,-0.33,-0.5,-0.68,0.15
A_OB_1.5999999999999999_1.0_84,21.91,2.31,0.73,-0.33,-0.5,-0.68,0.15
A_OB_1.5999999999999999_1.0_85,24.24,2.31,0.73,-0.33,-0.5,-0.68,0.15
A_OB_1.5999999999999999_1.0_86,24.4,2.31,0.73,-0.33,-0.5,-0.68,0.15
A_OB_1.5999999999999999_1.0_87,25.32,2.31,0.73,-0.33,-0.5,-0.68,0.15
A_OB_1.5999999999999999_1.0_88,22.91,2.31,0.73,-0.33,-0.5,-0.68,0.15
A_OB_1.5999999999999999_1.0_89,25.2,2.31,0.73,-0.33,-0.5,-0.68,0.15
A_OB_1.5999999999999999_1.0_90,25.17,2.31,0.73,-0.33,-0.5,-0.68,0.15
A_OB_1.5999999999999999_1.0_91,23.91,2.31,0.73,-0.33,-0.5,-0.68,0.15
A_OB_1.5999999999999999_1.0_92,22.26,2.31,0.73,-0.33,-0.5,-0.68,0.15
A_OB_1.5999999999999999_1.0_93,16.42,2.31,0.73,-0.33,-0.5,-0.68,0.15
A_OB_1.5999999999999999_1.0_94,23.87,2.31,0.73,-0.33,-0.5,-0.68,0.15
A_OB_1.5999999999999999_1.0_95,25.52,2.31,0.73,-0.33,-0.5,-0.68,0.15
A_OB_1.5999999999999999_1.0_96,21.9,2.31,0.73,-0.33,-0.5,-0.68,0.15
A_OB_1.5999999999999999_1.0_97,25.55,2.31,0.73,-0.33,-0.5,-0.68,0.15
A_OB_1.5999999999999999_1.0_98,22.23,2.31,0.73,-0.33,-0.5,-0.68,0.15
A_OB_1.5999999999999999_1.0_99,25.56,2.31,0.73,-0.33,-0.5,-0.68,0.15
A_OB_1.5999999999999999_1.0_100,24.75,2.31,0.73,-0.33,-0.5,-0.68,0.15
A_OB_1.5999999999999999_1.0_101,22.32,2.31,0.73,-0.33,-0.5,-0.68,0.15
A_OB_1.5999999999999999_1.0_102,25.01,2.31,0.73,-0.33,-0.5,-0.68,0.15
A_OB_1.5999999999999999_1.0_103,22.41,2.31,0.73,-0.33,-0.5,-0.68,0.15
A_OB_1.5999999999999999_1.0_104,24.25,2.31,0.73,-0.33,-0.5,-0.68,0.15
A_OB_1.5999999999999999_1.0_105,24.52,2.31,0.73,-0.33,-0.5,-0.68,0.15
A_OB_1.5999999999999999_1.0_106,18.1,2.31,0.73,-0.33,-0.5,-0.68,0.15
A_OB_1.5999999999999999_1.0_107,25.06,2.31,0.73,-0.33,-0.5,-0.68,0.15
A_OB_1.5999999999999999_1.0_108,19.33,2.31,0.73,-0.33,-0.5,-0.68,0.15
A_OB_1.5999999999999999_1.0_109,25.42,2.31,0.73,-0.33,-0.5,-0.68,0.15
A_OB_1.5999999999999999_1.0_110,23.87,2.31,0.73,-0.33,-0.5,-0.68,0.15
A_OB_1.5999999999999999_1.0_111,25.5,2.31,0.73,-0.33,-0.5,-0.68,0.15
A_OB_1.5999999999999999_1.0_112,16.66,2.31,0.73,-0.33,-0.5,-0.68,0.15
A_OB_1.5999999999999999_1.0_113,23.31,2.31,0.73,-0.33,-0.5,-0.68,0.15
A_OB_1.5999999999999999_1.0_114,24.05,2.31,0.73,-0.33,-0.5,-0.68,0.15
A_OB_1.5999999999999999_1.0_115,24.17,2.31,0.73,-0.33,-0.5,-0.68,0.15
A_OB_1.5999999999999999_1.0_116,25.16,2.31,0.73,-0.33,-0.5,-0.68,0.15
A_OB_1.5999999999999999_1.0_117,24.04,2.31,0.73,-0.33,-0.5,-0.68,0.15
A_OB_1.5999999999999999_1.0_118,25.1,2.31,0.73,-0.33,-0.5,-0.68,0.15
A_OB_1.5999999999999999_1.0_119,24.89,2.31,0.73,-0.33,-0.5,-0.68,0.15
A_OB_1.5999999999999999_1.0_120,25.18,2.31,0.73,-0.33,-0.5,-0.68,0.15
A_OB_1.5999999999999999_1.0_121,25.54,2.31,0.73,-0.33,-0.5,-0.68,0.15
A_OB_1.5999999999999999_1.0_122,24.58,2.31,0.73,-0.33,-0.5,-0.68,0.15
A_OB_1.5999999999999999_1.0_123,24.61,2.31,0.73,-0.33,-0.5,-0.68,0.15
A_OB_1.5999999999999999_1.0_124,21.76,2.31,0.73,-0.33,-0.5,-0.68,0.15
A_OB_1.5999999999999999_1.0_125,25.32,2.31,0.73,-0.33,-0.5,-0.68,0.15
A_OB_1.5999999999999999_1.0_126,25.5,2.31,0.73,-0.33,-0.5,-0.68,0.15
A_OB_1.5999999999999999_1.0_127,24.5,2.31,0.73,-0.33,-0.5,-0.68,0.15
A_OB_1.5999999999999999_1.0_128,25.04,2.31,0.73,-0.33,-0.5,-0.68,0.15
A_OB_1.5999999999999999_1.0_129,25.29,2.31,0.73,-0.33,-0.5,-0.68,0.15
A_OB_1.5999999999999999_1.0_130,20.65,2.31,0.73,-0.33,-0.5,-0.68,0.15
A_OB_1.5999999999999999_1.0_131,24.91,2.31,0.73,-0.33,-0.5,-0.68,0.15
A_OB_1.5999999999999999_1.0_132,22.15,2.31,0.73,-0.33,-0.5,-0.68,0.15
A_OB_1.5999999999999999_1.0_133,22.11,2.31,0.73,-0.33,-0.5,-0.68,0.15
A_OB_1.5999999999999999_1.0_134,24.56,2.31,0.73,-0.33,-0.5,-0.68,0.15
A_OB_1.5999999999999999_1.0_135,23.84,2.31,0.73,-0.33,-0.5,-0.68,0.15
A_OB_1.5999999999999999_1.0_136,21.29,2.31,0.73,-0.33,-0.5,-0.68,0.15
A_OB_1.5999999999999999_1.0_137,25.61,2.31,0.73,-0.33,-0.5,-0.68,0.15
A_OB_1.5999999999999999_1.0_138,24.49,2.31,0.73,-0.33,-0.5,-0.68,0.15
A_OB_1.5999999999999999_1.0_139,15.14,2.31,0.73,-0.33,-0.5,-0.68,0.15
A_OB_1.5999999999999999_1.0_140,25.14,2.31,0.73,-0.33,-0.5,-0.68,0.15
A_OB_1.5999999999999999_1.0_141,15.58,2.31,0.73,-0.33,-0.5,-0.68,0.15
A_OB_1.5999999999999999_1.0_142,25.58,2.31,0.73,-0.33,-0.5,-0.68,0.15
A_OB_1.5999999999999999_1.0_143,25.23,2.31,0.73,-0.33,-0.5,-0.68,0.15
A_OB_1.5999999999999999_1.0_144,13.18,2.31,0.73,-0.33,-0.5,-0.68,0.15
A_OB_1.5999999999999999_1.0_145,17.48,2.31,0.73,-0.33,-0.5,-0.68,0.15
A_OB_1.5999999999999999_1.0_146,25.08,2.31,0.73,-0.33,-0.5,-0.68,0.15
A_OB_1.5999999999999999_1.0_147,24.84,2.31,0.73,-0.33,-0.5,-0.68,0.15
A_OB_1.5999999999999999_1.0_148,25.52,2.31,0.73,-0.33,-0.5,-0.68,0.15
A_OB_1.5999999999999999_1.0_149,22.96,2.31,0.73,-0.33,-0.5,-0.68,0.15
A_OB_1.5999999999999999_1.0_150,24.82,2.31,0.73,-0.33,-0.5,-0.68,0.15
A_OB_1.5999999999999999_1.0_151,23.89,2.31,0.73,-0.33,-0.5,-0.68,0.15
A_OB_1.5999999999999999_1.0_152,20.58,2.31,0.73,-0.33,-0.5,-0.68,0.15
A_OB_1.5999999999999999_1.0_153,16.65,2.31,0.73,-0.33,-0.5,-0.68,0.15
A_OB_1.5999999999999999_1.0_154,23.86,2.31,0.73,-0.33,-0.5,-0.68,0.15
A_OB_1.5999999999999999_1.0_155,16.01,2.31,0.73,-0.33,-0.5,-0.68,0.15
A_OB_1.5999999999999999_1.0_156,22.67,2.31,0.73,-0.33,-0.5,-0.68,0.15
A_OB_1.5999999999999999_1.0_157,22.53,2.31,0.73,-0.33,-0.5,-0.68,0.15
A_OB_1.5999999999999999_1.0_158,24.24,2.31,0.73,-0.33,-0.5,-0.68,0.15
A_OB_1.5999999999999999_1.0_159,24.98,2.31,0.73,-0.33,-0.5,-0.68,0.15
A_OB_1.5999999999999999_1.0_160,24.6,2.31,0.73,-0.33,-0.5,-0.68,0.15
A_OB_1.5999999999999999_1.0_161,22.24,2.31,0.73,-0.33,-0.5,-0.68,0.15
A_OB_1.5999999999999999_1.0_162,24.17,2.31,0.73,-0.33,-0.5,-0.68,0.15
A_OB_1.5999999999999999_1.0_163,23.9,2.31,0.73,-0.33,-0.5,-0.68,0.15
A_OB_1.5999999999999999_1.0_164,24.18,2.31,0.73,-0.33,-0.5,-0.68,0.15
A_OB_1.5999999999999999_1.0_165,22.35,2.31,0.73,-0.33,-0.5,-0.68,0.15
A_OB_1.5999999999999999_1.0_166,21.42,2.31,0.73,-0.33,-0.5,-0.68,0.15
A_OB_1.5999999999999999_1.0_167,25.05,2.31,0.73,-0.33,-0.5,-0.68,0.15
A_OB_1.5999999999999999_1.0_168,18.81,2.31,0.73,-0.33,-0.5,-0.68,0.15
A_OB_1.5999999999999999_1.0_169,25.36,2.31,0.73,-0.33,-0.5,-0.68,0.15
A_OB_1.5999999999999999_1.0_170,24.09,2.31,0.73,-0.33,-0.5,-0.68,0.15
A_OB_1.5999999999999999_1.0_171,24.64,2.31,0.73,-0.33,-0.5,-0.68,0.15
A_OB_1.5999999999999999_1.0_172,23.59,2.31,0.73,-0.33,-0.5,-0.68,0.15
A_OB_1.5999999999999999_1.0_173,24.83,2.31,0.73,-0.33,-0.5,-0.68,0.15
A_OB_1.5999999999999999_1.0_174,22.54,2.31,0.73,-0.33,-0.5,-0.68,0.15
A_OB_1.5999999999999999_1.0_175,25.43,2.31,0.73,-0.33,-0.5,-0.68,0.15
A_OB_1.5999999999999999_1.0_176,16.8,2.31,0.73,-0.33,-0.5,-0.68,0.15
A_OB_1.5999999999999999_1.0_177,22.08,2.31,0.73,-0.33,-0.5,-0.68,0.15
A_OB_1.5999999999999999_1.0_178,25.4,2.31,0.73,-0.33,-0.5,-0.68,0.15
A_OB_1.5999999999999999_1.0_179,22.07,2.31,0.73,-0.33,-0.5,-0.68,0.15
A_OB_1.5999999999999999_1.0_180,25.03,2.31,0.73,-0.33,-0.5,-0.68,0.15
A_OB_1.5999999999999999_1.0_181,24.43,2.31,0.73,-0.33,-0.5,-0.68,0.15
A_OB_1.5999999999999999_1.0_182,25.21,2.31,0.73,-0.33,-0.5,-0.68,0.15
A_OB_1.5999999999999999_1.0_183,24.22,2.31,0.73,-0.33,-0.5,-0.68,0.15
A_OB_1.5999999999999999_1.0_184,24.8,2.31,0.73,-0.33,-0.5,-0.68,0.15
A_OB_1.5999999999999999_1.0_185,22.27,2.31,0.73,-0.33,-0.5,-0.68,0.15
A_OB_1.5999999999999999_1.0_186,21.31,2.31,0.73,-0.33,-0.5,-0.68,0.15
A_OB_1.5999999999999999_1.0_187,24.57,2.31,0.73,-0.33,-0.5,-0.68,0.15
A_OB_1.5999999999999999_1.0_188,24.89,2.31,0.73,-0.33,-0.5,-0.68,0.15
A_OB_1.5999999999999999_1.0_189,22.18,2.31,0.73,-0.33,-0.5,-0.68,0.15
A_OB_1.5999999999999999_1.0_190,23.12,2.31,0.73,-0.33,-0.5,-0.68,0.15
A_OB_1.5999999999999999_1.0_191,24.32,2.31,0.73,-0.33,-0.5,-0.68,0.15
A_OB_1.5999999999999999_1.0_192,25.32,2.31,0.73,-0.33,-0.5,-0.68,0.15
A_OB_1.5999999999999999_1.0_193,24.03,2.31,0.73,-0.33,-0.5,-0.68,0.15
A_OB_1.5999999999999999_1.0_194,24.8,2.31,0.73,-0.33,-0.5,-0.68,0.15
A_OB_1.5999999999999999_1.0_195,25.34,2.31,0.73,-0.33,-0.5,-0.68,0.15
A_OB_1.5999999999999999_1.0_196,24.98,2.31,0.73,-0.33,-0.5,-0.68,0.15
A_OB_1.5999999999999999_1.0_197,22.01,2.31,0.73,-0.33,-0.5,-0.68,0.15
A_OB_1.5999999999999999_1.0_198,25.61,2.31,0.73,-0.33,-0.5,-0.68,0.15
A_OB_1.5999999999999999_1.0_199,23.12,2.31,0.73,-0.33,-0.5,-0.68,0.15
A_OB_1.5999999999999999_1.0_200,25.39,2.31,0.73,-0.33,-0.5,-0.68,0.15
A_OB_1.5999999999999999_1.0_201,24.97,2.31,0.73,-0.33,-0.5,-0.68,0.15
A_OB_1.5999999999999999_1.0_202,25.28,2.31,0.73,-0.33,-0.5,-0.68,0.15
A_OB_1.5999999999999999_1.0_203,19.66,2.31,0.73,-0.33,-0.5,-0.68,0.15
A_OB_1.5999999999999999_1.0_204,22.56,2.31,0.73,-0.33,-0.5,-0.68,0.15
A_OB_1.5999999999999999_1.0_205,25.59,2.31,0.73,-0.33,-0.5,-0.68,0.15
A_OB_1.5999999999999999_1.0_206,24.91,2.31,0.73,-0.33,-0.5,-0.68,0.15
A_OB_1.5999999999999999_1.0_207,22.13,2.31,0.73,-0.33,-0.5,-0.68,0.15
A_OB_1.5999999999999999_1.0_208,25.6,2.31,0.73,-0.33,-0.5,-0.68,0.15
A_OB_1.5999999999999999_1.0_209,24.88,2.31,0.73,-0.33,-0.5,-0.68,0.15
A_OB_1.5999999999999999_1.0_210,24.69,2.31,0.73,-0.33,-0.5,-0.68,0.15
A_OB_1.5999999999999999_1.0_211,25.35,2.31,0.73,-0.33,-0.5,-0.68,0.15
A_OB_1.5999999999999999_1.0_212,25.57,2.31,0.73,-0.33,-0.5,-0.68,0.15
A_OB_1.5999999999999999_1.0_213,24.52,2.31,0.73,-0.33,-0.5,-0.68,0.15
A_OB_1.5999999999999999_1.0_214,21.32,2.31,0.73,-0.33,-0.5,-0.68,0.15
A_OB_1.5999999999999999_1.0_215,23.66,2.31,0.73,-0.33,-0.5,-0.68,0.15
A_OB_1.5999999999999999_1.0_216,21.38,2.31,0.73,-0.33,-0.5,-0.68,0.15
A_OB_1.5999999999999999_1.0_217,25.24,2.31,0.73,-0.33,-0.5,-0.68,0.15
A_OB_1.5999999999999999_1.0_218,19.07,2.31,0.73,-0.33,-0.5,-0.68,0.15
A_OB_1.5999999999999999_1.0_219,24.28,2.31,0.73,-0.33,-0.5,-0.68,0.15
A_OB_1.5999999999999999_1.0_220,25.51,2.31,0.73,-0.33,-0.5,-0.68,0.15
A_OB_1.5999999999999999_1.0_221,20.27,2.31,0.73,-0.33,-0.5,-0.68,0.15
A_OB_1.5999999999999999_1.0_222,24.88,2.31,0.73,-0.33,-0.5,-0.68,0.15
A_OB_1.5999999999999999_1.0_223,25.14,2.31,0.73,-0.33,-0.5,-0.68,0.15
A_OB_1.5999999999999999_1.0_224,16.22,2.31,0.73,-0.33,-0.5,-0.68,0.15
A_OB_1.5999999999999999_1.0_225,24.4,2.31,0.73,-0.33,-0.5,-0.68,0.15
A_OB_1.5999999999999999_1.0_226,22.7,2.31,0.73,-0.33,-0.5,-0.68,0.15
A_OB_1.5999999999999999_1.0_227,20.51,2.31,0.73,-0.33,-0.5,-0.68,0.15
A_OB_1.5999999999999999_1.0_228,25.11,2.31,0.73,-0.33,-0.5,-0.68,0.15
A_OB_1.5999999999999999_1.0_229,24.44,2.31,0.73,-0.33,-0.5,-0.68,0.15
A_OB_1.5999999999999999_1.0_230,24.65,2.31,0.73,-0.33,-0.5,-0.68,0.15
A_OB_1.5999999999999999_1.0_231,24.48,2.31,0.73,-0.33,-0.5,-0.68,0.15
A_OB_1.5999999999999999_1.0_232,25.36,2.31,0.73,-0.33,-0.5,-0.68,0.15
A_OB_1.5999999999999999_1.0_233,21.09,2.31,0.73,-0.33,-0.5,-0.68,0.15
A_OB_1.5999999999999999_1.0_234,23.65,2.31,0.73,-0.33,-0.5,-0.68,0.15
A_OB_1.5999999999999999_1.0_235,24.68,2.31,0.73,-0.33,-0.5,-0.68,0.15
A_OB_1.5999999999999999_1.0_236,24.21,2.31,0.73,-0.33,-0.5,-0.68,0.15
A_OB_1.5999999999999999_1.0_237,21.74,2.31,0.73,-0.33,-0.5,-0.68,0.15
A_OB_1.5999999999999999_1.0_238,25.27,2.31,0.73,-0.33,-0.5,-0.68,0.15
A_OB_1.5999999999999999_1.0_239,23.19,2.31,0.73,-0.33,-0.5,-0.68,0.15
A_OB_1.5999999999999999_1.0_240,25.56,2.31,0.73,-0.33,-0.5,-0.68,0.15
A_OB_1.5999999999999999_1.0_241,23.96,2.31,0.73,-0.33,-0.5,-0.68,0.15
A_OB_1.5999999999999999_1.0_242,22.29,2.31,0.73,-0.33,-0.5,-0.68,0.15
A_OB_1.5999999999999999_1.0_243,25.19,2.31,0.73,-0.33,-0.5,-0.68,0.15
A_OB_1.5999999999999999_1.0_244,24.01,2.31,0.73,-0.33,-0.5,-0.68,0.15
A_OB_1.5999999999999999_1.0_245,24.31,2.31,0.73,-0.33,-0.5,-0.68,0.15
A_OB_1.5999999999999999_1.0_246,25.59,2.31,0.73,-0.33,-0.5,-0.68,0.15
A_OB_1.5999999999999999_1.0_247,24.05,2.31,0.73,-0.33,-0.5,-0.68,0.15
A_OB_1.5999999999999999_1.0_248,25.2,2.31,0.73,-0.33,-0.5,-0.68,0.15
A_OB_1.5999999999999999_1.0_249,25.2,2.31,0.73,-0.33,-0.5,-0.68,0.15
A_OB_1.5999999999999999_1.0_250,22.75,2.31,0.73,-0.33,-0.5,-0.68,0.15
A_OB_1.5999999999999999_1.0_251,24.96,2.31,0.73,-0.33,-0.5,-0.68,0.15
A_OB_1.5999999999999999_1.0_252,21.77,2.31,0.73,-0.33,-0.5,-0.68,0.15
A_OB_1.5999999999999999_1.0_253,24.72,2.31,0.73,-0.33,-0.5,-0.68,0.15
A_OB_1.5999999999999999_1.0_254,19.51,2.31,0.73,-0.33,-0.5,-0.68,0.15
A_OB_1.5999999999999999_1.0_255,23.26,2.31,0.73,-0.33,-0.5,-0.68,0.15
A_OB_1.5999999999999999_1.0_256,24.23,2.31,0.73,-0.33,-0.5,-0.68,0.15
A_OB_1.5999999999999999_1.0_257,23.13,2.31,0.73,-0.33,-0.5,-0.68,0.15
A_OB_1.5999999999999999_1.0_258,25.47,2.31,0.73,-0.33,-0.5,-0.68,0.15
A_OB_1.5999999999999999_1.0_259,25.29,2.31,0.73,-0.33,-0.5,-0.68,0.15
A_OB_1.5999999999999999_1.0_260,23.01,2.31,0.73,-0.33,-0.5,-0.68,0.15
A_OB_1.5999999999999999_1.0_261,24.08,2.31,0.73,-0.33,-0.5,-0.68,0.15
A_OB_1.5999999999999999_1.0_262,25.33,2.31,0.73,-0.33,-0.5,-0.68,0.15
A_OB_1.5999999999999999_1.0_263,20.97,2.31,0.73,-0.33,-0.5,-0.68,0.15
A_OB_1.5999999999999999_1.0_264,22.97,2.31,0.73,-0.33,-0.5,-0.68,0.15
A_OB_1.5999999999999999_1.0_265,23.29,2.31,0.73,-0.33,-0.5,-0.68,0.15
A_OB_1.5999999999999999_1.0_266,17.08,2.31,0.73,-0.33,-0.5,-0.68,0.15
A_OB_1.5999999999999999_1.0_267,25.22,2.31,0.73,-0.33,-0.5,-0.68,0.15
A_OB_1.5999999999999999_1.0_268,19.5,2.31,0.73,-0.33,-0.5,-0.68,0.15
A_OB_1.5999999999999999_1.0_269,24.55,2.31,0.73,-0.33,-0.5,-0.68,0.15
A_OB_1.5999999999999999_1.0_270,24.54,2.31,0.73,-0.33,-0.5,-0.68,0.15
A_OB_1.5999999999999999_1.0_271,24.8,2.31,0.73,-0.33,-0.5,-0.68,0.15
A_OB_1.5999999999999999_1.0_272,22.14,2.31,0.73,-0.33,-0.5,-0.68,0.15
A_OB_1.5999999999999999_1.0_273,24.45,2.31,0.73,-0.33,-0.5,-0.68,0.15
A_OB_1.5999999999999999_1.0_274,24.68,2.31,0.73,-0.33,-0.5,-0.68,0.15
A_OB_1.5999999999999999_1.0_275,24.21,2.31,0.73,-0.33,-0.5,-0.68,0.15
A_OB_1.5999999999999999_1.0_276,24.97,2.31,0.73,-0.33,-0.5,-0.68,0.15
A_OB_1.5999999999999999_1.0_277,25.49,2.31,0.73,-0.33,-0.5,-0.68,0.15
A_OB_1.5999999999999999_1.0_278,18.49,2.31,0.73,-0.33,-0.5,-0.68,0.15
A_OB_1.5999999999999999_1.0_279,13.95,2.31,0.73,-0.33,-0.5,-0.68,0.15
A_OB_1.5999999999999999_1.0_280,25.46,2.31,0.73,-0.33,-0.5,-0.68,0.15
A_OB_1.5999999999999999_1.0_281,23.81,2.31,0.73,-0.33,-0.5,-0.68,0.15
A_OB_1.5999999999999999_1.0_282,24.7,2.31,0.73,-0.33,-0.5,-0.68,0.15
A_OB_1.5999999999999999_1.0_283,24.22,2.31,0.73,-0.33,-0.5,-0.68,0.15
A_OB_1.5999999999999999_1.0_284,24.93,2.31,0.73,-0.33,-0.5,-0.68,0.15
A_OB_1.5999999999999999_1.0_285,19.79,2.31,0.73,-0.33,-0.5,-0.68,0.15
A_OB_1.5999999999999999_1.0_286,23.1,2.31,0.73,-0.33,-0.5,-0.68,0.15
A_OB_1.5999999999999999_1.0_287,25.03,2.31,0.73,-0.33,-0.5,-0.68,0.15
A_OB_1.5999999999999999_1.0_288,24.71,2.31,0.73,-0.33,-0.5,-0.68,0.15
A_OB_1.5999999999999999_1.0_289,24.65,2.31,0.73,-0.33,-0.5,-0.68,0.15
A_OB_1.5999999999999999_1.0_290,24.04,2.31,0.73,-0.33,-0.5,-0.68,0.15
A_OB_1.5999999999999999_1.0_291,25.55,2.31,0.73,-0.33,-0.5,-0.68,0.15
A_OB_1.5999999999999999_1.0_292,19.95,2.31,0.73,-0.33,-0.5,-0.68,0.15
A_OB_1.5999999999999999_1.0_293,24.11,2.31,0.73,-0.33,-0.5,-0.68,0.15
A_OB_1.5999999999999999_1.0_294,21.42,2.31,0.73,-0.33,-0.5,-0.68,0.15
A_OB_1.5999999999999999_1.0_295,25.13,2.31,0.73,-0.33,-0.5,-0.68,0.15
A_OB_1.5999999999999999_1.0_296,24.06,2.31,0.73,-0.33,-0.5,-0.68,0.15
A_OB_1.5999999999999999_1.0_297,25.29,2.31,0.73,-0.33,-0.5,-0.68,0.15
A_OB_1.5999999999999999_1.0_298,24.72,2.31,0.73,-0.33,-0.5,-0.68,0.15
A_OB_1.5999999999999999_1.0_299,22.81,2.31,0.73,-0.33,-0.5,-0.68,0.15
A_OB_1.5999999999999999_1.0_300,20.11,2.31,0.73,-0.33,-0.5,-0.68,0.15
A_OB_1.5999999999999999_1.0_301,24.88,2.31,0.73,-0.33,-0.5,-0.68,0.15
A_OB_1.5999999999999999_1.0_302,20.27,2.31,0.73,-0.33,-0.5,-0.68,0.15
A_OB_1.5999999999999999_1.0_303,25.05,2.31,0.73,-0.33,-0.5,-0.68,0.15
A_OB_1.5999999999999999_1.0_304,23.83,2.31,0.73,-0.33,-0.5,-0.68,0.15
A_OB_1.5999999999999999_1.0_305,24.77,2.31,0.73,-0.33,-0.5,-0.68,0.15
A_OB_1.5999999999999999_1.0_306,25.12,2.31,0.73,-0.33,-0.5,-0.68,0.15
A_OB_1.5999999999999999_1.0_307,24.25,2.31,0.73,-0.33,-0.5,-0.68,0.15
A_OB_1.5999999999999999_1.0_308,23.14,2.31,0.73,-0.33,-0.5,-0.68,0.15
A_OB_1.5999999999999999_1.0_309,19.32,2.31,0.73,-0.33,-0.5,-0.68,0.15
A_OB_1.5999999999999999_1.0_310,22.97,2.31,0.73,-0.33,-0.5,-0.68,0.15
A_OB_1.5999999999999999_1.0_311,25.25,2.31,0.73,-0.33,-0.5,-0.68,0.15
A_OB_1.5999999999999999_1.0_312,24.83,2.31,0.73,-0.33,-0.5,-0.68,0.15
A_OB_1.5999999999999999_1.0_313,19.32,2.31,0.73,-0.33,-0.5,-0.68,0.15
A_OB_1.5999999999999999_1.0_314,24.75,2.31,0.73,-0.33,-0.5,-0.68,0.15
A_OB_1.5999999999999999_1.0_315,21.17,2.31,0.73,-0.33,-0.5,-0.68,0.15
A_OB_1.5999999999999999_1.0_316,17.9,2.31,0.73,-0.33,-0.5,-0.68,0.15
A_OB_1.5999999999999999_1.0_317,24.85,2.31,0.73,-0.33,-0.5,-0.68,0.15
A_OB_1.5999999999999999_1.0_318,25.06,2.31,0.73,-0.33,-0.5,-0.68,0.15
A_OB_1.5999999999999999_1.0_319,24.32,2.31,0.73,-0.33,-0.5,-0.68,0.15
A_OB_1.5999999999999999_1.0_320,24.4,2.31,0.73,-0.33,-0.5,-0.68,0.15
A_OB_1.5999999999999999_1.0_321,23.85,2.31,0.73,-0.33,-0.5,-0.68,0.15
A_OB_1.5999999999999999_1.0_322,25.25,2.31,0.73,-0.33,-0.5,-0.68,0.15
A_OB_1.5999999999999999_1.0_323,25.51,2.31,0.73,-0.33,-0.5,-0.68,0.15
A_OB_1.5999999999999999_1.0_324,17.87,2.31,0.73,-0.33,-0.5,-0.68,0.15
A_OB_1.5999999999999999_1.0_325,24.92,2.31,0.73,-0.33,-0.5,-0.68,0.15
A_OB_1.5999999999999999_1.0_326,25.09,2.31,0.73,-0.33,-0.5,-0.68,0.15
A_OB_1.5999999999999999_1.0_327,24.25,2.31,0.73,-0.33,-0.5,-0.68,0.15
A_OB_1.5999999999999999_1.0_328,23.7,2.31,0.73,-0.33,-0.5,-0.68,0.15
A_OB_1.5999999999999999_1.0_329,18.43,2.31,0.73,-0.33,-0.5,-0.68,0.15
A_OB_1.5999999999999999_1.0_330,24.99,2.31,0.73,-0.33,-0.5,-0.68,0.15
A_OB_1.5999999999999999_1.0_331,25.19,2.31,0.73,-0.33,-0.5,-0.68,0.15
A_OB_1.5999999999999999_1.0_332,23.43,2.31,0.73,-0.33,-0.5,-0.68,0.15
A_OB_1.5999999999999999_1.0_333,23.64,2.31,0.73,-0.33,-0.5,-0.68,0.15
A_OB_1.5999999999999999_1.0_334,22.77,2.31,0.73,-0.33,-0.5,-0.68,0.15
A_OB_1.5999999999999999_1.0_335,25.24,2.31,0.73,-0.33,-0.5,-0.68,0.15
A_OB_1.5999999999999999_1.0_336,24.86,2.31,0.73,-0.33,-0.5,-0.68,0.15
