ObjID,FORMAT,q,e,inc,node,argPeri,t_p_MJD_TDB,epochMJD_TDB
A_OB_1.0_1.0_0,COM,0.781769,1.003309,2.294,1.094,5.991,62978.892426,60796.001439
A_OB_1.0_1.0_1,COM,0.550576,1.003541,0.815,2.424,6.117,60984.928512,60796.001439
A_OB_1.0_1.0_2,COM,3.264641,1.040853,2.04,3.438,3.975,60883.876105,60796.001439
A_OB_1.0_1.0_3,COM,0.213884,1.00387,2.901,4.022,1.075,63086.3728,60796.001439
A_OB_1.0_1.0_4,COM,0.985936,1.026408,1.6,3.262,2.9,63568.19946,60796.001439
A_OB_1.0_1.0_5,COM,0.468713,1.011479,0.691,5.404,1.755,63190.086418,60796.001439
A_OB_1.0_1.0_6,COM,1.850454,1.059212,0.5,1.389,5.071,61614.773227,60796.001439
A_OB_1.0_1.0_7,COM,0.807248,1.040191,1.859,4.627,5.843,63706.394302,60796.001439
A_OB_1.0_1.0_8,COM,0.709978,1.030949,1.186,6.257,3.35,61919.651413,60796.001439
A_OB_1.0_1.0_9,COM,8.255087,1.496721,2.51,3.864,4.016,61053.622903,60796.001439
A_OB_1.0_1.0_10,COM,0.11506,1.007917,1.862,0.565,3.875,63449.999879,60796.001439
A_OB_1.0_1.0_11,COM,1.984911,1.144795,1.788,0.667,4.24,62074.262231,60796.001439
A_OB_1.0_1.0_12,COM,0.801347,1.049631,1.524,5.727,3.499,62075.15188,60796.001439
A_OB_1.0_1.0_13,COM,0.871209,1.07947,1.697,4.168,3.544,63101.808664,60796.001439
A_OB_1.0_1.0_14,COM,8.791323,1.749895,1.472,5.854,4.945,67797.661888,60796.001439
A_OB_1.0_1.0_15,COM,2.793591,1.319057,2.364,3.431,4.267,61722.00747,60796.001439
A_OB_1.0_1.0_16,COM,0.440685,1.045077,1.615,0.853,3.525,64389.402343,60796.001439
A_OB_1.0_1.0_17,COM,1.455314,1.15849,1.813,1.719,3.038,63215.794346,60796.001439
A_OB_1.0_1.0_18,COM,1.120827,1.144796,1.496,2.077,5.018,64400.107681,60796.001439
A_OB_1.0_1.0_19,COM,5.279001,1.682647,1.124,4.87,2.916,58778.628196,60796.001439
A_OB_1.0_1.0_20,COM,22.342275,3.688741,1.391,1.917,1.655,63222.447252,60796.001439
A_OB_1.0_1.0_21,COM,1.363142,1.168901,2.969,3.625,4.047,64261.57512,60796.001439
A_OB_1.0_1.0_22,COM,0.51664,1.061641,2.425,1.16,4.139,62005.729612,60796.001439
A_OB_1.0_1.0_23,COM,0.598766,1.096622,2.282,2.771,3.498,60759.116291,60796.001439
A_OB_1.0_1.0_24,COM,1.333956,1.215351,0.7,1.183,4.26,62597.32636,60796.001439
A_OB_1.0_1.0_25,COM,0.974272,1.157221,1.123,3.945,2.65,63201.959165,60796.001439
A_OB_1.0_1.0_26,COM,1.359366,1.200669,1.461,2.901,4.215,62508.259503,60796.001439
A_OB_1.0_1.0_27,COM,1.260026,1.208899,0.619,1.721,5.673,61859.718903,60796.001439
A_OB_1.0_1.0_28,COM,4.948407,1.870096,1.666,0.114,3.59,66685.508238,60796.001439
A_OB_1.0_1.0_29,COM,1.438892,1.271778,2.088,0.26,4.061,61734.833142,60796.001439
A_OB_1.0_1.0_30,COM,2.512043,1.465839,0.485,1.72,4.394,64585.198348,60796.001439
A_OB_1.0_1.0_31,COM,0.605355,1.119762,1.776,5.413,3.33,61086.901912,60796.001439
A_OB_1.0_1.0_32,COM,0.401336,1.086524,1.823,4.405,3.379,63478.61938,60796.001439
A_OB_1.0_1.0_33,COM,1.221165,1.260232,1.011,4.66,1.9,63623.975133,60796.001439
A_OB_1.0_1.0_34,COM,0.621059,1.139118,2.756,0.907,6.109,62980.834123,60796.001439
A_OB_1.0_1.0_35,COM,0.502187,1.115895,0.617,3.821,5.508,62349.061102,60796.001439
A_OB_1.0_1.0_36,COM,0.655769,1.155436,2.63,4.155,3.262,60748.738544,60796.001439
A_OB_1.0_1.0_37,COM,8.843094,3.235475,1.968,4.993,4.164,66966.643949,60796.001439
A_OB_1.0_1.0_38,COM,1.414625,1.339253,0.771,3.939,2.849,63954.341221,60796.001439
A_OB_1.0_1.0_39,COM,1.924964,1.53034,1.164,5.333,2.996,64306.137356,60796.001439
A_OB_1.0_1.0_40,COM,1.016945,1.277327,1.847,2.259,4.43,62757.652085,60796.001439
A_OB_1.0_1.0_41,COM,0.243552,1.067417,0.812,2.278,4.873,62201.685913,60796.001439
A_OB_1.0_1.0_42,COM,31.803449,10.023645,2.065,1.418,4.356,64382.793038,60796.001439
A_OB_1.0_1.0_43,COM,44.190913,13.047075,2.424,0.439,3.285,64639.297049,60796.001439
A_OB_1.0_1.0_44,COM,0.395453,1.110209,0.324,2.096,4.786,64195.4495,60796.001439
A_OB_1.0_1.0_45,COM,1.527532,1.460109,0.628,3.238,3.641,61653.148076,60796.001439
A_OB_1.0_1.0_46,COM,18.480778,6.45798,1.169,1.574,4.144,63923.189115,60796.001439
A_OB_1.0_1.0_47,COM,0.882979,1.280543,1.101,1.115,4.573,62226.271818,60796.001439
A_OB_1.0_1.0_48,COM,0.775799,1.237357,0.646,2.162,5.447,63990.720114,60796.001439
A_OB_1.0_1.0_49,COM,1.902143,1.675535,1.828,5.285,3.232,64016.19608,60796.001439
A_OB_1.0_1.0_50,COM,1.426257,1.520044,0.37,1.983,4.79,63952.312059,60796.001439
A_OB_1.0_1.0_51,COM,0.894181,1.306618,2.451,5.044,4.35,62732.398586,60796.001439
A_OB_1.0_1.0_52,COM,8.434051,4.077812,0.317,2.914,3.318,61153.585798,60796.001439
A_OB_1.0_1.0_53,COM,19.388905,7.599032,1.921,1.166,3.875,62785.608735,60796.001439
A_OB_1.0_1.0_54,COM,0.126145,1.044339,0.711,1.832,4.757,64302.608173,60796.001439
A_OB_1.0_1.0_55,COM,8.007143,4.094761,0.374,1.449,4.379,65053.47303,60796.001439
A_OB_1.0_1.0_56,COM,22.858708,9.510347,1.125,5.405,1.78,60060.520852,60796.001439
A_OB_1.0_1.0_57,COM,43.595739,17.728634,1.126,2.798,4.416,64688.493437,60796.001439
A_OB_1.0_1.0_58,COM,0.937631,1.378372,2.505,1.863,5.888,61037.067989,60796.001439
A_OB_1.0_1.0_59,COM,30.141763,12.899753,1.848,2.198,4.327,56871.198603,60796.001439
A_OB_1.0_1.0_60,COM,0.596052,1.234776,0.509,4.61,1.746,63400.807708,60796.001439
A_OB_1.0_1.0_61,COM,1.617391,1.728071,1.95,1.4,4.119,62392.213028,60796.001439
A_OB_1.0_1.0_62,COM,0.113778,1.048107,1.774,1.878,5.509,64314.308237,60796.001439
A_OB_1.0_1.0_63,COM,1.13829,1.482862,2.046,2.233,4.192,62167.15673,60796.001439
A_OB_1.0_1.0_64,COM,1.224734,1.534238,0.94,0.984,4.21,64355.33452,60796.001439
A_OB_1.0_1.0_65,COM,1.29745,1.554786,1.241,4.294,2.536,63932.071227,60796.001439
A_OB_1.0_1.0_66,COM,20.183571,9.495023,2.431,4.324,1.858,61768.16475,60796.001439
A_OB_1.0_1.0_67,COM,0.227078,1.097659,2.267,1.794,5.09,64154.965508,60796.001439
A_OB_1.0_1.0_68,COM,0.816113,1.397662,0.077,1.145,0.498,63264.130841,60796.001439
A_OB_1.0_1.0_69,COM,1.088984,1.501151,2.652,0.423,4.324,64439.600075,60796.001439
A_OB_1.0_1.0_70,COM,0.242332,1.116028,1.214,1.09,5.652,60918.572178,60796.001439
A_OB_1.0_1.0_71,COM,5.40733,3.677686,1.191,2.726,2.691,61276.812702,60796.001439
A_OB_1.0_1.0_72,COM,3.620715,2.699537,1.362,2.394,5.383,62889.332975,60796.001439
A_OB_1.0_1.0_73,COM,1.235724,1.660067,0.801,4.992,3.184,61210.375,60796.001439
A_OB_1.0_1.0_74,COM,0.822478,1.428848,3.015,6.187,4.38,61794.083032,60796.001439
A_OB_1.0_1.0_75,COM,20.293156,11.545259,1.499,3.577,2.831,59272.127899,60796.001439
A_OB_1.0_1.0_76,COM,36.120759,20.086305,1.037,2.164,3.778,58115.365092,60796.001439
A_OB_1.0_1.0_77,COM,1.058785,1.553219,0.598,3.271,3.826,61465.928601,60796.001439
A_OB_1.0_1.0_78,COM,52.067413,28.95334,2.017,2.399,2.775,63057.656675,60796.001439
A_OB_1.0_1.0_79,COM,0.567976,1.298058,1.372,1.033,3.565,60872.135788,60796.001439
A_OB_1.0_1.0_80,COM,23.159578,13.075547,1.122,3.543,2.554,65302.162046,60796.001439
A_OB_1.0_1.0_81,COM,6.794821,4.882414,1.938,3.744,3.206,62671.737208,60796.001439
A_OB_1.0_1.0_82,COM,36.920365,22.211467,1.321,1.585,2.21,66397.448663,60796.001439
A_OB_1.0_1.0_83,COM,6.506168,4.931698,1.25,6.101,2.612,61427.601825,60796.001439
A_OB_1.0_1.0_84,COM,0.532463,1.321001,2.102,5.288,4.101,62473.357633,60796.001439
A_OB_1.0_1.0_85,COM,0.90297,1.550828,1.421,4.78,3.61,64298.856192,60796.001439
A_OB_1.0_1.0_86,COM,10.941436,8.073123,2.443,0.666,3.923,66502.4578,60796.001439
A_OB_1.0_1.0_87,COM,9.069692,7.111073,1.236,0.612,5.063,64976.667167,60796.001439
A_OB_1.0_1.0_88,COM,5.406593,4.699445,0.923,3.806,2.679,61701.169802,60796.001439
A_OB_1.0_1.0_89,COM,1.969631,2.331412,1.118,4.57,2.798,62237.209008,60796.001439
A_OB_1.0_1.0_90,COM,1.13325,1.780246,1.988,0.703,4.159,60799.517849,60796.001439
A_OB_1.0_1.0_91,COM,8.593754,6.73333,1.026,1.924,4.106,64543.735319,60796.001439
A_OB_1.0_1.0_92,COM,0.113109,1.081854,2.616,6.026,3.93,62351.030221,60796.001439
A_OB_1.0_1.0_93,COM,1.135227,1.861014,2.041,0.463,3.747,62753.919077,60796.001439
A_OB_1.0_1.0_94,COM,2.381937,2.743457,1.077,0.124,4.198,64132.686425,60796.001439
A_OB_1.0_1.0_95,COM,0.9086,1.659944,1.707,2.816,3.993,63180.031561,60796.001439
A_OB_1.0_1.0_96,COM,1.407522,2.037412,1.607,0.93,5.732,62709.280557,60796.001439
A_OB_1.0_1.0_97,COM,18.176123,13.946029,1.732,1.463,4.183,56468.359758,60796.001439
A_OB_1.0_1.0_98,COM,1.546924,2.242396,1.87,0.967,4.185,61796.854937,60796.001439
A_OB_1.0_1.0_99,COM,1.207811,1.994333,1.346,5.225,2.344,61297.780745,60796.001439
A_OB_1.0_1.0_100,COM,3.809475,4.109973,0.568,2.619,3.856,64260.038814,60796.001439
A_OB_1.0_1.0_101,COM,1.48949,2.258968,1.693,4.441,3.12,61225.701654,60796.001439
A_OB_1.0_1.0_102,COM,0.297178,1.257065,1.304,1.607,3.62,62962.178376,60796.001439
A_OB_1.0_1.0_103,COM,0.76373,1.642205,1.535,5.104,2.747,63181.514697,60796.001439
A_OB_1.0_1.0_104,COM,1.651585,2.475931,2.346,0.781,4.398,64099.204351,60796.001439
A_OB_1.0_1.0_105,COM,0.817699,1.76932,1.641,1.719,5.047,63866.577287,60796.001439
A_OB_1.0_1.0_106,COM,0.278728,1.265192,1.68,4.149,3.431,62425.140787,60796.001439
A_OB_1.0_1.0_107,COM,2.541653,3.348305,2.032,2.968,3.488,64389.82122,60796.001439
A_OB_1.0_1.0_108,COM,2.254169,3.077806,1.477,4.887,2.723,61910.017722,60796.001439
A_OB_1.0_1.0_109,COM,2.191989,3.190439,2.127,0.255,3.73,64470.921366,60796.001439
A_OB_1.0_1.0_110,COM,0.778509,1.745545,2.043,0.19,4.08,64108.796283,60796.001439
A_OB_1.0_1.0_111,COM,0.357581,1.346533,1.654,5.144,3.179,62835.01454,60796.001439
A_OB_1.0_1.0_112,COM,0.508115,1.485648,0.92,3.064,3.29,64438.251784,60796.001439
A_OB_1.0_1.0_113,COM,2.456375,3.468792,1.936,1.479,4.496,63985.270636,60796.001439
A_OB_1.0_1.0_114,COM,1.198795,2.164376,1.053,3.413,0.672,61018.86273,60796.001439
A_OB_1.0_1.0_115,COM,0.544808,1.577016,1.555,1.091,4.858,62625.77623,60796.001439
A_OB_1.0_1.0_116,COM,0.269751,1.311888,1.678,4.787,2.86,62167.183638,60796.001439
A_OB_1.0_1.0_117,COM,49.587383,57.695185,0.981,4.357,1.464,61035.419602,60796.001439
A_OB_1.0_1.0_118,COM,1.820364,3.099236,2.164,3.778,3.514,64408.497177,60796.001439
A_OB_1.0_1.0_119,COM,0.390475,1.442362,1.069,2.693,4.212,63450.790459,60796.001439
A_OB_1.0_1.0_120,COM,40.375773,46.129341,2.045,0.709,4.362,64379.181664,60796.001439
A_OB_1.0_1.0_121,COM,4.908314,7.007382,1.706,1.459,4.308,61375.781049,60796.001439
A_OB_1.0_1.0_122,COM,57.798738,69.963855,2.205,0.133,2.246,60297.006955,60796.001439
A_OB_1.0_1.0_123,COM,1.48143,2.76014,0.898,2.195,4.338,61590.462991,60796.001439
A_OB_1.0_1.0_124,COM,17.810309,21.706606,1.836,1.445,4.723,64662.596374,60796.001439
A_OB_1.0_1.0_125,COM,19.377851,25.044898,1.846,5.075,2.557,62961.270385,60796.001439
A_OB_1.0_1.0_126,COM,1.112089,2.414327,1.152,4.206,2.888,61551.191057,60796.001439
A_OB_1.0_1.0_127,COM,1.982754,3.52503,1.085,2.84,3.4,64325.461475,60796.001439
A_OB_1.0_1.0_128,COM,1.480939,2.893415,1.414,5.672,2.846,62102.904271,60796.001439
A_OB_1.0_1.0_129,COM,1.837713,3.501608,1.589,4.694,2.105,61005.993822,60796.001439
A_OB_1.0_1.0_130,COM,6.438119,10.206071,0.859,3.521,3.771,60821.882629,60796.001439
A_OB_1.0_1.0_131,COM,0.225293,1.323063,1.992,4.471,2.763,61288.62738,60796.001439
A_OB_1.0_1.0_132,COM,2.229844,4.698716,1.227,4.003,3.163,63821.762042,60796.001439
A_OB_1.0_1.0_133,COM,10.015417,17.666671,0.705,4.13,2.159,60619.490888,60796.001439
A_OB_1.0_1.0_134,COM,25.951984,45.703553,1.528,1.491,4.133,65035.840057,60796.001439
A_OB_1.0_1.0_135,COM,30.122612,54.132752,1.137,5.055,2.649,66954.356167,60796.001439
A_OB_1.0_1.0_136,COM,0.492029,1.914664,2.096,5.846,3.489,61788.012729,60796.001439
A_OB_1.0_1.0_137,COM,2.102331,4.918644,2.566,0.276,3.94,63283.807577,60796.001439
A_OB_1.0_1.0_138,COM,1.145638,3.30067,1.87,0.126,3.457,61514.588282,60796.001439
A_OB_1.0_1.0_139,COM,6.030166,13.156011,2.551,5.546,2.487,59703.078429,60796.001439
A_OB_1.0_1.0_140,COM,1.416122,3.926088,1.13,1.619,4.564,62983.016612,60796.001439
A_OB_1.0_1.0_141,COM,0.88506,2.898925,1.934,0.752,3.978,62549.274448,60796.001439
A_OB_1.0_1.0_142,COM,5.964045,15.954467,2.064,0.252,3.383,63335.853098,60796.001439
A_OB_1.0_1.0_143,COM,1.113914,4.218422,0.748,2.261,3.879,64249.860831,60796.001439
A_OB_1.0_1.0_144,COM,1.064248,4.038083,0.694,3.412,3.092,63516.205255,60796.001439
A_OB_1.0_1.0_145,COM,22.869248,83.666476,2.449,5.735,2.534,62921.397691,60796.001439
