ObjID,FORMAT,q,e,inc,node,argPeri,t_p_MJD_TDB,epochMJD_TDB
A_OB_1.7999999999999998_1.0_0,COM,0.47291,1.000328,1.955,2.895,1.295,61890.5726,60796.001439
A_OB_1.7999999999999998_1.0_1,COM,0.156565,1.000441,1.694,1.245,1.268,61231.062916,60796.001439
A_OB_1.7999999999999998_1.0_2,COM,1.397277,1.007667,2.356,3.954,1.211,63807.0435,60796.001439
A_OB_1.7999999999999998_1.0_3,COM,0.384517,1.003687,1.268,2.456,4.201,62086.62673,60796.001439
A_OB_1.7999999999999998_1.0_4,COM,1.217037,1.006104,1.223,1.668,1.291,61859.810395,60796.001439
A_OB_1.7999999999999998_1.0_5,COM,0.970543,1.007129,1.507,5.06,5.456,62908.995661,60796.001439
A_OB_1.7999999999999998_1.0_6,COM,1.381222,1.009538,0.955,3.634,4.796,61444.491422,60796.001439
A_OB_1.7999999999999998_1.0_7,COM,0.346197,1.002879,1.746,1.526,5.219,63645.966333,60796.001439
A_OB_1.7999999999999998_1.0_8,COM,1.792482,1.030355,0.678,2.115,5.106,64280.042468,60796.001439
A_OB_1.7999999999999998_1.0_9,COM,0.427353,1.006216,2.156,4.921,2.958,63541.339483,60796.001439
A_OB_1.7999999999999998_1.0_10,COM,0.906591,1.011741,1.73,4.752,1.858,63558.653745,60796.001439
A_OB_1.7999999999999998_1.0_11,COM,0.968288,1.015142,1.083,0.498,5.805,61256.492803,60796.001439
A_OB_1.7999999999999998_1.0_12,COM,1.186405,1.01294,1.578,5.752,4.813,64161.637675,60796.001439
A_OB_1.7999999999999998_1.0_13,COM,1.577129,1.042861,0.937,1.306,5.147,63121.771924,60796.001439
A_OB_1.7999999999999998_1.0_14,COM,0.653819,1.015268,1.101,3.24,3.978,62824.834437,60796.001439
A_OB_1.7999999999999998_1.0_15,COM,0.615519,1.017549,0.72,0.93,0.845,63842.121104,60796.001439
A_OB_1.7999999999999998_1.0_16,COM,0.471141,1.010812,0.587,3.143,4.844,64192.832873,60796.001439
A_OB_1.7999999999999998_1.0_17,COM,1.809705,1.036819,1.783,1.069,2.943,62472.666118,60796.001439
A_OB_1.7999999999999998_1.0_18,COM,1.189686,1.027716,1.558,4.305,3.907,64006.01399,60796.001439
A_OB_1.7999999999999998_1.0_19,COM,1.201806,1.028675,1.024,0.08,5.208,64147.717136,60796.001439
A_OB_1.7999999999999998_1.0_20,COM,0.099267,1.001916,1.636,2.169,6.218,63892.757741,60796.001439
A_OB_1.7999999999999998_1.0_21,COM,1.11207,1.038246,1.222,4.643,6.118,63262.514968,60796.001439
A_OB_1.7999999999999998_1.0_22,COM,1.018122,1.035965,3.012,3.561,2.651,63655.47609,60796.001439
A_OB_1.7999999999999998_1.0_23,COM,0.275007,1.008353,1.679,4.455,6.28,61405.1246,60796.001439
A_OB_1.7999999999999998_1.0_24,COM,0.211365,1.007307,0.772,0.442,0.485,63949.657024,60796.001439
A_OB_1.7999999999999998_1.0_25,COM,1.152976,1.044736,1.454,5.567,3.325,61749.547237,60796.001439
A_OB_1.7999999999999998_1.0_26,COM,0.918164,1.032553,2.248,3.659,3.13,64359.548543,60796.001439
A_OB_1.7999999999999998_1.0_27,COM,1.122096,1.040457,2.684,1.8,5.182,62655.403735,60796.001439
A_OB_1.7999999999999998_1.0_28,COM,1.12795,1.040441,1.735,4.177,0.717,63799.862099,60796.001439
A_OB_1.7999999999999998_1.0_29,COM,0.966995,1.032969,1.734,1.371,0.321,61714.636218,60796.001439
A_OB_1.7999999999999998_1.0_30,COM,0.935519,1.033163,1.999,5.699,4.785,63067.766448,60796.001439
A_OB_1.7999999999999998_1.0_31,COM,0.930996,1.027512,2.197,2.095,0.433,63593.3293,60796.001439
A_OB_1.7999999999999998_1.0_32,COM,0.807381,1.042395,1.66,3.837,2.674,63366.618609,60796.001439
A_OB_1.7999999999999998_1.0_33,COM,0.145452,1.006928,0.957,1.262,4.354,62773.798738,60796.001439
A_OB_1.7999999999999998_1.0_34,COM,0.062166,1.0029,2.614,3.658,4.36,61142.937492,60796.001439
A_OB_1.7999999999999998_1.0_35,COM,0.99114,1.044751,1.231,1.537,5.461,62636.132159,60796.001439
A_OB_1.7999999999999998_1.0_36,COM,0.47308,1.025212,0.77,2.879,2.631,62051.66757,60796.001439
A_OB_1.7999999999999998_1.0_37,COM,1.375356,1.082529,1.171,1.682,5.277,63553.606555,60796.001439
A_OB_1.7999999999999998_1.0_38,COM,2.263909,1.15343,0.964,5.567,0.601,63490.234602,60796.001439
A_OB_1.7999999999999998_1.0_39,COM,0.630432,1.037773,1.42,3.296,3.076,62619.917145,60796.001439
A_OB_1.7999999999999998_1.0_40,COM,0.568006,1.032666,0.978,4.773,6.257,63469.29001,60796.001439
A_OB_1.7999999999999998_1.0_41,COM,1.187863,1.082518,0.513,5.944,0.262,63668.561629,60796.001439
A_OB_1.7999999999999998_1.0_42,COM,0.452934,1.030184,1.621,0.914,0.368,64147.92095,60796.001439
A_OB_1.7999999999999998_1.0_43,COM,1.241361,1.100158,1.954,3.702,4.713,61231.990663,60796.001439
A_OB_1.7999999999999998_1.0_44,COM,0.378737,1.032216,1.45,2.847,3.181,61665.273975,60796.001439
A_OB_1.7999999999999998_1.0_45,COM,0.759326,1.058555,2.037,4.513,2.339,63970.379263,60796.001439
A_OB_1.7999999999999998_1.0_46,COM,1.253196,1.100595,2.058,3.787,2.972,64193.387671,60796.001439
A_OB_1.7999999999999998_1.0_47,COM,1.287759,1.105203,0.812,0.598,5.227,63606.203158,60796.001439
A_OB_1.7999999999999998_1.0_48,COM,1.085987,1.094197,0.565,4.039,4.058,63073.596489,60796.001439
A_OB_1.7999999999999998_1.0_49,COM,1.210218,1.101455,0.982,5.831,4.548,61025.831239,60796.001439
A_OB_1.7999999999999998_1.0_50,COM,0.356996,1.030834,1.053,1.712,0.426,62075.840758,60796.001439
A_OB_1.7999999999999998_1.0_51,COM,0.480816,1.038979,1.493,6.258,4.941,62221.913007,60796.001439
A_OB_1.7999999999999998_1.0_52,COM,1.715954,1.127943,2.768,5.381,4.887,62620.274683,60796.001439
A_OB_1.7999999999999998_1.0_53,COM,1.512648,1.138906,2.073,5.505,3.627,62969.505155,60796.001439
A_OB_1.7999999999999998_1.0_54,COM,1.274737,1.11739,1.463,3.057,2.613,64271.323974,60796.001439
A_OB_1.7999999999999998_1.0_55,COM,0.438503,1.039345,0.586,3.619,3.604,63634.665451,60796.001439
A_OB_1.7999999999999998_1.0_56,COM,0.237896,1.020716,0.459,3.752,4.716,61263.663709,60796.001439
A_OB_1.7999999999999998_1.0_57,COM,0.998709,1.090639,1.678,4.029,3.798,64440.189586,60796.001439
A_OB_1.7999999999999998_1.0_58,COM,0.405175,1.039758,0.882,6.252,4.847,61836.203922,60796.001439
A_OB_1.7999999999999998_1.0_59,COM,1.140289,1.11422,1.72,4.139,1.061,61553.522837,60796.001439
A_OB_1.7999999999999998_1.0_60,COM,0.127702,1.01399,1.821,5.326,3.433,61204.733974,60796.001439
A_OB_1.7999999999999998_1.0_61,COM,0.828166,1.085369,1.8,4.25,4.185,64439.938253,60796.001439
A_OB_1.7999999999999998_1.0_62,COM,0.070099,1.007501,2.566,1.202,5.059,62806.417822,60796.001439
A_OB_1.7999999999999998_1.0_63,COM,1.090886,1.111362,2.662,5.658,6.083,63384.647868,60796.001439
A_OB_1.7999999999999998_1.0_64,COM,1.139672,1.117241,0.64,1.814,3.488,61764.613575,60796.001439
A_OB_1.7999999999999998_1.0_65,COM,1.122415,1.109616,2.004,5.303,4.398,61403.386825,60796.001439
A_OB_1.7999999999999998_1.0_66,COM,0.731167,1.070404,0.757,4.075,4.465,62839.676796,60796.001439
A_OB_1.7999999999999998_1.0_67,COM,2.371157,1.256065,2.63,0.564,4.793,61272.726481,60796.001439
A_OB_1.7999999999999998_1.0_68,COM,0.336408,1.03653,2.387,0.186,4.652,62513.113908,60796.001439
A_OB_1.7999999999999998_1.0_69,COM,1.269183,1.127709,1.513,0.628,4.074,60767.508789,60796.001439
A_OB_1.7999999999999998_1.0_70,COM,0.947584,1.099377,0.732,1.895,4.664,64013.832665,60796.001439
A_OB_1.7999999999999998_1.0_71,COM,1.737148,1.221311,1.448,2.917,4.017,60836.955586,60796.001439
A_OB_1.7999999999999998_1.0_72,COM,1.24203,1.143543,1.877,4.931,2.777,63906.257626,60796.001439
A_OB_1.7999999999999998_1.0_73,COM,0.263422,1.031014,0.843,0.562,5.881,63376.300247,60796.001439
A_OB_1.7999999999999998_1.0_74,COM,0.051755,1.006241,0.864,0.07,2.32,64405.650764,60796.001439
A_OB_1.7999999999999998_1.0_75,COM,0.401723,1.04727,1.779,3.673,3.08,62364.626199,60796.001439
A_OB_1.7999999999999998_1.0_76,COM,1.527691,1.203521,1.622,4.453,5.075,63438.257895,60796.001439
A_OB_1.7999999999999998_1.0_77,COM,1.325964,1.158399,2.203,3.221,4.505,61342.065347,60796.001439
A_OB_1.7999999999999998_1.0_78,COM,1.814644,1.220035,2.338,4.153,2.886,62330.839592,60796.001439
A_OB_1.7999999999999998_1.0_79,COM,0.115282,1.014166,1.078,2.987,4.535,63291.794341,60796.001439
A_OB_1.7999999999999998_1.0_80,COM,0.929745,1.120878,1.738,0.414,4.307,62131.031667,60796.001439
A_OB_1.7999999999999998_1.0_81,COM,0.312105,1.038309,1.256,2.768,4.486,60758.877055,60796.001439
A_OB_1.7999999999999998_1.0_82,COM,1.622746,1.19119,0.862,5.848,1.677,61685.990347,60796.001439
A_OB_1.7999999999999998_1.0_83,COM,0.080962,1.00979,0.611,4.056,1.405,63075.537671,60796.001439
A_OB_1.7999999999999998_1.0_84,COM,1.662447,1.195335,2.638,1.098,4.922,61550.175752,60796.001439
A_OB_1.7999999999999998_1.0_85,COM,0.026785,1.003579,0.162,3.458,3.848,63316.781097,60796.001439
A_OB_1.7999999999999998_1.0_86,COM,1.391175,1.171666,1.403,4.04,2.726,63360.23931,60796.001439
A_OB_1.7999999999999998_1.0_87,COM,0.086903,1.012505,1.201,5.813,4.805,62924.747071,60796.001439
A_OB_1.7999999999999998_1.0_88,COM,0.155959,1.023141,2.191,0.535,5.267,64259.467567,60796.001439
A_OB_1.7999999999999998_1.0_89,COM,0.407783,1.059176,1.937,3.899,4.469,61292.461704,60796.001439
A_OB_1.7999999999999998_1.0_90,COM,1.298479,1.212771,0.561,0.594,0.086,61745.101268,60796.001439
A_OB_1.7999999999999998_1.0_91,COM,0.929414,1.133802,2.377,1.095,1.029,63492.166371,60796.001439
A_OB_1.7999999999999998_1.0_92,COM,0.592952,1.093119,1.163,4.799,5.273,61195.565629,60796.001439
A_OB_1.7999999999999998_1.0_93,COM,1.243825,1.185321,1.437,3.628,0.077,62398.575101,60796.001439
A_OB_1.7999999999999998_1.0_94,COM,0.65673,1.101303,1.341,6.108,3.317,61351.318459,60796.001439
A_OB_1.7999999999999998_1.0_95,COM,1.061077,1.147676,1.904,0.088,5.311,63716.198544,60796.001439
A_OB_1.7999999999999998_1.0_96,COM,0.943878,1.143972,2.231,1.888,5.774,62562.279439,60796.001439
A_OB_1.7999999999999998_1.0_97,COM,1.253336,1.19215,0.439,2.979,3.629,62794.653577,60796.001439
A_OB_1.7999999999999998_1.0_98,COM,0.555747,1.087157,1.994,5.223,4.664,62862.505311,60796.001439
A_OB_1.7999999999999998_1.0_99,COM,1.76869,1.259079,1.154,6.001,5.548,63070.106118,60796.001439
A_OB_1.7999999999999998_1.0_100,COM,1.360648,1.19901,1.803,4.198,4.133,60792.351142,60796.001439
A_OB_1.7999999999999998_1.0_101,COM,0.786087,1.120946,2.334,3.408,3.099,62571.084001,60796.001439
A_OB_1.7999999999999998_1.0_102,COM,0.15049,1.022243,1.006,5.261,3.239,61546.627361,60796.001439
A_OB_1.7999999999999998_1.0_103,COM,1.426289,1.199689,1.813,5.164,3.824,60798.355639,60796.001439
A_OB_1.7999999999999998_1.0_104,COM,0.529078,1.082463,1.61,0.491,5.043,63513.143587,60796.001439
A_OB_1.7999999999999998_1.0_105,COM,0.653486,1.094209,1.867,0.771,5.542,63534.767914,60796.001439
A_OB_1.7999999999999998_1.0_106,COM,1.01205,1.156824,1.47,1.456,4.796,63855.962554,60796.001439
A_OB_1.7999999999999998_1.0_107,COM,0.969032,1.15348,1.46,2.099,5.12,64124.956023,60796.001439
A_OB_1.7999999999999998_1.0_108,COM,0.449758,1.076314,2.301,3.203,4.007,60832.030767,60796.001439
A_OB_1.7999999999999998_1.0_109,COM,1.045848,1.185408,2.602,3.242,1.604,61826.740445,60796.001439
A_OB_1.7999999999999998_1.0_110,COM,0.916949,1.157973,1.225,3.523,4.142,63883.726471,60796.001439
A_OB_1.7999999999999998_1.0_111,COM,1.272918,1.239692,1.391,3.031,4.307,63646.748878,60796.001439
A_OB_1.7999999999999998_1.0_112,COM,1.255499,1.23207,0.713,5.774,2.083,63973.862677,60796.001439
A_OB_1.7999999999999998_1.0_113,COM,0.518678,1.089091,1.511,5.181,4.012,64385.397104,60796.001439
A_OB_1.7999999999999998_1.0_114,COM,1.37152,1.241375,1.687,3.959,2.613,63839.225155,60796.001439
A_OB_1.7999999999999998_1.0_115,COM,1.171613,1.204164,0.935,3.073,3.447,60885.435902,60796.001439
A_OB_1.7999999999999998_1.0_116,COM,0.968961,1.175649,1.241,5.178,3.061,62687.716709,60796.001439
A_OB_1.7999999999999998_1.0_117,COM,0.506879,1.08598,1.193,2.694,4.389,62835.895902,60796.001439
A_OB_1.7999999999999998_1.0_118,COM,1.391525,1.246998,1.84,5.606,5.673,63826.107013,60796.001439
A_OB_1.7999999999999998_1.0_119,COM,1.275955,1.237221,1.16,2.372,3.304,64269.783734,60796.001439
A_OB_1.7999999999999998_1.0_120,COM,0.602499,1.104096,1.252,5.319,3.912,63941.352895,60796.001439
A_OB_1.7999999999999998_1.0_121,COM,0.722113,1.127106,0.506,4.077,0.918,62688.904762,60796.001439
A_OB_1.7999999999999998_1.0_122,COM,1.480334,1.25048,1.755,2.977,4.107,62317.521037,60796.001439
A_OB_1.7999999999999998_1.0_123,COM,0.674736,1.129556,1.924,1.343,4.928,61534.587084,60796.001439
A_OB_1.7999999999999998_1.0_124,COM,1.441187,1.27322,1.791,5.866,3.177,62098.462953,60796.001439
A_OB_1.7999999999999998_1.0_125,COM,0.768326,1.139074,0.668,5.118,5.741,61047.130055,60796.001439
A_OB_1.7999999999999998_1.0_126,COM,0.693801,1.115787,1.583,4.132,3.724,62965.183451,60796.001439
A_OB_1.7999999999999998_1.0_127,COM,1.35384,1.243181,1.099,4.042,4.173,61826.695064,60796.001439
A_OB_1.7999999999999998_1.0_128,COM,0.44805,1.07627,0.914,1.441,5.009,61984.338081,60796.001439
A_OB_1.7999999999999998_1.0_129,COM,1.298425,1.217245,1.617,2.962,2.714,61434.150402,60796.001439
A_OB_1.7999999999999998_1.0_130,COM,1.168924,1.212262,0.963,6.058,5.002,62298.351059,60796.001439
A_OB_1.7999999999999998_1.0_131,COM,1.164799,1.259795,2.073,5.774,3.538,61725.316236,60796.001439
A_OB_1.7999999999999998_1.0_132,COM,0.574328,1.118086,1.789,5.422,3.792,62252.754874,60796.001439
A_OB_1.7999999999999998_1.0_133,COM,0.286773,1.059541,2.461,1.877,1.549,63456.830212,60796.001439
A_OB_1.7999999999999998_1.0_134,COM,1.012246,1.223905,2.826,5.813,3.887,60784.595863,60796.001439
A_OB_1.7999999999999998_1.0_135,COM,0.595003,1.116659,1.595,3.999,3.801,61407.625947,60796.001439
A_OB_1.7999999999999998_1.0_136,COM,1.105412,1.215001,1.698,1.233,5.32,64076.660271,60796.001439
A_OB_1.7999999999999998_1.0_137,COM,1.552889,1.303997,1.732,1.037,4.214,63272.342402,60796.001439
A_OB_1.7999999999999998_1.0_138,COM,0.551482,1.10663,1.475,0.359,4.727,62985.904451,60796.001439
A_OB_1.7999999999999998_1.0_139,COM,0.421352,1.091772,1.455,5.963,4.19,64173.137438,60796.001439
A_OB_1.7999999999999998_1.0_140,COM,0.249768,1.055105,2.185,4.87,2.559,63643.03213,60796.001439
A_OB_1.7999999999999998_1.0_141,COM,1.631938,1.358521,0.836,6.089,5.787,63212.442885,60796.001439
A_OB_1.7999999999999998_1.0_142,COM,1.240803,1.266324,0.667,3.619,4.372,64198.467645,60796.001439
A_OB_1.7999999999999998_1.0_143,COM,1.020247,1.210382,1.17,1.848,4.366,62955.575552,60796.001439
A_OB_1.7999999999999998_1.0_144,COM,1.335837,1.267984,2.743,0.637,4.95,62063.08383,60796.001439
A_OB_1.7999999999999998_1.0_145,COM,0.204566,1.040288,0.91,3.076,2.754,63449.470099,60796.001439
A_OB_1.7999999999999998_1.0_146,COM,0.381051,1.080511,1.478,0.954,4.711,62930.647446,60796.001439
A_OB_1.7999999999999998_1.0_147,COM,0.33382,1.066364,2.284,5.707,3.708,62662.586201,60796.001439
A_OB_1.7999999999999998_1.0_148,COM,0.025192,1.005393,0.371,5.684,0.274,63940.487812,60796.001439
A_OB_1.7999999999999998_1.0_149,COM,0.310101,1.064638,1.837,1.403,5.023,61809.968506,60796.001439
A_OB_1.7999999999999998_1.0_150,COM,1.759871,1.352174,0.662,0.589,5.899,62750.568318,60796.001439
A_OB_1.7999999999999998_1.0_151,COM,0.379138,1.073636,1.881,4.057,4.008,62427.469912,60796.001439
A_OB_1.7999999999999998_1.0_152,COM,1.058487,1.267696,1.759,2.188,1.783,61572.391068,60796.001439
A_OB_1.7999999999999998_1.0_153,COM,1.562246,1.363879,2.658,6.065,2.33,64470.730178,60796.001439
A_OB_1.7999999999999998_1.0_154,COM,0.810915,1.197508,1.153,5.224,3.867,62721.730423,60796.001439
A_OB_1.7999999999999998_1.0_155,COM,0.758006,1.192105,1.138,3.157,4.583,64226.300526,60796.001439
A_OB_1.7999999999999998_1.0_156,COM,0.771623,1.195755,1.096,1.179,4.706,62298.426599,60796.001439
A_OB_1.7999999999999998_1.0_157,COM,1.780756,1.434111,2.286,2.521,5.336,61946.297441,60796.001439
A_OB_1.7999999999999998_1.0_158,COM,1.778076,1.405135,1.462,5.036,5.043,61952.997572,60796.001439
A_OB_1.7999999999999998_1.0_159,COM,1.447306,1.326687,2.558,4.146,3.625,62932.116401,60796.001439
A_OB_1.7999999999999998_1.0_160,COM,0.018809,1.004507,2.144,1.449,5.011,61502.455382,60796.001439
A_OB_1.7999999999999998_1.0_161,COM,0.568408,1.131738,0.398,5.869,1.869,64449.65629,60796.001439
A_OB_1.7999999999999998_1.0_162,COM,1.4004,1.347179,1.086,5.048,3.694,61183.045838,60796.001439
A_OB_1.7999999999999998_1.0_163,COM,0.646359,1.171681,0.837,2.649,4.691,61035.049801,60796.001439
A_OB_1.7999999999999998_1.0_164,COM,2.801421,1.804201,2.636,3.869,1.185,60797.546548,60796.001439
A_OB_1.7999999999999998_1.0_165,COM,0.668463,1.1903,1.823,4.366,4.223,64066.81986,60796.001439
A_OB_1.7999999999999998_1.0_166,COM,1.859278,1.526723,2.644,1.168,1.107,63106.523465,60796.001439
A_OB_1.7999999999999998_1.0_167,COM,2.313136,1.594034,1.975,5.751,4.949,63530.44779,60796.001439
A_OB_1.7999999999999998_1.0_168,COM,0.24846,1.063783,1.192,5.901,2.679,62665.062554,60796.001439
A_OB_1.7999999999999998_1.0_169,COM,0.930679,1.24828,1.457,2.217,4.638,61238.54918,60796.001439
A_OB_1.7999999999999998_1.0_170,COM,0.489894,1.129078,2.109,2.5,4.143,62972.461581,60796.001439
A_OB_1.7999999999999998_1.0_171,COM,2.362811,1.617343,2.457,4.327,2.445,63722.183809,60796.001439
A_OB_1.7999999999999998_1.0_172,COM,0.46705,1.127337,1.828,0.232,3.983,63544.494582,60796.001439
A_OB_1.7999999999999998_1.0_173,COM,1.2178,1.315039,1.159,3.963,3.484,62392.748959,60796.001439
A_OB_1.7999999999999998_1.0_174,COM,1.562821,1.447663,2.034,1.761,5.12,63014.514346,60796.001439
A_OB_1.7999999999999998_1.0_175,COM,0.523701,1.143185,2.213,5.195,3.899,63816.416778,60796.001439
A_OB_1.7999999999999998_1.0_176,COM,1.551281,1.39866,2.638,3.751,1.719,63094.741661,60796.001439
A_OB_1.7999999999999998_1.0_177,COM,1.019964,1.280288,1.505,3.357,1.819,62409.363608,60796.001439
A_OB_1.7999999999999998_1.0_178,COM,0.062934,1.016267,2.246,1.797,4.669,62319.931142,60796.001439
A_OB_1.7999999999999998_1.0_179,COM,0.885708,1.238853,1.621,5.136,4.841,61078.391445,60796.001439
A_OB_1.7999999999999998_1.0_180,COM,0.75387,1.220267,2.493,1.69,4.623,61570.413146,60796.001439
A_OB_1.7999999999999998_1.0_181,COM,0.515559,1.150892,2.299,4.316,3.538,60997.337447,60796.001439
A_OB_1.7999999999999998_1.0_182,COM,0.216087,1.070688,1.857,2.635,5.777,63224.181621,60796.001439
A_OB_1.7999999999999998_1.0_183,COM,0.301617,1.097539,2.201,1.67,4.317,64208.921021,60796.001439
A_OB_1.7999999999999998_1.0_184,COM,0.750556,1.228323,1.801,3.292,3.207,64164.02049,60796.001439
A_OB_1.7999999999999998_1.0_185,COM,0.428367,1.133962,1.733,4.631,3.214,62440.629303,60796.001439
A_OB_1.7999999999999998_1.0_186,COM,2.47441,1.75197,1.715,1.169,4.046,62227.893684,60796.001439
A_OB_1.7999999999999998_1.0_187,COM,0.486195,1.146054,1.299,0.996,5.244,62789.061526,60796.001439
A_OB_1.7999999999999998_1.0_188,COM,0.992942,1.307658,0.993,2.612,4.669,61311.133523,60796.001439
A_OB_1.7999999999999998_1.0_189,COM,2.230629,1.673472,0.943,3.479,3.793,64518.458155,60796.001439
A_OB_1.7999999999999998_1.0_190,COM,0.077536,1.022999,1.868,5.501,3.941,63596.682737,60796.001439
A_OB_1.7999999999999998_1.0_191,COM,1.207013,1.359168,0.792,0.517,2.267,60924.52716,60796.001439
A_OB_1.7999999999999998_1.0_192,COM,0.782003,1.247465,2.642,0.431,4.464,62277.3622,60796.001439
A_OB_1.7999999999999998_1.0_193,COM,0.829465,1.264766,1.274,0.283,4.983,60864.84038,60796.001439
A_OB_1.7999999999999998_1.0_194,COM,1.249114,1.435316,1.885,0.801,3.989,63472.093664,60796.001439
A_OB_1.7999999999999998_1.0_195,COM,2.556414,1.897058,2.196,2.468,0.587,64408.177344,60796.001439
A_OB_1.7999999999999998_1.0_196,COM,0.064487,1.021666,1.212,1.449,5.994,60795.774023,60796.001439
A_OB_1.7999999999999998_1.0_197,COM,0.197936,1.070704,2.818,2.75,0.942,62851.368112,60796.001439
A_OB_1.7999999999999998_1.0_198,COM,0.027414,1.009087,1.883,2.129,4.638,61104.378905,60796.001439
A_OB_1.7999999999999998_1.0_199,COM,1.224174,1.448135,0.964,5.429,3.311,64221.496242,60796.001439
A_OB_1.7999999999999998_1.0_200,COM,1.109257,1.387343,1.418,4.34,3.087,63396.663912,60796.001439
A_OB_1.7999999999999998_1.0_201,COM,2.694467,1.953287,1.585,5.408,3.688,62400.134916,60796.001439
A_OB_1.7999999999999998_1.0_202,COM,0.746323,1.274348,1.568,3.908,3.499,62733.781053,60796.001439
A_OB_1.7999999999999998_1.0_203,COM,0.728358,1.256509,2.536,4.527,2.692,63469.239581,60796.001439
A_OB_1.7999999999999998_1.0_204,COM,0.104586,1.036004,1.86,3.79,4.372,62622.754477,60796.001439
A_OB_1.7999999999999998_1.0_205,COM,0.020244,1.007196,1.84,4.383,5.236,61403.539691,60796.001439
A_OB_1.7999999999999998_1.0_206,COM,0.459777,1.152826,2.653,0.29,4.686,61190.883108,60796.001439
A_OB_1.7999999999999998_1.0_207,COM,1.028431,1.345154,0.573,1.144,3.682,63445.052978,60796.001439
A_OB_1.7999999999999998_1.0_208,COM,1.957008,1.709752,1.933,0.103,4.351,63740.629848,60796.001439
A_OB_1.7999999999999998_1.0_209,COM,1.385978,1.495048,1.336,5.727,3.354,63888.186001,60796.001439
A_OB_1.7999999999999998_1.0_210,COM,1.289589,1.463192,1.961,5.352,3.542,63178.604879,60796.001439
A_OB_1.7999999999999998_1.0_211,COM,1.618777,1.578643,1.651,5.109,3.624,63047.735235,60796.001439
A_OB_1.7999999999999998_1.0_212,COM,2.076742,1.75938,2.192,0.809,4.976,64303.235717,60796.001439
A_OB_1.7999999999999998_1.0_213,COM,1.490938,1.574167,1.695,4.829,3.737,61470.654243,60796.001439
A_OB_1.7999999999999998_1.0_214,COM,0.835217,1.312659,1.503,1.076,3.951,62621.646574,60796.001439
A_OB_1.7999999999999998_1.0_215,COM,0.619384,1.243583,1.731,3.963,3.171,62432.938637,60796.001439
A_OB_1.7999999999999998_1.0_216,COM,1.289144,1.505472,1.879,4.672,2.932,64223.582125,60796.001439
A_OB_1.7999999999999998_1.0_217,COM,1.544925,1.578801,0.576,2.015,4.228,62544.6847,60796.001439
A_OB_1.7999999999999998_1.0_218,COM,1.27495,1.49727,1.384,4.756,3.208,62080.457229,60796.001439
A_OB_1.7999999999999998_1.0_219,COM,0.343124,1.133019,1.687,3.666,2.369,63343.456027,60796.001439
A_OB_1.7999999999999998_1.0_220,COM,1.276181,1.508469,1.698,4.447,3.974,62231.55541,60796.001439
A_OB_1.7999999999999998_1.0_221,COM,0.071078,1.027774,1.394,3.484,2.187,62211.365266,60796.001439
A_OB_1.7999999999999998_1.0_222,COM,0.691733,1.268111,0.842,1.374,3.929,64032.127941,60796.001439
A_OB_1.7999999999999998_1.0_223,COM,7.110835,3.698483,1.466,3.752,3.38,63219.186684,60796.001439
A_OB_1.7999999999999998_1.0_224,COM,0.826746,1.338842,2.836,5.872,4.159,63507.823091,60796.001439
A_OB_1.7999999999999998_1.0_225,COM,1.160924,1.466093,1.169,0.178,3.226,61683.971528,60796.001439
A_OB_1.7999999999999998_1.0_226,COM,0.057831,1.022179,1.579,4.398,4.264,62999.606351,60796.001439
A_OB_1.7999999999999998_1.0_227,COM,0.590971,1.236372,2.473,5.21,2.764,63824.67988,60796.001439
A_OB_1.7999999999999998_1.0_228,COM,0.522528,1.199723,2.123,5.68,3.525,60754.238102,60796.001439
A_OB_1.7999999999999998_1.0_229,COM,1.090768,1.423992,2.596,5.385,3.658,61677.646024,60796.001439
A_OB_1.7999999999999998_1.0_230,COM,0.607165,1.236285,1.545,5.256,1.286,62277.448112,60796.001439
A_OB_1.7999999999999998_1.0_231,COM,0.413765,1.164968,2.344,5.75,4.023,61514.348733,60796.001439
A_OB_1.7999999999999998_1.0_232,COM,1.406903,1.560919,2.488,1.222,4.687,63803.714516,60796.001439
A_OB_1.7999999999999998_1.0_233,COM,0.335867,1.1312,2.539,5.78,3.475,63699.757439,60796.001439
A_OB_1.7999999999999998_1.0_234,COM,0.518634,1.197628,0.793,3.253,3.119,61139.510294,60796.001439
A_OB_1.7999999999999998_1.0_235,COM,0.902964,1.363666,0.461,4.112,3.27,62043.482971,60796.001439
A_OB_1.7999999999999998_1.0_236,COM,1.163138,1.506515,0.692,4.606,3.661,64020.022033,60796.001439
A_OB_1.7999999999999998_1.0_237,COM,0.271944,1.113694,1.495,0.596,4.693,64003.972928,60796.001439
A_OB_1.7999999999999998_1.0_238,COM,0.230364,1.103425,0.801,4.055,3.734,62382.043293,60796.001439
A_OB_1.7999999999999998_1.0_239,COM,1.276638,1.539234,1.516,0.235,4.004,63206.479569,60796.001439
A_OB_1.7999999999999998_1.0_240,COM,1.258314,1.530473,1.511,0.563,4.572,62381.616776,60796.001439
A_OB_1.7999999999999998_1.0_241,COM,1.274547,1.549696,2.787,5.655,3.712,63682.407867,60796.001439
A_OB_1.7999999999999998_1.0_242,COM,1.374959,1.590437,1.313,3.727,3.553,63729.801723,60796.001439
A_OB_1.7999999999999998_1.0_243,COM,1.268832,1.542111,0.801,1.876,4.496,64178.709177,60796.001439
A_OB_1.7999999999999998_1.0_244,COM,0.180757,1.08171,1.775,1.575,4.49,62198.399765,60796.001439
A_OB_1.7999999999999998_1.0_245,COM,1.010168,1.440367,0.472,0.179,5.933,62516.156841,60796.001439
A_OB_1.7999999999999998_1.0_246,COM,0.394172,1.174688,1.855,3.998,4.142,63352.798862,60796.001439
A_OB_1.7999999999999998_1.0_247,COM,1.407229,1.630643,1.816,5.606,2.136,61333.318854,60796.001439
A_OB_1.7999999999999998_1.0_248,COM,1.527919,1.650784,0.54,1.549,3.507,62606.301471,60796.001439
A_OB_1.7999999999999998_1.0_249,COM,0.699263,1.302356,1.797,0.15,3.762,64438.010707,60796.001439
A_OB_1.7999999999999998_1.0_250,COM,2.12864,1.929426,2.551,0.416,4.226,63507.585503,60796.001439
A_OB_1.7999999999999998_1.0_251,COM,0.317221,1.141433,2.454,0.058,4.364,61528.155627,60796.001439
A_OB_1.7999999999999998_1.0_252,COM,0.845098,1.374925,0.757,2.949,4.243,61972.361991,60796.001439
A_OB_1.7999999999999998_1.0_253,COM,0.061839,1.026083,1.886,2.057,5.463,63340.081842,60796.001439
A_OB_1.7999999999999998_1.0_254,COM,1.482519,1.618121,2.771,4.7,3.286,63997.968139,60796.001439
A_OB_1.7999999999999998_1.0_255,COM,0.382457,1.171322,1.371,4.457,2.826,61142.185572,60796.001439
A_OB_1.7999999999999998_1.0_256,COM,1.369711,1.60641,2.194,4.676,3.117,63188.448436,60796.001439
A_OB_1.7999999999999998_1.0_257,COM,0.071921,1.029585,2.499,6.017,5.043,63983.255823,60796.001439
A_OB_1.7999999999999998_1.0_258,COM,0.716555,1.306473,1.056,2.441,4.71,61485.623987,60796.001439
A_OB_1.7999999999999998_1.0_259,COM,4.538211,2.994415,0.947,0.611,4.859,64946.94557,60796.001439
A_OB_1.7999999999999998_1.0_260,COM,1.093046,1.470779,1.994,0.611,4.013,61318.697243,60796.001439
A_OB_1.7999999999999998_1.0_261,COM,0.23457,1.098807,1.644,3.662,4.397,60884.510033,60796.001439
A_OB_1.7999999999999998_1.0_262,COM,0.310178,1.141936,2.68,0.338,1.645,63026.26271,60796.001439
A_OB_1.7999999999999998_1.0_263,COM,0.973254,1.473867,1.113,6.265,3.705,62227.69822,60796.001439
A_OB_1.7999999999999998_1.0_264,COM,0.387053,1.192995,2.67,2.057,5.701,62024.333692,60796.001439
A_OB_1.7999999999999998_1.0_265,COM,1.149375,1.566474,2.215,4.001,2.312,61310.699832,60796.001439
A_OB_1.7999999999999998_1.0_266,COM,1.689891,1.833833,1.459,0.69,5.076,63162.197288,60796.001439
A_OB_1.7999999999999998_1.0_267,COM,1.345746,1.655873,1.907,3.835,2.868,61327.59661,60796.001439
A_OB_1.7999999999999998_1.0_268,COM,0.01678,1.008169,1.752,6.25,5.907,62730.857311,60796.001439
A_OB_1.7999999999999998_1.0_269,COM,1.227897,1.591811,1.879,3.267,4.102,63771.102402,60796.001439
A_OB_1.7999999999999998_1.0_270,COM,0.350847,1.162529,1.258,5.159,3.282,62106.504889,60796.001439
A_OB_1.7999999999999998_1.0_271,COM,1.279877,1.618762,1.793,1.482,4.722,63104.212058,60796.001439
A_OB_1.7999999999999998_1.0_272,COM,1.836279,1.844264,2.863,0.189,4.026,64215.612215,60796.001439
A_OB_1.7999999999999998_1.0_273,COM,0.262397,1.119867,0.982,2.347,5.104,62756.418541,60796.001439
A_OB_1.7999999999999998_1.0_274,COM,2.141727,2.034257,1.111,1.531,5.157,62385.270706,60796.001439
A_OB_1.7999999999999998_1.0_275,COM,2.000264,1.971922,2.083,5.414,2.704,61569.306219,60796.001439
A_OB_1.7999999999999998_1.0_276,COM,2.791066,2.305532,1.641,0.161,2.839,62263.422332,60796.001439
A_OB_1.7999999999999998_1.0_277,COM,1.782364,1.812583,1.841,5.197,2.894,63873.422537,60796.001439
A_OB_1.7999999999999998_1.0_278,COM,1.039481,1.515084,2.057,5.129,3.452,61857.047307,60796.001439
A_OB_1.7999999999999998_1.0_279,COM,0.233116,1.115619,1.522,2.868,3.824,64472.785175,60796.001439
A_OB_1.7999999999999998_1.0_280,COM,0.710617,1.355246,0.537,2.752,2.968,61435.437701,60796.001439
A_OB_1.7999999999999998_1.0_281,COM,0.585985,1.289579,2.671,1.771,5.002,61635.609949,60796.001439
A_OB_1.7999999999999998_1.0_282,COM,1.875862,1.86782,1.835,5.334,2.976,61446.320249,60796.001439
A_OB_1.7999999999999998_1.0_283,COM,0.570744,1.26172,0.7,1.65,4.829,63957.313662,60796.001439
A_OB_1.7999999999999998_1.0_284,COM,0.570744,1.26172,0.7,1.65,4.829,63957.313662,60796.001439
A_OB_1.7999999999999998_1.0_285,COM,1.249805,1.643947,1.749,5.509,4.039,64030.815377,60796.001439
A_OB_1.7999999999999998_1.0_286,COM,1.506944,1.797661,2.256,4.701,2.185,62926.240594,60796.001439
A_OB_1.7999999999999998_1.0_287,COM,0.986914,1.500346,1.019,1.706,4.73,63815.604183,60796.001439
A_OB_1.7999999999999998_1.0_288,COM,1.070916,1.577802,1.982,0.616,5.245,63842.78475,60796.001439
A_OB_1.7999999999999998_1.0_289,COM,1.064998,1.56953,1.592,3.471,1.636,62425.36051,60796.001439
A_OB_1.7999999999999998_1.0_290,COM,0.241634,1.129016,2.684,3.796,3.052,63633.341518,60796.001439
A_OB_1.7999999999999998_1.0_291,COM,1.187905,1.595315,1.525,5.226,2.805,61192.901309,60796.001439
A_OB_1.7999999999999998_1.0_292,COM,0.524753,1.278189,1.953,0.45,4.521,62376.3014,60796.001439
A_OB_1.7999999999999998_1.0_293,COM,0.2844,1.152287,0.912,3.489,3.664,61691.720284,60796.001439
A_OB_1.7999999999999998_1.0_294,COM,1.151566,1.606416,1.723,4.522,3.499,61736.685456,60796.001439
A_OB_1.7999999999999998_1.0_295,COM,0.462033,1.244546,2.066,4.616,3.553,61688.197383,60796.001439
A_OB_1.7999999999999998_1.0_296,COM,1.092188,1.578283,1.955,5.742,2.326,62138.839568,60796.001439
A_OB_1.7999999999999998_1.0_297,COM,0.018907,1.010355,1.326,3.19,4.229,62343.244124,60796.001439
A_OB_1.7999999999999998_1.0_298,COM,1.318988,1.674444,2.68,0.135,4.003,61531.905241,60796.001439
A_OB_1.7999999999999998_1.0_299,COM,0.163251,1.088345,2.152,4.539,2.83,61357.001066,60796.001439
A_OB_1.7999999999999998_1.0_300,COM,0.941528,1.488852,1.392,4.012,3.087,63364.97784,60796.001439
A_OB_1.7999999999999998_1.0_301,COM,1.234967,1.669392,1.901,0.459,4.842,60959.134721,60796.001439
A_OB_1.7999999999999998_1.0_302,COM,0.85843,1.435576,1.733,6.162,4.07,62820.351427,60796.001439
A_OB_1.7999999999999998_1.0_303,COM,1.733244,1.905312,0.935,3.452,3.33,64259.45369,60796.001439
A_OB_1.7999999999999998_1.0_304,COM,1.085179,1.593915,1.117,1.694,5.017,61335.561619,60796.001439
A_OB_1.7999999999999998_1.0_305,COM,1.091412,1.594284,2.41,4.948,3.803,61900.544032,60796.001439
A_OB_1.7999999999999998_1.0_306,COM,1.078503,1.544168,2.702,5.806,2.376,63871.565146,60796.001439
A_OB_1.7999999999999998_1.0_307,COM,1.514756,1.855931,0.955,1.995,4.875,64149.366018,60796.001439
A_OB_1.7999999999999998_1.0_308,COM,0.972071,1.543744,0.477,1.178,4.57,60941.932639,60796.001439
A_OB_1.7999999999999998_1.0_309,COM,1.060128,1.615488,1.078,1.332,4.479,61872.59885,60796.001439
A_OB_1.7999999999999998_1.0_310,COM,0.816764,1.487954,1.076,4.443,3.909,63406.457075,60796.001439
A_OB_1.7999999999999998_1.0_311,COM,1.239174,1.732681,1.592,1.667,5.043,61317.017906,60796.001439
A_OB_1.7999999999999998_1.0_312,COM,1.680223,1.951126,1.097,0.079,5.013,62573.920214,60796.001439
A_OB_1.7999999999999998_1.0_313,COM,2.361069,2.31013,0.79,3.858,3.205,63105.695782,60796.001439
A_OB_1.7999999999999998_1.0_314,COM,0.593994,1.329808,0.976,4.492,0.813,62497.532001,60796.001439
A_OB_1.7999999999999998_1.0_315,COM,1.195563,1.666722,2.663,0.971,0.986,61824.343607,60796.001439
A_OB_1.7999999999999998_1.0_316,COM,1.558719,1.898057,1.457,5.211,2.653,61152.734257,60796.001439
A_OB_1.7999999999999998_1.0_317,COM,0.069648,1.041236,1.231,1.183,4.924,60863.711435,60796.001439
A_OB_1.7999999999999998_1.0_318,COM,1.345586,1.747216,1.544,4.396,2.915,64205.132281,60796.001439
A_OB_1.7999999999999998_1.0_319,COM,0.797464,1.478668,1.199,4.231,2.683,64311.892704,60796.001439
A_OB_1.7999999999999998_1.0_320,COM,1.017171,1.589873,1.898,4.256,3.015,64208.03785,60796.001439
A_OB_1.7999999999999998_1.0_321,COM,2.104562,2.25388,1.22,1.896,3.941,63602.966387,60796.001439
A_OB_1.7999999999999998_1.0_322,COM,5.347702,4.152293,1.819,5.564,3.264,61619.890923,60796.001439
A_OB_1.7999999999999998_1.0_323,COM,0.950856,1.558712,2.676,6.232,3.703,62530.318501,60796.001439
A_OB_1.7999999999999998_1.0_324,COM,1.426796,1.802775,0.698,0.469,4.059,63473.739742,60796.001439
A_OB_1.7999999999999998_1.0_325,COM,1.139155,1.627515,2.372,1.997,5.351,61827.128188,60796.001439
A_OB_1.7999999999999998_1.0_326,COM,1.407313,1.77922,0.843,1.844,4.796,62048.487064,60796.001439
A_OB_1.7999999999999998_1.0_327,COM,0.938125,1.611297,0.965,2.05,4.477,61053.090589,60796.001439
A_OB_1.7999999999999998_1.0_328,COM,1.162671,1.750648,2.437,5.624,2.808,62022.818819,60796.001439
A_OB_1.7999999999999998_1.0_329,COM,1.061411,1.689905,0.386,5.328,2.51,63563.36915,60796.001439
A_OB_1.7999999999999998_1.0_330,COM,1.325004,1.846505,1.074,5.013,3.571,63731.007389,60796.001439
A_OB_1.7999999999999998_1.0_331,COM,0.721433,1.466302,2.042,3.872,2.748,61834.216504,60796.001439
A_OB_1.7999999999999998_1.0_332,COM,1.297702,1.779287,1.902,4.75,5.376,61225.732063,60796.001439
A_OB_1.7999999999999998_1.0_333,COM,3.177121,2.91856,1.782,2.939,2.688,62904.150331,60796.001439
A_OB_1.7999999999999998_1.0_334,COM,0.376586,1.238227,1.471,4.968,3.7,62456.936065,60796.001439
A_OB_1.7999999999999998_1.0_335,COM,0.399298,1.256609,0.881,1.797,5.643,64424.727576,60796.001439
A_OB_1.7999999999999998_1.0_336,COM,0.408155,1.250298,2.103,4.939,2.969,61737.903799,60796.001439
A_OB_1.7999999999999998_1.0_337,COM,0.170294,1.110884,0.845,2.166,3.807,64191.23929,60796.001439
A_OB_1.7999999999999998_1.0_338,COM,0.615917,1.394745,1.887,5.704,2.874,60818.139382,60796.001439
A_OB_1.7999999999999998_1.0_339,COM,1.68868,2.071466,2.835,0.967,4.955,64320.236602,60796.001439
A_OB_1.7999999999999998_1.0_340,COM,0.051732,1.033977,1.637,1.832,4.391,64024.766011,60796.001439
A_OB_1.7999999999999998_1.0_341,COM,0.246728,1.162002,1.932,1.683,5.63,63850.210127,60796.001439
A_OB_1.7999999999999998_1.0_342,COM,0.368281,1.241962,2.089,4.806,2.364,61044.867844,60796.001439
A_OB_1.7999999999999998_1.0_343,COM,0.341807,1.236052,1.218,2.366,4.494,64105.385813,60796.001439
A_OB_1.7999999999999998_1.0_344,COM,4.807219,4.220559,1.041,0.862,4.49,63672.791315,60796.001439
A_OB_1.7999999999999998_1.0_345,COM,1.418247,1.976481,2.688,2.476,1.445,61295.983826,60796.001439
A_OB_1.7999999999999998_1.0_346,COM,13.56337,10.265558,2.277,0.733,4.409,63994.268712,60796.001439
A_OB_1.7999999999999998_1.0_347,COM,1.424457,1.946151,2.168,5.975,3.348,62670.89196,60796.001439
A_OB_1.7999999999999998_1.0_348,COM,1.329193,1.882876,1.736,3.197,4.118,63572.607636,60796.001439
A_OB_1.7999999999999998_1.0_349,COM,1.116164,1.745281,1.963,2.798,3.136,61703.756488,60796.001439
A_OB_1.7999999999999998_1.0_350,COM,1.471821,1.999258,1.243,4.185,3.011,61557.721573,60796.001439
A_OB_1.7999999999999998_1.0_351,COM,1.348868,1.881648,2.042,5.265,2.883,61622.772368,60796.001439
A_OB_1.7999999999999998_1.0_352,COM,1.251627,1.871855,0.932,3.346,3.379,64355.793774,60796.001439
A_OB_1.7999999999999998_1.0_353,COM,1.385558,1.996468,2.101,5.901,3.9,61756.186139,60796.001439
A_OB_1.7999999999999998_1.0_354,COM,1.109508,1.816958,1.091,3.457,3.027,61358.379146,60796.001439
A_OB_1.7999999999999998_1.0_355,COM,1.257051,1.949279,1.986,1.335,2.585,64086.133239,60796.001439
A_OB_1.7999999999999998_1.0_356,COM,1.462124,2.071435,0.716,3.746,3.417,62003.94174,60796.001439
A_OB_1.7999999999999998_1.0_357,COM,0.795317,1.587189,2.581,5.909,3.113,61544.071599,60796.001439
A_OB_1.7999999999999998_1.0_358,COM,1.584227,2.126553,0.118,2.347,4.323,63261.469959,60796.001439
A_OB_1.7999999999999998_1.0_359,COM,0.884952,1.675585,1.281,1.95,4.625,62683.323692,60796.001439
A_OB_1.7999999999999998_1.0_360,COM,0.836397,1.608364,1.104,3.986,3.665,61170.835518,60796.001439
A_OB_1.7999999999999998_1.0_361,COM,0.874476,1.626872,1.98,2.106,4.836,64175.970214,60796.001439
A_OB_1.7999999999999998_1.0_362,COM,1.356567,1.971322,0.801,0.798,3.296,63959.963866,60796.001439
A_OB_1.7999999999999998_1.0_363,COM,1.205857,1.898041,1.135,4.295,2.963,63322.372834,60796.001439
A_OB_1.7999999999999998_1.0_364,COM,0.040242,1.030796,0.555,4.09,3.668,61046.234876,60796.001439
A_OB_1.7999999999999998_1.0_365,COM,0.96345,1.686115,1.412,5.136,3.762,63674.919414,60796.001439
A_OB_1.7999999999999998_1.0_366,COM,1.583719,2.191168,0.884,4.151,2.827,60856.657559,60796.001439
A_OB_1.7999999999999998_1.0_367,COM,0.558493,1.407267,2.962,2.905,0.089,64134.007706,60796.001439
A_OB_1.7999999999999998_1.0_368,COM,1.006355,1.770803,2.704,1.379,5.088,63481.575047,60796.001439
A_OB_1.7999999999999998_1.0_369,COM,1.202787,1.875811,1.078,4.236,2.967,64451.454792,60796.001439
A_OB_1.7999999999999998_1.0_370,COM,1.180395,1.962796,0.745,2.973,4.101,62528.586592,60796.001439
A_OB_1.7999999999999998_1.0_371,COM,1.344675,2.052028,2.068,0.211,4.766,62317.945763,60796.001439
A_OB_1.7999999999999998_1.0_372,COM,0.644703,1.496435,1.639,1.325,4.374,61681.802268,60796.001439
A_OB_1.7999999999999998_1.0_373,COM,1.382112,2.114281,1.748,3.201,2.8,61137.330647,60796.001439
A_OB_1.7999999999999998_1.0_374,COM,0.018717,1.015127,0.992,4.602,2.881,63873.820514,60796.001439
A_OB_1.7999999999999998_1.0_375,COM,1.39179,2.149614,2.2,0.556,4.856,63344.80851,60796.001439
A_OB_1.7999999999999998_1.0_376,COM,1.554803,2.268007,1.874,3.204,3.837,61962.362504,60796.001439
A_OB_1.7999999999999998_1.0_377,COM,1.669805,2.289587,1.271,2.079,3.984,61653.369164,60796.001439
A_OB_1.7999999999999998_1.0_378,COM,0.287637,1.23493,1.221,2.627,4.733,63897.63365,60796.001439
A_OB_1.7999999999999998_1.0_379,COM,2.460758,2.905822,1.783,3.302,3.212,62339.185096,60796.001439
A_OB_1.7999999999999998_1.0_380,COM,1.57006,2.229039,0.614,2.861,2.973,63286.083379,60796.001439
A_OB_1.7999999999999998_1.0_381,COM,0.807869,1.638142,0.86,4.217,2.836,61824.590063,60796.001439
A_OB_1.7999999999999998_1.0_382,COM,0.802215,1.659419,1.773,0.251,4.664,63477.383615,60796.001439
A_OB_1.7999999999999998_1.0_383,COM,0.401213,1.32112,0.569,0.521,4.681,61568.147412,60796.001439
A_OB_1.7999999999999998_1.0_384,COM,1.135929,1.886012,0.562,0.501,4.328,64218.856119,60796.001439
A_OB_1.7999999999999998_1.0_385,COM,0.76158,1.593598,1.175,1.631,4.609,61863.379436,60796.001439
A_OB_1.7999999999999998_1.0_386,COM,1.276036,2.028732,1.934,1.327,4.109,62522.501839,60796.001439
A_OB_1.7999999999999998_1.0_387,COM,0.035737,1.027845,1.751,2.26,5.158,62612.235554,60796.001439
A_OB_1.7999999999999998_1.0_388,COM,0.977291,1.778265,2.012,3.296,3.587,63533.479174,60796.001439
A_OB_1.7999999999999998_1.0_389,COM,1.312559,2.047626,0.98,4.946,3.228,63411.913881,60796.001439
A_OB_1.7999999999999998_1.0_390,COM,2.037831,2.608567,2.174,5.652,3.201,62548.463803,60796.001439
A_OB_1.7999999999999998_1.0_391,COM,1.069582,1.869377,2.537,5.321,3.163,62305.661595,60796.001439
A_OB_1.7999999999999998_1.0_392,COM,1.411046,2.224114,0.956,1.885,4.088,64466.117652,60796.001439
A_OB_1.7999999999999998_1.0_393,COM,1.001313,1.862028,1.263,1.792,4.579,60911.522623,60796.001439
A_OB_1.7999999999999998_1.0_394,COM,1.391865,2.230371,1.304,1.604,4.512,62863.390386,60796.001439
A_OB_1.7999999999999998_1.0_395,COM,1.180249,1.999689,0.97,1.763,5.556,61662.483807,60796.001439
A_OB_1.7999999999999998_1.0_396,COM,33.890738,30.249081,0.884,4.973,2.795,65699.048712,60796.001439
A_OB_1.7999999999999998_1.0_397,COM,1.366482,2.182873,1.454,1.522,4.29,61174.07962,60796.001439
A_OB_1.7999999999999998_1.0_398,COM,2.945416,3.539831,0.948,4.514,2.62,62529.609501,60796.001439
A_OB_1.7999999999999998_1.0_399,COM,1.082642,1.916644,1.973,4.852,2.973,62017.661155,60796.001439
A_OB_1.7999999999999998_1.0_400,COM,0.880638,1.765115,2.228,0.043,4.139,62311.70898,60796.001439
A_OB_1.7999999999999998_1.0_401,COM,1.197822,2.041231,2.079,1.317,4.02,63392.49362,60796.001439
A_OB_1.7999999999999998_1.0_402,COM,0.642443,1.544435,1.075,5.259,4.128,63805.756388,60796.001439
A_OB_1.7999999999999998_1.0_403,COM,0.693418,1.629613,2.622,5.563,3.925,61884.170756,60796.001439
A_OB_1.7999999999999998_1.0_404,COM,0.469647,1.417516,1.886,4.7,4.273,63885.651155,60796.001439
A_OB_1.7999999999999998_1.0_405,COM,1.08027,1.989326,1.134,1.747,4.423,63162.56727,60796.001439
A_OB_1.7999999999999998_1.0_406,COM,0.902081,1.820789,1.5,5.29,2.894,64069.56978,60796.001439
A_OB_1.7999999999999998_1.0_407,COM,1.348032,2.234737,0.959,4.02,2.591,60881.352776,60796.001439
A_OB_1.7999999999999998_1.0_408,COM,1.677961,2.539802,2.296,5.028,2.425,63796.048204,60796.001439
A_OB_1.7999999999999998_1.0_409,COM,0.450217,1.407459,0.945,5.182,2.939,62172.902143,60796.001439
A_OB_1.7999999999999998_1.0_410,COM,0.806297,1.735662,1.894,3.711,3.285,61935.159802,60796.001439
A_OB_1.7999999999999998_1.0_411,COM,0.319,1.300324,1.803,5.31,3.66,62298.574406,60796.001439
A_OB_1.7999999999999998_1.0_412,COM,0.820299,1.730197,0.821,2.334,4.474,61454.096926,60796.001439
A_OB_1.7999999999999998_1.0_413,COM,1.048987,1.969802,1.713,3.888,3.614,62363.686959,60796.001439
A_OB_1.7999999999999998_1.0_414,COM,0.381093,1.355182,1.442,4.718,3.934,62821.403081,60796.001439
A_OB_1.7999999999999998_1.0_415,COM,1.422025,2.301446,1.372,0.713,4.291,61246.913159,60796.001439
A_OB_1.7999999999999998_1.0_416,COM,0.338777,1.314905,1.77,1.643,3.325,62179.330955,60796.001439
A_OB_1.7999999999999998_1.0_417,COM,0.6339,1.616836,2.76,4.596,2.042,62137.505081,60796.001439
A_OB_1.7999999999999998_1.0_418,COM,0.380953,1.368889,2.263,0.04,3.938,62798.802284,60796.001439
A_OB_1.7999999999999998_1.0_419,COM,1.584682,2.540077,2.071,5.169,2.843,62722.903129,60796.001439
A_OB_1.7999999999999998_1.0_420,COM,0.967447,1.973514,2.496,5.577,2.966,63390.636002,60796.001439
A_OB_1.7999999999999998_1.0_421,COM,0.725006,1.713623,2.034,5.134,3.223,62364.997109,60796.001439
A_OB_1.7999999999999998_1.0_422,COM,1.151816,2.112291,2.457,6.211,3.584,62217.131732,60796.001439
A_OB_1.7999999999999998_1.0_423,COM,0.749343,1.724141,2.371,0.396,3.802,62657.72553,60796.001439
A_OB_1.7999999999999998_1.0_424,COM,0.046566,1.045031,0.336,3.756,3.631,62047.239799,60796.001439
A_OB_1.7999999999999998_1.0_425,COM,1.294828,2.292373,2.17,0.588,4.08,62343.174186,60796.001439
A_OB_1.7999999999999998_1.0_426,COM,1.662068,2.618742,0.882,4.012,2.526,62159.076823,60796.001439
A_OB_1.7999999999999998_1.0_427,COM,1.469451,2.453645,2.209,1.489,4.406,61458.582755,60796.001439
A_OB_1.7999999999999998_1.0_428,COM,1.219628,2.237214,1.101,4.522,3.123,62923.532174,60796.001439
A_OB_1.7999999999999998_1.0_429,COM,0.080414,1.080073,0.55,3.093,4.556,63241.552061,60796.001439
A_OB_1.7999999999999998_1.0_430,COM,5.298161,6.182565,0.618,3.665,3.742,60881.702526,60796.001439
A_OB_1.7999999999999998_1.0_431,COM,1.414006,2.432753,1.045,3.845,2.808,61695.308865,60796.001439
A_OB_1.7999999999999998_1.0_432,COM,2.584894,3.50011,2.207,0.708,4.285,63654.376016,60796.001439
A_OB_1.7999999999999998_1.0_433,COM,3.255222,4.233818,1.526,4.69,2.545,63614.863097,60796.001439
A_OB_1.7999999999999998_1.0_434,COM,0.633007,1.624861,2.313,0.728,4.479,63758.487917,60796.001439
A_OB_1.7999999999999998_1.0_435,COM,1.385451,2.475491,2.83,5.998,3.453,61234.721181,60796.001439
A_OB_1.7999999999999998_1.0_436,COM,0.209609,1.223072,1.465,2.007,4.749,61723.036444,60796.001439
A_OB_1.7999999999999998_1.0_437,COM,1.33704,2.419634,1.988,4.615,2.133,64081.789031,60796.001439
A_OB_1.7999999999999998_1.0_438,COM,0.973763,2.010388,1.151,4.614,2.322,63007.508671,60796.001439
A_OB_1.7999999999999998_1.0_439,COM,1.375848,2.543777,0.866,0.837,4.819,61633.879789,60796.001439
A_OB_1.7999999999999998_1.0_440,COM,1.16338,2.319938,1.828,4.966,3.136,63629.471059,60796.001439
A_OB_1.7999999999999998_1.0_441,COM,0.281976,1.321412,1.248,2.138,5.231,63397.639832,60796.001439
A_OB_1.7999999999999998_1.0_442,COM,0.878891,1.973128,1.098,4.363,2.887,62362.970841,60796.001439
A_OB_1.7999999999999998_1.0_443,COM,1.503213,2.677767,0.978,1.621,3.947,60973.936038,60796.001439
A_OB_1.7999999999999998_1.0_444,COM,0.251033,1.288513,2.193,4.891,2.461,64226.950633,60796.001439
A_OB_1.7999999999999998_1.0_445,COM,1.043768,2.281332,1.204,2.298,3.928,62905.360547,60796.001439
A_OB_1.7999999999999998_1.0_446,COM,0.052455,1.062308,1.03,3.315,4.031,61412.906143,60796.001439
A_OB_1.7999999999999998_1.0_447,COM,0.740777,1.941267,1.145,4.608,4.068,63119.4874,60796.001439
A_OB_1.7999999999999998_1.0_448,COM,0.412256,1.538768,2.458,1.217,5.11,62606.762903,60796.001439
A_OB_1.7999999999999998_1.0_449,COM,3.338197,5.207514,1.322,2.084,4.303,64094.983058,60796.001439
A_OB_1.7999999999999998_1.0_450,COM,0.65148,1.841585,1.977,1.469,4.739,60733.371408,60796.001439
A_OB_1.7999999999999998_1.0_451,COM,0.829606,2.050438,2.17,4.114,1.892,63727.754229,60796.001439
A_OB_1.7999999999999998_1.0_452,COM,1.199076,2.544029,0.671,3.735,2.891,62587.868502,60796.001439
A_OB_1.7999999999999998_1.0_453,COM,1.937789,3.426753,1.294,3.055,3.272,62514.455379,60796.001439
A_OB_1.7999999999999998_1.0_454,COM,1.418972,2.827255,2.375,6.083,2.544,64309.988959,60796.001439
A_OB_1.7999999999999998_1.0_455,COM,3.403731,5.252108,0.591,2.559,3.901,60964.428745,60796.001439
A_OB_1.7999999999999998_1.0_456,COM,0.191319,1.23633,1.917,1.852,4.907,63814.650014,60796.001439
A_OB_1.7999999999999998_1.0_457,COM,1.466988,2.859643,1.378,1.642,4.645,62870.91821,60796.001439
A_OB_1.7999999999999998_1.0_458,COM,0.519712,1.65128,1.363,1.917,4.421,64132.515632,60796.001439
A_OB_1.7999999999999998_1.0_459,COM,1.319813,2.761123,2.222,0.294,3.398,63053.906658,60796.001439
A_OB_1.7999999999999998_1.0_460,COM,1.4256,2.899929,0.609,1.465,4.606,61387.48791,60796.001439
A_OB_1.7999999999999998_1.0_461,COM,1.199447,2.587481,1.404,4.781,2.954,62086.689579,60796.001439
A_OB_1.7999999999999998_1.0_462,COM,0.907639,2.238232,0.621,3.797,3.254,61529.487339,60796.001439
A_OB_1.7999999999999998_1.0_463,COM,1.428008,2.951658,0.905,3.208,3.547,62300.535466,60796.001439
A_OB_1.7999999999999998_1.0_464,COM,0.514788,1.674695,0.914,4.642,3.539,61493.193738,60796.001439
A_OB_1.7999999999999998_1.0_465,COM,2.381401,4.225135,1.938,5.09,2.315,61720.143324,60796.001439
A_OB_1.7999999999999998_1.0_466,COM,0.972469,2.359214,0.834,2.407,3.501,62967.528123,60796.001439
A_OB_1.7999999999999998_1.0_467,COM,0.302075,1.420409,0.534,1.974,4.383,61227.919189,60796.001439
A_OB_1.7999999999999998_1.0_468,COM,0.566485,1.813947,1.997,1.563,4.403,61761.499913,60796.001439
A_OB_1.7999999999999998_1.0_469,COM,0.286657,1.397431,0.235,4.243,2.744,61407.03064,60796.001439
A_OB_1.7999999999999998_1.0_470,COM,1.699976,3.411041,1.978,5.426,1.906,62227.470048,60796.001439
A_OB_1.7999999999999998_1.0_471,COM,1.269467,2.867404,1.62,1.329,4.453,61883.131472,60796.001439
A_OB_1.7999999999999998_1.0_472,COM,2.212885,4.26658,1.314,2.698,3.108,61033.132893,60796.001439
A_OB_1.7999999999999998_1.0_473,COM,1.998097,4.121219,2.04,4.55,3.146,63184.166732,60796.001439
A_OB_1.7999999999999998_1.0_474,COM,0.765502,2.224339,0.414,3.786,2.901,62944.286689,60796.001439
A_OB_1.7999999999999998_1.0_475,COM,0.323437,1.512359,0.79,1.303,5.092,61014.386641,60796.001439
A_OB_1.7999999999999998_1.0_476,COM,0.250907,1.393369,0.971,3.813,3.757,64430.594901,60796.001439
A_OB_1.7999999999999998_1.0_477,COM,1.22111,2.995473,2.375,0.121,3.647,61436.469108,60796.001439
A_OB_1.7999999999999998_1.0_478,COM,1.150726,2.95664,0.403,4.102,2.677,63924.455244,60796.001439
A_OB_1.7999999999999998_1.0_479,COM,1.54454,3.564304,1.702,0.984,3.899,64417.191532,60796.001439
A_OB_1.7999999999999998_1.0_480,COM,0.896727,2.62035,0.901,2.493,3.79,61014.566898,60796.001439
A_OB_1.7999999999999998_1.0_481,COM,1.930034,4.343919,1.454,4.133,3.038,61212.886514,60796.001439
A_OB_1.7999999999999998_1.0_482,COM,1.479092,3.643218,0.899,2.116,4.242,61933.106932,60796.001439
A_OB_1.7999999999999998_1.0_483,COM,0.936553,2.688585,2.187,0.779,3.948,64059.397778,60796.001439
A_OB_1.7999999999999998_1.0_484,COM,0.605303,2.096764,2.367,5.578,3.679,60998.577495,60796.001439
A_OB_1.7999999999999998_1.0_485,COM,1.072701,2.95655,1.75,4.974,2.453,62442.308533,60796.001439
A_OB_1.7999999999999998_1.0_486,COM,0.998196,2.862611,2.139,6.079,3.287,61016.524025,60796.001439
A_OB_1.7999999999999998_1.0_487,COM,1.866681,4.53339,1.173,1.817,3.971,61626.636399,60796.001439
A_OB_1.7999999999999998_1.0_488,COM,0.860119,2.665005,1.704,4.97,2.529,63496.79959,60796.001439
A_OB_1.7999999999999998_1.0_489,COM,1.292616,3.659334,1.432,4.808,3.493,63004.916799,60796.001439
A_OB_1.7999999999999998_1.0_490,COM,0.685718,2.431073,2.241,5.513,3.02,61232.809693,60796.001439
A_OB_1.7999999999999998_1.0_491,COM,1.524976,4.068383,1.953,5.196,2.957,63283.791408,60796.001439
A_OB_1.7999999999999998_1.0_492,COM,0.429149,1.91943,1.899,3.508,3.881,63815.344469,60796.001439
A_OB_1.7999999999999998_1.0_493,COM,0.366704,1.795112,0.856,2.391,4.124,64338.304945,60796.001439
A_OB_1.7999999999999998_1.0_494,COM,0.32254,1.70115,1.412,4.623,2.915,62827.715761,60796.001439
A_OB_1.7999999999999998_1.0_495,COM,0.818371,2.73899,2.215,6.23,3.304,62505.768708,60796.001439
A_OB_1.7999999999999998_1.0_496,COM,1.613062,4.459935,2.401,5.457,2.565,61633.474293,60796.001439
A_OB_1.7999999999999998_1.0_497,COM,0.836349,2.941848,0.801,1.674,4.53,61108.536507,60796.001439
A_OB_1.7999999999999998_1.0_498,COM,0.609075,2.430735,1.123,2.25,3.665,60771.651819,60796.001439
A_OB_1.7999999999999998_1.0_499,COM,1.034482,3.514057,0.701,2.41,3.984,63311.919599,60796.001439
A_OB_1.7999999999999998_1.0_500,COM,0.659221,2.654008,2.08,6.152,3.258,61296.868256,60796.001439
A_OB_1.7999999999999998_1.0_501,COM,1.630922,5.3252,2.022,5.305,2.746,62345.791188,60796.001439
A_OB_1.7999999999999998_1.0_502,COM,1.197786,4.423318,2.266,0.862,4.017,64391.387292,60796.001439
A_OB_1.7999999999999998_1.0_503,COM,1.416633,5.14494,0.951,1.945,4.433,63863.323217,60796.001439
A_OB_1.7999999999999998_1.0_504,COM,1.710522,6.626004,2.236,5.902,2.602,63251.998422,60796.001439
A_OB_1.7999999999999998_1.0_505,COM,1.350698,5.595815,1.397,1.542,4.311,62921.563269,60796.001439
A_OB_1.7999999999999998_1.0_506,COM,1.236102,5.074803,1.624,4.712,2.167,63188.526147,60796.001439
A_OB_1.7999999999999998_1.0_507,COM,0.5137,2.858553,0.934,4.003,3.049,62340.334253,60796.001439
A_OB_1.7999999999999998_1.0_508,COM,0.888956,4.701449,2.075,0.584,3.492,63707.868653,60796.001439
A_OB_1.7999999999999998_1.0_509,COM,2.42881,12.771194,2.154,1.517,4.313,62254.600708,60796.001439
