ObjID,H_g,u-r,g-r,i-r,z-r,y-r,GS
A_OB_1.7999999999999998_1.0_0,19.73,2.31,0.73,-0.33,-0.5,-0.68,0.15
A_OB_1.7999999999999998_1.0_1,24.31,2.31,0.73,-0.33,-0.5,-0.68,0.15
A_OB_1.7999999999999998_1.0_2,25.55,2.31,0.73,-0.33,-0.5,-0.68,0.15
A_OB_1.7999999999999998_1.0_3,23.78,2.31,0.73,-0.33,-0.5,-0.68,0.15
A_OB_1.7999999999999998_1.0_4,25.22,2.31,0.73,-0.33,-0.5,-0.68,0.15
A_OB_1.7999999999999998_1.0_5,23.03,2.31,0.73,-0.33,-0.5,-0.68,0.15
A_OB_1.7999999999999998_1.0_6,25.45,2.31,0.73,-0.33,-0.5,-0.68,0.15
A_OB_1.7999999999999998_1.0_7,24.53,2.31,0.73,-0.33,-0.5,-0.68,0.15
A_OB_1.7999999999999998_1.0_8,22.42,2.31,0.73,-0.33,-0.5,-0.68,0.15
A_OB_1.7999999999999998_1.0_9,25.37,2.31,0.73,-0.33,-0.5,-0.68,0.15
A_OB_1.7999999999999998_1.0_10,23.37,2.31,0.73,-0.33,-0.5,-0.68,0.15
A_OB_1.7999999999999998_1.0_11,24.28,2.31,0.73,-0.33,-0.5,-0.68,0.15
A_OB_1.7999999999999998_1.0_12,25.3,2.31,0.73,-0.33,-0.5,-0.68,0.15
A_OB_1.7999999999999998_1.0_13,22.53,2.31,0.73,-0.33,-0.5,-0.68,0.15
A_OB_1.7999999999999998_1.0_14,24.62,2.31,0.73,-0.33,-0.5,-0.68,0.15
A_OB_1.7999999999999998_1.0_15,25.41,2.31,0.73,-0.33,-0.5,-0.68,0.15
A_OB_1.7999999999999998_1.0_16,21.1,2.31,0.73,-0.33,-0.5,-0.68,0.15
A_OB_1.7999999999999998_1.0_17,23.87,2.31,0.73,-0.33,-0.5,-0.68,0.15
A_OB_1.7999999999999998_1.0_18,22.71,2.31,0.73,-0.33,-0.5,-0.68,0.15
A_OB_1.7999999999999998_1.0_19,25.33,2.31,0.73,-0.33,-0.5,-0.68,0.15
A_OB_1.7999999999999998_1.0_20,25.43,2.31,0.73,-0.33,-0.5,-0.68,0.15
A_OB_1.7999999999999998_1.0_21,24.61,2.31,0.73,-0.33,-0.5,-0.68,0.15
A_OB_1.7999999999999998_1.0_22,23.06,2.31,0.73,-0.33,-0.5,-0.68,0.15
A_OB_1.7999999999999998_1.0_23,25.06,2.31,0.73,-0.33,-0.5,-0.68,0.15
A_OB_1.7999999999999998_1.0_24,25.09,2.31,0.73,-0.33,-0.5,-0.68,0.15
A_OB_1.7999999999999998_1.0_25,25.33,2.31,0.73,-0.33,-0.5,-0.68,0.15
A_OB_1.7999999999999998_1.0_26,25.52,2.31,0.73,-0.33,-0.5,-0.68,0.15
A_OB_1.7999999999999998_1.0_27,25.59,2.31,0.73,-0.33,-0.5,-0.68,0.15
A_OB_1.7999999999999998_1.0_28,17.31,2.31,0.73,-0.33,-0.5,-0.68,0.15
A_OB_1.7999999999999998_1.0_29,23.33,2.31,0.73,-0.33,-0.5,-0.68,0.15
A_OB_1.7999999999999998_1.0_30,24.44,2.31,0.73,-0.33,-0.5,-0.68,0.15
A_OB_1.7999999999999998_1.0_31,24.38,2.31,0.73,-0.33,-0.5,-0.68,0.15
A_OB_1.7999999999999998_1.0_32,25.49,2.31,0.73,-0.33,-0.5,-0.68,0.15
A_OB_1.7999999999999998_1.0_33,21.59,2.31,0.73,-0.33,-0.5,-0.68,0.15
A_OB_1.7999999999999998_1.0_34,22.01,2.31,0.73,-0.33,-0.5,-0.68,0.15
A_OB_1.7999999999999998_1.0_35,22.09,2.31,0.73,-0.33,-0.5,-0.68,0.15
A_OB_1.7999999999999998_1.0_36,25.57,2.31,0.73,-0.33,-0.5,-0.68,0.15
A_OB_1.7999999999999998_1.0_37,25.28,2.31,0.73,-0.33,-0.5,-0.68,0.15
A_OB_1.7999999999999998_1.0_38,24.39,2.31,0.73,-0.33,-0.5,-0.68,0.15
A_OB_1.7999999999999998_1.0_39,25.42,2.31,0.73,-0.33,-0.5,-0.68,0.15
A_OB_1.7999999999999998_1.0_40,25.09,2.31,0.73,-0.33,-0.5,-0.68,0.15
A_OB_1.7999999999999998_1.0_41,24.34,2.31,0.73,-0.33,-0.5,-0.68,0.15
A_OB_1.7999999999999998_1.0_42,25.26,2.31,0.73,-0.33,-0.5,-0.68,0.15
A_OB_1.7999999999999998_1.0_43,22.66,2.31,0.73,-0.33,-0.5,-0.68,0.15
A_OB_1.7999999999999998_1.0_44,22.98,2.31,0.73,-0.33,-0.5,-0.68,0.15
A_OB_1.7999999999999998_1.0_45,20.09,2.31,0.73,-0.33,-0.5,-0.68,0.15
A_OB_1.7999999999999998_1.0_46,24.97,2.31,0.73,-0.33,-0.5,-0.68,0.15
A_OB_1.7999999999999998_1.0_47,25.57,2.31,0.73,-0.33,-0.5,-0.68,0.15
A_OB_1.7999999999999998_1.0_48,25.03,2.31,0.73,-0.33,-0.5,-0.68,0.15
A_OB_1.7999999999999998_1.0_49,25.11,2.31,0.73,-0.33,-0.5,-0.68,0.15
A_OB_1.7999999999999998_1.0_50,25.41,2.31,0.73,-0.33,-0.5,-0.68,0.15
A_OB_1.7999999999999998_1.0_51,22.3,2.31,0.73,-0.33,-0.5,-0.68,0.15
A_OB_1.7999999999999998_1.0_52,25.5,2.31,0.73,-0.33,-0.5,-0.68,0.15
A_OB_1.7999999999999998_1.0_53,24.84,2.31,0.73,-0.33,-0.5,-0.68,0.15
A_OB_1.7999999999999998_1.0_54,23.89,2.31,0.73,-0.33,-0.5,-0.68,0.15
A_OB_1.7999999999999998_1.0_55,25.54,2.31,0.73,-0.33,-0.5,-0.68,0.15
A_OB_1.7999999999999998_1.0_56,23.62,2.31,0.73,-0.33,-0.5,-0.68,0.15
A_OB_1.7999999999999998_1.0_57,25.0,2.31,0.73,-0.33,-0.5,-0.68,0.15
A_OB_1.7999999999999998_1.0_58,24.93,2.31,0.73,-0.33,-0.5,-0.68,0.15
A_OB_1.7999999999999998_1.0_59,22.56,2.31,0.73,-0.33,-0.5,-0.68,0.15
A_OB_1.7999999999999998_1.0_60,25.19,2.31,0.73,-0.33,-0.5,-0.68,0.15
A_OB_1.7999999999999998_1.0_61,24.87,2.31,0.73,-0.33,-0.5,-0.68,0.15
A_OB_1.7999999999999998_1.0_62,23.26,2.31,0.73,-0.33,-0.5,-0.68,0.15
A_OB_1.7999999999999998_1.0_63,23.41,2.31,0.73,-0.33,-0.5,-0.68,0.15
A_OB_1.7999999999999998_1.0_64,23.6,2.31,0.73,-0.33,-0.5,-0.68,0.15
A_OB_1.7999999999999998_1.0_65,25.43,2.31,0.73,-0.33,-0.5,-0.68,0.15
A_OB_1.7999999999999998_1.0_66,23.56,2.31,0.73,-0.33,-0.5,-0.68,0.15
A_OB_1.7999999999999998_1.0_67,21.54,2.31,0.73,-0.33,-0.5,-0.68,0.15
A_OB_1.7999999999999998_1.0_68,25.24,2.31,0.73,-0.33,-0.5,-0.68,0.15
A_OB_1.7999999999999998_1.0_69,21.76,2.31,0.73,-0.33,-0.5,-0.68,0.15
A_OB_1.7999999999999998_1.0_70,23.01,2.31,0.73,-0.33,-0.5,-0.68,0.15
A_OB_1.7999999999999998_1.0_71,25.29,2.31,0.73,-0.33,-0.5,-0.68,0.15
A_OB_1.7999999999999998_1.0_72,24.79,2.31,0.73,-0.33,-0.5,-0.68,0.15
A_OB_1.7999999999999998_1.0_73,20.29,2.31,0.73,-0.33,-0.5,-0.68,0.15
A_OB_1.7999999999999998_1.0_74,25.54,2.31,0.73,-0.33,-0.5,-0.68,0.15
A_OB_1.7999999999999998_1.0_75,24.11,2.31,0.73,-0.33,-0.5,-0.68,0.15
A_OB_1.7999999999999998_1.0_76,25.59,2.31,0.73,-0.33,-0.5,-0.68,0.15
A_OB_1.7999999999999998_1.0_77,21.27,2.31,0.73,-0.33,-0.5,-0.68,0.15
A_OB_1.7999999999999998_1.0_78,25.1,2.31,0.73,-0.33,-0.5,-0.68,0.15
A_OB_1.7999999999999998_1.0_79,23.01,2.31,0.73,-0.33,-0.5,-0.68,0.15
A_OB_1.7999999999999998_1.0_80,24.73,2.31,0.73,-0.33,-0.5,-0.68,0.15
A_OB_1.7999999999999998_1.0_81,25.22,2.31,0.73,-0.33,-0.5,-0.68,0.15
A_OB_1.7999999999999998_1.0_82,23.98,2.31,0.73,-0.33,-0.5,-0.68,0.15
A_OB_1.7999999999999998_1.0_83,24.48,2.31,0.73,-0.33,-0.5,-0.68,0.15
A_OB_1.7999999999999998_1.0_84,24.29,2.31,0.73,-0.33,-0.5,-0.68,0.15
A_OB_1.7999999999999998_1.0_85,24.44,2.31,0.73,-0.33,-0.5,-0.68,0.15
A_OB_1.7999999999999998_1.0_86,25.41,2.31,0.73,-0.33,-0.5,-0.68,0.15
A_OB_1.7999999999999998_1.0_87,25.6,2.31,0.73,-0.33,-0.5,-0.68,0.15
A_OB_1.7999999999999998_1.0_88,24.33,2.31,0.73,-0.33,-0.5,-0.68,0.15
A_OB_1.7999999999999998_1.0_89,24.69,2.31,0.73,-0.33,-0.5,-0.68,0.15
A_OB_1.7999999999999998_1.0_90,22.67,2.31,0.73,-0.33,-0.5,-0.68,0.15
A_OB_1.7999999999999998_1.0_91,25.35,2.31,0.73,-0.33,-0.5,-0.68,0.15
A_OB_1.7999999999999998_1.0_92,25.06,2.31,0.73,-0.33,-0.5,-0.68,0.15
A_OB_1.7999999999999998_1.0_93,22.07,2.31,0.73,-0.33,-0.5,-0.68,0.15
A_OB_1.7999999999999998_1.0_94,23.95,2.31,0.73,-0.33,-0.5,-0.68,0.15
A_OB_1.7999999999999998_1.0_95,25.6,2.31,0.73,-0.33,-0.5,-0.68,0.15
A_OB_1.7999999999999998_1.0_96,20.5,2.31,0.73,-0.33,-0.5,-0.68,0.15
A_OB_1.7999999999999998_1.0_97,21.99,2.31,0.73,-0.33,-0.5,-0.68,0.15
A_OB_1.7999999999999998_1.0_98,25.37,2.31,0.73,-0.33,-0.5,-0.68,0.15
A_OB_1.7999999999999998_1.0_99,25.16,2.31,0.73,-0.33,-0.5,-0.68,0.15
A_OB_1.7999999999999998_1.0_100,24.43,2.31,0.73,-0.33,-0.5,-0.68,0.15
A_OB_1.7999999999999998_1.0_101,23.77,2.31,0.73,-0.33,-0.5,-0.68,0.15
A_OB_1.7999999999999998_1.0_102,25.22,2.31,0.73,-0.33,-0.5,-0.68,0.15
A_OB_1.7999999999999998_1.0_103,25.55,2.31,0.73,-0.33,-0.5,-0.68,0.15
A_OB_1.7999999999999998_1.0_104,24.5,2.31,0.73,-0.33,-0.5,-0.68,0.15
A_OB_1.7999999999999998_1.0_105,25.43,2.31,0.73,-0.33,-0.5,-0.68,0.15
A_OB_1.7999999999999998_1.0_106,25.23,2.31,0.73,-0.33,-0.5,-0.68,0.15
A_OB_1.7999999999999998_1.0_107,25.5,2.31,0.73,-0.33,-0.5,-0.68,0.15
A_OB_1.7999999999999998_1.0_108,24.26,2.31,0.73,-0.33,-0.5,-0.68,0.15
A_OB_1.7999999999999998_1.0_109,24.39,2.31,0.73,-0.33,-0.5,-0.68,0.15
A_OB_1.7999999999999998_1.0_110,25.25,2.31,0.73,-0.33,-0.5,-0.68,0.15
A_OB_1.7999999999999998_1.0_111,24.74,2.31,0.73,-0.33,-0.5,-0.68,0.15
A_OB_1.7999999999999998_1.0_112,24.41,2.31,0.73,-0.33,-0.5,-0.68,0.15
A_OB_1.7999999999999998_1.0_113,24.5,2.31,0.73,-0.33,-0.5,-0.68,0.15
A_OB_1.7999999999999998_1.0_114,24.97,2.31,0.73,-0.33,-0.5,-0.68,0.15
A_OB_1.7999999999999998_1.0_115,25.53,2.31,0.73,-0.33,-0.5,-0.68,0.15
A_OB_1.7999999999999998_1.0_116,25.59,2.31,0.73,-0.33,-0.5,-0.68,0.15
A_OB_1.7999999999999998_1.0_117,23.67,2.31,0.73,-0.33,-0.5,-0.68,0.15
A_OB_1.7999999999999998_1.0_118,24.45,2.31,0.73,-0.33,-0.5,-0.68,0.15
A_OB_1.7999999999999998_1.0_119,25.5,2.31,0.73,-0.33,-0.5,-0.68,0.15
A_OB_1.7999999999999998_1.0_120,23.66,2.31,0.73,-0.33,-0.5,-0.68,0.15
A_OB_1.7999999999999998_1.0_121,22.69,2.31,0.73,-0.33,-0.5,-0.68,0.15
A_OB_1.7999999999999998_1.0_122,19.67,2.31,0.73,-0.33,-0.5,-0.68,0.15
A_OB_1.7999999999999998_1.0_123,23.53,2.31,0.73,-0.33,-0.5,-0.68,0.15
A_OB_1.7999999999999998_1.0_124,25.21,2.31,0.73,-0.33,-0.5,-0.68,0.15
A_OB_1.7999999999999998_1.0_125,23.54,2.31,0.73,-0.33,-0.5,-0.68,0.15
A_OB_1.7999999999999998_1.0_126,23.65,2.31,0.73,-0.33,-0.5,-0.68,0.15
A_OB_1.7999999999999998_1.0_127,25.17,2.31,0.73,-0.33,-0.5,-0.68,0.15
A_OB_1.7999999999999998_1.0_128,24.91,2.31,0.73,-0.33,-0.5,-0.68,0.15
A_OB_1.7999999999999998_1.0_129,25.24,2.31,0.73,-0.33,-0.5,-0.68,0.15
A_OB_1.7999999999999998_1.0_130,25.22,2.31,0.73,-0.33,-0.5,-0.68,0.15
A_OB_1.7999999999999998_1.0_131,23.31,2.31,0.73,-0.33,-0.5,-0.68,0.15
A_OB_1.7999999999999998_1.0_132,25.28,2.31,0.73,-0.33,-0.5,-0.68,0.15
A_OB_1.7999999999999998_1.0_133,24.62,2.31,0.73,-0.33,-0.5,-0.68,0.15
A_OB_1.7999999999999998_1.0_134,21.56,2.31,0.73,-0.33,-0.5,-0.68,0.15
A_OB_1.7999999999999998_1.0_135,24.48,2.31,0.73,-0.33,-0.5,-0.68,0.15
A_OB_1.7999999999999998_1.0_136,24.9,2.31,0.73,-0.33,-0.5,-0.68,0.15
A_OB_1.7999999999999998_1.0_137,23.33,2.31,0.73,-0.33,-0.5,-0.68,0.15
A_OB_1.7999999999999998_1.0_138,19.44,2.31,0.73,-0.33,-0.5,-0.68,0.15
A_OB_1.7999999999999998_1.0_139,21.76,2.31,0.73,-0.33,-0.5,-0.68,0.15
A_OB_1.7999999999999998_1.0_140,25.35,2.31,0.73,-0.33,-0.5,-0.68,0.15
A_OB_1.7999999999999998_1.0_141,24.44,2.31,0.73,-0.33,-0.5,-0.68,0.15
A_OB_1.7999999999999998_1.0_142,25.08,2.31,0.73,-0.33,-0.5,-0.68,0.15
A_OB_1.7999999999999998_1.0_143,25.03,2.31,0.73,-0.33,-0.5,-0.68,0.15
A_OB_1.7999999999999998_1.0_144,25.05,2.31,0.73,-0.33,-0.5,-0.68,0.15
A_OB_1.7999999999999998_1.0_145,20.43,2.31,0.73,-0.33,-0.5,-0.68,0.15
A_OB_1.7999999999999998_1.0_146,25.51,2.31,0.73,-0.33,-0.5,-0.68,0.15
A_OB_1.7999999999999998_1.0_147,24.16,2.31,0.73,-0.33,-0.5,-0.68,0.15
A_OB_1.7999999999999998_1.0_148,24.72,2.31,0.73,-0.33,-0.5,-0.68,0.15
A_OB_1.7999999999999998_1.0_149,24.07,2.31,0.73,-0.33,-0.5,-0.68,0.15
A_OB_1.7999999999999998_1.0_150,22.98,2.31,0.73,-0.33,-0.5,-0.68,0.15
A_OB_1.7999999999999998_1.0_151,25.51,2.31,0.73,-0.33,-0.5,-0.68,0.15
A_OB_1.7999999999999998_1.0_152,24.95,2.31,0.73,-0.33,-0.5,-0.68,0.15
A_OB_1.7999999999999998_1.0_153,25.29,2.31,0.73,-0.33,-0.5,-0.68,0.15
A_OB_1.7999999999999998_1.0_154,24.39,2.31,0.73,-0.33,-0.5,-0.68,0.15
A_OB_1.7999999999999998_1.0_155,25.11,2.31,0.73,-0.33,-0.5,-0.68,0.15
A_OB_1.7999999999999998_1.0_156,23.92,2.31,0.73,-0.33,-0.5,-0.68,0.15
A_OB_1.7999999999999998_1.0_157,25.29,2.31,0.73,-0.33,-0.5,-0.68,0.15
A_OB_1.7999999999999998_1.0_158,21.49,2.31,0.73,-0.33,-0.5,-0.68,0.15
A_OB_1.7999999999999998_1.0_159,22.04,2.31,0.73,-0.33,-0.5,-0.68,0.15
A_OB_1.7999999999999998_1.0_160,25.36,2.31,0.73,-0.33,-0.5,-0.68,0.15
A_OB_1.7999999999999998_1.0_161,24.03,2.31,0.73,-0.33,-0.5,-0.68,0.15
A_OB_1.7999999999999998_1.0_162,24.45,2.31,0.73,-0.33,-0.5,-0.68,0.15
A_OB_1.7999999999999998_1.0_163,22.2,2.31,0.73,-0.33,-0.5,-0.68,0.15
A_OB_1.7999999999999998_1.0_164,24.79,2.31,0.73,-0.33,-0.5,-0.68,0.15
A_OB_1.7999999999999998_1.0_165,25.5,2.31,0.73,-0.33,-0.5,-0.68,0.15
A_OB_1.7999999999999998_1.0_166,25.22,2.31,0.73,-0.33,-0.5,-0.68,0.15
A_OB_1.7999999999999998_1.0_167,24.49,2.31,0.73,-0.33,-0.5,-0.68,0.15
A_OB_1.7999999999999998_1.0_168,22.99,2.31,0.73,-0.33,-0.5,-0.68,0.15
A_OB_1.7999999999999998_1.0_169,21.83,2.31,0.73,-0.33,-0.5,-0.68,0.15
A_OB_1.7999999999999998_1.0_170,24.43,2.31,0.73,-0.33,-0.5,-0.68,0.15
A_OB_1.7999999999999998_1.0_171,21.15,2.31,0.73,-0.33,-0.5,-0.68,0.15
A_OB_1.7999999999999998_1.0_172,25.15,2.31,0.73,-0.33,-0.5,-0.68,0.15
A_OB_1.7999999999999998_1.0_173,24.8,2.31,0.73,-0.33,-0.5,-0.68,0.15
A_OB_1.7999999999999998_1.0_174,19.83,2.31,0.73,-0.33,-0.5,-0.68,0.15
A_OB_1.7999999999999998_1.0_175,24.08,2.31,0.73,-0.33,-0.5,-0.68,0.15
A_OB_1.7999999999999998_1.0_176,25.4,2.31,0.73,-0.33,-0.5,-0.68,0.15
A_OB_1.7999999999999998_1.0_177,24.09,2.31,0.73,-0.33,-0.5,-0.68,0.15
A_OB_1.7999999999999998_1.0_178,25.44,2.31,0.73,-0.33,-0.5,-0.68,0.15
A_OB_1.7999999999999998_1.0_179,24.98,2.31,0.73,-0.33,-0.5,-0.68,0.15
A_OB_1.7999999999999998_1.0_180,23.17,2.31,0.73,-0.33,-0.5,-0.68,0.15
A_OB_1.7999999999999998_1.0_181,21.57,2.31,0.73,-0.33,-0.5,-0.68,0.15
A_OB_1.7999999999999998_1.0_182,25.42,2.31,0.73,-0.33,-0.5,-0.68,0.15
A_OB_1.7999999999999998_1.0_183,25.48,2.31,0.73,-0.33,-0.5,-0.68,0.15
A_OB_1.7999999999999998_1.0_184,25.22,2.31,0.73,-0.33,-0.5,-0.68,0.15
A_OB_1.7999999999999998_1.0_185,22.06,2.31,0.73,-0.33,-0.5,-0.68,0.15
A_OB_1.7999999999999998_1.0_186,23.07,2.31,0.73,-0.33,-0.5,-0.68,0.15
A_OB_1.7999999999999998_1.0_187,24.59,2.31,0.73,-0.33,-0.5,-0.68,0.15
A_OB_1.7999999999999998_1.0_188,24.92,2.31,0.73,-0.33,-0.5,-0.68,0.15
A_OB_1.7999999999999998_1.0_189,23.21,2.31,0.73,-0.33,-0.5,-0.68,0.15
A_OB_1.7999999999999998_1.0_190,20.73,2.31,0.73,-0.33,-0.5,-0.68,0.15
A_OB_1.7999999999999998_1.0_191,25.39,2.31,0.73,-0.33,-0.5,-0.68,0.15
A_OB_1.7999999999999998_1.0_192,25.6,2.31,0.73,-0.33,-0.5,-0.68,0.15
A_OB_1.7999999999999998_1.0_193,20.47,2.31,0.73,-0.33,-0.5,-0.68,0.15
A_OB_1.7999999999999998_1.0_194,23.01,2.31,0.73,-0.33,-0.5,-0.68,0.15
A_OB_1.7999999999999998_1.0_195,25.48,2.31,0.73,-0.33,-0.5,-0.68,0.15
A_OB_1.7999999999999998_1.0_196,19.98,2.31,0.73,-0.33,-0.5,-0.68,0.15
A_OB_1.7999999999999998_1.0_197,24.31,2.31,0.73,-0.33,-0.5,-0.68,0.15
A_OB_1.7999999999999998_1.0_198,23.94,2.31,0.73,-0.33,-0.5,-0.68,0.15
A_OB_1.7999999999999998_1.0_199,24.35,2.31,0.73,-0.33,-0.5,-0.68,0.15
A_OB_1.7999999999999998_1.0_200,25.24,2.31,0.73,-0.33,-0.5,-0.68,0.15
A_OB_1.7999999999999998_1.0_201,25.29,2.31,0.73,-0.33,-0.5,-0.68,0.15
A_OB_1.7999999999999998_1.0_202,21.75,2.31,0.73,-0.33,-0.5,-0.68,0.15
A_OB_1.7999999999999998_1.0_203,22.35,2.31,0.73,-0.33,-0.5,-0.68,0.15
A_OB_1.7999999999999998_1.0_204,24.55,2.31,0.73,-0.33,-0.5,-0.68,0.15
A_OB_1.7999999999999998_1.0_205,25.41,2.31,0.73,-0.33,-0.5,-0.68,0.15
A_OB_1.7999999999999998_1.0_206,24.08,2.31,0.73,-0.33,-0.5,-0.68,0.15
A_OB_1.7999999999999998_1.0_207,21.64,2.31,0.73,-0.33,-0.5,-0.68,0.15
A_OB_1.7999999999999998_1.0_208,24.15,2.31,0.73,-0.33,-0.5,-0.68,0.15
A_OB_1.7999999999999998_1.0_209,24.87,2.31,0.73,-0.33,-0.5,-0.68,0.15
A_OB_1.7999999999999998_1.0_210,25.52,2.31,0.73,-0.33,-0.5,-0.68,0.15
A_OB_1.7999999999999998_1.0_211,24.78,2.31,0.73,-0.33,-0.5,-0.68,0.15
A_OB_1.7999999999999998_1.0_212,23.84,2.31,0.73,-0.33,-0.5,-0.68,0.15
A_OB_1.7999999999999998_1.0_213,20.9,2.31,0.73,-0.33,-0.5,-0.68,0.15
A_OB_1.7999999999999998_1.0_214,25.27,2.31,0.73,-0.33,-0.5,-0.68,0.15
A_OB_1.7999999999999998_1.0_215,25.6,2.31,0.73,-0.33,-0.5,-0.68,0.15
A_OB_1.7999999999999998_1.0_216,25.18,2.31,0.73,-0.33,-0.5,-0.68,0.15
A_OB_1.7999999999999998_1.0_217,24.75,2.31,0.73,-0.33,-0.5,-0.68,0.15
A_OB_1.7999999999999998_1.0_218,21.14,2.31,0.73,-0.33,-0.5,-0.68,0.15
A_OB_1.7999999999999998_1.0_219,24.66,2.31,0.73,-0.33,-0.5,-0.68,0.15
A_OB_1.7999999999999998_1.0_220,22.32,2.31,0.73,-0.33,-0.5,-0.68,0.15
A_OB_1.7999999999999998_1.0_221,24.76,2.31,0.73,-0.33,-0.5,-0.68,0.15
A_OB_1.7999999999999998_1.0_222,24.69,2.31,0.73,-0.33,-0.5,-0.68,0.15
A_OB_1.7999999999999998_1.0_223,21.41,2.31,0.73,-0.33,-0.5,-0.68,0.15
A_OB_1.7999999999999998_1.0_224,23.7,2.31,0.73,-0.33,-0.5,-0.68,0.15
A_OB_1.7999999999999998_1.0_225,23.38,2.31,0.73,-0.33,-0.5,-0.68,0.15
A_OB_1.7999999999999998_1.0_226,23.05,2.31,0.73,-0.33,-0.5,-0.68,0.15
A_OB_1.7999999999999998_1.0_227,25.18,2.31,0.73,-0.33,-0.5,-0.68,0.15
A_OB_1.7999999999999998_1.0_228,25.16,2.31,0.73,-0.33,-0.5,-0.68,0.15
A_OB_1.7999999999999998_1.0_229,24.26,2.31,0.73,-0.33,-0.5,-0.68,0.15
A_OB_1.7999999999999998_1.0_230,23.18,2.31,0.73,-0.33,-0.5,-0.68,0.15
A_OB_1.7999999999999998_1.0_231,23.88,2.31,0.73,-0.33,-0.5,-0.68,0.15
A_OB_1.7999999999999998_1.0_232,25.25,2.31,0.73,-0.33,-0.5,-0.68,0.15
A_OB_1.7999999999999998_1.0_233,21.66,2.31,0.73,-0.33,-0.5,-0.68,0.15
A_OB_1.7999999999999998_1.0_234,25.56,2.31,0.73,-0.33,-0.5,-0.68,0.15
A_OB_1.7999999999999998_1.0_235,21.45,2.31,0.73,-0.33,-0.5,-0.68,0.15
A_OB_1.7999999999999998_1.0_236,24.21,2.31,0.73,-0.33,-0.5,-0.68,0.15
A_OB_1.7999999999999998_1.0_237,24.58,2.31,0.73,-0.33,-0.5,-0.68,0.15
A_OB_1.7999999999999998_1.0_238,15.91,2.31,0.73,-0.33,-0.5,-0.68,0.15
A_OB_1.7999999999999998_1.0_239,24.69,2.31,0.73,-0.33,-0.5,-0.68,0.15
A_OB_1.7999999999999998_1.0_240,25.58,2.31,0.73,-0.33,-0.5,-0.68,0.15
A_OB_1.7999999999999998_1.0_241,24.51,2.31,0.73,-0.33,-0.5,-0.68,0.15
A_OB_1.7999999999999998_1.0_242,25.49,2.31,0.73,-0.33,-0.5,-0.68,0.15
A_OB_1.7999999999999998_1.0_243,25.21,2.31,0.73,-0.33,-0.5,-0.68,0.15
A_OB_1.7999999999999998_1.0_244,21.13,2.31,0.73,-0.33,-0.5,-0.68,0.15
A_OB_1.7999999999999998_1.0_245,24.15,2.31,0.73,-0.33,-0.5,-0.68,0.15
A_OB_1.7999999999999998_1.0_246,22.23,2.31,0.73,-0.33,-0.5,-0.68,0.15
A_OB_1.7999999999999998_1.0_247,23.69,2.31,0.73,-0.33,-0.5,-0.68,0.15
A_OB_1.7999999999999998_1.0_248,21.44,2.31,0.73,-0.33,-0.5,-0.68,0.15
A_OB_1.7999999999999998_1.0_249,24.41,2.31,0.73,-0.33,-0.5,-0.68,0.15
A_OB_1.7999999999999998_1.0_250,23.8,2.31,0.73,-0.33,-0.5,-0.68,0.15
A_OB_1.7999999999999998_1.0_251,22.81,2.31,0.73,-0.33,-0.5,-0.68,0.15
A_OB_1.7999999999999998_1.0_252,24.98,2.31,0.73,-0.33,-0.5,-0.68,0.15
A_OB_1.7999999999999998_1.0_253,25.23,2.31,0.73,-0.33,-0.5,-0.68,0.15
A_OB_1.7999999999999998_1.0_254,25.57,2.31,0.73,-0.33,-0.5,-0.68,0.15
A_OB_1.7999999999999998_1.0_255,23.84,2.31,0.73,-0.33,-0.5,-0.68,0.15
A_OB_1.7999999999999998_1.0_256,25.47,2.31,0.73,-0.33,-0.5,-0.68,0.15
A_OB_1.7999999999999998_1.0_257,25.09,2.31,0.73,-0.33,-0.5,-0.68,0.15
A_OB_1.7999999999999998_1.0_258,23.96,2.31,0.73,-0.33,-0.5,-0.68,0.15
A_OB_1.7999999999999998_1.0_259,24.42,2.31,0.73,-0.33,-0.5,-0.68,0.15
A_OB_1.7999999999999998_1.0_260,25.35,2.31,0.73,-0.33,-0.5,-0.68,0.15
A_OB_1.7999999999999998_1.0_261,25.52,2.31,0.73,-0.33,-0.5,-0.68,0.15
A_OB_1.7999999999999998_1.0_262,25.56,2.31,0.73,-0.33,-0.5,-0.68,0.15
A_OB_1.7999999999999998_1.0_263,23.56,2.31,0.73,-0.33,-0.5,-0.68,0.15
A_OB_1.7999999999999998_1.0_264,25.52,2.31,0.73,-0.33,-0.5,-0.68,0.15
A_OB_1.7999999999999998_1.0_265,25.55,2.31,0.73,-0.33,-0.5,-0.68,0.15
A_OB_1.7999999999999998_1.0_266,21.96,2.31,0.73,-0.33,-0.5,-0.68,0.15
A_OB_1.7999999999999998_1.0_267,24.56,2.31,0.73,-0.33,-0.5,-0.68,0.15
A_OB_1.7999999999999998_1.0_268,22.5,2.31,0.73,-0.33,-0.5,-0.68,0.15
A_OB_1.7999999999999998_1.0_269,23.45,2.31,0.73,-0.33,-0.5,-0.68,0.15
A_OB_1.7999999999999998_1.0_270,25.43,2.31,0.73,-0.33,-0.5,-0.68,0.15
A_OB_1.7999999999999998_1.0_271,25.26,2.31,0.73,-0.33,-0.5,-0.68,0.15
A_OB_1.7999999999999998_1.0_272,20.94,2.31,0.73,-0.33,-0.5,-0.68,0.15
A_OB_1.7999999999999998_1.0_273,25.42,2.31,0.73,-0.33,-0.5,-0.68,0.15
A_OB_1.7999999999999998_1.0_274,22.45,2.31,0.73,-0.33,-0.5,-0.68,0.15
A_OB_1.7999999999999998_1.0_275,24.17,2.31,0.73,-0.33,-0.5,-0.68,0.15
A_OB_1.7999999999999998_1.0_276,25.47,2.31,0.73,-0.33,-0.5,-0.68,0.15
A_OB_1.7999999999999998_1.0_277,23.51,2.31,0.73,-0.33,-0.5,-0.68,0.15
A_OB_1.7999999999999998_1.0_278,24.63,2.31,0.73,-0.33,-0.5,-0.68,0.15
A_OB_1.7999999999999998_1.0_279,25.52,2.31,0.73,-0.33,-0.5,-0.68,0.15
A_OB_1.7999999999999998_1.0_280,21.77,2.31,0.73,-0.33,-0.5,-0.68,0.15
A_OB_1.7999999999999998_1.0_281,25.36,2.31,0.73,-0.33,-0.5,-0.68,0.15
A_OB_1.7999999999999998_1.0_282,25.1,2.31,0.73,-0.33,-0.5,-0.68,0.15
A_OB_1.7999999999999998_1.0_283,25.11,2.31,0.73,-0.33,-0.5,-0.68,0.15
A_OB_1.7999999999999998_1.0_284,24.22,2.31,0.73,-0.33,-0.5,-0.68,0.15
A_OB_1.7999999999999998_1.0_285,25.35,2.31,0.73,-0.33,-0.5,-0.68,0.15
A_OB_1.7999999999999998_1.0_286,25.25,2.31,0.73,-0.33,-0.5,-0.68,0.15
A_OB_1.7999999999999998_1.0_287,24.72,2.31,0.73,-0.33,-0.5,-0.68,0.15
A_OB_1.7999999999999998_1.0_288,25.39,2.31,0.73,-0.33,-0.5,-0.68,0.15
A_OB_1.7999999999999998_1.0_289,24.12,2.31,0.73,-0.33,-0.5,-0.68,0.15
A_OB_1.7999999999999998_1.0_290,23.98,2.31,0.73,-0.33,-0.5,-0.68,0.15
A_OB_1.7999999999999998_1.0_291,22.0,2.31,0.73,-0.33,-0.5,-0.68,0.15
A_OB_1.7999999999999998_1.0_292,24.79,2.31,0.73,-0.33,-0.5,-0.68,0.15
A_OB_1.7999999999999998_1.0_293,25.48,2.31,0.73,-0.33,-0.5,-0.68,0.15
A_OB_1.7999999999999998_1.0_294,25.22,2.31,0.73,-0.33,-0.5,-0.68,0.15
A_OB_1.7999999999999998_1.0_295,24.4,2.31,0.73,-0.33,-0.5,-0.68,0.15
A_OB_1.7999999999999998_1.0_296,19.37,2.31,0.73,-0.33,-0.5,-0.68,0.15
A_OB_1.7999999999999998_1.0_297,22.83,2.31,0.73,-0.33,-0.5,-0.68,0.15
A_OB_1.7999999999999998_1.0_298,25.38,2.31,0.73,-0.33,-0.5,-0.68,0.15
A_OB_1.7999999999999998_1.0_299,25.01,2.31,0.73,-0.33,-0.5,-0.68,0.15
A_OB_1.7999999999999998_1.0_300,23.94,2.31,0.73,-0.33,-0.5,-0.68,0.15
A_OB_1.7999999999999998_1.0_301,25.17,2.31,0.73,-0.33,-0.5,-0.68,0.15
A_OB_1.7999999999999998_1.0_302,20.55,2.31,0.73,-0.33,-0.5,-0.68,0.15
A_OB_1.7999999999999998_1.0_303,23.58,2.31,0.73,-0.33,-0.5,-0.68,0.15
A_OB_1.7999999999999998_1.0_304,15.28,2.31,0.73,-0.33,-0.5,-0.68,0.15
A_OB_1.7999999999999998_1.0_305,24.83,2.31,0.73,-0.33,-0.5,-0.68,0.15
A_OB_1.7999999999999998_1.0_306,25.58,2.31,0.73,-0.33,-0.5,-0.68,0.15
A_OB_1.7999999999999998_1.0_307,25.28,2.31,0.73,-0.33,-0.5,-0.68,0.15
A_OB_1.7999999999999998_1.0_308,22.13,2.31,0.73,-0.33,-0.5,-0.68,0.15
A_OB_1.7999999999999998_1.0_309,23.92,2.31,0.73,-0.33,-0.5,-0.68,0.15
A_OB_1.7999999999999998_1.0_310,24.44,2.31,0.73,-0.33,-0.5,-0.68,0.15
A_OB_1.7999999999999998_1.0_311,21.55,2.31,0.73,-0.33,-0.5,-0.68,0.15
A_OB_1.7999999999999998_1.0_312,24.21,2.31,0.73,-0.33,-0.5,-0.68,0.15
A_OB_1.7999999999999998_1.0_313,22.62,2.31,0.73,-0.33,-0.5,-0.68,0.15
A_OB_1.7999999999999998_1.0_314,25.12,2.31,0.73,-0.33,-0.5,-0.68,0.15
A_OB_1.7999999999999998_1.0_315,25.39,2.31,0.73,-0.33,-0.5,-0.68,0.15
A_OB_1.7999999999999998_1.0_316,22.28,2.31,0.73,-0.33,-0.5,-0.68,0.15
A_OB_1.7999999999999998_1.0_317,25.4,2.31,0.73,-0.33,-0.5,-0.68,0.15
A_OB_1.7999999999999998_1.0_318,25.05,2.31,0.73,-0.33,-0.5,-0.68,0.15
A_OB_1.7999999999999998_1.0_319,17.55,2.31,0.73,-0.33,-0.5,-0.68,0.15
A_OB_1.7999999999999998_1.0_320,24.34,2.31,0.73,-0.33,-0.5,-0.68,0.15
A_OB_1.7999999999999998_1.0_321,25.25,2.31,0.73,-0.33,-0.5,-0.68,0.15
A_OB_1.7999999999999998_1.0_322,22.01,2.31,0.73,-0.33,-0.5,-0.68,0.15
A_OB_1.7999999999999998_1.0_323,25.39,2.31,0.73,-0.33,-0.5,-0.68,0.15
A_OB_1.7999999999999998_1.0_324,24.5,2.31,0.73,-0.33,-0.5,-0.68,0.15
A_OB_1.7999999999999998_1.0_325,25.58,2.31,0.73,-0.33,-0.5,-0.68,0.15
A_OB_1.7999999999999998_1.0_326,25.56,2.31,0.73,-0.33,-0.5,-0.68,0.15
A_OB_1.7999999999999998_1.0_327,24.09,2.31,0.73,-0.33,-0.5,-0.68,0.15
A_OB_1.7999999999999998_1.0_328,24.94,2.31,0.73,-0.33,-0.5,-0.68,0.15
A_OB_1.7999999999999998_1.0_329,19.82,2.31,0.73,-0.33,-0.5,-0.68,0.15
A_OB_1.7999999999999998_1.0_330,25.44,2.31,0.73,-0.33,-0.5,-0.68,0.15
A_OB_1.7999999999999998_1.0_331,24.28,2.31,0.73,-0.33,-0.5,-0.68,0.15
A_OB_1.7999999999999998_1.0_332,24.46,2.31,0.73,-0.33,-0.5,-0.68,0.15
A_OB_1.7999999999999998_1.0_333,20.32,2.31,0.73,-0.33,-0.5,-0.68,0.15
A_OB_1.7999999999999998_1.0_334,24.39,2.31,0.73,-0.33,-0.5,-0.68,0.15
A_OB_1.7999999999999998_1.0_335,24.03,2.31,0.73,-0.33,-0.5,-0.68,0.15
A_OB_1.7999999999999998_1.0_336,24.49,2.31,0.73,-0.33,-0.5,-0.68,0.15
A_OB_1.7999999999999998_1.0_337,24.23,2.31,0.73,-0.33,-0.5,-0.68,0.15
A_OB_1.7999999999999998_1.0_338,23.69,2.31,0.73,-0.33,-0.5,-0.68,0.15
A_OB_1.7999999999999998_1.0_339,25.31,2.31,0.73,-0.33,-0.5,-0.68,0.15
A_OB_1.7999999999999998_1.0_340,24.31,2.31,0.73,-0.33,-0.5,-0.68,0.15
A_OB_1.7999999999999998_1.0_341,25.62,2.31,0.73,-0.33,-0.5,-0.68,0.15
A_OB_1.7999999999999998_1.0_342,23.01,2.31,0.73,-0.33,-0.5,-0.68,0.15
A_OB_1.7999999999999998_1.0_343,25.48,2.31,0.73,-0.33,-0.5,-0.68,0.15
A_OB_1.7999999999999998_1.0_344,25.33,2.31,0.73,-0.33,-0.5,-0.68,0.15
A_OB_1.7999999999999998_1.0_345,22.69,2.31,0.73,-0.33,-0.5,-0.68,0.15
A_OB_1.7999999999999998_1.0_346,24.37,2.31,0.73,-0.33,-0.5,-0.68,0.15
A_OB_1.7999999999999998_1.0_347,24.71,2.31,0.73,-0.33,-0.5,-0.68,0.15
A_OB_1.7999999999999998_1.0_348,24.99,2.31,0.73,-0.33,-0.5,-0.68,0.15
A_OB_1.7999999999999998_1.0_349,24.42,2.31,0.73,-0.33,-0.5,-0.68,0.15
A_OB_1.7999999999999998_1.0_350,25.19,2.31,0.73,-0.33,-0.5,-0.68,0.15
A_OB_1.7999999999999998_1.0_351,22.85,2.31,0.73,-0.33,-0.5,-0.68,0.15
A_OB_1.7999999999999998_1.0_352,25.36,2.31,0.73,-0.33,-0.5,-0.68,0.15
A_OB_1.7999999999999998_1.0_353,23.39,2.31,0.73,-0.33,-0.5,-0.68,0.15
A_OB_1.7999999999999998_1.0_354,23.69,2.31,0.73,-0.33,-0.5,-0.68,0.15
A_OB_1.7999999999999998_1.0_355,24.11,2.31,0.73,-0.33,-0.5,-0.68,0.15
A_OB_1.7999999999999998_1.0_356,24.53,2.31,0.73,-0.33,-0.5,-0.68,0.15
A_OB_1.7999999999999998_1.0_357,23.73,2.31,0.73,-0.33,-0.5,-0.68,0.15
A_OB_1.7999999999999998_1.0_358,23.51,2.31,0.73,-0.33,-0.5,-0.68,0.15
A_OB_1.7999999999999998_1.0_359,24.75,2.31,0.73,-0.33,-0.5,-0.68,0.15
A_OB_1.7999999999999998_1.0_360,25.06,2.31,0.73,-0.33,-0.5,-0.68,0.15
A_OB_1.7999999999999998_1.0_361,24.76,2.31,0.73,-0.33,-0.5,-0.68,0.15
A_OB_1.7999999999999998_1.0_362,24.46,2.31,0.73,-0.33,-0.5,-0.68,0.15
A_OB_1.7999999999999998_1.0_363,25.08,2.31,0.73,-0.33,-0.5,-0.68,0.15
A_OB_1.7999999999999998_1.0_364,20.05,2.31,0.73,-0.33,-0.5,-0.68,0.15
A_OB_1.7999999999999998_1.0_365,22.71,2.31,0.73,-0.33,-0.5,-0.68,0.15
A_OB_1.7999999999999998_1.0_366,25.18,2.31,0.73,-0.33,-0.5,-0.68,0.15
A_OB_1.7999999999999998_1.0_367,24.97,2.31,0.73,-0.33,-0.5,-0.68,0.15
A_OB_1.7999999999999998_1.0_368,25.06,2.31,0.73,-0.33,-0.5,-0.68,0.15
A_OB_1.7999999999999998_1.0_369,25.59,2.31,0.73,-0.33,-0.5,-0.68,0.15
A_OB_1.7999999999999998_1.0_370,23.78,2.31,0.73,-0.33,-0.5,-0.68,0.15
A_OB_1.7999999999999998_1.0_371,22.99,2.31,0.73,-0.33,-0.5,-0.68,0.15
A_OB_1.7999999999999998_1.0_372,24.75,2.31,0.73,-0.33,-0.5,-0.68,0.15
A_OB_1.7999999999999998_1.0_373,25.33,2.31,0.73,-0.33,-0.5,-0.68,0.15
A_OB_1.7999999999999998_1.0_374,25.32,2.31,0.73,-0.33,-0.5,-0.68,0.15
A_OB_1.7999999999999998_1.0_375,24.69,2.31,0.73,-0.33,-0.5,-0.68,0.15
A_OB_1.7999999999999998_1.0_376,24.7,2.31,0.73,-0.33,-0.5,-0.68,0.15
A_OB_1.7999999999999998_1.0_377,24.47,2.31,0.73,-0.33,-0.5,-0.68,0.15
A_OB_1.7999999999999998_1.0_378,24.36,2.31,0.73,-0.33,-0.5,-0.68,0.15
A_OB_1.7999999999999998_1.0_379,25.02,2.31,0.73,-0.33,-0.5,-0.68,0.15
A_OB_1.7999999999999998_1.0_380,25.61,2.31,0.73,-0.33,-0.5,-0.68,0.15
A_OB_1.7999999999999998_1.0_381,21.17,2.31,0.73,-0.33,-0.5,-0.68,0.15
A_OB_1.7999999999999998_1.0_382,24.04,2.31,0.73,-0.33,-0.5,-0.68,0.15
A_OB_1.7999999999999998_1.0_383,24.87,2.31,0.73,-0.33,-0.5,-0.68,0.15
A_OB_1.7999999999999998_1.0_384,25.08,2.31,0.73,-0.33,-0.5,-0.68,0.15
A_OB_1.7999999999999998_1.0_385,25.23,2.31,0.73,-0.33,-0.5,-0.68,0.15
A_OB_1.7999999999999998_1.0_386,24.65,2.31,0.73,-0.33,-0.5,-0.68,0.15
A_OB_1.7999999999999998_1.0_387,24.5,2.31,0.73,-0.33,-0.5,-0.68,0.15
A_OB_1.7999999999999998_1.0_388,17.38,2.31,0.73,-0.33,-0.5,-0.68,0.15
A_OB_1.7999999999999998_1.0_389,23.84,2.31,0.73,-0.33,-0.5,-0.68,0.15
A_OB_1.7999999999999998_1.0_390,24.42,2.31,0.73,-0.33,-0.5,-0.68,0.15
A_OB_1.7999999999999998_1.0_391,25.47,2.31,0.73,-0.33,-0.5,-0.68,0.15
A_OB_1.7999999999999998_1.0_392,24.84,2.31,0.73,-0.33,-0.5,-0.68,0.15
A_OB_1.7999999999999998_1.0_393,25.23,2.31,0.73,-0.33,-0.5,-0.68,0.15
A_OB_1.7999999999999998_1.0_394,24.51,2.31,0.73,-0.33,-0.5,-0.68,0.15
A_OB_1.7999999999999998_1.0_395,23.02,2.31,0.73,-0.33,-0.5,-0.68,0.15
A_OB_1.7999999999999998_1.0_396,24.13,2.31,0.73,-0.33,-0.5,-0.68,0.15
A_OB_1.7999999999999998_1.0_397,24.88,2.31,0.73,-0.33,-0.5,-0.68,0.15
A_OB_1.7999999999999998_1.0_398,21.01,2.31,0.73,-0.33,-0.5,-0.68,0.15
A_OB_1.7999999999999998_1.0_399,15.56,2.31,0.73,-0.33,-0.5,-0.68,0.15
A_OB_1.7999999999999998_1.0_400,23.64,2.31,0.73,-0.33,-0.5,-0.68,0.15
A_OB_1.7999999999999998_1.0_401,25.02,2.31,0.73,-0.33,-0.5,-0.68,0.15
A_OB_1.7999999999999998_1.0_402,24.79,2.31,0.73,-0.33,-0.5,-0.68,0.15
A_OB_1.7999999999999998_1.0_403,24.79,2.31,0.73,-0.33,-0.5,-0.68,0.15
A_OB_1.7999999999999998_1.0_404,25.4,2.31,0.73,-0.33,-0.5,-0.68,0.15
A_OB_1.7999999999999998_1.0_405,23.88,2.31,0.73,-0.33,-0.5,-0.68,0.15
A_OB_1.7999999999999998_1.0_406,23.11,2.31,0.73,-0.33,-0.5,-0.68,0.15
A_OB_1.7999999999999998_1.0_407,24.39,2.31,0.73,-0.33,-0.5,-0.68,0.15
A_OB_1.7999999999999998_1.0_408,24.46,2.31,0.73,-0.33,-0.5,-0.68,0.15
A_OB_1.7999999999999998_1.0_409,25.08,2.31,0.73,-0.33,-0.5,-0.68,0.15
A_OB_1.7999999999999998_1.0_410,24.81,2.31,0.73,-0.33,-0.5,-0.68,0.15
A_OB_1.7999999999999998_1.0_411,25.26,2.31,0.73,-0.33,-0.5,-0.68,0.15
A_OB_1.7999999999999998_1.0_412,24.86,2.31,0.73,-0.33,-0.5,-0.68,0.15
A_OB_1.7999999999999998_1.0_413,23.11,2.31,0.73,-0.33,-0.5,-0.68,0.15
A_OB_1.7999999999999998_1.0_414,25.19,2.31,0.73,-0.33,-0.5,-0.68,0.15
A_OB_1.7999999999999998_1.0_415,25.39,2.31,0.73,-0.33,-0.5,-0.68,0.15
A_OB_1.7999999999999998_1.0_416,23.08,2.31,0.73,-0.33,-0.5,-0.68,0.15
A_OB_1.7999999999999998_1.0_417,21.86,2.31,0.73,-0.33,-0.5,-0.68,0.15
A_OB_1.7999999999999998_1.0_418,25.4,2.31,0.73,-0.33,-0.5,-0.68,0.15
A_OB_1.7999999999999998_1.0_419,24.21,2.31,0.73,-0.33,-0.5,-0.68,0.15
A_OB_1.7999999999999998_1.0_420,25.43,2.31,0.73,-0.33,-0.5,-0.68,0.15
A_OB_1.7999999999999998_1.0_421,22.04,2.31,0.73,-0.33,-0.5,-0.68,0.15
A_OB_1.7999999999999998_1.0_422,25.61,2.31,0.73,-0.33,-0.5,-0.68,0.15
A_OB_1.7999999999999998_1.0_423,19.09,2.31,0.73,-0.33,-0.5,-0.68,0.15
A_OB_1.7999999999999998_1.0_424,22.35,2.31,0.73,-0.33,-0.5,-0.68,0.15
A_OB_1.7999999999999998_1.0_425,24.51,2.31,0.73,-0.33,-0.5,-0.68,0.15
A_OB_1.7999999999999998_1.0_426,20.81,2.31,0.73,-0.33,-0.5,-0.68,0.15
A_OB_1.7999999999999998_1.0_427,24.86,2.31,0.73,-0.33,-0.5,-0.68,0.15
A_OB_1.7999999999999998_1.0_428,25.42,2.31,0.73,-0.33,-0.5,-0.68,0.15
A_OB_1.7999999999999998_1.0_429,24.73,2.31,0.73,-0.33,-0.5,-0.68,0.15
A_OB_1.7999999999999998_1.0_430,24.79,2.31,0.73,-0.33,-0.5,-0.68,0.15
A_OB_1.7999999999999998_1.0_431,24.56,2.31,0.73,-0.33,-0.5,-0.68,0.15
A_OB_1.7999999999999998_1.0_432,23.31,2.31,0.73,-0.33,-0.5,-0.68,0.15
A_OB_1.7999999999999998_1.0_433,24.78,2.31,0.73,-0.33,-0.5,-0.68,0.15
A_OB_1.7999999999999998_1.0_434,24.67,2.31,0.73,-0.33,-0.5,-0.68,0.15
A_OB_1.7999999999999998_1.0_435,21.37,2.31,0.73,-0.33,-0.5,-0.68,0.15
A_OB_1.7999999999999998_1.0_436,25.44,2.31,0.73,-0.33,-0.5,-0.68,0.15
A_OB_1.7999999999999998_1.0_437,23.37,2.31,0.73,-0.33,-0.5,-0.68,0.15
A_OB_1.7999999999999998_1.0_438,24.06,2.31,0.73,-0.33,-0.5,-0.68,0.15
A_OB_1.7999999999999998_1.0_439,24.98,2.31,0.73,-0.33,-0.5,-0.68,0.15
A_OB_1.7999999999999998_1.0_440,23.81,2.31,0.73,-0.33,-0.5,-0.68,0.15
A_OB_1.7999999999999998_1.0_441,22.42,2.31,0.73,-0.33,-0.5,-0.68,0.15
A_OB_1.7999999999999998_1.0_442,24.45,2.31,0.73,-0.33,-0.5,-0.68,0.15
A_OB_1.7999999999999998_1.0_443,24.68,2.31,0.73,-0.33,-0.5,-0.68,0.15
A_OB_1.7999999999999998_1.0_444,25.06,2.31,0.73,-0.33,-0.5,-0.68,0.15
A_OB_1.7999999999999998_1.0_445,24.47,2.31,0.73,-0.33,-0.5,-0.68,0.15
A_OB_1.7999999999999998_1.0_446,25.12,2.31,0.73,-0.33,-0.5,-0.68,0.15
A_OB_1.7999999999999998_1.0_447,25.1,2.31,0.73,-0.33,-0.5,-0.68,0.15
A_OB_1.7999999999999998_1.0_448,23.31,2.31,0.73,-0.33,-0.5,-0.68,0.15
A_OB_1.7999999999999998_1.0_449,24.9,2.31,0.73,-0.33,-0.5,-0.68,0.15
A_OB_1.7999999999999998_1.0_450,23.29,2.31,0.73,-0.33,-0.5,-0.68,0.15
A_OB_1.7999999999999998_1.0_451,23.59,2.31,0.73,-0.33,-0.5,-0.68,0.15
A_OB_1.7999999999999998_1.0_452,24.77,2.31,0.73,-0.33,-0.5,-0.68,0.15
A_OB_1.7999999999999998_1.0_453,24.57,2.31,0.73,-0.33,-0.5,-0.68,0.15
A_OB_1.7999999999999998_1.0_454,24.23,2.31,0.73,-0.33,-0.5,-0.68,0.15
A_OB_1.7999999999999998_1.0_455,25.61,2.31,0.73,-0.33,-0.5,-0.68,0.15
A_OB_1.7999999999999998_1.0_456,25.43,2.31,0.73,-0.33,-0.5,-0.68,0.15
A_OB_1.7999999999999998_1.0_457,25.57,2.31,0.73,-0.33,-0.5,-0.68,0.15
A_OB_1.7999999999999998_1.0_458,25.27,2.31,0.73,-0.33,-0.5,-0.68,0.15
A_OB_1.7999999999999998_1.0_459,19.39,2.31,0.73,-0.33,-0.5,-0.68,0.15
A_OB_1.7999999999999998_1.0_460,23.04,2.31,0.73,-0.33,-0.5,-0.68,0.15
A_OB_1.7999999999999998_1.0_461,23.77,2.31,0.73,-0.33,-0.5,-0.68,0.15
A_OB_1.7999999999999998_1.0_462,25.54,2.31,0.73,-0.33,-0.5,-0.68,0.15
A_OB_1.7999999999999998_1.0_463,24.49,2.31,0.73,-0.33,-0.5,-0.68,0.15
A_OB_1.7999999999999998_1.0_464,22.8,2.31,0.73,-0.33,-0.5,-0.68,0.15
A_OB_1.7999999999999998_1.0_465,24.4,2.31,0.73,-0.33,-0.5,-0.68,0.15
A_OB_1.7999999999999998_1.0_466,24.86,2.31,0.73,-0.33,-0.5,-0.68,0.15
A_OB_1.7999999999999998_1.0_467,23.23,2.31,0.73,-0.33,-0.5,-0.68,0.15
A_OB_1.7999999999999998_1.0_468,24.55,2.31,0.73,-0.33,-0.5,-0.68,0.15
A_OB_1.7999999999999998_1.0_469,19.17,2.31,0.73,-0.33,-0.5,-0.68,0.15
A_OB_1.7999999999999998_1.0_470,24.58,2.31,0.73,-0.33,-0.5,-0.68,0.15
A_OB_1.7999999999999998_1.0_471,24.91,2.31,0.73,-0.33,-0.5,-0.68,0.15
A_OB_1.7999999999999998_1.0_472,23.4,2.31,0.73,-0.33,-0.5,-0.68,0.15
